0, 50.00000000000, 21.82996948702, 23.95642062707, 4.99999987369, 0.00000000000, 0.00000000013, -0.00000000003
1, 50.00000000000, 46.26729018840, 17.53216825490, 4.99999987369, 0.00000000000, 0.00000000021, 0.00000000001
2, 50.00000000000, 57.06533511341, 39.84557207668, 4.99999987369, 0.00000000000, -0.00000000049, 0.00000000076
3, 50.00000000000, 71.56882405972, 20.31297827968, 4.99999987369, 0.00000000000, 0.00000000038, -0.00000000080
4, 50.00000000000, 95.91067689542, 13.16459823750, 4.99999987369, 0.00000000000, -0.00000000005, 0.00000000013
5, 50.00000000000, 119.59869677157, 22.22894000052, 4.99999987369, 0.00000000000, -0.00000000007, -0.00000000007
6, 50.00000000000, 144.83321502246, 21.47549228513, 4.99999987369, 0.00000000000, -0.00000000010, 0.00000000000
7, 50.00000000000, 169.13572564649, 15.52643022742, 4.99999987369, 0.00000000000, -0.00000000018, -0.00000000050
8, 50.00000000000, 183.27500336230, 35.63015476760, 4.99999987369, 0.00000000000, -0.00000000002, 0.00000000051
9, 50.00000000000, 194.32619178624, 13.19359200800, 4.99999987369, 0.00000000000, 0.00000000021, 0.00000000006
10, 50.00000000000, 207.80734042819, 34.48853194513, 4.99999987369, 0.00000000000, 0.00000000031, -0.00000000008
11, 50.00000000000, 219.75200467701, 12.71671804826, 4.99999987369, 0.00000000000, 0.00000000003, 0.00000000005
12, 50.00000000000, 245.00711834552, 15.77203958996, 4.99999987369, 0.00000000000, 0.00000000005, 0.00000000010
13, 50.00000000000, 269.02202175367, 24.35422253392, 4.99999987369, 0.00000000000, 0.00000000014, -0.00000000002
14, 50.00000000000, 293.92461159488, 30.06851531588, 4.99999987369, 0.00000000000, -0.00000000035, -0.00000000024
15, 50.00000000000, 313.64242851910, 45.25343401967, 4.99999987369, 0.00000000000, -0.00000000006, 0.00000000063
16, 50.00000000000, 317.67003836568, 21.17572032500, 4.99999987369, 0.00000000000, 0.00000000042, -0.00000000056
17, 50.00000000000, 343.12254346765, 18.77183850193, 4.99999987369, 0.00000000000, -0.00000000021, 0.00000000014
18, 50.00000000000, 367.70277073795, 25.44418850067, 4.99999987369, 0.00000000000, -0.00000000027, -0.00000000008
19, 50.00000000000, 392.72676240232, 28.39707639589, 4.99999987369, 0.00000000000, 0.00000000025, 0.00000000007
20, 50.00000000000, 417.33610172750, 34.54761311709, 4.99999987369, 0.00000000000, -0.00000000069, -0.00000000036
21, 50.00000000000, 434.09668096459, 15.80375309919, 4.99999987369, 0.00000000000, 0.00000000001, -0.00000000007
22, 50.00000000000, 441.38518594185, 39.15164203211, 4.99999987369, 0.00000000000, 0.00000000024, 0.00000000080
23, 50.00000000000, 458.71431401832, 21.95324117272, 4.99999987369, 0.00000000000, 0.00000000010, -0.00000000046
24, 50.00000000000, 483.57026501845, 23.00578120768, 4.99999987369, 0.00000000000, 0.00000000002, 0.00000000000
25, 50.00000000000, 508.54463426142, 22.49308921375, 4.99999987369, 0.00000000000, 0.00000000002, 0.00000000002
26, 50.00000000000, 524.93235552554, 41.56022917690, 4.99999987369, 0.00000000000, -0.00000000005, 0.00000000008
27, 50.00000000000, 533.13366654241, 18.12664763386, 4.99999987369, 0.00000000000, 0.00000000016, -0.00000000011
28, 50.00000000000, 558.27478239436, 15.68547209286, 4.99999987369, 0.00000000000, 0.00000000006, 0.00000000001
29, 50.00000000000, 583.59810390335, 15.66122786097, 4.99999987369, 0.00000000000, 0.00000000005, 0.00000000008
30, 50.00000000000, 607.44687801045, 24.37048580672, 4.99999987369, 0.00000000000, -0.00000000016, -0.00000000008
31, 50.00000000000, 632.62130425188, 25.57732169753, 4.99999987369, 0.00000000000, -0.00000000027, -0.00000000008
32, 50.00000000000, 655.56739671031, 34.70001945311, 4.99999987369, 0.00000000000, -0.00000000010, 0.00000000001
33, 50.00000000000, 670.15801718527, 14.07054454510, 4.99999987369, 0.00000000000, -0.00000000002, 0.00000000038
34, 50.00000000000, 679.95385614169, 37.54084184492, 4.99999987369, 0.00000000000, 0.00000000011, -0.00000000026
35, 50.00000000000, 694.61327280462, 17.65848198552, 4.99999987369, 0.00000000000, 0.00000000012, -0.00000000005
36, 50.00000000000, 719.36015844692, 19.03590426010, 4.99999987369, 0.00000000000, 0.00000000015, 0.00000000004
37, 50.00000000000, 741.55571771732, 31.00813670223, 4.99999987369, 0.00000000000, -0.00000000012, -0.00000000002
38, 50.00000000000, 765.49132745737, 24.41051031278, 4.99999987369, 0.00000000000, -0.00000000011, -0.00000000003
39, 50.00000000000, 790.13396791368, 26.00891892296, 4.99999987369, 0.00000000000, 0.00000000001, 0.00000000000
40, 50.00000000000, 814.81747510535, 27.08896511700, 4.99999987369, 0.00000000000, 0.00000000008, -0.00000000011
41, 50.00000000000, 836.36723997688, 39.07159957055, 4.99999987369, 0.00000000000, 0.00000000022, -0.00000000004
42, 50.00000000000, 836.33517858826, 14.01682342167, 4.99999987369, 0.00000000000, -0.00000000011, 0.00000000009
43, 50.00000000000, 857.97470232693, 26.09695528519, 4.99999987369, 0.00000000000, -0.00000000005, 0.00000000007
44, 50.00000000000, 882.74780633701, 28.67743340330, 4.99999987369, 0.00000000000, 0.00000000000, 0.00000000001
45, 50.00000000000, 902.66118000573, 13.74409437440, 4.99999987369, 0.00000000000, -0.00000000007, -0.00000000005
46, 50.00000000000, 925.03036655225, 24.31900482855, 4.99999987369, 0.00000000000, 0.00000000001, 0.00000000006
47, 50.00000000000, 948.99392690005, 18.03043852246, 4.99999987369, 0.00000000000, 0.00000000004, -0.00000000003
48, 50.00000000000, 972.51010356226, 25.97851508881, 4.99999987369, 0.00000000000, -0.00000000003, 0.00000000033
49, 50.00000000000, 991.55437450396, 43.00964625348, 4.99999987369, 0.00000000000, 0.00000000042, -0.00000000053
50, 50.00000000000, 995.75974852359, 18.18359581805, 4.99999987369, 0.00000000000, -0.00000000035, -0.00000000056
51, 50.00000000000, 1015.12409841837, 32.90578908259, 4.99999987369, 0.00000000000, -0.00000000007, 0.00000000077
52, 50.00000000000, 1039.87983908776, 34.37729203013, 4.99999987369, 0.00000000000, 0.00000000007, 0.00000000000
53, 50.00000000000, 1057.27004785240, 16.21795876467, 4.99999987369, 0.00000000000, -0.00000000020, -0.00000000004
54, 50.00000000000, 1081.43817078864, 21.24884537169, 4.99999987369, 0.00000000000, 0.00000000019, 0.00000000004
55, 50.00000000000, 1105.25304040925, 13.94401608722, 4.99999987369, 0.00000000000, 0.00000000019, 0.00000000013
56, 50.00000000000, 1125.64188877151, 29.02973654719, 4.99999987369, 0.00000000000, -0.00000000018, -0.00000000013
57, 50.00000000000, 1150.13626370620, 23.97115089862, 4.99999987369, 0.00000000000, -0.00000000014, 0.00000000007
58, 50.00000000000, 1172.17607735356, 12.94177537190, 4.99999987369, 0.00000000000, -0.00000000020, -0.00000000019
59, 50.00000000000, 1195.45646412791, 20.67967680496, 4.99999987369, 0.00000000000, 0.00000000047, 0.00000000010
60, 50.00000000000, 1210.64780558716, 40.63434547410, 4.99999987369, 0.00000000000, -0.00000000036, 0.00000000081
61, 50.00000000000, 1220.62065565693, 18.34849636307, 4.99999987369, 0.00000000000, 0.00000000027, -0.00000000079
62, 50.00000000000, 1245.36195963200, 22.93856338039, 4.99999987369, 0.00000000000, 0.00000000023, 0.00000000026
63, 50.00000000000, 1257.18652079906, 45.47571251418, 4.99999987369, 0.00000000000, 0.00000000007, -0.00000000060
64, 50.00000000000, 1270.61551171851, 23.78290937707, 4.99999987369, 0.00000000000, -0.00000000036, 0.00000000034
65, 50.00000000000, 1295.45393978444, 25.73167554795, 4.99999987369, 0.00000000000, -0.00000000010, 0.00000000006
66, 50.00000000000, 1317.40117625757, 14.15195057542, 4.99999987369, 0.00000000000, -0.00000000031, -0.00000000010
67, 50.00000000000, 1341.82169673724, 16.24373463532, 4.99999987369, 0.00000000000, -0.00000000100, -0.00000000107
68, 50.00000000000, 1360.79020954382, 30.90753696793, 4.99999987369, 0.00000000000, 0.00000000008, 0.00000000165
69, 50.00000000000, 1383.15860424084, 21.84924511740, 4.99999987369, 0.00000000000, 0.00000000072, -0.00000000085
70, 50.00000000000, 1405.06120440600, 32.64532001434, 4.99999987369, 0.00000000000, 0.00000000067, 0.00000000029
71, 50.00000000000, 1426.56227419747, 19.69092258607, 4.99999987369, 0.00000000000, 0.00000000050, 0.00000000026
72, 50.00000000000, 1449.90307888258, 30.10673705828, 4.99999987369, 0.00000000000, -0.00000000051, -0.00000000029
73, 50.00000000000, 1470.79023866483, 43.52847375896, 4.99999987369, 0.00000000000, 0.00000000021, 0.00000000006
74, 50.00000000000, 1472.47016480425, 18.83723206543, 4.99999987369, 0.00000000000, -0.00000000010, -0.00000000013
75, 50.00000000000, 1493.43077553243, 32.02300188084, 4.99999987369, 0.00000000000, 0.00000000005, 0.00000000011
76, 50.00000000000, 1518.72020857516, 30.88381465132, 4.99999987369, 0.00000000000, -0.00000000018, 0.00000000000
77, 50.00000000000, 1539.80499922813, 17.08481689183, 4.99999987369, 0.00000000000, 0.00000000003, 0.00000000001
78, 50.00000000000, 1564.95587319328, 17.35243988087, 4.99999987369, 0.00000000000, -0.00000000035, -0.00000000053
79, 50.00000000000, 1577.25209173691, 38.37504017451, 4.99999987369, 0.00000000000, 0.00000000031, 0.00000000053
