0, 50.00000000000, 13.37023947132, 13.49641189629, 4.99999987369, 0.00000000000, -0.00000000000, -0.00000000000
1, 50.00000000000, 38.24566002968, 15.89073616256, 4.99999987369, 0.00000000000, -0.00000000005, -0.00000000006
2, 50.00000000000, 48.72694559650, 38.33666073569, 4.99999987369, 0.00000000000, -0.00000000002, 0.00000000013
3, 50.00000000000, 63.04377745820, 18.04104677197, 4.99999987369, 0.00000000000, -0.00000000001, -0.00000000006
4, 50.00000000000, 87.68481424271, 15.42595763845, 4.99999987369, 0.00000000000, -0.00000000009, -0.00000000004
5, 50.00000000000, 111.95206268433, 19.92838844385, 4.99999987369, 0.00000000000, 0.00000000010, 0.00000000004
6, 50.00000000000, 136.69023403072, 18.10081458343, 4.99999987369, 0.00000000000, 0.00000000002, -0.00000000001
7, 50.00000000000, 161.48930571231, 19.47815038372, 4.99999987369, 0.00000000000, -0.00000000007, 0.00000000005
8, 50.00000000000, 179.55939945911, 36.89283235987, 4.99999987369, 0.00000000000, 0.00000000001, 0.00000000029
9, 50.00000000000, 185.35893278751, 12.97518733837, 4.99999987369, 0.00000000000, 0.00000000020, -0.00000000036
10, 50.00000000000, 203.79441687774, 29.94236042433, 4.99999987369, 0.00000000000, 0.00000000030, -0.00000000033
11, 50.00000000000, 222.79386428004, 12.76718065853, 4.99999987369, 0.00000000000, -0.00000000037, 0.00000000036
12, 50.00000000000, 247.43159525203, 17.52992681479, 4.99999987369, 0.00000000000, -0.00000000001, -0.00000000001
13, 50.00000000000, 272.43889868879, 15.41270986702, 4.99999987369, 0.00000000000, 0.00000000002, 0.00000000001
14, 50.00000000000, 297.38893436321, 18.62083293442, 4.99999987369, 0.00000000000, -0.00000000011, -0.00000000038
15, 50.00000000000, 312.08946471282, 38.27493038042, 4.99999987369, 0.00000000000, 0.00000000025, 0.00000000040
16, 50.00000000000, 322.55097217324, 15.68912806181, 4.99999987369, 0.00000000000, -0.00000000009, -0.00000000002
17, 50.00000000000, 347.72687916046, 14.36395686250, 4.99999987369, 0.00000000000, -0.00000000003, 0.00000000001
18, 50.00000000000, 372.87195592828, 15.56273564242, 4.99999987369, 0.00000000000, -0.00000000010, -0.00000000004
19, 50.00000000000, 391.78554581722, 31.49253116774, 4.99999987369, 0.00000000000, 0.00000000008, 0.00000000003
20, 50.00000000000, 414.77862775489, 21.36602596899, 4.99999987369, 0.00000000000, 0.00000000005, -0.00000000001
21, 50.00000000000, 439.03681980116, 14.35709410734, 4.99999987369, 0.00000000000, -0.00000000000, 0.00000000008
22, 50.00000000000, 450.85494780794, 36.60478722692, 4.99999987369, 0.00000000000, 0.00000000014, -0.00000000033
23, 50.00000000000, 464.19374879812, 14.94361718213, 4.99999987369, 0.00000000000, 0.00000000001, 0.00000000028
24, 50.00000000000, 489.51097587948, 16.49814105433, 4.99999987369, 0.00000000000, -0.00000000007, -0.00000000003
25, 50.00000000000, 514.72566733774, 14.41514665508, 4.99999987369, 0.00000000000, -0.00000000028, -0.00000000001
26, 50.00000000000, 523.52969651630, 37.65606183944, 4.99999987369, 0.00000000000, 0.00000000024, -0.00000000029
27, 50.00000000000, 539.24295527825, 17.63312523829, 4.99999987369, 0.00000000000, -0.00000000034, 0.00000000032
28, 50.00000000000, 563.88536952317, 17.59292682716, 4.99999987369, 0.00000000000, -0.00000000018, -0.00000000007
29, 50.00000000000, 588.03264643038, 21.90687025598, 4.99999987369, 0.00000000000, 0.00000000024, 0.00000000013
30, 50.00000000000, 611.43502429453, 13.96663339077, 4.99999987369, 0.00000000000, -0.00000000036, -0.00000000063
31, 50.00000000000, 627.72439088534, 32.01544839094, 4.99999987369, 0.00000000000, -0.00000000013, 0.00000000080
32, 50.00000000000, 650.70906043080, 23.94308267992, 4.99999987369, 0.00000000000, 0.00000000086, -0.00000000032
33, 50.00000000000, 674.04564955912, 14.02339125730, 4.99999987369, 0.00000000000, -0.00000000019, -0.00000000030
34, 50.00000000000, 685.08440007916, 35.85246768715, 4.99999987369, 0.00000000000, -0.00000000006, 0.00000000078
35, 50.00000000000, 699.33722023849, 15.96710706615, 4.99999987369, 0.00000000000, 0.00000000002, -0.00000000039
36, 50.00000000000, 724.21949702129, 16.78438364177, 4.99999987369, 0.00000000000, -0.00000000024, -0.00000000014
37, 50.00000000000, 745.76942687742, 28.50875160707, 4.99999987369, 0.00000000000, 0.00000000019, 0.00000000020
38, 50.00000000000, 764.94657717818, 12.72269175156, 4.99999987369, 0.00000000000, 0.00000000016, -0.00000000006
39, 50.00000000000, 790.16795627344, 12.55620957056, 4.99999987369, 0.00000000000, 0.00000000009, 0.00000000004
40, 50.00000000000, 814.82004287275, 18.42403433420, 4.99999987369, 0.00000000000, 0.00000000031, 0.00000000078
41, 50.00000000000, 833.17720788323, 36.47801115972, 4.99999987369, 0.00000000000, -0.00000000033, -0.00000000052
42, 50.00000000000, 838.72501819288, 12.58886826729, 4.99999987369, 0.00000000000, 0.00000000010, -0.00000000071
43, 50.00000000000, 857.45272640960, 28.61211879553, 4.99999987369, 0.00000000000, -0.00000000022, 0.00000000040
44, 50.00000000000, 880.29509631733, 17.97783578269, 4.99999987369, 0.00000000000, -0.00000000014, 0.00000000003
45, 50.00000000000, 904.79735762756, 14.54907915164, 4.99999987369, 0.00000000000, -0.00000000012, -0.00000000016
46, 50.00000000000, 925.61545752718, 27.59698156491, 4.99999987369, 0.00000000000, 0.00000000027, 0.00000000012
47, 50.00000000000, 946.19218212602, 13.35577966038, 4.99999987369, 0.00000000000, 0.00000000024, 0.00000000011
48, 50.00000000000, 970.53037268317, 20.28877479449, 4.99999987369, 0.00000000000, -0.00000000056, -0.00000000049
49, 50.00000000000, 985.47439393289, 39.86010876819, 4.99999987369, 0.00000000000, 0.00000000042, 0.00000000015
50, 50.00000000000, 995.32587316611, 16.39937883301, 4.99999987369, 0.00000000000, -0.00000000000, 0.00000000024
51, 50.00000000000, 1020.47910010078, 13.97581065928, 4.99999987369, 0.00000000000, -0.00000000048, -0.00000000013
52, 50.00000000000, 1043.16079795637, 23.33089337437, 4.99999987369, 0.00000000000, 0.00000000015, 0.00000000024
53, 50.00000000000, 1065.37678955212, 12.66226588561, 4.99999987369, 0.00000000000, 0.00000000022, -0.00000000008
54, 50.00000000000, 1083.49707163580, 30.02756003321, 4.99999987369, 0.00000000000, -0.00000000003, 0.00000000000
55, 50.00000000000, 1102.34682304367, 13.86699584565, 4.99999987369, 0.00000000000, -0.00000000009, -0.00000000007
56, 50.00000000000, 1124.17494186334, 25.39748245744, 4.99999987369, 0.00000000000, -0.00000000008, 0.00000000015
57, 50.00000000000, 1146.15318023001, 14.29226785676, 4.99999987369, 0.00000000000, 0.00000000019, -0.00000000009
58, 50.00000000000, 1165.93928488572, 29.67105533861, 4.99999987369, 0.00000000000, -0.00000000004, 0.00000000002
59, 50.00000000000, 1186.77182569527, 16.22375861985, 4.99999987369, 0.00000000000, -0.00000000008, -0.00000000012
60, 50.00000000000, 1205.06229043823, 32.78820498154, 4.99999987369, 0.00000000000, 0.00000000018, 0.00000000005
61, 50.00000000000, 1225.18004151896, 17.48674369333, 4.99999987369, 0.00000000000, -0.00000000006, 0.00000000005
62, 50.00000000000, 1250.04060179631, 14.25519347833, 4.99999987369, 0.00000000000, -0.00000000022, -0.00000000045
63, 50.00000000000, 1262.17749996624, 35.49371286287, 4.99999987369, 0.00000000000, 0.00000000033, 0.00000000032
64, 50.00000000000, 1275.20677025366, 13.84230190278, 4.99999987369, 0.00000000000, -0.00000000010, 0.00000000013
65, 50.00000000000, 1300.33470648914, 13.55177257847, 4.99999987369, 0.00000000000, -0.00000000015, -0.00000000011
66, 50.00000000000, 1318.43481254070, 30.35281385004, 4.99999987369, 0.00000000000, -0.00000000024, 0.00000000034
67, 50.00000000000, 1339.20373208436, 17.34284931755, 4.99999987369, 0.00000000000, 0.00000000019, -0.00000000029
68, 50.00000000000, 1362.19871806140, 26.26474757503, 4.99999987369, 0.00000000000, 0.00000000010, 0.00000000010
69, 50.00000000000, 1385.02085104672, 16.64883369011, 4.99999987369, 0.00000000000, 0.00000000006, -0.00000000004
70, 50.00000000000, 1404.20470001773, 32.35372711568, 4.99999987369, 0.00000000000, 0.00000000003, -0.00000000000
71, 50.00000000000, 1425.82776052496, 19.76151047926, 4.99999987369, 0.00000000000, -0.00000000008, 0.00000000001
72, 50.00000000000, 1450.61743341232, 20.69489265469, 4.99999987369, 0.00000000000, -0.00000000008, 0.00000000018
73, 50.00000000000, 1468.50446851602, 38.50610515894, 4.99999987369, 0.00000000000, -0.00000000008, -0.00000000023
74, 50.00000000000, 1474.30335698814, 13.91270622192, 4.99999987369, 0.00000000000, 0.00000000016, 0.00000000000
75, 50.00000000000, 1492.29098505010, 31.05178298398, 4.99999987369, 0.00000000000, 0.00000000026, -0.00000000008
76, 50.00000000000, 1513.77110472049, 17.74364424892, 4.99999987369, 0.00000000000, -0.00000000022, 0.00000000013
77, 50.00000000000, 1538.66926334323, 17.89295665219, 4.99999987369, 0.00000000000, -0.00000000009, -0.00000000001
78, 50.00000000000, 1563.35959129804, 19.54738756939, 4.99999987369, 0.00000000000, -0.00000000005, 0.00000000004
79, 50.00000000000, 1587.49978761211, 14.28776850002, 4.99999987369, 0.00000000000, 0.00000000016, -0.00000000003
