0, 50.00000000000, 18.55269268037, 18.44652046299, 4.99999987369, 0.00000000000, 0.00000000026, -0.00000000006
1, 50.00000000000, 43.37918890752, 13.35063087534, 4.99999987369, 0.00000000000, 0.00000000005, 0.00000000069
2, 50.00000000000, 53.74017472130, 36.76191896965, 4.99999987369, 0.00000000000, -0.00000000035, -0.00000000054
3, 50.00000000000, 68.27412368883, 16.78405802696, 4.99999987369, 0.00000000000, 0.00000000031, -0.00000000012
4, 50.00000000000, 93.60200878719, 14.84146368840, 4.99999987369, 0.00000000000, 0.00000000023, 0.00000000017
5, 50.00000000000, 118.06358944008, 22.16405477452, 4.99999987369, 0.00000000000, 0.00000000007, -0.00000000029
6, 50.00000000000, 142.99725775186, 16.54629054999, 4.99999987369, 0.00000000000, -0.00000000004, 0.00000000017
7, 50.00000000000, 168.50065957906, 18.10625420386, 4.99999987369, 0.00000000000, 0.00000000034, 0.00000000088
8, 50.00000000000, 179.52587866217, 41.43704166292, 4.99999987369, 0.00000000000, -0.00000000034, -0.00000000086
9, 50.00000000000, 193.85416889509, 20.96277549318, 4.99999987369, 0.00000000000, -0.00000000033, -0.00000000046
10, 50.00000000000, 204.68252032041, 42.86325128747, 4.99999987369, 0.00000000000, 0.00000000025, 0.00000000025
11, 50.00000000000, 219.26401352560, 22.17140138940, 4.99999987369, 0.00000000000, -0.00000000035, 0.00000000012
12, 50.00000000000, 243.86678560776, 16.44888214033, 4.99999987369, 0.00000000000, 0.00000000042, -0.00000000002
13, 50.00000000000, 269.29969297416, 14.09737015289, 4.99999987369, 0.00000000000, -0.00000000013, 0.00000000010
14, 50.00000000000, 294.53262883780, 17.62888341667, 4.99999987369, 0.00000000000, -0.00000000007, -0.00000000008
15, 50.00000000000, 309.49220300408, 37.66311783893, 4.99999987369, 0.00000000000, 0.00000000002, -0.00000000009
16, 50.00000000000, 319.79146715237, 14.60578921974, 4.99999987369, 0.00000000000, 0.00000000001, 0.00000000010
17, 50.00000000000, 345.22153865500, 13.86570178446, 4.99999987369, 0.00000000000, -0.00000000017, 0.00000000008
18, 50.00000000000, 368.82056642240, 23.14320349903, 4.99999987369, 0.00000000000, -0.00000000019, -0.00000000007
19, 50.00000000000, 392.95068277291, 29.26551655564, 4.99999987369, 0.00000000000, 0.00000000036, 0.00000000005
20, 50.00000000000, 418.15199212004, 32.92707956923, 4.99999987369, 0.00000000000, 0.00000000030, -0.00000000068
21, 50.00000000000, 438.14360335122, 16.48698135119, 4.99999987369, 0.00000000000, 0.00000000031, 0.00000000069
22, 50.00000000000, 441.55507348504, 40.96236510084, 4.99999987369, 0.00000000000, -0.00000000056, 0.00000000092
23, 50.00000000000, 461.67909072370, 27.23796683468, 4.99999987369, 0.00000000000, 0.00000000024, -0.00000000130
24, 50.00000000000, 484.63530792966, 15.88969954119, 4.99999987369, 0.00000000000, -0.00000000052, 0.00000000032
25, 50.00000000000, 509.89494693229, 16.02549678798, 4.99999987369, 0.00000000000, -0.00000000058, -0.00000000126
26, 50.00000000000, 519.26310214160, 38.26404389878, 4.99999987369, 0.00000000000, 0.00000000053, 0.00000000127
27, 50.00000000000, 534.93779377680, 18.81670148778, 4.99999987369, 0.00000000000, 0.00000000020, 0.00000000003
28, 50.00000000000, 559.91797766376, 23.29450196125, 4.99999987369, 0.00000000000, -0.00000000009, -0.00000000007
29, 50.00000000000, 584.94475346318, 19.57002399106, 4.99999987369, 0.00000000000, 0.00000000005, 0.00000000002
30, 50.00000000000, 610.30017039308, 19.33689104689, 4.99999987369, 0.00000000000, 0.00000000000, 0.00000000008
31, 50.00000000000, 634.45792286636, 26.97146449955, 4.99999987369, 0.00000000000, 0.00000000000, 0.00000000001
32, 50.00000000000, 658.37107068993, 35.37437738434, 4.99999987369, 0.00000000000, -0.00000000012, -0.00000000017
33, 50.00000000000, 670.71504500511, 13.34818345420, 4.99999987369, 0.00000000000, 0.00000000004, 0.00000000011
34, 50.00000000000, 683.55938977101, 35.01381049082, 4.99999987369, 0.00000000000, 0.00000000023, -0.00000000059
35, 50.00000000000, 695.89844592542, 12.57299377711, 4.99999987369, 0.00000000000, -0.00000000020, 0.00000000059
36, 50.00000000000, 720.86510144609, 16.85064970995, 4.99999987369, 0.00000000000, -0.00000000025, -0.00000000006
37, 50.00000000000, 743.51394076497, 26.91756347681, 4.99999987369, 0.00000000000, -0.00000000063, 0.00000000029
38, 50.00000000000, 766.43427338896, 18.65163914634, 4.99999987369, 0.00000000000, 0.00000000054, -0.00000000026
39, 50.00000000000, 791.11070179748, 19.62099886004, 4.99999987369, 0.00000000000, 0.00000000017, 0.00000000001
40, 50.00000000000, 816.16723732131, 18.83441051835, 4.99999987369, 0.00000000000, -0.00000000024, 0.00000000005
41, 50.00000000000, 832.63544443948, 37.62602124674, 4.99999987369, 0.00000000000, -0.00000000017, 0.00000000049
42, 50.00000000000, 840.42927464186, 14.50977903668, 4.99999987369, 0.00000000000, 0.00000000014, -0.00000000083
43, 50.00000000000, 857.15528644662, 32.41954576236, 4.99999987369, 0.00000000000, 0.00000000026, 0.00000000029
44, 50.00000000000, 881.70135407754, 27.68371738481, 4.99999987369, 0.00000000000, -0.00000000011, 0.00000000008
45, 50.00000000000, 901.51042380933, 12.74879181815, 4.99999987369, 0.00000000000, -0.00000000004, -0.00000000017
46, 50.00000000000, 923.03287211201, 25.03114747795, 4.99999987369, 0.00000000000, 0.00000000001, 0.00000000013
47, 50.00000000000, 946.72783531380, 18.04425427388, 4.99999987369, 0.00000000000, 0.00000000006, -0.00000000006
48, 50.00000000000, 971.07044581199, 22.61852161415, 4.99999987369, 0.00000000000, 0.00000000032, 0.00000000025
49, 50.00000000000, 988.43591379487, 41.19053740675, 4.99999987369, 0.00000000000, 0.00000000044, -0.00000000268
50, 50.00000000000, 995.26577604868, 15.89373228206, 4.99999987369, 0.00000000000, -0.00000000059, 0.00000000247
51, 50.00000000000, 1019.95907794716, 21.09368926411, 4.99999987369, 0.00000000000, -0.00000000008, -0.00000000002
52, 50.00000000000, 1043.43206390255, 29.90187110601, 4.99999987369, 0.00000000000, -0.00000000018, 0.00000000014
53, 50.00000000000, 1062.43450606695, 14.28818991090, 4.99999987369, 0.00000000000, -0.00000000022, -0.00000000036
54, 50.00000000000, 1084.10065210754, 25.62766880205, 4.99999987369, 0.00000000000, 0.00000000039, 0.00000000021
55, 50.00000000000, 1106.65532779084, 15.01589946927, 4.99999987369, 0.00000000000, 0.00000000009, 0.00000000007
56, 50.00000000000, 1124.19927126373, 33.21981959406, 4.99999987369, 0.00000000000, -0.00000000002, -0.00000000010
57, 50.00000000000, 1147.34017107487, 23.17897071403, 4.99999987369, 0.00000000000, -0.00000000018, 0.00000000004
58, 50.00000000000, 1171.75961621626, 19.25118460729, 4.99999987369, 0.00000000000, 0.00000000012, -0.00000000002
59, 50.00000000000, 1196.41531477041, 15.33240356421, 4.99999987369, 0.00000000000, -0.00000000002, -0.00000000002
60, 50.00000000000, 1207.49334236319, 37.63216818931, 4.99999987369, 0.00000000000, -0.00000000066, 0.00000000099
61, 50.00000000000, 1221.21856049968, 17.69279945962, 4.99999987369, 0.00000000000, 0.00000000025, -0.00000000094
62, 50.00000000000, 1245.65153748162, 15.86269388518, 4.99999987369, 0.00000000000, 0.00000000023, -0.00000000037
63, 50.00000000000, 1254.79436254483, 38.65247067607, 4.99999987369, 0.00000000000, 0.00000000012, 0.00000000033
64, 50.00000000000, 1270.24002040394, 19.16612939558, 4.99999987369, 0.00000000000, 0.00000000007, 0.00000000000
65, 50.00000000000, 1294.96216253246, 15.89950521014, 4.99999987369, 0.00000000000, -0.00000000016, -0.00000000010
66, 50.00000000000, 1316.52639617129, 27.95122513660, 4.99999987369, 0.00000000000, 0.00000000015, 0.00000000011
67, 50.00000000000, 1339.07133134040, 17.41205884518, 4.99999987369, 0.00000000000, 0.00000000002, -0.00000000001
68, 50.00000000000, 1363.28762605918, 23.41725455252, 4.99999987369, 0.00000000000, -0.00000000004, 0.00000000002
69, 50.00000000000, 1386.68506295010, 15.15678689300, 4.99999987369, 0.00000000000, -0.00000000003, -0.00000000009
70, 50.00000000000, 1404.23346311082, 32.54168931120, 4.99999987369, 0.00000000000, -0.00000000001, 0.00000000012
71, 50.00000000000, 1425.27990589268, 19.58474342130, 4.99999987369, 0.00000000000, 0.00000000007, -0.00000000005
72, 50.00000000000, 1449.40950922406, 25.65094608033, 4.99999987369, 0.00000000000, 0.00000000007, 0.00000000012
73, 50.00000000000, 1471.84531940738, 37.51135189875, 4.99999987369, 0.00000000000, 0.00000000020, -0.00000000008
74, 50.00000000000, 1470.54578150640, 12.64882724276, 4.99999987369, 0.00000000000, -0.00000000018, -0.00000000037
75, 50.00000000000, 1492.90681022470, 23.12932454637, 4.99999987369, 0.00000000000, 0.00000000002, 0.00000000030
76, 50.00000000000, 1517.24418512877, 16.29745284514, 4.99999987369, 0.00000000000, -0.00000000005, 0.00000000007
77, 50.00000000000, 1537.31706510825, 31.68385059878, 4.99999987369, 0.00000000000, 0.00000000005, -0.00000000007
78, 50.00000000000, 1561.86644658075, 25.57481318228, 4.99999987369, 0.00000000000, -0.00000000009, 0.00000000003
79, 50.00000000000, 1586.04523812883, 32.36317071334, 4.99999987369, 0.00000000000, -0.00000000001, -0.00000000000
