0, 50.00000000000, 19.86884036210, 19.34631617879, 4.99999987369, 0.00000000000, -0.00000000002, 0.00000000000
1, 50.00000000000, 44.75612155312, 18.88418017197, 4.99999987369, 0.00000000000, 0.00000000027, 0.00000000051
2, 50.00000000000, 57.91256016116, 40.73715351534, 4.99999987369, 0.00000000000, -0.00000000032, -0.00000000048
3, 50.00000000000, 69.58303655938, 18.92144816826, 4.99999987369, 0.00000000000, 0.00000000010, -0.00000000002
4, 50.00000000000, 94.49261855278, 22.23574045764, 4.99999987369, 0.00000000000, -0.00000000002, -0.00000000000
5, 50.00000000000, 119.51359221448, 24.30456116749, 4.99999987369, 0.00000000000, -0.00000000006, 0.00000000001
6, 50.00000000000, 143.85497358320, 19.25823984847, 4.99999987369, 0.00000000000, 0.00000000011, -0.00000000001
7, 50.00000000000, 168.99541743850, 17.48808218206, 4.99999987369, 0.00000000000, 0.00000000019, -0.00000000030
8, 50.00000000000, 180.91339903955, 39.01932308760, 4.99999987369, 0.00000000000, 0.00000000007, 0.00000000088
9, 50.00000000000, 194.46526871531, 18.78470206939, 4.99999987369, 0.00000000000, -0.00000000019, -0.00000000053
10, 50.00000000000, 206.20902301136, 40.89757272451, 4.99999987369, 0.00000000000, 0.00000000004, -0.00000000055
11, 50.00000000000, 219.19693980126, 18.93019750437, 4.99999987369, 0.00000000000, -0.00000000005, 0.00000000052
12, 50.00000000000, 244.16831908058, 22.80723692089, 4.99999987369, 0.00000000000, 0.00000000002, -0.00000000003
13, 50.00000000000, 269.32185295869, 20.11379367288, 4.99999987369, 0.00000000000, -0.00000000009, 0.00000000002
14, 50.00000000000, 294.44769545116, 21.68733428705, 4.99999987369, 0.00000000000, 0.00000000013, 0.00000000002
15, 50.00000000000, 311.01448859737, 40.81964632033, 4.99999987369, 0.00000000000, -0.00000000003, -0.00000000008
16, 50.00000000000, 319.28128753601, 17.02630957259, 4.99999987369, 0.00000000000, 0.00000000001, 0.00000000006
17, 50.00000000000, 344.57856243566, 17.47807212418, 4.99999987369, 0.00000000000, -0.00000000008, 0.00000000001
18, 50.00000000000, 369.30905218938, 22.40619712419, 4.99999987369, 0.00000000000, 0.00000000014, 0.00000000004
19, 50.00000000000, 393.88546178810, 28.69820057996, 4.99999987369, 0.00000000000, -0.00000000000, 0.00000000003
20, 50.00000000000, 417.60879846212, 37.53235998127, 4.99999987369, 0.00000000000, -0.00000000012, -0.00000000016
21, 50.00000000000, 436.78337141848, 21.21766707229, 4.99999987369, 0.00000000000, -0.00000000037, -0.00000000074
22, 50.00000000000, 441.56154760961, 45.13843780558, 4.99999987369, 0.00000000000, 0.00000000015, 0.00000000078
23, 50.00000000000, 460.40208519623, 28.57530524139, 4.99999987369, 0.00000000000, 0.00000000023, 0.00000000001
24, 50.00000000000, 485.16479923870, 23.55447029705, 4.99999987369, 0.00000000000, -0.00000000012, 0.00000000002
25, 50.00000000000, 509.47221553244, 17.72942103964, 4.99999987369, 0.00000000000, 0.00000000016, -0.00000000016
26, 50.00000000000, 519.32055455278, 40.29871974117, 4.99999987369, 0.00000000000, -0.00000000036, 0.00000000074
27, 50.00000000000, 534.58551239753, 21.35234430941, 4.99999987369, 0.00000000000, 0.00000000032, -0.00000000060
28, 50.00000000000, 559.54622653142, 17.54290913791, 4.99999987369, 0.00000000000, -0.00000000008, 0.00000000002
29, 50.00000000000, 584.65677080927, 16.13901632969, 4.99999987369, 0.00000000000, -0.00000000002, 0.00000000000
30, 50.00000000000, 609.61942410772, 18.81165339665, 4.99999987369, 0.00000000000, -0.00000000007, -0.00000000003
31, 50.00000000000, 632.45911732562, 28.38526301090, 4.99999987369, 0.00000000000, -0.00000000034, -0.00000000007
32, 50.00000000000, 656.29056126756, 34.09064135560, 4.99999987369, 0.00000000000, -0.00000000037, 0.00000000000
33, 50.00000000000, 670.36237626739, 13.31515779231, 4.99999987369, 0.00000000000, -0.00000000011, 0.00000000053
34, 50.00000000000, 680.46635689470, 36.91343674737, 4.99999987369, 0.00000000000, -0.00000000052, 0.00000000093
35, 50.00000000000, 694.56996283788, 17.48972747152, 4.99999987369, 0.00000000000, 0.00000000068, -0.00000000142
36, 50.00000000000, 718.85729143072, 19.45310722712, 4.99999987369, 0.00000000000, 0.00000000050, -0.00000000003
37, 50.00000000000, 741.73665875111, 28.60225158959, 4.99999987369, 0.00000000000, -0.00000000016, 0.00000000012
38, 50.00000000000, 766.11980935510, 25.76370946570, 4.99999987369, 0.00000000000, 0.00000000010, -0.00000000002
39, 50.00000000000, 790.63743757506, 23.69069671609, 4.99999987369, 0.00000000000, 0.00000000007, -0.00000000005
40, 50.00000000000, 815.12908893878, 26.55031334748, 4.99999987369, 0.00000000000, 0.00000000032, -0.00000000055
41, 50.00000000000, 836.65456840933, 38.28886413319, 4.99999987369, 0.00000000000, 0.00000000024, -0.00000000001
42, 50.00000000000, 836.71322255479, 12.83759925321, 4.99999987369, 0.00000000000, -0.00000000031, 0.00000000083
43, 50.00000000000, 858.22670390311, 26.40304710399, 4.99999987369, 0.00000000000, -0.00000000034, -0.00000000032
44, 50.00000000000, 881.95537500021, 32.82443264627, 4.99999987369, 0.00000000000, -0.00000000081, 0.00000000095
45, 50.00000000000, 900.77919967547, 17.69333695217, 4.99999987369, 0.00000000000, 0.00000000086, -0.00000000095
46, 50.00000000000, 924.32202305934, 24.91464871029, 4.99999987369, 0.00000000000, 0.00000000028, 0.00000000006
47, 50.00000000000, 948.94283218540, 19.71817026315, 4.99999987369, 0.00000000000, 0.00000000010, 0.00000000002
48, 50.00000000000, 974.20649078743, 21.03313500479, 4.99999987369, 0.00000000000, -0.00000000003, 0.00000000016
49, 50.00000000000, 989.63134787480, 41.04593090467, 4.99999987369, 0.00000000000, 0.00000000030, -0.00000000044
50, 50.00000000000, 998.91519759621, 17.52643316078, 4.99999987369, 0.00000000000, -0.00000000021, 0.00000000005
51, 50.00000000000, 1014.66011316417, 36.34531146066, 4.99999987369, 0.00000000000, 0.00000000009, 0.00000000022
52, 50.00000000000, 1040.08449496105, 36.31535788053, 4.99999987369, 0.00000000000, 0.00000000079, -0.00000000101
53, 50.00000000000, 1059.14989431631, 18.76436391322, 4.99999987369, 0.00000000000, -0.00000000091, 0.00000000107
54, 50.00000000000, 1083.59764688208, 25.52139804702, 4.99999987369, 0.00000000000, -0.00000000012, -0.00000000009
55, 50.00000000000, 1106.60702789638, 14.98668112264, 4.99999987369, 0.00000000000, 0.00000000013, 0.00000000022
56, 50.00000000000, 1125.32038437385, 32.31223254966, 4.99999987369, 0.00000000000, -0.00000000024, -0.00000000018
57, 50.00000000000, 1149.11753690666, 24.98917761831, 4.99999987369, 0.00000000000, -0.00000000030, 0.00000000014
58, 50.00000000000, 1171.40040219533, 14.95131262059, 4.99999987369, 0.00000000000, -0.00000000006, -0.00000000017
59, 50.00000000000, 1195.90390402221, 15.80415356610, 4.99999987369, 0.00000000000, -0.00000000011, -0.00000000055
60, 50.00000000000, 1207.73313387756, 37.08437931863, 4.99999987369, 0.00000000000, 0.00000000046, 0.00000000033
61, 50.00000000000, 1220.56957085366, 15.08789303091, 4.99999987369, 0.00000000000, 0.00000000000, 0.00000000022
62, 50.00000000000, 1243.65271475970, 24.43671162613, 4.99999987369, 0.00000000000, -0.00000000020, 0.00000000011
63, 50.00000000000, 1255.99286615986, 46.35681132428, 4.99999987369, 0.00000000000, -0.00000000006, -0.00000000010
64, 50.00000000000, 1268.24174637514, 24.67560521130, 4.99999987369, 0.00000000000, 0.00000000019, 0.00000000001
65, 50.00000000000, 1292.80748520707, 21.63443672186, 4.99999987369, 0.00000000000, 0.00000000023, -0.00000000005
66, 50.00000000000, 1316.96942625144, 14.27689785481, 4.99999987369, 0.00000000000, -0.00000000010, 0.00000000004
67, 50.00000000000, 1342.03064961735, 12.65844672622, 4.99999987369, 0.00000000000, 0.00000000048, 0.00000000033
68, 50.00000000000, 1363.47717546236, 26.59120448977, 4.99999987369, 0.00000000000, -0.00000000047, -0.00000000034
69, 50.00000000000, 1386.46196901436, 16.42377703292, 4.99999987369, 0.00000000000, -0.00000000041, -0.00000000030
70, 50.00000000000, 1405.33238846192, 31.92742683484, 4.99999987369, 0.00000000000, -0.00000000017, 0.00000000065
71, 50.00000000000, 1426.17425904311, 19.33827742650, 4.99999987369, 0.00000000000, 0.00000000001, -0.00000000051
72, 50.00000000000, 1449.43560889719, 26.76959483194, 4.99999987369, 0.00000000000, 0.00000000029, -0.00000000005
73, 50.00000000000, 1470.69125357302, 39.08100197906, 4.99999987369, 0.00000000000, 0.00000000010, -0.00000000002
74, 50.00000000000, 1470.94022593606, 13.59245210812, 4.99999987369, 0.00000000000, 0.00000000006, 0.00000000045
75, 50.00000000000, 1492.27806902566, 27.21194348742, 4.99999987369, 0.00000000000, 0.00000000007, -0.00000000021
76, 50.00000000000, 1517.14314374067, 28.65805386323, 4.99999987369, 0.00000000000, 0.00000000009, -0.00000000002
77, 50.00000000000, 1541.64213275247, 22.70324014551, 4.99999987369, 0.00000000000, -0.00000000016, 0.00000000003
78, 50.00000000000, 1566.24347534334, 19.81197101040, 4.99999987369, 0.00000000000, 0.00000000004, -0.00000000010
79, 50.00000000000, 1578.68939999335, 41.25411271689, 4.99999987369, 0.00000000000, 0.00000000005, 0.00000000009
