0, 50.00000000000, 19.77578089189, 12.54913873927, 4.99999987369, 0.00000000000, 0.00000000007, 0.00000000001
1, 50.00000000000, 44.79250355475, 15.69598282284, 4.99999987369, 0.00000000000, -0.00000000009, -0.00000000007
2, 50.00000000000, 52.61716963192, 39.25154032208, 4.99999987369, 0.00000000000, 0.00000000044, -0.00000000042
3, 50.00000000000, 69.43156360932, 19.87935220726, 4.99999987369, 0.00000000000, -0.00000000027, 0.00000000048
4, 50.00000000000, 94.71419635359, 19.35446312790, 4.99999987369, 0.00000000000, -0.00000000005, 0.00000000003
5, 50.00000000000, 119.00568140591, 26.27732574635, 4.99999987369, 0.00000000000, 0.00000000005, -0.00000000006
6, 50.00000000000, 143.50452209396, 20.04284451619, 4.99999987369, 0.00000000000, -0.00000000009, 0.00000000004
7, 50.00000000000, 168.64148092333, 21.09389781678, 4.99999987369, 0.00000000000, 0.00000000020, -0.00000000019
8, 50.00000000000, 180.16708868545, 42.81515863647, 4.99999987369, 0.00000000000, 0.00000000043, -0.00000000053
9, 50.00000000000, 194.08610729510, 21.49409264170, 4.99999987369, 0.00000000000, 0.00000000080, 0.00000000350
10, 50.00000000000, 204.77063375563, 45.40631687754, 4.99999987369, 0.00000000000, -0.00000000107, -0.00000000277
11, 50.00000000000, 219.30458664268, 24.88650974642, 4.99999987369, 0.00000000000, -0.00000000018, -0.00000000007
12, 50.00000000000, 243.82288617236, 18.33242590078, 4.99999987369, 0.00000000000, 0.00000000007, 0.00000000004
13, 50.00000000000, 269.17063116892, 16.67685049310, 4.99999987369, 0.00000000000, 0.00000000010, 0.00000000008
14, 50.00000000000, 294.38901626890, 20.10999598065, 4.99999987369, 0.00000000000, -0.00000000006, 0.00000000033
15, 50.00000000000, 310.50434410820, 40.06865842710, 4.99999987369, 0.00000000000, -0.00000000031, -0.00000000039
16, 50.00000000000, 319.20233334432, 16.48635212662, 4.99999987369, 0.00000000000, 0.00000000021, 0.00000000003
17, 50.00000000000, 344.42667066783, 19.17885441108, 4.99999987369, 0.00000000000, -0.00000000009, 0.00000000002
18, 50.00000000000, 368.43971592537, 27.05152121116, 4.99999987369, 0.00000000000, 0.00000000032, 0.00000000004
19, 50.00000000000, 393.53040547229, 31.73730289396, 4.99999987369, 0.00000000000, -0.00000000016, -0.00000000004
20, 50.00000000000, 418.66276264833, 35.37355958655, 4.99999987369, 0.00000000000, 0.00000000044, 0.00000000058
21, 50.00000000000, 436.40285204920, 18.54331907193, 4.99999987369, 0.00000000000, 0.00000000038, -0.00000000016
22, 50.00000000000, 443.36448551500, 42.97325634102, 4.99999987369, 0.00000000000, 0.00000000041, -0.00000000212
23, 50.00000000000, 460.95691522341, 23.48339694273, 4.99999987369, 0.00000000000, -0.00000000107, 0.00000000151
24, 50.00000000000, 485.20149349673, 15.57862002237, 4.99999987369, 0.00000000000, -0.00000000022, 0.00000000015
25, 50.00000000000, 510.55001399630, 16.16078597199, 4.99999987369, 0.00000000000, -0.00000000059, -0.00000000131
26, 50.00000000000, 517.01577547332, 39.50734509032, 4.99999987369, 0.00000000000, 0.00000000043, 0.00000000124
27, 50.00000000000, 534.94586049227, 21.60622746757, 4.99999987369, 0.00000000000, 0.00000000013, 0.00000000010
28, 50.00000000000, 559.87054236650, 26.26862090303, 4.99999987369, 0.00000000000, -0.00000000014, -0.00000000005
29, 50.00000000000, 584.61310588084, 21.54559400779, 4.99999987369, 0.00000000000, 0.00000000000, 0.00000000000
30, 50.00000000000, 609.61043239049, 18.59513967021, 4.99999987369, 0.00000000000, -0.00000000006, 0.00000000001
31, 50.00000000000, 633.04468316710, 27.22792961700, 4.99999987369, 0.00000000000, 0.00000000003, 0.00000000001
32, 50.00000000000, 657.09381021019, 34.33191054512, 4.99999987369, 0.00000000000, 0.00000000002, -0.00000000058
33, 50.00000000000, 670.64874585406, 12.80320600824, 4.99999987369, 0.00000000000, 0.00000000013, 0.00000000138
34, 50.00000000000, 681.62922805650, 35.97992501873, 4.99999987369, 0.00000000000, -0.00000000020, -0.00000000062
35, 50.00000000000, 695.70934975824, 15.68202371415, 4.99999987369, 0.00000000000, -0.00000000016, -0.00000000019
36, 50.00000000000, 720.34103849191, 17.19836167246, 4.99999987369, 0.00000000000, -0.00000000006, -0.00000000011
37, 50.00000000000, 742.42994099475, 28.08935298127, 4.99999987369, 0.00000000000, 0.00000000014, 0.00000000014
38, 50.00000000000, 766.62099451689, 22.88564812365, 4.99999987369, 0.00000000000, 0.00000000003, -0.00000000001
39, 50.00000000000, 790.98919764635, 18.11265054270, 4.99999987369, 0.00000000000, -0.00000000004, -0.00000000002
40, 50.00000000000, 815.58504119977, 21.02905692338, 4.99999987369, 0.00000000000, 0.00000000023, 0.00000000049
41, 50.00000000000, 834.20705610272, 38.51689910109, 4.99999987369, 0.00000000000, -0.00000000022, -0.00000000057
42, 50.00000000000, 839.07468278916, 13.74674412342, 4.99999987369, 0.00000000000, 0.00000000024, 0.00000000000
43, 50.00000000000, 858.00141495832, 29.88096694574, 4.99999987369, 0.00000000000, -0.00000000001, 0.00000000010
44, 50.00000000000, 883.15835608380, 32.43402243374, 4.99999987369, 0.00000000000, 0.00000000027, -0.00000000039
45, 50.00000000000, 901.76888563701, 14.89904455605, 4.99999987369, 0.00000000000, -0.00000000040, 0.00000000038
46, 50.00000000000, 924.56935724700, 25.23258255060, 4.99999987369, 0.00000000000, -0.00000000022, 0.00000000005
47, 50.00000000000, 948.53566286616, 19.45694186683, 4.99999987369, 0.00000000000, 0.00000000001, -0.00000000010
48, 50.00000000000, 972.46895882212, 25.39432583133, 4.99999987369, 0.00000000000, 0.00000000025, 0.00000000003
49, 50.00000000000, 992.90626178253, 39.70642884214, 4.99999987369, 0.00000000000, -0.00000000015, 0.00000000007
50, 50.00000000000, 995.28936978580, 14.75201808908, 4.99999987369, 0.00000000000, 0.00000000000, 0.00000000006
51, 50.00000000000, 1015.51019211125, 29.74061269354, 4.99999987369, 0.00000000000, -0.00000000032, -0.00000000005
52, 50.00000000000, 1039.86300770739, 27.04796542507, 4.99999987369, 0.00000000000, -0.00000000011, 0.00000000023
53, 50.00000000000, 1061.69426490525, 16.23829923529, 4.99999987369, 0.00000000000, -0.00000000053, -0.00000000061
54, 50.00000000000, 1084.76358957068, 23.50078533988, 4.99999987369, 0.00000000000, 0.00000000016, 0.00000000077
55, 50.00000000000, 1106.69755243228, 13.26981397902, 4.99999987369, 0.00000000000, 0.00000000112, -0.00000000022
56, 50.00000000000, 1124.13123595455, 31.64602374323, 4.99999987369, 0.00000000000, 0.00000000040, -0.00000000053
57, 50.00000000000, 1146.77823012199, 19.67595429466, 4.99999987369, 0.00000000000, -0.00000000051, 0.00000000032
58, 50.00000000000, 1172.00541638471, 19.34186198781, 4.99999987369, 0.00000000000, -0.00000000015, 0.00000000001
59, 50.00000000000, 1196.52631048732, 15.41072619001, 4.99999987369, 0.00000000000, -0.00000000031, -0.00000000086
60, 50.00000000000, 1207.16468083454, 37.22144026553, 4.99999987369, 0.00000000000, 0.00000000053, 0.00000000068
61, 50.00000000000, 1221.65513937841, 16.48744407019, 4.99999987369, 0.00000000000, -0.00000000006, 0.00000000018
62, 50.00000000000, 1246.24474810713, 22.10047073462, 4.99999987369, 0.00000000000, 0.00000000008, 0.00000000033
63, 50.00000000000, 1253.88114704421, 46.56917049879, 4.99999987369, 0.00000000000, -0.00000000010, -0.00000000035
64, 50.00000000000, 1270.78479926838, 27.98428986375, 4.99999987369, 0.00000000000, -0.00000000027, 0.00000000009
65, 50.00000000000, 1292.90963225415, 17.07930630802, 4.99999987369, 0.00000000000, -0.00000000005, -0.00000000016
66, 50.00000000000, 1316.64789629344, 23.52558934132, 4.99999987369, 0.00000000000, -0.00000000021, 0.00000000023
67, 50.00000000000, 1339.64928790797, 15.09566778895, 4.99999987369, 0.00000000000, 0.00000000009, -0.00000000028
68, 50.00000000000, 1363.08628850981, 22.44721225790, 4.99999987369, 0.00000000000, 0.00000000012, 0.00000000014
69, 50.00000000000, 1387.56331307221, 19.78440514496, 4.99999987369, 0.00000000000, 0.00000000026, -0.00000000002
70, 50.00000000000, 1406.88658576654, 35.74187838545, 4.99999987369, 0.00000000000, 0.00000000012, -0.00000000011
71, 50.00000000000, 1425.69078859382, 18.85100987238, 4.99999987369, 0.00000000000, -0.00000000005, 0.00000000014
72, 50.00000000000, 1449.25324599975, 27.93023271690, 4.99999987369, 0.00000000000, 0.00000000011, 0.00000000006
73, 50.00000000000, 1472.86110038857, 36.87057531002, 4.99999987369, 0.00000000000, -0.00000000018, 0.00000000012
74, 50.00000000000, 1469.01440143972, 12.62695842313, 4.99999987369, 0.00000000000, -0.00000000002, -0.00000000020
75, 50.00000000000, 1492.35067761371, 21.53763863715, 4.99999987369, 0.00000000000, -0.00000000020, 0.00000000001
76, 50.00000000000, 1516.79728528035, 18.32187913580, 4.99999987369, 0.00000000000, -0.00000000100, -0.00000000052
77, 50.00000000000, 1539.18908509517, 27.49057481383, 4.99999987369, 0.00000000000, 0.00000000121, 0.00000000049
78, 50.00000000000, 1563.70401535981, 22.44527098777, 4.99999987369, 0.00000000000, 0.00000000055, 0.00000000061
79, 50.00000000000, 1580.94602628125, 41.38752110357, 4.99999987369, 0.00000000000, -0.00000000055, -0.00000000061
