0, 50.00000000000, 17.66197702810, 17.58458083813, 4.99999987369, 0.00000000000, 0.00000000064, 0.00000000012
1, 50.00000000000, 42.80229751311, 22.49370832128, 4.99999987369, 0.00000000000, -0.00000000021, -0.00000000013
2, 50.00000000000, 68.25299657015, 21.65826588638, 4.99999987369, 0.00000000000, -0.00000000044, -0.00000000000
3, 50.00000000000, 92.35589650530, 14.76420629719, 4.99999987369, 0.00000000000, 0.00000000091, -0.00000000448
4, 50.00000000000, 87.76807449007, 37.36466732186, 4.99999987369, 0.00000000000, -0.00000000090, 0.00000000449
5, 50.00000000000, 111.89713356577, 30.21722863092, 4.99999987369, 0.00000000000, -0.00000000016, 0.00000000005
6, 50.00000000000, 135.52961262477, 23.12559641087, 4.99999987369, 0.00000000000, 0.00000000015, -0.00000000005
7, 50.00000000000, 160.21127379947, 19.17697195737, 4.99999987369, 0.00000000000, 0.00000000038, 0.00000000011
8, 50.00000000000, 184.58720416646, 26.45700853418, 4.99999987369, 0.00000000000, 0.00000000021, -0.00000000054
9, 50.00000000000, 206.51421569690, 38.13537586803, 4.99999987369, 0.00000000000, 0.00000000064, -0.00000000072
10, 50.00000000000, 206.21018741348, 12.66330470553, 4.99999987369, 0.00000000000, -0.00000000060, 0.00000000079
11, 50.00000000000, 228.31043928049, 24.65626621326, 4.99999987369, 0.00000000000, 0.00000000109, 0.00000000240
12, 50.00000000000, 228.24025406622, 50.61339763903, 4.99999987369, 0.00000000000, -0.00000000031, -0.00000000073
13, 50.00000000000, 250.10330979972, 39.05960006136, 4.99999987369, 0.00000000000, -0.00000000096, -0.00000000132
14, 50.00000000000, 275.57436976976, 38.87717421485, 4.99999987369, 0.00000000000, -0.00000000021, 0.00000000000
15, 50.00000000000, 300.91553942682, 38.15202259915, 4.99999987369, 0.00000000000, 0.00000000012, -0.00000000022
16, 50.00000000000, 322.49954861060, 25.00036549722, 4.99999987369, 0.00000000000, -0.00000000036, 0.00000000023
17, 50.00000000000, 347.52432760290, 24.96399331799, 4.99999987369, 0.00000000000, -0.00000000015, -0.00000000003
18, 50.00000000000, 371.91386365134, 28.90020894511, 4.99999987369, 0.00000000000, 0.00000000036, 0.00000000012
19, 50.00000000000, 395.03823342780, 39.29930612491, 4.99999987369, 0.00000000000, -0.00000000046, 0.00000000002
20, 50.00000000000, 417.49378420225, 29.43925506022, 4.99999987369, 0.00000000000, -0.00000000011, -0.00000000012
21, 50.00000000000, 442.07837734022, 29.37471711774, 4.99999987369, 0.00000000000, 0.00000000044, -0.00000000006
22, 50.00000000000, 465.25858992378, 38.57384608653, 4.99999987369, 0.00000000000, -0.00000000086, -0.00000000027
23, 50.00000000000, 461.56126264734, 13.41675262391, 4.99999987369, 0.00000000000, 0.00000000051, 0.00000000110
24, 50.00000000000, 484.67203588313, 23.95768617213, 4.99999987369, 0.00000000000, -0.00000000048, -0.00000000063
25, 50.00000000000, 508.62130863943, 19.57530293604, 4.99999987369, 0.00000000000, 0.00000000038, -0.00000000011
26, 50.00000000000, 533.09960773743, 17.37213454073, 4.99999987369, 0.00000000000, 0.00000000020, -0.00000000008
27, 50.00000000000, 556.88641447580, 23.94188665422, 4.99999987369, 0.00000000000, -0.00000000009, 0.00000000006
28, 50.00000000000, 581.51749747354, 23.39846271535, 4.99999987369, 0.00000000000, -0.00000000059, -0.00000000057
29, 50.00000000000, 605.26662511090, 16.47418550227, 4.99999987369, 0.00000000000, -0.00000000087, -0.00000000116
30, 50.00000000000, 598.56715229951, 40.52692873576, 4.99999987369, 0.00000000000, 0.00000000063, 0.00000000064
31, 50.00000000000, 622.57493270626, 33.42225215514, 4.99999987369, 0.00000000000, 0.00000000076, 0.00000000112
32, 50.00000000000, 646.99589981853, 30.18546119993, 4.99999987369, 0.00000000000, 0.00000000032, -0.00000000004
33, 50.00000000000, 671.22129118790, 24.32330106825, 4.99999987369, 0.00000000000, 0.00000000075, -0.00000000028
34, 50.00000000000, 689.07511866905, 42.10921813339, 4.99999987369, 0.00000000000, -0.00000000042, -0.00000000163
35, 50.00000000000, 695.59428125029, 16.85562470046, 4.99999987369, 0.00000000000, 0.00000000109, 0.00000000483
36, 50.00000000000, 712.87561677648, 36.73224548017, 4.99999987369, 0.00000000000, -0.00000000095, -0.00000000313
37, 50.00000000000, 736.15225162197, 26.54540419485, 4.99999987369, 0.00000000000, -0.00000000046, 0.00000000020
38, 50.00000000000, 759.48831967132, 18.17046187878, 4.99999987369, 0.00000000000, 0.00000000001, -0.00000000000
39, 50.00000000000, 781.97270960274, 28.74156897518, 4.99999987369, 0.00000000000, 0.00000000009, -0.00000000002
40, 50.00000000000, 806.61743786637, 23.48136551811, 4.99999987369, 0.00000000000, 0.00000000015, 0.00000000006
41, 50.00000000000, 831.57376977996, 27.52614913035, 4.99999987369, 0.00000000000, 0.00000000063, 0.00000000021
42, 50.00000000000, 856.27660858998, 34.81455687507, 4.99999987369, 0.00000000000, -0.00000000004, -0.00000000051
43, 50.00000000000, 880.71808843940, 27.22276742509, 4.99999987369, 0.00000000000, 0.00000000012, 0.00000000018
44, 50.00000000000, 895.25843430931, 47.57028498318, 4.99999987369, 0.00000000000, 0.00000000019, -0.00000000042
45, 50.00000000000, 906.30034443758, 24.60129909465, 4.99999987369, 0.00000000000, 0.00000000027, 0.00000000094
46, 50.00000000000, 931.05449990085, 32.10201679933, 4.99999987369, 0.00000000000, 0.00000000028, -0.00000000075
47, 50.00000000000, 956.61261393801, 27.58153796263, 4.99999987369, 0.00000000000, -0.00000000060, -0.00000000024
48, 50.00000000000, 979.55152274291, 15.59993556223, 4.99999987369, 0.00000000000, -0.00000000056, 0.00000000108
49, 50.00000000000, 977.75917226158, 40.79656719367, 4.99999987369, 0.00000000000, 0.00000000062, -0.00000000045
50, 50.00000000000, 1000.84033000082, 29.70485713335, 4.99999987369, 0.00000000000, 0.00000000044, -0.00000000017
51, 50.00000000000, 1026.75995663875, 27.97158676695, 4.99999987369, 0.00000000000, 0.00000000146, -0.00000000155
52, 50.00000000000, 1050.23390009648, 15.41296665424, 4.99999987369, 0.00000000000, 0.00000000028, 0.00000000189
53, 50.00000000000, 1063.09251152061, 36.58722653718, 4.99999987369, 0.00000000000, -0.00000000227, 0.00000000326
54, 50.00000000000, 1076.77626743758, 18.10896753011, 4.99999987369, 0.00000000000, -0.00000000015, -0.00000000331
55, 50.00000000000, 1101.94880320710, 22.97946350590, 4.99999987369, 0.00000000000, -0.00000000031, -0.00000000019
56, 50.00000000000, 1127.49993821953, 23.18360968589, 4.99999987369, 0.00000000000, -0.00000000070, -0.00000000185
57, 50.00000000000, 1138.50656744548, 44.24137191727, 4.99999987369, 0.00000000000, 0.00000000117, 0.00000000157
58, 50.00000000000, 1153.17226023992, 23.28636657609, 4.99999987369, 0.00000000000, -0.00000000073, 0.00000000023
59, 50.00000000000, 1178.38902570051, 20.10148493830, 4.99999987369, 0.00000000000, 0.00000000022, 0.00000000029
60, 50.00000000000, 1201.81559833338, 30.48735486499, 4.99999987369, 0.00000000000, -0.00000000057, -0.00000000025
61, 50.00000000000, 1226.09972651708, 24.40423533743, 4.99999987369, 0.00000000000, -0.00000000067, -0.00000000193
62, 50.00000000000, 1243.80973711448, 40.61234148877, 4.99999987369, 0.00000000000, 0.00000000094, 0.00000000189
63, 50.00000000000, 1250.64057722489, 16.87297606207, 4.99999987369, 0.00000000000, -0.00000000076, 0.00000000051
64, 50.00000000000, 1267.68655116154, 35.70861466085, 4.99999987369, 0.00000000000, 0.00000000106, -0.00000000049
65, 50.00000000000, 1293.21073218490, 35.00221221761, 4.99999987369, 0.00000000000, 0.00000000012, 0.00000000012
66, 50.00000000000, 1318.49037307417, 39.14492898046, 4.99999987369, 0.00000000000, 0.00000000100, -0.00000000133
67, 50.00000000000, 1339.69944643798, 23.88876524408, 4.99999987369, 0.00000000000, -0.00000000142, 0.00000000121
68, 50.00000000000, 1365.04778175384, 22.67990304672, 4.99999987369, 0.00000000000, 0.00000000002, -0.00000000001
69, 50.00000000000, 1390.36959743617, 21.14899826057, 4.99999987369, 0.00000000000, 0.00000000030, -0.00000000016
70, 50.00000000000, 1414.81133585128, 13.75206745451, 4.99999987369, 0.00000000000, -0.00000000048, 0.00000000028
71, 50.00000000000, 1427.97939262060, 35.30933981660, 4.99999987369, 0.00000000000, -0.00000000011, 0.00000000005
72, 50.00000000000, 1439.97478837961, 13.43272253678, 4.99999987369, 0.00000000000, -0.00000000004, -0.00000000215
73, 50.00000000000, 1453.03731740143, 33.42325364420, 4.99999987369, 0.00000000000, -0.00000000044, 0.00000000469
74, 50.00000000000, 1465.81880126949, 13.67961933882, 4.99999987369, 0.00000000000, 0.00000000070, -0.00000000264
75, 50.00000000000, 1490.86544250175, 17.53745346087, 4.99999987369, 0.00000000000, 0.00000000106, 0.00000000038
76, 50.00000000000, 1515.52338487573, 25.25764449783, 4.99999987369, 0.00000000000, 0.00000000040, -0.00000000132
77, 50.00000000000, 1538.50284416114, 12.88745305746, 4.99999987369, 0.00000000000, -0.00000000065, 0.00000000117
78, 50.00000000000, 1563.49616434327, 19.42138964692, 4.99999987369, 0.00000000000, 0.00000000084, 0.00000000161
79, 50.00000000000, 1582.16971884374, 37.98852878151, 4.99999987369, 0.00000000000, -0.00000000188, -0.00000000187
