0, 50.00000000000, 19.58961422333, 14.04389911225, 4.99999987369, 0.00000000000, -0.00000000011, -0.00000000011
1, 50.00000000000, 37.04366433801, 31.87428318864, 4.99999987369, 0.00000000000, 0.00000000011, 0.00000000011
2, 50.00000000000, 59.34629171911, 20.36466788038, 4.99999987369, 0.00000000000, 0.00000000001, -0.00000000000
3, 50.00000000000, 83.98851492196, 16.01115366322, 4.99999987369, 0.00000000000, 0.00000000018, 0.00000000029
4, 50.00000000000, 95.73040739366, 38.58119461301, 4.99999987369, 0.00000000000, 0.00000000063, -0.00000000159
5, 50.00000000000, 109.10669623568, 16.54853443763, 4.99999987369, 0.00000000000, 0.00000000048, 0.00000000120
6, 50.00000000000, 134.87036911326, 14.11282489482, 4.99999987369, 0.00000000000, 0.00000000001, 0.00000000042
7, 50.00000000000, 160.01612103319, 20.11922323104, 4.99999987369, 0.00000000000, -0.00000000060, -0.00000000017
8, 50.00000000000, 185.11062716491, 25.44114946566, 4.99999987369, 0.00000000000, -0.00000000016, 0.00000000049
9, 50.00000000000, 207.71613673077, 37.72293524551, 4.99999987369, 0.00000000000, -0.00000000040, -0.00000000046
10, 50.00000000000, 206.37710935884, 13.02561676028, 4.99999987369, 0.00000000000, 0.00000000000, -0.00000000060
11, 50.00000000000, 228.77948068846, 23.18784099636, 4.99999987369, 0.00000000000, 0.00000000119, 0.00000000002
12, 50.00000000000, 230.78267320248, 47.50837453040, 4.99999987369, 0.00000000000, -0.00000000176, 0.00000000222
13, 50.00000000000, 251.58003129961, 35.59390913079, 4.99999987369, 0.00000000000, 0.00000000104, -0.00000000194
14, 50.00000000000, 276.61470711286, 30.59835288843, 4.99999987369, 0.00000000000, -0.00000000063, 0.00000000013
15, 50.00000000000, 300.35248246353, 23.21004073404, 4.99999987369, 0.00000000000, -0.00000000003, 0.00000000001
16, 50.00000000000, 324.17252604895, 15.77336142612, 4.99999987369, 0.00000000000, 0.00000000086, 0.00000000037
17, 50.00000000000, 347.41952902140, 26.86066847971, 4.99999987369, 0.00000000000, 0.00000000081, -0.00000000077
18, 50.00000000000, 372.71170184080, 21.07431501942, 4.99999987369, 0.00000000000, 0.00000000063, 0.00000000196
19, 50.00000000000, 394.33971006771, 36.28477452493, 4.99999987369, 0.00000000000, -0.00000000136, -0.00000000159
20, 50.00000000000, 420.02516074464, 35.61194111218, 4.99999987369, 0.00000000000, -0.00000000090, 0.00000000002
21, 50.00000000000, 440.96028164496, 21.81001230216, 4.99999987369, 0.00000000000, -0.00000000056, 0.00000000047
22, 50.00000000000, 460.72088932572, 37.95947993257, 4.99999987369, 0.00000000000, -0.00000000020, 0.00000000027
23, 50.00000000000, 463.81041343010, 13.80966123037, 4.99999987369, 0.00000000000, 0.00000000067, -0.00000000093
24, 50.00000000000, 483.89108986259, 28.16909502064, 4.99999987369, 0.00000000000, 0.00000000120, -0.00000000020
25, 50.00000000000, 508.28942945085, 19.89175552068, 4.99999987369, 0.00000000000, -0.00000000101, 0.00000000037
26, 50.00000000000, 533.46718089845, 18.51966774855, 4.99999987369, 0.00000000000, 0.00000000014, 0.00000000019
27, 50.00000000000, 553.76148258994, 33.60870727841, 4.99999987369, 0.00000000000, -0.00000000005, -0.00000000018
28, 50.00000000000, 579.06245610026, 33.68959111002, 4.99999987369, 0.00000000000, 0.00000000004, 0.00000000007
29, 50.00000000000, 597.77152215997, 17.11771041052, 4.99999987369, 0.00000000000, 0.00000000006, -0.00000000007
30, 50.00000000000, 603.22207567975, 41.30723873858, 4.99999987369, 0.00000000000, 0.00000000023, -0.00000000039
31, 50.00000000000, 622.00276469891, 24.14305680693, 4.99999987369, 0.00000000000, -0.00000000040, 0.00000000040
32, 50.00000000000, 646.81269632475, 28.51790328266, 4.99999987369, 0.00000000000, -0.00000000018, -0.00000000001
33, 50.00000000000, 671.17515555087, 23.79993308090, 4.99999987369, 0.00000000000, -0.00000000033, -0.00000000054
34, 50.00000000000, 690.05240700460, 39.14321083251, 4.99999987369, 0.00000000000, 0.00000000026, 0.00000000144
35, 50.00000000000, 695.05836748696, 15.82646659726, 4.99999987369, 0.00000000000, 0.00000000006, -0.00000000085
36, 50.00000000000, 713.80550878470, 32.36739206031, 4.99999987369, 0.00000000000, 0.00000000046, -0.00000000020
37, 50.00000000000, 737.70861354314, 23.63245615320, 4.99999987369, 0.00000000000, 0.00000000117, -0.00000000039
38, 50.00000000000, 762.30689932167, 15.19629456347, 4.99999987369, 0.00000000000, -0.00000000025, 0.00000000103
39, 50.00000000000, 786.42256728745, 24.81607606966, 4.99999987369, 0.00000000000, -0.00000000106, -0.00000000060
40, 50.00000000000, 809.92129341141, 14.91135149579, 4.99999987369, 0.00000000000, -0.00000000033, 0.00000000003
41, 50.00000000000, 831.00059504465, 28.28992083821, 4.99999987369, 0.00000000000, 0.00000000014, 0.00000000004
42, 50.00000000000, 854.22961416959, 18.46927243408, 4.99999987369, 0.00000000000, 0.00000000125, 0.00000000089
43, 50.00000000000, 875.80356043540, 32.91994773608, 4.99999987369, 0.00000000000, -0.00000000195, -0.00000000389
44, 50.00000000000, 889.25671375440, 51.91416982888, 4.99999987369, 0.00000000000, 0.00000000204, 0.00000000286
45, 50.00000000000, 901.53649560920, 29.93363925584, 4.99999987369, 0.00000000000, -0.00000000102, 0.00000000004
46, 50.00000000000, 925.44737217092, 21.26871667072, 4.99999987369, 0.00000000000, 0.00000000014, 0.00000000004
47, 50.00000000000, 950.58091503938, 17.22260587302, 4.99999987369, 0.00000000000, 0.00000000034, 0.00000000006
48, 50.00000000000, 976.23696838329, 16.58517417808, 4.99999987369, 0.00000000000, 0.00000000131, 0.00000000209
49, 50.00000000000, 985.33504491357, 40.82989925767, 4.99999987369, 0.00000000000, -0.00000000061, -0.00000000181
50, 50.00000000000, 1001.63295268830, 21.62288130751, 4.99999987369, 0.00000000000, -0.00000000045, -0.00000000063
51, 50.00000000000, 1025.99991250913, 13.26973079281, 4.99999987369, 0.00000000000, -0.00000000005, 0.00000000039
52, 50.00000000000, 1051.73743274216, 13.61317032816, 4.99999987369, 0.00000000000, -0.00000000018, 0.00000000018
53, 50.00000000000, 1063.20856610413, 36.06034738218, 4.99999987369, 0.00000000000, -0.00000000037, 0.00000000031
54, 50.00000000000, 1077.25726837941, 16.18344050396, 4.99999987369, 0.00000000000, -0.00000000001, -0.00000000051
55, 50.00000000000, 1102.73005054360, 16.05619153966, 4.99999987369, 0.00000000000, -0.00000000032, 0.00000000005
56, 50.00000000000, 1126.57139003751, 24.23453356953, 4.99999987369, 0.00000000000, 0.00000000107, 0.00000000058
57, 50.00000000000, 1137.19585129496, 47.69826743863, 4.99999987369, 0.00000000000, -0.00000000118, 0.00000000079
58, 50.00000000000, 1151.96192577919, 28.45627671038, 4.99999987369, 0.00000000000, 0.00000000099, -0.00000000157
59, 50.00000000000, 1177.40298566231, 24.50582643315, 4.99999987369, 0.00000000000, -0.00000000056, 0.00000000009
60, 50.00000000000, 1202.64993368478, 21.08729665538, 4.99999987369, 0.00000000000, 0.00000000047, -0.00000000003
61, 50.00000000000, 1228.21755631001, 18.47353893721, 4.99999987369, 0.00000000000, -0.00000000002, -0.00000000144
62, 50.00000000000, 1245.88369370266, 35.28378870459, 4.99999987369, 0.00000000000, 0.00000000037, 0.00000000374
63, 50.00000000000, 1253.71588257970, 12.77654686064, 4.99999987369, 0.00000000000, 0.00000000081, -0.00000000001
64, 50.00000000000, 1271.06799515258, 32.93360365249, 4.99999987369, 0.00000000000, -0.00000000039, -0.00000000240
65, 50.00000000000, 1296.89644001133, 29.58549103109, 4.99999987369, 0.00000000000, -0.00000000029, 0.00000000072
66, 50.00000000000, 1321.28321863808, 38.41041841974, 4.99999987369, 0.00000000000, -0.00000000108, -0.00000000077
67, 50.00000000000, 1341.50883636077, 23.11012249706, 4.99999987369, 0.00000000000, 0.00000000061, -0.00000000007
68, 50.00000000000, 1365.81842778261, 14.44343864869, 4.99999987369, 0.00000000000, -0.00000000022, 0.00000000037
69, 50.00000000000, 1391.39296744853, 16.11109003308, 4.99999987369, 0.00000000000, -0.00000000024, -0.00000000008
70, 50.00000000000, 1416.80784427610, 13.81867815569, 4.99999987369, 0.00000000000, -0.00000000064, -0.00000000032
71, 50.00000000000, 1427.91347091012, 35.66284461249, 4.99999987369, 0.00000000000, 0.00000000068, -0.00000000026
72, 50.00000000000, 1441.92775717293, 14.47501069495, 4.99999987369, 0.00000000000, -0.00000000016, 0.00000000223
73, 50.00000000000, 1453.02184662194, 37.94371407276, 4.99999987369, 0.00000000000, 0.00000000011, -0.00000000322
74, 50.00000000000, 1466.41628016283, 15.64740286089, 4.99999987369, 0.00000000000, -0.00000000005, 0.00000000165
75, 50.00000000000, 1491.81733673352, 17.55529126192, 4.99999987369, 0.00000000000, 0.00000000023, -0.00000000006
76, 50.00000000000, 1517.37666004727, 16.23817414320, 4.99999987369, 0.00000000000, 0.00000000036, 0.00000000056
77, 50.00000000000, 1540.20413024440, 28.24224793575, 4.99999987369, 0.00000000000, 0.00000000006, -0.00000000107
78, 50.00000000000, 1563.33757132503, 16.85759380696, 4.99999987369, 0.00000000000, -0.00000000027, 0.00000000109
79, 50.00000000000, 1584.59508259983, 31.30864186693, 4.99999987369, 0.00000000000, -0.00000000081, -0.00000000055
