0, 50.00000000000, 20.36305861025, 13.72633801064, 4.99999987369, 0.00000000000, 0.00000000010, 0.00000000010
1, 50.00000000000, 38.37373989664, 31.35854746553, 4.99999987369, 0.00000000000, 0.00000000010, -0.00000000024
2, 50.00000000000, 59.57418333835, 17.22210961214, 4.99999987369, 0.00000000000, 0.00000000017, 0.00000000011
3, 50.00000000000, 84.93015260033, 15.56238193208, 4.99999987369, 0.00000000000, 0.00000000013, 0.00000000011
4, 50.00000000000, 94.23852173060, 38.89293937917, 4.99999987369, 0.00000000000, -0.00000000001, 0.00000000001
5, 50.00000000000, 110.11294722423, 19.53387745221, 4.99999987369, 0.00000000000, -0.00000000028, -0.00000000012
6, 50.00000000000, 135.15479508607, 15.80331537417, 4.99999987369, 0.00000000000, -0.00000000010, 0.00000000004
7, 50.00000000000, 160.33216003885, 17.62855764332, 4.99999987369, 0.00000000000, 0.00000000001, 0.00000000002
8, 50.00000000000, 184.82154540377, 23.42267636334, 4.99999987369, 0.00000000000, -0.00000000013, 0.00000000172
9, 50.00000000000, 207.03552407157, 36.98389339965, 4.99999987369, 0.00000000000, 0.00000000011, -0.00000000096
10, 50.00000000000, 206.24065239625, 12.86633850502, 4.99999987369, 0.00000000000, 0.00000000021, -0.00000000208
11, 50.00000000000, 228.34148086484, 22.44135877555, 4.99999987369, 0.00000000000, 0.00000000134, 0.00000000211
12, 50.00000000000, 230.42304312975, 47.05401434418, 4.99999987369, 0.00000000000, -0.00000000084, 0.00000000010
13, 50.00000000000, 251.27645793095, 34.27526033736, 4.99999987369, 0.00000000000, -0.00000000047, -0.00000000103
14, 50.00000000000, 275.54801554581, 26.91501603438, 4.99999987369, 0.00000000000, -0.00000000052, 0.00000000011
15, 50.00000000000, 300.25617464232, 26.28314222684, 4.99999987369, 0.00000000000, 0.00000000014, 0.00000000000
16, 50.00000000000, 324.22521647335, 19.35267154583, 4.99999987369, 0.00000000000, -0.00000000018, -0.00000000006
17, 50.00000000000, 348.30027707682, 25.09214749791, 4.99999987369, 0.00000000000, -0.00000000003, 0.00000000006
18, 50.00000000000, 372.91159532240, 23.35462995205, 4.99999987369, 0.00000000000, 0.00000000007, -0.00000000011
19, 50.00000000000, 394.72401599195, 35.02111774895, 4.99999987369, 0.00000000000, 0.00000000021, 0.00000000009
20, 50.00000000000, 419.79638359333, 36.68069255042, 4.99999987369, 0.00000000000, -0.00000000012, 0.00000000004
21, 50.00000000000, 441.13338525983, 24.02926441885, 4.99999987369, 0.00000000000, 0.00000000009, 0.00000000018
22, 50.00000000000, 461.19727469580, 39.75264254857, 4.99999987369, 0.00000000000, 0.00000000102, -0.00000000033
23, 50.00000000000, 464.18237583936, 15.15399164368, 4.99999987369, 0.00000000000, -0.00000000041, -0.00000000090
24, 50.00000000000, 484.60486189956, 28.41925857523, 4.99999987369, 0.00000000000, -0.00000000010, 0.00000000086
25, 50.00000000000, 509.12778782534, 21.57285731182, 4.99999987369, 0.00000000000, -0.00000000045, 0.00000000013
26, 50.00000000000, 533.69279866987, 15.82273796552, 4.99999987369, 0.00000000000, -0.00000000061, -0.00000000032
27, 50.00000000000, 554.23474158139, 29.23283691073, 4.99999987369, 0.00000000000, 0.00000000245, 0.00000000100
28, 50.00000000000, 578.93956449153, 37.49909634229, 4.99999987369, 0.00000000000, 0.00000000004, -0.00000000320
29, 50.00000000000, 597.22544318325, 18.02350352541, 4.99999987369, 0.00000000000, -0.00000000158, 0.00000000266
30, 50.00000000000, 603.03835314911, 42.37647755994, 4.99999987369, 0.00000000000, 0.00000000082, -0.00000000030
31, 50.00000000000, 621.89527427156, 25.34670057130, 4.99999987369, 0.00000000000, -0.00000000083, 0.00000000030
32, 50.00000000000, 646.30525991188, 32.43513712339, 4.99999987369, 0.00000000000, 0.00000000017, -0.00000000017
33, 50.00000000000, 671.66837376584, 29.07680594247, 4.99999987369, 0.00000000000, 0.00000000011, -0.00000000083
34, 50.00000000000, 690.27815491620, 45.27093190863, 4.99999987369, 0.00000000000, -0.00000000002, 0.00000000397
35, 50.00000000000, 696.66960128238, 22.61086833560, 4.99999987369, 0.00000000000, 0.00000000088, -0.00000000198
36, 50.00000000000, 715.32620534897, 40.74777168198, 4.99999987369, 0.00000000000, 0.00000000138, -0.00000000321
37, 50.00000000000, 736.96561919439, 25.35152982364, 4.99999987369, 0.00000000000, -0.00000000136, 0.00000000154
38, 50.00000000000, 761.36591303799, 16.24198594457, 4.99999987369, 0.00000000000, 0.00000000051, 0.00000000169
39, 50.00000000000, 784.38327234297, 28.56981118899, 4.99999987369, 0.00000000000, 0.00000000014, -0.00000000248
40, 50.00000000000, 806.73984926644, 15.20022552470, 4.99999987369, 0.00000000000, -0.00000000147, 0.00000000169
41, 50.00000000000, 829.96181964742, 25.92177095983, 4.99999987369, 0.00000000000, -0.00000000091, -0.00000000032
42, 50.00000000000, 854.63096880975, 24.52142664294, 4.99999987369, 0.00000000000, 0.00000000014, -0.00000000003
43, 50.00000000000, 877.18816525344, 34.61973803956, 4.99999987369, 0.00000000000, 0.00000000022, 0.00000000016
44, 50.00000000000, 891.58167057013, 55.65294956365, 4.99999987369, 0.00000000000, 0.00000000051, -0.00000000151
45, 50.00000000000, 902.20750474213, 32.16585847329, 4.99999987369, 0.00000000000, 0.00000000020, 0.00000000097
46, 50.00000000000, 925.57187309150, 21.17737495281, 4.99999987369, 0.00000000000, -0.00000000068, 0.00000000039
47, 50.00000000000, 950.76196812252, 18.97532837393, 4.99999987369, 0.00000000000, 0.00000000022, -0.00000000001
48, 50.00000000000, 976.15323144109, 17.03216177386, 4.99999987369, 0.00000000000, -0.00000000076, -0.00000000353
49, 50.00000000000, 984.35326811639, 38.62022549226, 4.99999987369, 0.00000000000, 0.00000000112, 0.00000000403
50, 50.00000000000, 1001.59253474422, 21.07692801752, 4.99999987369, 0.00000000000, -0.00000000045, -0.00000000054
51, 50.00000000000, 1026.46357460150, 15.62517306690, 4.99999987369, 0.00000000000, 0.00000000050, -0.00000000002
52, 50.00000000000, 1051.97424724096, 12.78512218203, 4.99999987369, 0.00000000000, 0.00000000049, 0.00000000019
53, 50.00000000000, 1062.84887648080, 35.51079139929, 4.99999987369, 0.00000000000, -0.00000000012, 0.00000000022
54, 50.00000000000, 1077.71432478111, 15.74653634294, 4.99999987369, 0.00000000000, 0.00000000056, -0.00000000041
55, 50.00000000000, 1103.71768268046, 14.51058675452, 4.99999987369, 0.00000000000, 0.00000000032, 0.00000000072
56, 50.00000000000, 1128.82292188934, 21.97967300381, 4.99999987369, 0.00000000000, -0.00000000025, -0.00000000002
57, 50.00000000000, 1133.46132917978, 45.96896333298, 4.99999987369, 0.00000000000, -0.00000000081, 0.00000000079
58, 50.00000000000, 1153.00725559519, 32.02521634393, 4.99999987369, 0.00000000000, 0.00000000001, -0.00000000165
59, 50.00000000000, 1178.01720649133, 25.50359035392, 4.99999987369, 0.00000000000, 0.00000000101, 0.00000000037
60, 50.00000000000, 1204.13123646047, 27.14797475976, 4.99999987369, 0.00000000000, 0.00000000126, -0.00000000152
61, 50.00000000000, 1228.74946179519, 16.61036746839, 4.99999987369, 0.00000000000, -0.00000000108, 0.00000000260
62, 50.00000000000, 1244.44176033304, 37.10744169411, 4.99999987369, 0.00000000000, -0.00000000194, 0.00000000196
63, 50.00000000000, 1254.62542917038, 16.10541861517, 4.99999987369, 0.00000000000, 0.00000000074, -0.00000000244
64, 50.00000000000, 1269.95914221243, 36.70692317357, 4.99999987369, 0.00000000000, 0.00000000109, -0.00000000139
65, 50.00000000000, 1294.95059485721, 29.17333843758, 4.99999987369, 0.00000000000, -0.00000000130, 0.00000000080
66, 50.00000000000, 1320.33042994092, 32.85628296122, 4.99999987369, 0.00000000000, -0.00000000080, -0.00000000016
67, 50.00000000000, 1341.29987108908, 19.15942226840, 4.99999987369, 0.00000000000, -0.00000000004, 0.00000000003
68, 50.00000000000, 1365.92984969480, 14.50821390551, 4.99999987369, 0.00000000000, 0.00000000028, 0.00000000005
69, 50.00000000000, 1390.92601588434, 18.85427522232, 4.99999987369, 0.00000000000, 0.00000000005, -0.00000000013
70, 50.00000000000, 1415.68747369028, 13.20572129639, 4.99999987369, 0.00000000000, 0.00000000023, -0.00000000076
71, 50.00000000000, 1428.17020645814, 33.85916827079, 4.99999987369, 0.00000000000, 0.00000000013, 0.00000000078
72, 50.00000000000, 1441.43564288801, 12.64940981173, 4.99999987369, 0.00000000000, 0.00000000026, 0.00000000153
73, 50.00000000000, 1452.64787337164, 36.05793306269, 4.99999987369, 0.00000000000, -0.00000000089, -0.00000000055
74, 50.00000000000, 1466.74079336655, 16.57077154066, 4.99999987369, 0.00000000000, -0.00000000017, -0.00000000092
75, 50.00000000000, 1491.50488769924, 16.02836279405, 4.99999987369, 0.00000000000, 0.00000000003, 0.00000000001
76, 50.00000000000, 1516.22456574301, 14.22981956956, 4.99999987369, 0.00000000000, -0.00000000014, -0.00000000007
77, 50.00000000000, 1540.09244562991, 20.46598436268, 4.99999987369, 0.00000000000, 0.00000000030, 0.00000000005
78, 50.00000000000, 1565.23978531949, 18.79924894449, 4.99999987369, 0.00000000000, 0.00000000084, 0.00000000089
79, 50.00000000000, 1583.80325632107, 36.73031907744, 4.99999987369, 0.00000000000, -0.00000000092, -0.00000000089
