0, 50.00000000000, 20.28765253322, 23.83111756443, 4.99999987369, 0.00000000000, 0.00000000005, -0.00000000001
1, 50.00000000000, 45.30801841412, 21.12263067237, 4.99999987369, 0.00000000000, 0.00000000012, 0.00000000000
2, 50.00000000000, 70.58646737087, 20.54774334293, 4.99999987369, 0.00000000000, 0.00000000042, 0.00000000202
3, 50.00000000000, 93.88501912601, 14.13827433634, 4.99999987369, 0.00000000000, -0.00000000001, -0.00000000075
4, 50.00000000000, 89.27035343740, 39.17877018909, 4.99999987369, 0.00000000000, -0.00000000029, -0.00000000268
5, 50.00000000000, 113.04480104717, 28.80767426283, 4.99999987369, 0.00000000000, 0.00000000002, 0.00000000142
6, 50.00000000000, 138.41172867458, 30.12067337187, 4.99999987369, 0.00000000000, 0.00000000018, -0.00000000031
7, 50.00000000000, 160.32684452850, 16.61527043522, 4.99999987369, 0.00000000000, 0.00000000045, 0.00000000062
8, 50.00000000000, 184.62867239034, 25.01862783312, 4.99999987369, 0.00000000000, -0.00000000035, -0.00000000070
9, 50.00000000000, 206.12009097852, 37.56260097896, 4.99999987369, 0.00000000000, -0.00000000015, 0.00000000099
10, 50.00000000000, 206.93487705688, 12.78002071275, 4.99999987369, 0.00000000000, -0.00000000021, 0.00000000065
11, 50.00000000000, 227.90215018173, 27.27740040207, 4.99999987369, 0.00000000000, 0.00000000013, -0.00000000541
12, 50.00000000000, 228.68227846463, 50.27604869410, 4.99999987369, 0.00000000000, -0.00000000046, 0.00000000384
13, 50.00000000000, 250.42381466230, 36.99136077692, 4.99999987369, 0.00000000000, 0.00000000011, 0.00000000031
14, 50.00000000000, 274.39936586904, 44.42519476046, 4.99999987369, 0.00000000000, 0.00000000025, -0.00000000003
15, 50.00000000000, 299.62761648053, 41.84826368052, 4.99999987369, 0.00000000000, -0.00000000025, 0.00000000002
16, 50.00000000000, 322.29438854819, 31.05202296905, 4.99999987369, 0.00000000000, 0.00000000112, -0.00000000059
17, 50.00000000000, 345.19253163123, 19.22107165423, 4.99999987369, 0.00000000000, 0.00000000016, 0.00000000112
18, 50.00000000000, 369.07758476574, 29.06246869881, 4.99999987369, 0.00000000000, -0.00000000024, -0.00000000073
19, 50.00000000000, 394.41512568509, 24.35510061082, 4.99999987369, 0.00000000000, -0.00000000066, 0.00000000008
20, 50.00000000000, 418.92877638789, 17.66856786320, 4.99999987369, 0.00000000000, 0.00000000056, 0.00000000070
21, 50.00000000000, 440.80887372605, 31.21230134831, 4.99999987369, 0.00000000000, -0.00000000030, -0.00000000061
22, 50.00000000000, 465.83830957054, 36.39402473430, 4.99999987369, 0.00000000000, -0.00000000069, 0.00000000264
23, 50.00000000000, 458.75475994820, 13.69342945364, 4.99999987369, 0.00000000000, -0.00000000044, -0.00000000181
24, 50.00000000000, 483.40859378902, 19.53378051020, 4.99999987369, 0.00000000000, 0.00000000048, -0.00000000082
25, 50.00000000000, 507.47915901361, 25.99236663257, 4.99999987369, 0.00000000000, 0.00000000001, 0.00000000000
26, 50.00000000000, 532.48751133492, 25.24907043051, 4.99999987369, 0.00000000000, -0.00000000015, 0.00000000002
27, 50.00000000000, 557.10001150648, 22.71308519554, 4.99999987369, 0.00000000000, -0.00000000018, -0.00000000008
28, 50.00000000000, 581.18655934504, 27.82865408384, 4.99999987369, 0.00000000000, -0.00000000064, 0.00000000145
29, 50.00000000000, 604.27062948944, 21.67306405775, 4.99999987369, 0.00000000000, 0.00000000027, -0.00000000381
30, 50.00000000000, 600.28019387462, 45.06367473040, 4.99999987369, 0.00000000000, -0.00000000076, 0.00000000084
31, 50.00000000000, 623.75693237729, 34.85044176850, 4.99999987369, 0.00000000000, -0.00000000024, 0.00000000126
32, 50.00000000000, 647.29381143884, 39.61879365663, 4.99999987369, 0.00000000000, 0.00000000124, 0.00000000058
33, 50.00000000000, 668.86745229529, 27.93974233872, 4.99999987369, 0.00000000000, 0.00000000022, 0.00000000112
34, 50.00000000000, 689.15561006774, 43.98280021550, 4.99999987369, 0.00000000000, -0.00000000074, -0.00000000068
35, 50.00000000000, 691.46675286259, 19.72345509756, 4.99999987369, 0.00000000000, 0.00000000145, -0.00000000080
36, 50.00000000000, 712.39951517118, 33.73305171282, 4.99999987369, 0.00000000000, 0.00000000111, -0.00000000060
37, 50.00000000000, 736.10055013469, 23.12104445077, 4.99999987369, 0.00000000000, -0.00000000040, 0.00000000104
38, 50.00000000000, 761.05728077784, 29.67394320944, 4.99999987369, 0.00000000000, -0.00000000032, -0.00000000051
39, 50.00000000000, 786.10638591207, 24.18675118189, 4.99999987369, 0.00000000000, -0.00000000034, 0.00000000049
40, 50.00000000000, 808.52529706012, 36.13303100849, 4.99999987369, 0.00000000000, 0.00000000007, -0.00000000039
41, 50.00000000000, 833.71816487970, 32.03339799833, 4.99999987369, 0.00000000000, -0.00000000060, 0.00000000010
42, 50.00000000000, 858.20714141046, 36.97367011735, 4.99999987369, 0.00000000000, -0.00000000043, 0.00000000012
43, 50.00000000000, 881.90598456096, 30.81385817379, 4.99999987369, 0.00000000000, -0.00000000080, -0.00000000317
44, 50.00000000000, 894.07504316784, 50.64944918419, 4.99999987369, 0.00000000000, 0.00000000181, 0.00000000309
45, 50.00000000000, 907.44519085587, 29.40275259252, 4.99999987369, 0.00000000000, -0.00000000060, -0.00000000004
46, 50.00000000000, 932.33785622027, 28.18387415956, 4.99999987369, 0.00000000000, 0.00000000022, 0.00000000001
47, 50.00000000000, 957.60838093969, 29.64280489206, 4.99999987369, 0.00000000000, 0.00000000052, -0.00000000083
48, 50.00000000000, 978.85582153275, 15.05057920046, 4.99999987369, 0.00000000000, 0.00000000166, 0.00000000175
49, 50.00000000000, 980.20493387005, 39.63686248362, 4.99999987369, 0.00000000000, -0.00000000151, 0.00000000162
50, 50.00000000000, 1001.56536579872, 28.90921103778, 4.99999987369, 0.00000000000, 0.00000000007, -0.00000000245
51, 50.00000000000, 1027.11443869041, 31.74346896601, 4.99999987369, 0.00000000000, 0.00000000051, -0.00000000070
52, 50.00000000000, 1051.13084500903, 22.06028047893, 4.99999987369, 0.00000000000, -0.00000000078, 0.00000000083
53, 50.00000000000, 1062.25506889930, 44.76812425587, 4.99999987369, 0.00000000000, -0.00000000006, -0.00000000023
54, 50.00000000000, 1076.59441139530, 23.83313616901, 4.99999987369, 0.00000000000, 0.00000000109, -0.00000000055
55, 50.00000000000, 1101.40152047021, 16.05837261201, 4.99999987369, 0.00000000000, 0.00000000018, 0.00000000084
56, 50.00000000000, 1127.15688706644, 20.42585783336, 4.99999987369, 0.00000000000, -0.00000000080, -0.00000000009
57, 50.00000000000, 1135.56044817465, 44.06738742716, 4.99999987369, 0.00000000000, 0.00000000015, -0.00000000019
58, 50.00000000000, 1152.48331673479, 25.00304045971, 4.99999987369, 0.00000000000, -0.00000000046, -0.00000000029
59, 50.00000000000, 1176.84518863338, 16.95459520398, 4.99999987369, 0.00000000000, -0.00000000021, 0.00000000049
60, 50.00000000000, 1200.51545618186, 26.39594356902, 4.99999987369, 0.00000000000, -0.00000000011, -0.00000000024
61, 50.00000000000, 1225.99118769372, 26.32047037615, 4.99999987369, 0.00000000000, 0.00000000025, -0.00000000035
62, 50.00000000000, 1244.16350120570, 42.97386282330, 4.99999987369, 0.00000000000, -0.00000000032, 0.00000000050
63, 50.00000000000, 1250.70419982289, 19.35371349833, 4.99999987369, 0.00000000000, 0.00000000049, 0.00000000129
64, 50.00000000000, 1268.32572191271, 38.66604770212, 4.99999987369, 0.00000000000, -0.00000000004, -0.00000000140
65, 50.00000000000, 1293.97791393220, 39.67990916234, 4.99999987369, 0.00000000000, 0.00000000069, 0.00000000001
66, 50.00000000000, 1319.91823555104, 40.26188950491, 4.99999987369, 0.00000000000, 0.00000000116, -0.00000000116
67, 50.00000000000, 1344.37109450833, 30.02505376261, 4.99999987369, 0.00000000000, -0.00000000033, 0.00000000119
68, 50.00000000000, 1370.62368509451, 30.94379337028, 4.99999987369, 0.00000000000, -0.00000000052, -0.00000000002
69, 50.00000000000, 1396.68556808357, 31.71098877472, 4.99999987369, 0.00000000000, 0.00000000025, 0.00000000050
70, 50.00000000000, 1413.06225369582, 13.16748267936, 4.99999987369, 0.00000000000, 0.00000000102, -0.00000000017
71, 50.00000000000, 1422.54800955317, 35.99928402047, 4.99999987369, 0.00000000000, -0.00000000042, 0.00000000042
72, 50.00000000000, 1438.44517676069, 17.26773086000, 4.99999987369, 0.00000000000, 0.00000000047, 0.00000000096
73, 50.00000000000, 1448.15657878743, 41.55631260993, 4.99999987369, 0.00000000000, -0.00000000059, -0.00000000430
74, 50.00000000000, 1463.89123768683, 19.76775423172, 4.99999987369, 0.00000000000, -0.00000000121, 0.00000000254
75, 50.00000000000, 1489.78199114064, 19.85121565205, 4.99999987369, 0.00000000000, 0.00000000007, 0.00000000053
76, 50.00000000000, 1514.16957440071, 28.61665930269, 4.99999987369, 0.00000000000, -0.00000000062, -0.00000000110
77, 50.00000000000, 1535.35572467768, 14.12092689694, 4.99999987369, 0.00000000000, -0.00000000092, 0.00000000055
78, 50.00000000000, 1559.55291402492, 19.30213892140, 4.99999987369, 0.00000000000, 0.00000000011, 0.00000000003
79, 50.00000000000, 1580.07681535256, 34.02339687591, 4.99999987369, 0.00000000000, -0.00000000001, -0.00000000001
