0, 50.00000000000, 12.87148412698, 21.69046101642, 4.99999987369, 0.00000000000, 0.00000000008, 0.00000000003
1, 50.00000000000, 36.42614606675, 30.61707502496, 4.99999987369, 0.00000000000, 0.00000000087, -0.00000000075
2, 50.00000000000, 57.00302639427, 15.35042800565, 4.99999987369, 0.00000000000, -0.00000000011, 0.00000000067
3, 50.00000000000, 82.60822930126, 13.63533489289, 4.99999987369, 0.00000000000, -0.00000000076, 0.00000000025
4, 50.00000000000, 94.63481883034, 35.71437455101, 4.99999987369, 0.00000000000, 0.00000000014, -0.00000000061
5, 50.00000000000, 107.50576169652, 13.78616951768, 4.99999987369, 0.00000000000, 0.00000000028, 0.00000000044
6, 50.00000000000, 132.97388264780, 15.00171561462, 4.99999987369, 0.00000000000, -0.00000000008, -0.00000000003
7, 50.00000000000, 158.41664823589, 14.33516578525, 4.99999987369, 0.00000000000, -0.00000000011, 0.00000000003
8, 50.00000000000, 183.76588306116, 15.35117762050, 4.99999987369, 0.00000000000, -0.00000000018, -0.00000000019
9, 50.00000000000, 192.69460959085, 38.80067669963, 4.99999987369, 0.00000000000, 0.00000000019, 0.00000000007
10, 50.00000000000, 208.83609783336, 19.37371010587, 4.99999987369, 0.00000000000, 0.00000000025, 0.00000000003
11, 50.00000000000, 234.16090866865, 15.72860564788, 4.99999987369, 0.00000000000, 0.00000000084, 0.00000000146
12, 50.00000000000, 244.14695057972, 39.52382351713, 4.99999987369, 0.00000000000, -0.00000000031, -0.00000000153
13, 50.00000000000, 259.58200159759, 19.58529340188, 4.99999987369, 0.00000000000, -0.00000000005, 0.00000000014
14, 50.00000000000, 285.33154363250, 19.64830200451, 4.99999987369, 0.00000000000, -0.00000000078, 0.00000000029
15, 50.00000000000, 303.40964825532, 37.39652471886, 4.99999987369, 0.00000000000, -0.00000000007, -0.00000000050
16, 50.00000000000, 320.97380990300, 18.96076744530, 4.99999987369, 0.00000000000, 0.00000000022, 0.00000000013
17, 50.00000000000, 345.82662279622, 13.50386873410, 4.99999987369, 0.00000000000, -0.00000000045, 0.00000000009
18, 50.00000000000, 369.95161099653, 19.75863447958, 4.99999987369, 0.00000000000, -0.00000000049, -0.00000000009
19, 50.00000000000, 394.03358887043, 24.13923571018, 4.99999987369, 0.00000000000, -0.00000000022, 0.00000000016
20, 50.00000000000, 418.32358912674, 21.78409037076, 4.99999987369, 0.00000000000, 0.00000000009, -0.00000000002
21, 50.00000000000, 442.67880720636, 20.29628772411, 4.99999987369, 0.00000000000, -0.00000000028, 0.00000000021
22, 50.00000000000, 461.15411984130, 37.05063599444, 4.99999987369, 0.00000000000, -0.00000000058, 0.00000000420
23, 50.00000000000, 466.40000628127, 14.97950306201, 4.99999987369, 0.00000000000, 0.00000000048, -0.00000000578
24, 50.00000000000, 485.43907779183, 29.32157032375, 4.99999987369, 0.00000000000, -0.00000000126, 0.00000000255
25, 50.00000000000, 506.25839930579, 17.97350704302, 4.99999987369, 0.00000000000, 0.00000000109, -0.00000000141
26, 50.00000000000, 530.15741058316, 21.87913418997, 4.99999987369, 0.00000000000, 0.00000000068, 0.00000000024
27, 50.00000000000, 554.48574423707, 19.01818330571, 4.99999987369, 0.00000000000, 0.00000000043, -0.00000000009
28, 50.00000000000, 576.84021209733, 29.62249740184, 4.99999987369, 0.00000000000, 0.00000000086, -0.00000000070
29, 50.00000000000, 596.17886903441, 12.71527557590, 4.99999987369, 0.00000000000, -0.00000000040, 0.00000000314
30, 50.00000000000, 600.04757293011, 38.72525150888, 4.99999987369, 0.00000000000, 0.00000000064, -0.00000000323
31, 50.00000000000, 619.62867454325, 21.57356092636, 4.99999987369, 0.00000000000, -0.00000000081, 0.00000000083
32, 50.00000000000, 644.89894541812, 23.50130880753, 4.99999987369, 0.00000000000, 0.00000000015, 0.00000000001
33, 50.00000000000, 670.25696828853, 25.26318731480, 4.99999987369, 0.00000000000, 0.00000000045, 0.00000000057
34, 50.00000000000, 691.09488822332, 40.24381839457, 4.99999987369, 0.00000000000, 0.00000000211, -0.00000000153
35, 50.00000000000, 693.44019105157, 15.93211512410, 4.99999987369, 0.00000000000, -0.00000000069, -0.00000000106
36, 50.00000000000, 714.65822374701, 28.13691369435, 4.99999987369, 0.00000000000, -0.00000000141, 0.00000000164
37, 50.00000000000, 738.20603000576, 17.66724496244, 4.99999987369, 0.00000000000, 0.00000000027, 0.00000000042
38, 50.00000000000, 763.93145080484, 18.94368702232, 4.99999987369, 0.00000000000, 0.00000000021, 0.00000000020
39, 50.00000000000, 789.30132180182, 23.89954348705, 4.99999987369, 0.00000000000, 0.00000000151, -0.00000000150
40, 50.00000000000, 813.58085098050, 13.30605189536, 4.99999987369, 0.00000000000, 0.00000000073, 0.00000000507
41, 50.00000000000, 832.20785907213, 33.56871098201, 4.99999987369, 0.00000000000, -0.00000000195, -0.00000000574
42, 50.00000000000, 849.08826262278, 13.31725413892, 4.99999987369, 0.00000000000, -0.00000000105, 0.00000000204
43, 50.00000000000, 873.89018086857, 19.32995819813, 4.99999987369, 0.00000000000, -0.00000000012, -0.00000000016
44, 50.00000000000, 886.29033548904, 41.20798274288, 4.99999987369, 0.00000000000, 0.00000000018, -0.00000000025
45, 50.00000000000, 899.34897906041, 19.40481034780, 4.99999987369, 0.00000000000, -0.00000000020, 0.00000000042
46, 50.00000000000, 923.34730372338, 27.63280164024, 4.99999987369, 0.00000000000, 0.00000000090, -0.00000000051
47, 50.00000000000, 948.19412776399, 20.32608989428, 4.99999987369, 0.00000000000, -0.00000000010, 0.00000000000
48, 50.00000000000, 972.87282303278, 12.83587013190, 4.99999987369, 0.00000000000, 0.00000000019, -0.00000000114
49, 50.00000000000, 985.78593693413, 32.96206549669, 4.99999987369, 0.00000000000, -0.00000000040, 0.00000000360
50, 50.00000000000, 999.13492737284, 13.31420523932, 4.99999987369, 0.00000000000, 0.00000000010, -0.00000000210
51, 50.00000000000, 1024.90333513019, 13.27240061581, 4.99999987369, 0.00000000000, 0.00000000024, 0.00000000007
52, 50.00000000000, 1050.73612904374, 14.50886411730, 4.99999987369, 0.00000000000, -0.00000000041, -0.00000000143
53, 50.00000000000, 1062.67170146909, 35.16228096745, 4.99999987369, 0.00000000000, 0.00000000067, 0.00000000160
54, 50.00000000000, 1076.75100481626, 15.22387988524, 4.99999987369, 0.00000000000, -0.00000000018, -0.00000000012
55, 50.00000000000, 1102.56597422008, 17.36751572557, 4.99999987369, 0.00000000000, -0.00000000029, -0.00000000011
56, 50.00000000000, 1128.34909363523, 17.01530477272, 4.99999987369, 0.00000000000, -0.00000000028, 0.00000000003
57, 50.00000000000, 1140.14412865577, 39.39804986108, 4.99999987369, 0.00000000000, 0.00000000021, -0.00000000032
58, 50.00000000000, 1154.00072668596, 18.20303264057, 4.99999987369, 0.00000000000, -0.00000000065, 0.00000000031
59, 50.00000000000, 1179.44375285822, 18.46365724727, 4.99999987369, 0.00000000000, 0.00000000019, 0.00000000002
60, 50.00000000000, 1204.96855808731, 19.83934518962, 4.99999987369, 0.00000000000, 0.00000000073, -0.00000000031
61, 50.00000000000, 1230.27207821086, 14.19245204045, 4.99999987369, 0.00000000000, 0.00000000005, 0.00000000310
62, 50.00000000000, 1240.45067600308, 38.96115493998, 4.99999987369, 0.00000000000, -0.00000000104, -0.00000000293
63, 50.00000000000, 1255.29604586375, 18.18834477499, 4.99999987369, 0.00000000000, 0.00000000035, 0.00000000012
64, 50.00000000000, 1280.89576910102, 18.49354862096, 4.99999987369, 0.00000000000, 0.00000000107, 0.00000000181
65, 50.00000000000, 1299.32627874993, 37.07624110029, 4.99999987369, 0.00000000000, -0.00000000029, -0.00000000340
66, 50.00000000000, 1317.17817105882, 17.78062036095, 4.99999987369, 0.00000000000, -0.00000000134, 0.00000000158
67, 50.00000000000, 1342.39299490622, 16.70549064517, 4.99999987369, 0.00000000000, 0.00000000029, 0.00000000007
68, 50.00000000000, 1367.58941734790, 20.07236085907, 4.99999987369, 0.00000000000, 0.00000000019, -0.00000000002
69, 50.00000000000, 1393.08257808575, 21.93768249534, 4.99999987369, 0.00000000000, 0.00000000066, -0.00000000051
70, 50.00000000000, 1417.42356898462, 13.35472986507, 4.99999987369, 0.00000000000, 0.00000000044, -0.00000000018
71, 50.00000000000, 1427.90877913849, 35.18089583519, 4.99999987369, 0.00000000000, -0.00000000071, 0.00000000215
72, 50.00000000000, 1443.38064004847, 16.93169968529, 4.99999987369, 0.00000000000, -0.00000000038, 0.00000000035
73, 50.00000000000, 1451.86260351859, 41.29600803562, 4.99999987369, 0.00000000000, 0.00000000029, -0.00000000284
74, 50.00000000000, 1468.16443360373, 21.36004479105, 4.99999987369, 0.00000000000, -0.00000000066, 0.00000000091
75, 50.00000000000, 1492.42906038392, 13.95829331525, 4.99999987369, 0.00000000000, -0.00000000017, 0.00000000009
76, 50.00000000000, 1517.28996311985, 18.31822970003, 4.99999987369, 0.00000000000, -0.00000000052, -0.00000000009
77, 50.00000000000, 1541.47043610396, 22.38505427123, 4.99999987369, 0.00000000000, -0.00000000001, 0.00000000020
78, 50.00000000000, 1565.11689897132, 15.83837630228, 4.99999987369, 0.00000000000, 0.00000000033, -0.00000000018
79, 50.00000000000, 1586.77503453942, 27.66963951662, 4.99999987369, 0.00000000000, 0.00000000011, 0.00000000006
