0, 50.00000000000, 17.39397213964, 15.35591654561, 4.99999987369, 0.00000000000, 0.00000000114, 0.00000000108
1, 50.00000000000, 36.26706735802, 33.08005353041, 4.99999987369, 0.00000000000, -0.00000000095, -0.00000000119
2, 50.00000000000, 58.30800355975, 20.89242034334, 4.99999987369, 0.00000000000, 0.00000000068, -0.00000000008
3, 50.00000000000, 83.40169853750, 15.42161069003, 4.99999987369, 0.00000000000, 0.00000000046, 0.00000000516
4, 50.00000000000, 93.62675889213, 40.82704761549, 4.99999987369, 0.00000000000, 0.00000000025, -0.00000000876
5, 50.00000000000, 107.68692675150, 17.66632034566, 4.99999987369, 0.00000000000, -0.00000000144, 0.00000000378
6, 50.00000000000, 132.83916699554, 15.30191325222, 4.99999987369, 0.00000000000, 0.00000000036, 0.00000000013
7, 50.00000000000, 157.75451034970, 20.70396085694, 4.99999987369, 0.00000000000, -0.00000000002, -0.00000000011
8, 50.00000000000, 183.24948838209, 20.88013771983, 4.99999987369, 0.00000000000, 0.00000000106, 0.00000000131
9, 50.00000000000, 202.91365587348, 38.02661486070, 4.99999987369, 0.00000000000, 0.00000000139, -0.00000000311
10, 50.00000000000, 207.08121764204, 12.63401366063, 4.99999987369, 0.00000000000, -0.00000000052, 0.00000000023
11, 50.00000000000, 227.07282432186, 27.05975305282, 4.99999987369, 0.00000000000, 0.00000000028, 0.00000000349
12, 50.00000000000, 239.28555865990, 50.18068433205, 4.99999987369, 0.00000000000, -0.00000000029, -0.00000000293
13, 50.00000000000, 253.05522319074, 28.18000718386, 4.99999987369, 0.00000000000, -0.00000000090, 0.00000000114
14, 50.00000000000, 278.88228176602, 30.61676578073, 4.99999987369, 0.00000000000, -0.00000000033, -0.00000000014
15, 50.00000000000, 304.68855159770, 30.31315356040, 4.99999987369, 0.00000000000, 0.00000000047, -0.00000000133
16, 50.00000000000, 324.99615995174, 14.17527990411, 4.99999987369, 0.00000000000, -0.00000000047, 0.00000000178
17, 50.00000000000, 349.20084994880, 23.13196139630, 4.99999987369, 0.00000000000, -0.00000000118, -0.00000000044
18, 50.00000000000, 374.08180358132, 21.16282105984, 4.99999987369, 0.00000000000, -0.00000000012, -0.00000000008
19, 50.00000000000, 394.90540369838, 34.55591319023, 4.99999987369, 0.00000000000, 0.00000000012, 0.00000000008
20, 50.00000000000, 419.87825801669, 36.05638672344, 4.99999987369, 0.00000000000, 0.00000000003, -0.00000000002
21, 50.00000000000, 440.98612153962, 22.41558926787, 4.99999987369, 0.00000000000, 0.00000000036, 0.00000000047
22, 50.00000000000, 460.74668316006, 38.38152700458, 4.99999987369, 0.00000000000, -0.00000000016, -0.00000000109
23, 50.00000000000, 464.01459585193, 13.11145767167, 4.99999987369, 0.00000000000, -0.00000000065, 0.00000000001
24, 50.00000000000, 483.64430634049, 27.94660358148, 4.99999987369, 0.00000000000, 0.00000000037, 0.00000000065
25, 50.00000000000, 506.69912192893, 18.72909643464, 4.99999987369, 0.00000000000, 0.00000000002, -0.00000000003
26, 50.00000000000, 531.20693784346, 22.51988501051, 4.99999987369, 0.00000000000, -0.00000000071, -0.00000000008
27, 50.00000000000, 555.40699962837, 25.70351658482, 4.99999987369, 0.00000000000, -0.00000000051, -0.00000000023
28, 50.00000000000, 578.81383409049, 31.58191345647, 4.99999987369, 0.00000000000, 0.00000000023, -0.00000000081
29, 50.00000000000, 597.76325302047, 14.48089247825, 4.99999987369, 0.00000000000, -0.00000000041, 0.00000000069
30, 50.00000000000, 601.61954587171, 39.00179821440, 4.99999987369, 0.00000000000, 0.00000000127, 0.00000000084
31, 50.00000000000, 621.11297695150, 23.80995926277, 4.99999987369, 0.00000000000, 0.00000000040, -0.00000000037
32, 50.00000000000, 646.16475723413, 27.96478374554, 4.99999987369, 0.00000000000, 0.00000000001, -0.00000000008
33, 50.00000000000, 671.04513821970, 22.92429206032, 4.99999987369, 0.00000000000, -0.00000000028, 0.00000000102
34, 50.00000000000, 691.47923936097, 38.59382416649, 4.99999987369, 0.00000000000, -0.00000000035, 0.00000000171
35, 50.00000000000, 694.07395937204, 15.14532893637, 4.99999987369, 0.00000000000, 0.00000000055, -0.00000000347
36, 50.00000000000, 714.83991477803, 28.27414777881, 4.99999987369, 0.00000000000, -0.00000000016, 0.00000000078
37, 50.00000000000, 737.91513572865, 18.29595639462, 4.99999987369, 0.00000000000, 0.00000000045, -0.00000000004
38, 50.00000000000, 763.28630072215, 16.42328230662, 4.99999987369, 0.00000000000, -0.00000000041, 0.00000000004
39, 50.00000000000, 788.30327113473, 13.90064749071, 4.99999987369, 0.00000000000, -0.00000000063, -0.00000000009
40, 50.00000000000, 812.44638919712, 17.74748748355, 4.99999987369, 0.00000000000, -0.00000000031, -0.00000000101
41, 50.00000000000, 827.69654478960, 36.30175473091, 4.99999987369, 0.00000000000, -0.00000000008, 0.00000000148
42, 50.00000000000, 850.42466381142, 27.97897793511, 4.99999987369, 0.00000000000, -0.00000000000, -0.00000000037
43, 50.00000000000, 874.69650086581, 28.01010943433, 4.99999987369, 0.00000000000, -0.00000000076, -0.00000000300
44, 50.00000000000, 887.07696532723, 47.71570830165, 4.99999987369, 0.00000000000, 0.00000000147, 0.00000000366
45, 50.00000000000, 899.93605354776, 27.08040270230, 4.99999987369, 0.00000000000, 0.00000000047, -0.00000000068
46, 50.00000000000, 925.10406057802, 24.69134571436, 4.99999987369, 0.00000000000, 0.00000000018, -0.00000000007
47, 50.00000000000, 949.81163677215, 18.86005789480, 4.99999987369, 0.00000000000, -0.00000000038, 0.00000000009
48, 50.00000000000, 974.78531136480, 19.76482132157, 4.99999987369, 0.00000000000, -0.00000000042, -0.00000000454
49, 50.00000000000, 987.26537843368, 38.46193363050, 4.99999987369, 0.00000000000, 0.00000000130, 0.00000000686
50, 50.00000000000, 1001.13190139231, 19.65276721675, 4.99999987369, 0.00000000000, -0.00000000012, -0.00000000229
51, 50.00000000000, 1026.74482841334, 20.39709411612, 4.99999987369, 0.00000000000, 0.00000000027, 0.00000000007
52, 50.00000000000, 1052.36992027809, 22.65692782301, 4.99999987369, 0.00000000000, -0.00000000025, 0.00000000198
53, 50.00000000000, 1061.10937197304, 47.57125348632, 4.99999987369, 0.00000000000, 0.00000000054, -0.00000000370
54, 50.00000000000, 1077.18278365605, 26.87428184955, 4.99999987369, 0.00000000000, -0.00000000006, 0.00000000107
55, 50.00000000000, 1100.86857647765, 16.34416264309, 4.99999987369, 0.00000000000, 0.00000000015, 0.00000000044
56, 50.00000000000, 1126.68388762076, 14.22412612399, 4.99999987369, 0.00000000000, 0.00000000070, 0.00000000114
57, 50.00000000000, 1141.40910915690, 35.60575802498, 4.99999987369, 0.00000000000, -0.00000000075, -0.00000000111
58, 50.00000000000, 1152.52270437988, 13.25701737273, 4.99999987369, 0.00000000000, 0.00000000037, 0.00000000054
59, 50.00000000000, 1177.69202281665, 19.57930210233, 4.99999987369, 0.00000000000, -0.00000000088, -0.00000000023
60, 50.00000000000, 1202.48151470580, 26.36869706566, 4.99999987369, 0.00000000000, 0.00000000048, -0.00000000048
61, 50.00000000000, 1227.90021047454, 21.69050766601, 4.99999987369, 0.00000000000, 0.00000000017, 0.00000000134
62, 50.00000000000, 1249.12593618605, 36.69840377832, 4.99999987369, 0.00000000000, 0.00000000095, -0.00000000043
63, 50.00000000000, 1251.24872142701, 12.70488251317, 4.99999987369, 0.00000000000, -0.00000000082, -0.00000000261
64, 50.00000000000, 1272.57966683777, 24.33184768430, 4.99999987369, 0.00000000000, -0.00000000049, 0.00000000234
65, 50.00000000000, 1296.92812485294, 33.03730561680, 4.99999987369, 0.00000000000, -0.00000000062, -0.00000000065
66, 50.00000000000, 1319.68969443454, 21.51121285959, 4.99999987369, 0.00000000000, -0.00000000064, 0.00000000029
67, 50.00000000000, 1343.66656617266, 15.15453788570, 4.99999987369, 0.00000000000, -0.00000000009, -0.00000000005
68, 50.00000000000, 1368.29596945166, 16.64711043244, 4.99999987369, 0.00000000000, 0.00000000010, 0.00000000001
69, 50.00000000000, 1393.05634529268, 16.91685350470, 4.99999987369, 0.00000000000, -0.00000000019, -0.00000000000
70, 50.00000000000, 1417.66822520809, 17.15219101994, 4.99999987369, 0.00000000000, -0.00000000033, 0.00000000006
71, 50.00000000000, 1428.72626892580, 39.57508052029, 4.99999987369, 0.00000000000, 0.00000000095, -0.00000000311
72, 50.00000000000, 1442.08072592179, 16.76855665968, 4.99999987369, 0.00000000000, -0.00000000079, 0.00000000327
73, 50.00000000000, 1453.07414824020, 39.55638271445, 4.99999987369, 0.00000000000, 0.00000000025, 0.00000000048
74, 50.00000000000, 1467.24871646992, 19.49973280291, 4.99999987369, 0.00000000000, 0.00000000029, -0.00000000068
75, 50.00000000000, 1491.36109873150, 26.54393456393, 4.99999987369, 0.00000000000, -0.00000000010, -0.00000000001
76, 50.00000000000, 1515.65551798283, 21.38441606680, 4.99999987369, 0.00000000000, -0.00000000007, -0.00000000004
77, 50.00000000000, 1539.81506160808, 26.93397836176, 4.99999987369, 0.00000000000, -0.00000000004, 0.00000000005
78, 50.00000000000, 1564.15036920773, 22.40908105012, 4.99999987369, 0.00000000000, 0.00000000002, -0.00000000007
79, 50.00000000000, 1587.49922662515, 30.63686060613, 4.99999987369, 0.00000000000, -0.00000000013, 0.00000000005
