0, 50.00000000000, 15.47845610820, 22.16536028805, 4.99999987369, 0.00000000000, 0.00000000030, 0.00000000016
1, 50.00000000000, 37.83577764152, 34.15770633837, 4.99999987369, 0.00000000000, -0.00000000004, -0.00000000039
2, 50.00000000000, 57.20747694716, 17.80325680249, 4.99999987369, 0.00000000000, -0.00000000013, 0.00000000026
3, 50.00000000000, 81.62879630328, 24.33116636646, 4.99999987369, 0.00000000000, -0.00000000045, -0.00000000286
4, 50.00000000000, 98.47178734211, 40.30912086140, 4.99999987369, 0.00000000000, 0.00000000254, 0.00000000133
5, 50.00000000000, 106.48224190022, 16.22471570762, 4.99999987369, 0.00000000000, -0.00000000158, 0.00000000150
6, 50.00000000000, 132.05976554899, 15.99676046666, 4.99999987369, 0.00000000000, -0.00000000036, 0.00000000003
7, 50.00000000000, 157.29857059349, 18.53187530523, 4.99999987369, 0.00000000000, 0.00000000002, -0.00000000008
8, 50.00000000000, 182.34182967208, 14.65784572690, 4.99999987369, 0.00000000000, -0.00000000004, 0.00000000045
9, 50.00000000000, 196.28040345129, 35.94304565879, 4.99999987369, 0.00000000000, -0.00000000046, -0.00000000002
10, 50.00000000000, 207.38934367155, 14.05274888346, 4.99999987369, 0.00000000000, 0.00000000009, -0.00000000039
11, 50.00000000000, 231.99349202604, 16.99677955320, 4.99999987369, 0.00000000000, 0.00000000017, 0.00000000003
12, 50.00000000000, 240.95674170827, 40.27682373277, 4.99999987369, 0.00000000000, -0.00000000199, 0.00000000225
13, 50.00000000000, 256.51898293895, 22.63749620378, 4.99999987369, 0.00000000000, -0.00000000003, -0.00000000223
14, 50.00000000000, 280.40774385578, 22.30885942895, 4.99999987369, 0.00000000000, -0.00000000090, -0.00000000043
15, 50.00000000000, 303.73196969380, 25.41534372651, 4.99999987369, 0.00000000000, -0.00000000041, 0.00000000217
16, 50.00000000000, 324.12430216999, 14.33677950063, 4.99999987369, 0.00000000000, 0.00000000217, -0.00000000215
17, 50.00000000000, 346.99063996934, 22.35455660175, 4.99999987369, 0.00000000000, -0.00000000029, 0.00000000036
18, 50.00000000000, 371.10796082396, 22.34742447105, 4.99999987369, 0.00000000000, 0.00000000006, -0.00000000033
19, 50.00000000000, 394.44893842933, 28.50484866275, 4.99999987369, 0.00000000000, 0.00000000135, 0.00000000035
20, 50.00000000000, 419.36617888989, 31.86144631699, 4.99999987369, 0.00000000000, 0.00000000016, -0.00000000010
21, 50.00000000000, 442.35091731665, 21.49391571487, 4.99999987369, 0.00000000000, -0.00000000005, 0.00000000005
22, 50.00000000000, 461.21782639764, 37.65873824900, 4.99999987369, 0.00000000000, 0.00000000003, 0.00000000184
23, 50.00000000000, 466.66971897526, 14.20239304007, 4.99999987369, 0.00000000000, -0.00000000095, -0.00000000299
24, 50.00000000000, 485.38796018876, 29.55925900035, 4.99999987369, 0.00000000000, 0.00000000063, 0.00000000129
25, 50.00000000000, 505.93230585099, 15.81084035792, 4.99999987369, 0.00000000000, 0.00000000029, -0.00000000009
26, 50.00000000000, 531.10777433236, 18.10045229538, 4.99999987369, 0.00000000000, 0.00000000026, 0.00000000000
27, 50.00000000000, 556.53201144356, 18.67023377742, 4.99999987369, 0.00000000000, -0.00000000069, -0.00000000019
28, 50.00000000000, 577.46515362250, 31.68518397637, 4.99999987369, 0.00000000000, 0.00000000158, 0.00000000157
29, 50.00000000000, 596.17744800676, 16.27378766300, 4.99999987369, 0.00000000000, 0.00000000117, 0.00000000181
30, 50.00000000000, 601.56662668085, 41.77050571299, 4.99999987369, 0.00000000000, -0.00000000103, -0.00000000465
31, 50.00000000000, 620.04342057720, 23.20487609119, 4.99999987369, 0.00000000000, -0.00000000066, 0.00000000152
32, 50.00000000000, 645.54689091378, 26.09916279250, 4.99999987369, 0.00000000000, -0.00000000002, -0.00000000012
33, 50.00000000000, 671.12028312341, 24.45993529057, 4.99999987369, 0.00000000000, -0.00000000057, 0.00000000148
34, 50.00000000000, 691.36526320340, 40.82663875050, 4.99999987369, 0.00000000000, 0.00000000016, -0.00000000178
35, 50.00000000000, 693.76981133669, 15.97523571919, 4.99999987369, 0.00000000000, -0.00000000020, -0.00000000122
36, 50.00000000000, 714.28234826661, 28.45939486591, 4.99999987369, 0.00000000000, 0.00000000067, 0.00000000125
37, 50.00000000000, 738.24821551605, 19.25885419886, 4.99999987369, 0.00000000000, -0.00000000007, 0.00000000042
38, 50.00000000000, 763.58512445940, 23.23998091329, 4.99999987369, 0.00000000000, -0.00000000015, -0.00000000033
39, 50.00000000000, 787.42293222313, 13.89235857333, 4.99999987369, 0.00000000000, -0.00000000012, 0.00000000029
40, 50.00000000000, 812.68828569195, 17.07746504561, 4.99999987369, 0.00000000000, -0.00000000013, 0.00000000021
41, 50.00000000000, 832.31603143952, 33.35955760482, 4.99999987369, 0.00000000000, -0.00000000023, -0.00000000039
42, 50.00000000000, 849.10848506452, 14.55433445725, 4.99999987369, 0.00000000000, 0.00000000065, 0.00000000032
43, 50.00000000000, 873.85948712519, 21.16870987635, 4.99999987369, 0.00000000000, 0.00000000055, 0.00000000126
44, 50.00000000000, 885.28630366793, 44.25520122508, 4.99999987369, 0.00000000000, -0.00000000070, -0.00000000138
45, 50.00000000000, 899.27366156016, 23.76938272912, 4.99999987369, 0.00000000000, 0.00000000001, -0.00000000017
46, 50.00000000000, 924.58330222014, 20.24745188503, 4.99999987369, 0.00000000000, -0.00000000046, 0.00000000006
47, 50.00000000000, 949.51310370865, 16.26312965571, 4.99999987369, 0.00000000000, 0.00000000014, 0.00000000004
48, 50.00000000000, 974.85587516697, 17.20581715076, 4.99999987369, 0.00000000000, -0.00000000072, -0.00000000247
49, 50.00000000000, 986.89457424452, 37.53757002073, 4.99999987369, 0.00000000000, 0.00000000058, 0.00000000377
50, 50.00000000000, 1000.60874951972, 17.93211396055, 4.99999987369, 0.00000000000, 0.00000000069, -0.00000000123
51, 50.00000000000, 1026.13786292230, 20.37999718452, 4.99999987369, 0.00000000000, 0.00000000030, -0.00000000017
52, 50.00000000000, 1051.86168503756, 18.52402513006, 4.99999987369, 0.00000000000, -0.00000000029, 0.00000000123
53, 50.00000000000, 1060.22641650599, 42.87926952170, 4.99999987369, 0.00000000000, 0.00000000034, -0.00000000188
54, 50.00000000000, 1076.90954503563, 23.32021455749, 4.99999987369, 0.00000000000, -0.00000000022, 0.00000000050
55, 50.00000000000, 1101.93478948335, 17.22138976162, 4.99999987369, 0.00000000000, 0.00000000018, 0.00000000014
56, 50.00000000000, 1127.64955151699, 15.28964785103, 4.99999987369, 0.00000000000, -0.00000000069, -0.00000000044
57, 50.00000000000, 1141.51327485397, 35.45938116456, 4.99999987369, 0.00000000000, 0.00000000012, 0.00000000088
58, 50.00000000000, 1153.25740546187, 13.84335152592, 4.99999987369, 0.00000000000, -0.00000000008, -0.00000000022
59, 50.00000000000, 1177.90491017273, 20.54510197904, 4.99999987369, 0.00000000000, -0.00000000021, -0.00000000014
60, 50.00000000000, 1203.27555795069, 20.15365669566, 4.99999987369, 0.00000000000, -0.00000000029, 0.00000000000
61, 50.00000000000, 1227.92094009412, 16.52062075541, 4.99999987369, 0.00000000000, -0.00000000173, -0.00000000434
62, 50.00000000000, 1241.18249459900, 34.88830926739, 4.99999987369, 0.00000000000, 0.00000000288, 0.00000000444
63, 50.00000000000, 1253.62052414461, 13.32983970389, 4.99999987369, 0.00000000000, 0.00000000011, 0.00000000012
64, 50.00000000000, 1279.07272313557, 17.96106366009, 4.99999987369, 0.00000000000, -0.00000000065, 0.00000000033
65, 50.00000000000, 1298.15788253630, 35.14583589045, 4.99999987369, 0.00000000000, 0.00000000133, -0.00000000186
66, 50.00000000000, 1319.91791123544, 20.50786339541, 4.99999987369, 0.00000000000, -0.00000000194, 0.00000000131
67, 50.00000000000, 1344.18189262110, 14.63151492733, 4.99999987369, 0.00000000000, 0.00000000019, 0.00000000007
68, 50.00000000000, 1368.02295502878, 22.90744361679, 4.99999987369, 0.00000000000, 0.00000000021, -0.00000000012
69, 50.00000000000, 1393.24000386305, 19.48058280766, 4.99999987369, 0.00000000000, -0.00000000025, 0.00000000003
70, 50.00000000000, 1418.22634941928, 15.94315076215, 4.99999987369, 0.00000000000, -0.00000000100, -0.00000000218
71, 50.00000000000, 1427.69624387470, 37.78917087928, 4.99999987369, 0.00000000000, 0.00000000141, 0.00000000182
72, 50.00000000000, 1443.40808371221, 17.59141145434, 4.99999987369, 0.00000000000, 0.00000000137, 0.00000000325
73, 50.00000000000, 1452.47971988746, 42.25113384240, 4.99999987369, 0.00000000000, -0.00000000164, -0.00000000200
74, 50.00000000000, 1468.28396456276, 23.58961360397, 4.99999987369, 0.00000000000, -0.00000000049, -0.00000000088
75, 50.00000000000, 1492.86607277729, 26.11541350307, 4.99999987369, 0.00000000000, 0.00000000020, 0.00000000002
76, 50.00000000000, 1516.62580012824, 18.81005132009, 4.99999987369, 0.00000000000, 0.00000000006, 0.00000000002
77, 50.00000000000, 1540.11416659890, 27.38021927769, 4.99999987369, 0.00000000000, -0.00000000045, 0.00000000016
78, 50.00000000000, 1562.42889850859, 17.20291803017, 4.99999987369, 0.00000000000, 0.00000000017, -0.00000000024
79, 50.00000000000, 1586.09627746887, 24.29919107007, 4.99999987369, 0.00000000000, 0.00000000022, 0.00000000006
