0, 50.00000000000, 20.55368585150, 20.30794613734, 4.99999987369, 0.00000000000, -0.00000000046, -0.00000000007
1, 50.00000000000, 44.81801154166, 23.85064901532, 4.99999987369, 0.00000000000, 0.00000000052, 0.00000000007
2, 50.00000000000, 69.97023066597, 22.68454198016, 4.99999987369, 0.00000000000, 0.00000000010, 0.00000000087
3, 50.00000000000, 93.51541901795, 16.20727378838, 4.99999987369, 0.00000000000, 0.00000000093, -0.00000000091
4, 50.00000000000, 88.99793542904, 40.24548498508, 4.99999987369, 0.00000000000, -0.00000000050, 0.00000000002
5, 50.00000000000, 113.18855163771, 32.37114342514, 4.99999987369, 0.00000000000, -0.00000000047, 0.00000000002
6, 50.00000000000, 138.43515436076, 32.92177998632, 4.99999987369, 0.00000000000, 0.00000000202, -0.00000000162
7, 50.00000000000, 159.50817605303, 17.21984040727, 4.99999987369, 0.00000000000, -0.00000000018, 0.00000000213
8, 50.00000000000, 184.77760270241, 23.77103975980, 4.99999987369, 0.00000000000, -0.00000000006, 0.00000000104
9, 50.00000000000, 206.15223738766, 39.22468292065, 4.99999987369, 0.00000000000, 0.00000000075, -0.00000000185
10, 50.00000000000, 207.11614040418, 13.21021872128, 4.99999987369, 0.00000000000, -0.00000000007, 0.00000000143
11, 50.00000000000, 228.07174575611, 26.34141251324, 4.99999987369, 0.00000000000, -0.00000000057, 0.00000000274
12, 50.00000000000, 228.88440327283, 52.67825323647, 4.99999987369, 0.00000000000, 0.00000000029, -0.00000000618
13, 50.00000000000, 250.25154849900, 36.83053653672, 4.99999987369, 0.00000000000, -0.00000000098, 0.00000000289
14, 50.00000000000, 273.96832277894, 46.95227176461, 4.99999987369, 0.00000000000, 0.00000000004, -0.00000000075
15, 50.00000000000, 299.67003185376, 43.73482304904, 4.99999987369, 0.00000000000, 0.00000000164, -0.00000000150
16, 50.00000000000, 322.98132092046, 30.95124497568, 4.99999987369, 0.00000000000, -0.00000000264, 0.00000000146
17, 50.00000000000, 345.10018179869, 18.65325148086, 4.99999987369, 0.00000000000, 0.00000000039, 0.00000000051
18, 50.00000000000, 368.89603446163, 28.06069933247, 4.99999987369, 0.00000000000, 0.00000000052, -0.00000000018
19, 50.00000000000, 394.61837451946, 30.59627237029, 4.99999987369, 0.00000000000, 0.00000000069, -0.00000000102
20, 50.00000000000, 418.43300478920, 19.51357705792, 4.99999987369, 0.00000000000, 0.00000000013, 0.00000000210
21, 50.00000000000, 441.18387396392, 32.97716790342, 4.99999987369, 0.00000000000, -0.00000000080, -0.00000000244
22, 50.00000000000, 466.09946285507, 36.66520309255, 4.99999987369, 0.00000000000, 0.00000000056, 0.00000000037
23, 50.00000000000, 458.85076876705, 13.68054453420, 4.99999987369, 0.00000000000, -0.00000000076, 0.00000000055
24, 50.00000000000, 483.94942064340, 18.43223518995, 4.99999987369, 0.00000000000, -0.00000000090, 0.00000000038
25, 50.00000000000, 507.91492725067, 26.77087839820, 4.99999987369, 0.00000000000, -0.00000000019, -0.00000000007
26, 50.00000000000, 532.86976835710, 24.56555477863, 4.99999987369, 0.00000000000, -0.00000000036, 0.00000000006
27, 50.00000000000, 557.16093140136, 20.57666949974, 4.99999987369, 0.00000000000, 0.00000000026, -0.00000000008
28, 50.00000000000, 581.40673152623, 26.05936765035, 4.99999987369, 0.00000000000, -0.00000000055, -0.00000000065
29, 50.00000000000, 604.36889425223, 15.29910151593, 4.99999987369, 0.00000000000, -0.00000000022, 0.00000000068
30, 50.00000000000, 600.70829047441, 40.71965868344, 4.99999987369, 0.00000000000, 0.00000000093, -0.00000000002
31, 50.00000000000, 623.95917820007, 30.79084676683, 4.99999987369, 0.00000000000, 0.00000000102, 0.00000000059
32, 50.00000000000, 646.72466859232, 43.17507113790, 4.99999987369, 0.00000000000, 0.00000000039, -0.00000000156
33, 50.00000000000, 668.41881527057, 28.66629896163, 4.99999987369, 0.00000000000, -0.00000000003, 0.00000000001
34, 50.00000000000, 688.82368669972, 42.47733865811, 4.99999987369, 0.00000000000, -0.00000000050, 0.00000000041
35, 50.00000000000, 692.00574302072, 17.53640799762, 4.99999987369, 0.00000000000, -0.00000000029, 0.00000000202
36, 50.00000000000, 711.83862863549, 34.70145635896, 4.99999987369, 0.00000000000, -0.00000000074, -0.00000000144
37, 50.00000000000, 736.12578562680, 29.68158645637, 4.99999987369, 0.00000000000, -0.00000000008, 0.00000000002
38, 50.00000000000, 760.39474630135, 25.09636915798, 4.99999987369, 0.00000000000, 0.00000000021, -0.00000000003
39, 50.00000000000, 785.53444173963, 24.25831549873, 4.99999987369, 0.00000000000, -0.00000000002, 0.00000000001
40, 50.00000000000, 809.52942402469, 31.80150868624, 4.99999987369, 0.00000000000, -0.00000000003, -0.00000000001
41, 50.00000000000, 834.47270645197, 30.50088832140, 4.99999987369, 0.00000000000, -0.00000000039, -0.00000000009
42, 50.00000000000, 858.38228806259, 36.13659181660, 4.99999987369, 0.00000000000, 0.00000000050, 0.00000000006
43, 50.00000000000, 882.31819886290, 28.32994355838, 4.99999987369, 0.00000000000, 0.00000000030, 0.00000000173
44, 50.00000000000, 893.21056399863, 52.00845316428, 4.99999987369, 0.00000000000, -0.00000000035, -0.00000000244
45, 50.00000000000, 906.80895254292, 30.07481407760, 4.99999987369, 0.00000000000, 0.00000000050, 0.00000000069
46, 50.00000000000, 932.22053917182, 27.93774703372, 4.99999987369, 0.00000000000, -0.00000000037, 0.00000000006
47, 50.00000000000, 957.50117867338, 28.68292156368, 4.99999987369, 0.00000000000, -0.00000000065, 0.00000000035
48, 50.00000000000, 979.06053126746, 17.05898763224, 4.99999987369, 0.00000000000, 0.00000000027, -0.00000000339
49, 50.00000000000, 979.70326559865, 40.87808404424, 4.99999987369, 0.00000000000, -0.00000000002, 0.00000000294
50, 50.00000000000, 1001.21543871400, 28.11299134347, 4.99999987369, 0.00000000000, 0.00000000029, 0.00000000010
51, 50.00000000000, 1026.36138488515, 26.82906587457, 4.99999987369, 0.00000000000, 0.00000000012, -0.00000000004
52, 50.00000000000, 1051.12850272514, 21.54233508604, 4.99999987369, 0.00000000000, 0.00000000049, 0.00000000147
53, 50.00000000000, 1061.46331567531, 44.96596042938, 4.99999987369, 0.00000000000, 0.00000000024, -0.00000000266
54, 50.00000000000, 1076.17635916649, 23.85289722886, 4.99999987369, 0.00000000000, -0.00000000021, 0.00000000107
55, 50.00000000000, 1101.13750465743, 18.17462074841, 4.99999987369, 0.00000000000, 0.00000000028, 0.00000000022
56, 50.00000000000, 1126.81976950031, 19.92378011557, 4.99999987369, 0.00000000000, -0.00000000027, -0.00000000055
57, 50.00000000000, 1135.42821200707, 42.55727374625, 4.99999987369, 0.00000000000, 0.00000000025, 0.00000000066
58, 50.00000000000, 1152.18748510875, 24.02999047559, 4.99999987369, 0.00000000000, 0.00000000042, -0.00000000048
59, 50.00000000000, 1177.46380467869, 18.20809755390, 4.99999987369, 0.00000000000, 0.00000000067, 0.00000000120
60, 50.00000000000, 1201.53985862486, 28.62745906478, 4.99999987369, 0.00000000000, -0.00000000106, -0.00000000107
61, 50.00000000000, 1226.84068235214, 24.17520415666, 4.99999987369, 0.00000000000, -0.00000000091, 0.00000000027
62, 50.00000000000, 1243.80742164582, 42.47946940092, 4.99999987369, 0.00000000000, -0.00000000022, -0.00000000006
63, 50.00000000000, 1251.40889673618, 19.03221717659, 4.99999987369, 0.00000000000, 0.00000000047, 0.00000000056
64, 50.00000000000, 1268.15718696842, 38.17863345753, 4.99999987369, 0.00000000000, -0.00000000027, -0.00000000057
65, 50.00000000000, 1293.00496685009, 42.51302258928, 4.99999987369, 0.00000000000, 0.00000000003, -0.00000000003
66, 50.00000000000, 1318.00110847872, 39.07208802942, 4.99999987369, 0.00000000000, 0.00000000042, -0.00000000015
67, 50.00000000000, 1342.43637859739, 31.60696349899, 4.99999987369, 0.00000000000, 0.00000000163, -0.00000000005
68, 50.00000000000, 1368.50292970608, 28.71603481212, 4.99999987369, 0.00000000000, 0.00000000294, 0.00000000075
69, 50.00000000000, 1395.71629930706, 32.11516014293, 4.99999987369, 0.00000000000, 0.00000000171, 0.00000000040
70, 50.00000000000, 1414.47465176993, 14.84515399832, 4.99999987369, 0.00000000000, -0.00000000061, -0.00000000136
71, 50.00000000000, 1423.25459337292, 36.87835012474, 4.99999987369, 0.00000000000, -0.00000000167, 0.00000000061
72, 50.00000000000, 1439.70740218037, 17.77446808594, 4.99999987369, 0.00000000000, -0.00000000073, -0.00000000076
73, 50.00000000000, 1450.02466985898, 39.61127645840, 4.99999987369, 0.00000000000, -0.00000000293, -0.00000000026
74, 50.00000000000, 1465.03928650224, 18.71471396724, 4.99999987369, 0.00000000000, -0.00000000035, 0.00000000089
75, 50.00000000000, 1490.33706595815, 21.81678976619, 4.99999987369, 0.00000000000, -0.00000000048, -0.00000000006
76, 50.00000000000, 1515.03032902726, 26.36501078980, 4.99999987369, 0.00000000000, 0.00000000068, -0.00000000045
77, 50.00000000000, 1536.77599705324, 12.99143599006, 4.99999987369, 0.00000000000, -0.00000000075, 0.00000000043
78, 50.00000000000, 1559.92555280257, 21.99573858439, 4.99999987369, 0.00000000000, 0.00000000017, 0.00000000011
79, 50.00000000000, 1580.05361546046, 37.25996149065, 4.99999987369, 0.00000000000, -0.00000000013, -0.00000000010
