0, 50.00000000000, 18.75215272796, 17.11013175915, 4.99999987369, 0.00000000000, -0.00000000092, -0.00000000026
1, 50.00000000000, 42.15060136351, 23.52124338221, 4.99999987369, 0.00000000000, 0.00000000008, 0.00000000045
2, 50.00000000000, 65.84298319636, 18.18884356622, 4.99999987369, 0.00000000000, 0.00000000128, -0.00000000021
3, 50.00000000000, 91.29245776661, 17.93858081899, 4.99999987369, 0.00000000000, -0.00000000044, 0.00000000144
4, 50.00000000000, 90.77447082529, 43.53007826315, 4.99999987369, 0.00000000000, 0.00000000077, -0.00000000186
5, 50.00000000000, 112.87166534875, 30.11683556244, 4.99999987369, 0.00000000000, -0.00000000024, 0.00000000010
6, 50.00000000000, 134.57772557158, 16.89597095193, 4.99999987369, 0.00000000000, 0.00000000083, 0.00000000061
7, 50.00000000000, 159.89002118900, 22.37204010678, 4.99999987369, 0.00000000000, -0.00000000096, -0.00000000012
8, 50.00000000000, 183.24687277109, 32.55649768308, 4.99999987369, 0.00000000000, -0.00000000005, 0.00000000000
9, 50.00000000000, 207.47894619752, 40.20799629543, 4.99999987369, 0.00000000000, -0.00000000023, 0.00000000199
10, 50.00000000000, 202.61696804593, 17.06915689229, 4.99999987369, 0.00000000000, 0.00000000110, -0.00000000165
11, 50.00000000000, 227.18522597004, 25.40585510133, 4.99999987369, 0.00000000000, -0.00000000102, -0.00000000042
12, 50.00000000000, 230.10838055668, 49.97785388601, 4.99999987369, 0.00000000000, 0.00000000013, 0.00000000008
13, 50.00000000000, 250.37163578288, 35.67906575101, 4.99999987369, 0.00000000000, 0.00000000017, -0.00000000015
14, 50.00000000000, 275.83602093282, 37.10860248975, 4.99999987369, 0.00000000000, 0.00000000069, -0.00000000020
15, 50.00000000000, 301.37585997792, 33.51619158827, 4.99999987369, 0.00000000000, 0.00000000086, -0.00000000136
16, 50.00000000000, 322.43300158598, 17.67388353467, 4.99999987369, 0.00000000000, -0.00000000074, 0.00000000168
17, 50.00000000000, 348.12281938877, 20.67065643534, 4.99999987369, 0.00000000000, -0.00000000033, 0.00000000019
18, 50.00000000000, 372.43657649557, 29.10875112290, 4.99999987369, 0.00000000000, -0.00000000069, -0.00000000017
19, 50.00000000000, 394.18857640500, 41.90573458238, 4.99999987369, 0.00000000000, 0.00000000083, -0.00000000064
20, 50.00000000000, 417.90465568216, 31.57607432370, 4.99999987369, 0.00000000000, -0.00000000078, 0.00000000051
21, 50.00000000000, 443.16172505712, 34.45999429390, 4.99999987369, 0.00000000000, -0.00000000028, -0.00000000007
22, 50.00000000000, 466.72714078191, 43.20808393842, 4.99999987369, 0.00000000000, 0.00000000097, -0.00000000380
23, 50.00000000000, 461.51851456950, 17.26171124857, 4.99999987369, 0.00000000000, -0.00000000090, 0.00000000193
24, 50.00000000000, 484.68778876021, 24.14342693056, 4.99999987369, 0.00000000000, -0.00000000038, 0.00000000193
25, 50.00000000000, 509.18588501815, 21.59337919673, 4.99999987369, 0.00000000000, -0.00000000096, 0.00000000018
26, 50.00000000000, 533.02453950140, 17.47511680038, 4.99999987369, 0.00000000000, 0.00000000020, -0.00000000045
27, 50.00000000000, 556.63228526618, 22.83260690431, 4.99999987369, 0.00000000000, 0.00000000077, 0.00000000019
28, 50.00000000000, 580.80581369561, 27.55394539433, 4.99999987369, 0.00000000000, 0.00000000001, -0.00000000070
29, 50.00000000000, 604.79173060608, 19.26494521951, 4.99999987369, 0.00000000000, 0.00000000169, 0.00000000284
30, 50.00000000000, 599.00296169116, 43.79521398238, 4.99999987369, 0.00000000000, -0.00000000030, 0.00000000052
31, 50.00000000000, 622.71252898031, 38.56752279252, 4.99999987369, 0.00000000000, 0.00000000023, -0.00000000323
32, 50.00000000000, 646.40139038610, 28.08087705720, 4.99999987369, 0.00000000000, -0.00000000089, 0.00000000048
33, 50.00000000000, 670.95275967046, 21.29595200561, 4.99999987369, 0.00000000000, -0.00000000028, 0.00000000009
34, 50.00000000000, 688.33954399656, 39.17971701889, 4.99999987369, 0.00000000000, -0.00000000020, 0.00000000005
35, 50.00000000000, 695.57986236589, 15.20216893457, 4.99999987369, 0.00000000000, 0.00000000085, 0.00000000124
36, 50.00000000000, 712.65761768730, 35.39743383310, 4.99999987369, 0.00000000000, -0.00000000026, -0.00000000138
37, 50.00000000000, 737.51463074767, 29.05998025882, 4.99999987369, 0.00000000000, -0.00000000058, 0.00000000014
38, 50.00000000000, 760.80248179408, 19.78634130640, 4.99999987369, 0.00000000000, 0.00000000027, 0.00000000021
39, 50.00000000000, 781.03076090828, 35.20590047399, 4.99999987369, 0.00000000000, 0.00000000022, -0.00000000037
40, 50.00000000000, 805.14415885300, 27.24164753852, 4.99999987369, 0.00000000000, -0.00000000047, 0.00000000017
41, 50.00000000000, 829.75698152474, 31.91358968009, 4.99999987369, 0.00000000000, 0.00000000046, 0.00000000007
42, 50.00000000000, 854.94266061500, 35.85621741086, 4.99999987369, 0.00000000000, 0.00000000054, -0.00000000034
43, 50.00000000000, 879.85525647464, 29.34488705782, 4.99999987369, 0.00000000000, 0.00000000016, -0.00000000061
44, 50.00000000000, 895.59173321875, 47.76316347747, 4.99999987369, 0.00000000000, 0.00000000051, 0.00000000053
45, 50.00000000000, 905.46740006012, 24.68088171604, 4.99999987369, 0.00000000000, 0.00000000031, 0.00000000086
46, 50.00000000000, 930.77493756939, 31.32219380491, 4.99999987369, 0.00000000000, -0.00000000045, -0.00000000072
47, 50.00000000000, 956.50925388059, 27.94921553643, 4.99999987369, 0.00000000000, -0.00000000018, 0.00000000104
48, 50.00000000000, 977.98599215817, 15.80193998319, 4.99999987369, 0.00000000000, 0.00000000042, -0.00000000043
49, 50.00000000000, 979.50445491327, 40.05194786642, 4.99999987369, 0.00000000000, -0.00000000096, -0.00000000055
50, 50.00000000000, 1001.04159088481, 26.28670873522, 4.99999987369, 0.00000000000, 0.00000000078, -0.00000000016
51, 50.00000000000, 1026.54383308430, 21.38410569712, 4.99999987369, 0.00000000000, -0.00000000045, 0.00000000002
52, 50.00000000000, 1051.58678966484, 14.99218543489, 4.99999987369, 0.00000000000, 0.00000000023, 0.00000000038
53, 50.00000000000, 1063.18071084392, 37.42172509269, 4.99999987369, 0.00000000000, -0.00000000007, 0.00000000010
54, 50.00000000000, 1077.39853902979, 17.08856401659, 4.99999987369, 0.00000000000, -0.00000000006, 0.00000000006
55, 50.00000000000, 1102.67813827484, 22.19555888839, 4.99999987369, 0.00000000000, -0.00000000044, -0.00000000028
56, 50.00000000000, 1128.31683182345, 21.68795337479, 4.99999987369, 0.00000000000, 0.00000000065, -0.00000000322
57, 50.00000000000, 1136.39828629659, 43.51401695925, 4.99999987369, 0.00000000000, 0.00000000005, 0.00000000512
58, 50.00000000000, 1154.20758954862, 27.64219860274, 4.99999987369, 0.00000000000, 0.00000000075, -0.00000000232
59, 50.00000000000, 1179.95710178943, 22.64125363227, 4.99999987369, 0.00000000000, 0.00000000058, 0.00000000245
60, 50.00000000000, 1201.74145471470, 37.90063700169, 4.99999987369, 0.00000000000, -0.00000000019, -0.00000000338
61, 50.00000000000, 1225.23617867742, 25.66811284501, 4.99999987369, 0.00000000000, -0.00000000161, 0.00000000101
62, 50.00000000000, 1245.19883467933, 40.76155160036, 4.99999987369, 0.00000000000, -0.00000000044, 0.00000000018
63, 50.00000000000, 1249.29415400388, 16.24975507262, 4.99999987369, 0.00000000000, -0.00000000060, 0.00000000067
64, 50.00000000000, 1268.51322441522, 33.04642162464, 4.99999987369, 0.00000000000, 0.00000000082, -0.00000000030
65, 50.00000000000, 1293.54165559273, 38.69491184360, 4.99999987369, 0.00000000000, -0.00000000018, -0.00000000020
66, 50.00000000000, 1319.09402690165, 37.91105843872, 4.99999987369, 0.00000000000, -0.00000000064, 0.00000000002
67, 50.00000000000, 1340.08328613058, 24.51358353600, 4.99999987369, 0.00000000000, 0.00000000007, -0.00000000001
68, 50.00000000000, 1364.92183835612, 20.33319498193, 4.99999987369, 0.00000000000, -0.00000000007, 0.00000000001
69, 50.00000000000, 1389.93540097693, 19.80184102176, 4.99999987369, 0.00000000000, 0.00000000002, -0.00000000000
70, 50.00000000000, 1414.95822284434, 17.65149996827, 4.99999987369, 0.00000000000, 0.00000000014, -0.00000000012
71, 50.00000000000, 1428.32560345300, 38.28097837866, 4.99999987369, 0.00000000000, 0.00000000008, 0.00000000011
72, 50.00000000000, 1440.26062046160, 16.30539265249, 4.99999987369, 0.00000000000, -0.00000000006, 0.00000000032
73, 50.00000000000, 1453.38795847982, 38.26149783576, 4.99999987369, 0.00000000000, 0.00000000075, -0.00000000218
74, 50.00000000000, 1465.14112076781, 14.83953837515, 4.99999987369, 0.00000000000, -0.00000000079, 0.00000000190
75, 50.00000000000, 1489.97701557328, 19.47007164103, 4.99999987369, 0.00000000000, 0.00000000004, -0.00000000002
76, 50.00000000000, 1515.24274509845, 20.55300287410, 4.99999987369, 0.00000000000, 0.00000000014, -0.00000000007
77, 50.00000000000, 1540.23989257106, 16.28246258675, 4.99999987369, 0.00000000000, -0.00000000019, 0.00000000007
78, 50.00000000000, 1565.29159311645, 19.19324396568, 4.99999987369, 0.00000000000, -0.00000000086, -0.00000000090
79, 50.00000000000, 1580.66054971832, 37.87594703212, 4.99999987369, 0.00000000000, 0.00000000073, 0.00000000089
