0, 50.00000000000, 20.39374345152, 23.93796729609, 4.99999987369, 0.00000000000, 0.00000000000, 0.00000000000
1, 50.00000000000, 45.38598387928, 24.94915772270, 4.99999987369, 0.00000000000, 0.00000000002, 0.00000000000
2, 50.00000000000, 70.44372058262, 26.25635338638, 4.99999987369, 0.00000000000, -0.00000000036, 0.00000000009
3, 50.00000000000, 93.24880537989, 17.23753160704, 4.99999987369, 0.00000000000, 0.00000000030, -0.00000000248
4, 50.00000000000, 90.70296338315, 40.93996198403, 4.99999987369, 0.00000000000, 0.00000000009, 0.00000000211
5, 50.00000000000, 113.93035859102, 30.58197364130, 4.99999987369, 0.00000000000, 0.00000000111, 0.00000000011
6, 50.00000000000, 139.47473133424, 26.99802113184, 4.99999987369, 0.00000000000, 0.00000000073, -0.00000000105
7, 50.00000000000, 161.54731664860, 12.81813253852, 4.99999987369, 0.00000000000, -0.00000000042, 0.00000000206
8, 50.00000000000, 184.07621707950, 25.80711033826, 4.99999987369, 0.00000000000, 0.00000000039, 0.00000000057
9, 50.00000000000, 205.44826918488, 40.71090386117, 4.99999987369, 0.00000000000, -0.00000000066, -0.00000000160
10, 50.00000000000, 206.64082372125, 15.26500774355, 4.99999987369, 0.00000000000, 0.00000000064, 0.00000000104
11, 50.00000000000, 228.06753363674, 29.09117524290, 4.99999987369, 0.00000000000, 0.00000000033, 0.00000000119
12, 50.00000000000, 227.12800524167, 54.93030207479, 4.99999987369, 0.00000000000, -0.00000000102, -0.00000000116
13, 50.00000000000, 249.44052943700, 44.31846946031, 4.99999987369, 0.00000000000, -0.00000000059, -0.00000000097
14, 50.00000000000, 274.72373315150, 40.56149669921, 4.99999987369, 0.00000000000, -0.00000000012, 0.00000000008
15, 50.00000000000, 300.19995757648, 40.06057602575, 4.99999987369, 0.00000000000, 0.00000000157, -0.00000000161
16, 50.00000000000, 320.77998530322, 23.80250474419, 4.99999987369, 0.00000000000, -0.00000000159, 0.00000000163
17, 50.00000000000, 346.22233685461, 24.71810543086, 4.99999987369, 0.00000000000, -0.00000000043, -0.00000000002
18, 50.00000000000, 370.43343448414, 31.13434295168, 4.99999987369, 0.00000000000, 0.00000000010, -0.00000000002
19, 50.00000000000, 395.10225374671, 25.40496173965, 4.99999987369, 0.00000000000, 0.00000000065, -0.00000000021
20, 50.00000000000, 419.57841114199, 18.11661132192, 4.99999987369, 0.00000000000, 0.00000000016, 0.00000000083
21, 50.00000000000, 441.18249741320, 32.31153144338, 4.99999987369, 0.00000000000, -0.00000000167, 0.00000000224
22, 50.00000000000, 466.62022082953, 37.66814532503, 4.99999987369, 0.00000000000, 0.00000000103, 0.00000000063
23, 50.00000000000, 458.13799543306, 16.06202546778, 4.99999987369, 0.00000000000, 0.00000000036, -0.00000000564
24, 50.00000000000, 482.41204408489, 16.74534404153, 4.99999987369, 0.00000000000, -0.00000000012, 0.00000000234
25, 50.00000000000, 506.57151901498, 25.10671244974, 4.99999987369, 0.00000000000, -0.00000000053, -0.00000000017
26, 50.00000000000, 531.36991233534, 22.59692994526, 4.99999987369, 0.00000000000, 0.00000000000, -0.00000000000
27, 50.00000000000, 556.21909202067, 24.28138467398, 4.99999987369, 0.00000000000, 0.00000000003, 0.00000000000
28, 50.00000000000, 580.91214911892, 28.80405247746, 4.99999987369, 0.00000000000, 0.00000000049, 0.00000000050
29, 50.00000000000, 604.84346765630, 21.68941957858, 4.99999987369, 0.00000000000, 0.00000000058, 0.00000000211
30, 50.00000000000, 599.02102891451, 47.14407159084, 4.99999987369, 0.00000000000, -0.00000000039, -0.00000000168
31, 50.00000000000, 622.82523965582, 40.21529925045, 4.99999987369, 0.00000000000, -0.00000000069, -0.00000000093
32, 50.00000000000, 647.81476908741, 39.56820315596, 4.99999987369, 0.00000000000, -0.00000000110, 0.00000000047
33, 50.00000000000, 670.08228983700, 30.06013391034, 4.99999987369, 0.00000000000, -0.00000000019, -0.00000000178
34, 50.00000000000, 690.48733588900, 42.48963063384, 4.99999987369, 0.00000000000, -0.00000000018, 0.00000000242
35, 50.00000000000, 692.60996117650, 17.91790827534, 4.99999987369, 0.00000000000, 0.00000000025, 0.00000000012
36, 50.00000000000, 712.80230836402, 33.67856690042, 4.99999987369, 0.00000000000, 0.00000000064, -0.00000000105
37, 50.00000000000, 736.07117705696, 26.17599245214, 4.99999987369, 0.00000000000, 0.00000000037, -0.00000000023
38, 50.00000000000, 760.04477742854, 32.22967356525, 4.99999987369, 0.00000000000, 0.00000000051, -0.00000000002
39, 50.00000000000, 784.82872652405, 26.64955902626, 4.99999987369, 0.00000000000, 0.00000000054, 0.00000000043
40, 50.00000000000, 808.47729775643, 36.75665061121, 4.99999987369, 0.00000000000, -0.00000000084, -0.00000000036
41, 50.00000000000, 833.34362541371, 39.93563925778, 4.99999987369, 0.00000000000, -0.00000000001, -0.00000000000
42, 50.00000000000, 857.92757719687, 35.14711881082, 4.99999987369, 0.00000000000, 0.00000000004, -0.00000000001
43, 50.00000000000, 882.46244622487, 29.92903206079, 4.99999987369, 0.00000000000, -0.00000000001, 0.00000000007
44, 50.00000000000, 894.49475038721, 51.94943351629, 4.99999987369, 0.00000000000, 0.00000000018, -0.00000000043
45, 50.00000000000, 907.40687361366, 29.83079958760, 4.99999987369, 0.00000000000, 0.00000000001, 0.00000000036
46, 50.00000000000, 932.70084745562, 29.01115791960, 4.99999987369, 0.00000000000, -0.00000000011, 0.00000000000
47, 50.00000000000, 957.87452728065, 27.49301183944, 4.99999987369, 0.00000000000, -0.00000000038, 0.00000000089
48, 50.00000000000, 979.38225735724, 16.23642046025, 4.99999987369, 0.00000000000, -0.00000000074, -0.00000000399
49, 50.00000000000, 980.34295338298, 39.56676779940, 4.99999987369, 0.00000000000, 0.00000000116, 0.00000000129
50, 50.00000000000, 1001.80379924808, 24.82490290475, 4.99999987369, 0.00000000000, 0.00000000057, 0.00000000193
51, 50.00000000000, 1027.10234615253, 28.53084528812, 4.99999987369, 0.00000000000, -0.00000000016, -0.00000000024
52, 50.00000000000, 1051.97798494613, 22.71381599700, 4.99999987369, 0.00000000000, -0.00000000013, 0.00000000026
53, 50.00000000000, 1062.23541322481, 45.81221391324, 4.99999987369, 0.00000000000, 0.00000000001, -0.00000000014
54, 50.00000000000, 1077.25900639496, 25.58097660192, 4.99999987369, 0.00000000000, 0.00000000002, -0.00000000015
55, 50.00000000000, 1101.29281815871, 17.22893214819, 4.99999987369, 0.00000000000, -0.00000000000, 0.00000000025
56, 50.00000000000, 1126.27732537430, 22.15174412058, 4.99999987369, 0.00000000000, 0.00000000054, 0.00000000071
57, 50.00000000000, 1136.36863704695, 45.84705876608, 4.99999987369, 0.00000000000, -0.00000000046, -0.00000000047
58, 50.00000000000, 1151.54291305056, 26.44141618770, 4.99999987369, 0.00000000000, 0.00000000084, -0.00000000068
59, 50.00000000000, 1176.61050485767, 19.99069166966, 4.99999987369, 0.00000000000, 0.00000000060, 0.00000000126
60, 50.00000000000, 1200.42187597888, 30.88513320559, 4.99999987369, 0.00000000000, -0.00000000151, -0.00000000092
61, 50.00000000000, 1225.86883891786, 29.40183310284, 4.99999987369, 0.00000000000, -0.00000000023, 0.00000000014
62, 50.00000000000, 1245.92729221022, 44.89201452988, 4.99999987369, 0.00000000000, -0.00000000017, 0.00000000000
63, 50.00000000000, 1249.34910378621, 20.42597399704, 4.99999987369, 0.00000000000, 0.00000000008, -0.00000000004
64, 50.00000000000, 1269.35077557264, 35.79272022062, 4.99999987369, 0.00000000000, 0.00000000068, -0.00000000009
65, 50.00000000000, 1294.99945348748, 35.98838930811, 4.99999987369, 0.00000000000, 0.00000000018, -0.00000000010
66, 50.00000000000, 1320.58788693472, 33.05502284195, 4.99999987369, 0.00000000000, 0.00000000009, -0.00000000016
67, 50.00000000000, 1345.61801916179, 26.86092409458, 4.99999987369, 0.00000000000, 0.00000000027, 0.00000000056
68, 50.00000000000, 1370.94636977243, 32.15610911027, 4.99999987369, 0.00000000000, 0.00000000159, 0.00000000049
69, 50.00000000000, 1396.58444774229, 39.16659535117, 4.99999987369, 0.00000000000, 0.00000000018, -0.00000000264
70, 50.00000000000, 1411.80838345589, 17.46916662192, 4.99999987369, 0.00000000000, -0.00000000178, 0.00000000018
71, 50.00000000000, 1422.62720017827, 39.05246473991, 4.99999987369, 0.00000000000, 0.00000000004, -0.00000000048
72, 50.00000000000, 1437.24542359350, 16.97228648024, 4.99999987369, 0.00000000000, -0.00000000031, 0.00000000233
73, 50.00000000000, 1447.14084592159, 39.75793923641, 4.99999987369, 0.00000000000, -0.00000000115, 0.00000000201
74, 50.00000000000, 1462.75281773357, 22.12055740031, 4.99999987369, 0.00000000000, 0.00000000039, -0.00000000216
75, 50.00000000000, 1488.09537976285, 23.32607890068, 4.99999987369, 0.00000000000, -0.00000000038, -0.00000000001
76, 50.00000000000, 1512.90921040526, 22.66514253449, 4.99999987369, 0.00000000000, -0.00000000015, 0.00000000009
77, 50.00000000000, 1535.59128403504, 13.05499416314, 4.99999987369, 0.00000000000, 0.00000000006, -0.00000000014
78, 50.00000000000, 1559.28819194540, 20.31711947179, 4.99999987369, 0.00000000000, -0.00000000011, -0.00000000009
79, 50.00000000000, 1581.05286553578, 31.60377081855, 4.99999987369, 0.00000000000, 0.00000000027, 0.00000000014
