0, 50.00000000000, 20.39610321677, 24.71208069530, 4.99999987369, 0.00000000000, 0.00000000001, -0.00000000000
1, 50.00000000000, 45.40427337120, 23.12993382006, 4.99999987369, 0.00000000000, 0.00000000011, 0.00000000001
2, 50.00000000000, 70.47757489858, 26.13652813289, 4.99999987369, 0.00000000000, 0.00000000075, 0.00000000108
3, 50.00000000000, 93.13703042274, 16.70127891581, 4.99999987369, 0.00000000000, -0.00000000064, -0.00000000034
4, 50.00000000000, 91.01981085466, 41.99767880300, 4.99999987369, 0.00000000000, 0.00000000110, -0.00000000261
5, 50.00000000000, 113.96212834433, 28.87520594815, 4.99999987369, 0.00000000000, -0.00000000058, 0.00000000181
6, 50.00000000000, 139.51061160784, 27.11208124684, 4.99999987369, 0.00000000000, -0.00000000045, -0.00000000012
7, 50.00000000000, 161.39574880592, 14.16050862789, 4.99999987369, 0.00000000000, -0.00000000021, 0.00000000021
8, 50.00000000000, 184.36279726075, 24.44543451876, 4.99999987369, 0.00000000000, 0.00000000141, 0.00000000156
9, 50.00000000000, 205.57636685139, 40.24584318822, 4.99999987369, 0.00000000000, -0.00000000004, 0.00000000023
10, 50.00000000000, 207.04397341532, 15.35176603687, 4.99999987369, 0.00000000000, 0.00000000105, 0.00000000016
11, 50.00000000000, 228.12236002478, 29.76127531372, 4.99999987369, 0.00000000000, 0.00000000042, 0.00000000268
12, 50.00000000000, 226.48974660244, 56.08766401412, 4.99999987369, 0.00000000000, -0.00000000145, -0.00000000413
13, 50.00000000000, 249.27990260196, 44.64479603582, 4.99999987369, 0.00000000000, -0.00000000054, -0.00000000068
14, 50.00000000000, 274.65246935674, 40.70527903874, 4.99999987369, 0.00000000000, -0.00000000049, 0.00000000012
15, 50.00000000000, 300.03751995969, 38.94122299562, 4.99999987369, 0.00000000000, -0.00000000059, 0.00000000014
16, 50.00000000000, 320.87025465009, 25.35083509089, 4.99999987369, 0.00000000000, 0.00000000030, -0.00000000010
17, 50.00000000000, 346.11590336835, 25.07494955161, 4.99999987369, 0.00000000000, -0.00000000013, 0.00000000000
18, 50.00000000000, 370.53567085891, 30.62695324757, 4.99999987369, 0.00000000000, 0.00000000001, -0.00000000000
19, 50.00000000000, 395.22236743081, 26.63577424065, 4.99999987369, 0.00000000000, 0.00000000029, -0.00000000008
20, 50.00000000000, 419.72008341536, 19.80196300856, 4.99999987369, 0.00000000000, -0.00000000034, 0.00000000006
21, 50.00000000000, 441.12546291651, 32.29087062206, 4.99999987369, 0.00000000000, 0.00000000078, 0.00000000144
22, 50.00000000000, 466.65117267821, 37.18637627303, 4.99999987369, 0.00000000000, -0.00000000058, 0.00000000059
23, 50.00000000000, 457.99847802599, 15.15590715909, 4.99999987369, 0.00000000000, -0.00000000018, -0.00000000276
24, 50.00000000000, 482.38091892716, 16.92636734624, 4.99999987369, 0.00000000000, 0.00000000002, 0.00000000076
25, 50.00000000000, 506.40508282522, 24.00802776242, 4.99999987369, 0.00000000000, 0.00000000000, 0.00000000000
26, 50.00000000000, 531.37925441713, 22.81313954217, 4.99999987369, 0.00000000000, 0.00000000001, 0.00000000000
27, 50.00000000000, 556.19256462506, 26.32953038417, 4.99999987369, 0.00000000000, -0.00000000009, -0.00000000001
28, 50.00000000000, 580.90225506603, 28.42879434058, 4.99999987369, 0.00000000000, -0.00000000065, -0.00000000077
29, 50.00000000000, 605.19223352855, 21.67378869941, 4.99999987369, 0.00000000000, 0.00000000081, -0.00000000126
30, 50.00000000000, 598.84500881484, 45.05795617827, 4.99999987369, 0.00000000000, -0.00000000070, 0.00000000271
31, 50.00000000000, 622.68455129144, 40.38089913633, 4.99999987369, 0.00000000000, 0.00000000061, -0.00000000066
32, 50.00000000000, 647.72181926831, 40.07012638245, 4.99999987369, 0.00000000000, -0.00000000044, 0.00000000021
33, 50.00000000000, 669.90217714528, 29.83328945235, 4.99999987369, 0.00000000000, 0.00000000035, -0.00000000082
34, 50.00000000000, 690.33853790055, 42.98953429103, 4.99999987369, 0.00000000000, -0.00000000048, 0.00000000079
35, 50.00000000000, 692.69529433950, 18.32644344282, 4.99999987369, 0.00000000000, 0.00000000042, 0.00000000094
36, 50.00000000000, 712.90364971393, 34.04780223234, 4.99999987369, 0.00000000000, 0.00000000003, -0.00000000108
37, 50.00000000000, 736.26361593056, 26.09744229655, 4.99999987369, 0.00000000000, 0.00000000013, -0.00000000004
38, 50.00000000000, 760.31977222012, 33.03369343835, 4.99999987369, 0.00000000000, 0.00000000076, -0.00000000021
39, 50.00000000000, 785.05636193051, 26.08532785364, 4.99999987369, 0.00000000000, 0.00000000011, 0.00000000065
40, 50.00000000000, 808.03054270507, 38.07375173631, 4.99999987369, 0.00000000000, -0.00000000068, -0.00000000043
41, 50.00000000000, 833.31571966667, 38.71605442972, 4.99999987369, 0.00000000000, -0.00000000020, -0.00000000001
42, 50.00000000000, 857.91072084696, 34.37099481263, 4.99999987369, 0.00000000000, -0.00000000032, 0.00000000005
43, 50.00000000000, 882.26600558699, 30.70773519951, 4.99999987369, 0.00000000000, -0.00000000028, -0.00000000103
44, 50.00000000000, 894.94209500512, 51.43721759836, 4.99999987369, 0.00000000000, 0.00000000056, 0.00000000106
45, 50.00000000000, 907.27681275495, 29.91284922981, 4.99999987369, 0.00000000000, 0.00000000039, -0.00000000010
46, 50.00000000000, 932.64256444587, 28.52639376343, 4.99999987369, 0.00000000000, -0.00000000021, 0.00000000002
47, 50.00000000000, 957.89585824929, 28.82714657286, 4.99999987369, 0.00000000000, 0.00000000040, -0.00000000039
48, 50.00000000000, 979.25599355678, 14.70475202596, 4.99999987369, 0.00000000000, -0.00000000066, -0.00000000017
49, 50.00000000000, 980.50234092613, 39.25913609223, 4.99999987369, 0.00000000000, 0.00000000073, 0.00000000008
50, 50.00000000000, 1001.84689769817, 25.04075287090, 4.99999987369, 0.00000000000, -0.00000000026, 0.00000000052
51, 50.00000000000, 1027.05317134816, 28.19328773136, 4.99999987369, 0.00000000000, -0.00000000034, -0.00000000004
52, 50.00000000000, 1051.80030273827, 24.56009314848, 4.99999987369, 0.00000000000, -0.00000000091, -0.00000000245
53, 50.00000000000, 1062.45782751268, 46.03421051754, 4.99999987369, 0.00000000000, 0.00000000142, 0.00000000221
54, 50.00000000000, 1077.20045968709, 24.92390391163, 4.99999987369, 0.00000000000, -0.00000000047, 0.00000000023
55, 50.00000000000, 1101.33284838061, 17.90115504170, 4.99999987369, 0.00000000000, 0.00000000020, 0.00000000004
56, 50.00000000000, 1126.53991791710, 20.68620624338, 4.99999987369, 0.00000000000, 0.00000000096, 0.00000000099
57, 50.00000000000, 1136.16247884667, 44.37139997010, 4.99999987369, 0.00000000000, -0.00000000137, 0.00000000040
58, 50.00000000000, 1151.64114618867, 25.84804429767, 4.99999987369, 0.00000000000, 0.00000000049, -0.00000000147
59, 50.00000000000, 1176.75820385612, 22.48446749604, 4.99999987369, 0.00000000000, -0.00000000013, 0.00000000013
60, 50.00000000000, 1200.21277091334, 31.68407860564, 4.99999987369, 0.00000000000, 0.00000000038, -0.00000000010
61, 50.00000000000, 1225.73323073160, 30.75694802278, 4.99999987369, 0.00000000000, -0.00000000044, -0.00000000106
62, 50.00000000000, 1245.95326330322, 44.21445966339, 4.99999987369, 0.00000000000, -0.00000000033, 0.00000000316
63, 50.00000000000, 1249.46013977617, 20.81755408321, 4.99999987369, 0.00000000000, 0.00000000128, -0.00000000009
64, 50.00000000000, 1269.42198396059, 37.93505769371, 4.99999987369, 0.00000000000, -0.00000000010, -0.00000000207
65, 50.00000000000, 1295.07806153083, 35.95636618957, 4.99999987369, 0.00000000000, 0.00000000046, -0.00000000019
66, 50.00000000000, 1320.56946593653, 31.24267199768, 4.99999987369, 0.00000000000, -0.00000000030, 0.00000000003
67, 50.00000000000, 1345.84872973514, 26.02883505349, 4.99999987369, 0.00000000000, 0.00000000114, 0.00000000078
68, 50.00000000000, 1371.40904923998, 31.88856943969, 4.99999987369, 0.00000000000, 0.00000000030, 0.00000000027
69, 50.00000000000, 1396.61436242380, 39.84730230377, 4.99999987369, 0.00000000000, -0.00000000027, -0.00000000173
70, 50.00000000000, 1411.14823515008, 18.69149046179, 4.99999987369, 0.00000000000, -0.00000000070, -0.00000000212
71, 50.00000000000, 1422.61963161193, 39.00051333272, 4.99999987369, 0.00000000000, -0.00000000003, 0.00000000197
72, 50.00000000000, 1437.07622568070, 17.47964357243, 4.99999987369, 0.00000000000, -0.00000000080, 0.00000000086
73, 50.00000000000, 1447.03965774891, 39.92686119547, 4.99999987369, 0.00000000000, -0.00000000003, 0.00000000146
74, 50.00000000000, 1462.74007282231, 21.62133378018, 4.99999987369, 0.00000000000, -0.00000000048, -0.00000000122
75, 50.00000000000, 1487.97486348173, 24.30852216409, 4.99999987369, 0.00000000000, -0.00000000034, -0.00000000002
76, 50.00000000000, 1512.69714825873, 21.93609345423, 4.99999987369, 0.00000000000, -0.00000000050, 0.00000000019
77, 50.00000000000, 1535.73148194862, 13.68676473448, 4.99999987369, 0.00000000000, 0.00000000033, -0.00000000027
78, 50.00000000000, 1559.26866739578, 21.17590265297, 4.99999987369, 0.00000000000, 0.00000000014, 0.00000000003
79, 50.00000000000, 1581.15533785542, 32.65752984959, 4.99999987369, 0.00000000000, 0.00000000009, 0.00000000005
