0, 50.00000000000, 29.45680311170, 50.00000000000, 4.12500003222, 0.00000000000, 0.00000000029, 0.00000000000
1, 50.00000000000, 50.45374111302, 50.00000000000, 4.12500003222, 0.00000000000, 0.00000000025, 0.00000000000
2, 50.00000000000, 71.59648704020, 50.00000000000, 4.12500003222, 0.00000000000, 0.00000000019, 0.00000000000
3, 50.00000000000, 92.83368403126, 50.00000000000, 4.12500003222, 0.00000000000, 0.00000000012, 0.00000000000
4, 50.00000000000, 114.12598149757, 50.00000000000, 4.12500003222, 0.00000000000, 0.00000000004, 0.00000000000
5, 50.00000000000, 135.43652045161, 50.00000000000, 4.12500003222, 0.00000000000, -0.00000000004, 0.00000000000
6, 50.00000000000, 156.72881791793, 50.00000000000, 4.12500003222, 0.00000000000, -0.00000000012, 0.00000000000
7, 50.00000000000, 177.96601490898, 50.00000000000, 4.12500003222, 0.00000000000, -0.00000000019, 0.00000000000
8, 50.00000000000, 199.10876083617, 50.00000000000, 4.12500003222, 0.00000000000, -0.00000000025, 0.00000000000
9, 50.00000000000, 220.10569883749, 50.00000000000, 4.12500003222, 0.00000000000, -0.00000000029, 0.00000000000
