0, 50.00000000000, 24.05062850377, 50.00000000000, 4.12500003222, 0.00000000000, 0.00000000158, 0.00000000000
1, 50.00000000000, 45.63665221093, 50.00000000000, 4.12500003222, 0.00000000000, 0.00000000143, 0.00000000000
2, 50.00000000000, 67.76935376661, 50.00000000000, 4.12500003222, 0.00000000000, 0.00000000116, 0.00000000000
3, 50.00000000000, 90.36297780586, 50.00000000000, 4.12500003222, 0.00000000000, 0.00000000076, 0.00000000000
4, 50.00000000000, 113.27130849156, 50.00000000000, 4.12500003222, 0.00000000000, 0.00000000026, 0.00000000000
5, 50.00000000000, 136.29119345763, 50.00000000000, 4.12500003222, 0.00000000000, -0.00000000026, 0.00000000000
6, 50.00000000000, 159.19952414333, 50.00000000000, 4.12500003222, 0.00000000000, -0.00000000076, 0.00000000000
7, 50.00000000000, 181.79314818258, 50.00000000000, 4.12500003222, 0.00000000000, -0.00000000116, 0.00000000000
8, 50.00000000000, 203.92584973826, 50.00000000000, 4.12500003222, 0.00000000000, -0.00000000143, 0.00000000000
9, 50.00000000000, 225.51187344541, 50.00000000000, 4.12500003222, 0.00000000000, -0.00000000158, 0.00000000000
