0, 50.00000000000, 15.80370646606, 17.47344970830, 4.12500003222, 0.00000000000, 0.00000000094, -0.00000000508
1, 50.00000000000, 26.51668502076, 4.34959268863, 4.12500003222, 0.00000000000, 0.00000000157, 0.00000000780
2, 50.00000000000, 38.58814415985, 6.45095122007, 4.12500003222, 0.00000000000, 0.00000000086, 0.00000000238
3, 50.00000000000, 52.07718268762, 9.31331278697, 4.12500003222, 0.00000000000, -0.00000000273, -0.00000000683
4, 50.00000000000, 60.75117190100, 14.34632886675, 4.12500003222, 0.00000000000, -0.00000000036, 0.00000000356
5, 50.00000000000, 80.94348451462, 20.46269056091, 4.12500003222, 0.00000000000, -0.00000000074, 0.00000000238
6, 50.00000000000, 85.07071863622, 41.41761978628, 4.12500003222, 0.00000000000, 0.00000000192, 0.00000000779
7, 50.00000000000, 94.70160907563, 13.35322801140, 4.12500003222, 0.00000000000, -0.00000000112, 0.00000000153
8, 50.00000000000, 116.67898274370, 3.73512991676, 4.12500003222, 0.00000000000, 0.00000000053, 0.00000000087
9, 50.00000000000, 129.44051591932, 24.99721618826, 4.12500003222, 0.00000000000, -0.00000000134, -0.00000000508
10, 50.00000000000, 138.85102128416, 6.94827117149, 4.12500003222, 0.00000000000, -0.00000000043, 0.00000000126
11, 50.00000000000, 150.77541442358, 7.25560171495, 4.12500003222, 0.00000000000, -0.00000000018, 0.00000000216
12, 50.00000000000, 161.72176395822, 3.24134610949, 4.12500003222, 0.00000000000, -0.00000000011, 0.00000000189
13, 50.00000000000, 173.64690231201, 10.05230694918, 4.12500003222, 0.00000000000, -0.00000000209, -0.00000000239
14, 50.00000000000, 180.87921719942, 34.93337528242, 4.12500003222, 0.00000000000, 0.00000000100, -0.00000000383
15, 50.00000000000, 197.24956179762, 15.75807108183, 4.12500003222, 0.00000000000, -0.00000000107, -0.00000000002
16, 50.00000000000, 204.71912378185, -30000000.00000000000, 0.00000000000, 0.00000000000, 0.00000009486, 0.03299999918
17, 50.00000000000, 219.09293492740, -30000000.00000000000, 0.00000000000, 0.00000000000, 0.00000008448, 0.03299999918
18, 50.00000000000, 228.78857287060, -30000000.00000000000, 0.00000000000, 0.00000000000, 0.00000001531, 0.03299999918
19, 50.00000000000, 243.31696583898, -30000000.00000000000, 0.00000000000, 0.00000000000, 0.00000002391, 0.03299999918
20, 50.00000000000, 255.43810281775, -30000000.00000000000, 0.00000000000, 0.00000000000, -0.00000000411, 0.03299999918
21, 50.00000000000, 268.50082452287, -30000000.00000000000, 0.00000000000, 0.00000000000, -0.00000004844, 0.03299999918
22, 50.00000000000, 281.57269614084, -30000000.00000000000, 0.00000000000, 0.00000000000, -0.00000007585, 0.03299999918
23, 50.00000000000, 292.26077246215, -30000000.00000000000, 0.00000000000, 0.00000000000, -0.00000005173, 0.03299999918
24, 50.00000000000, 309.76903613850, 23.92621288292, 4.12500003222, 0.00000000000, -0.00000000151, -0.00000000067
25, 50.00000000000, 313.99814093443, -30000000.00000000000, 0.00000000000, 0.00000000000, 0.00000002626, 0.03299999918
26, 50.00000000000, 328.52626138865, -30000000.00000000000, 0.00000000000, 0.00000000000, 0.00000003951, 0.03299999918
27, 50.00000000000, 341.47075905236, 39.17211475152, 4.12500003222, 0.00000000000, 0.00000000066, 0.00000000164
28, 50.00000000000, 354.00748604043, -30000000.00000000000, 0.00000000000, 0.00000000000, 0.00000005919, 0.03299999918
29, 50.00000000000, 364.30591888763, -30000000.00000000000, 0.00000000000, 0.00000000000, 0.00000003861, 0.03299999918
30, 50.00000000000, 376.88758772476, -30000000.00000000000, 0.00000000000, 0.00000000000, -0.00000003531, 0.03299999918
31, 50.00000000000, 391.16405163420, -30000000.00000000000, 0.00000000000, 0.00000000000, -0.00000010932, 0.03299999918
32, 50.00000000000, 393.48385812569, 43.43833483277, 4.12500003222, 0.00000000000, -0.00000000080, 0.00000000072
33, 50.00000000000, 413.12481562178, -30000000.00000000000, 0.00000000000, 0.00000000000, -0.00000003150, 0.03299999918
34, 50.00000000000, 429.73061109473, -30000000.00000000000, 0.00000000000, 0.00000000000, 0.00000007901, 0.03299999918
35, 50.00000000000, 440.52607984046, -30000000.00000000000, 0.00000000000, 0.00000000000, 0.00000001357, 0.03299999918
36, 50.00000000000, 450.32076481376, -30000000.00000000000, 0.00000000000, 0.00000000000, -0.00000000298, 0.03299999918
37, 50.00000000000, 463.26903410759, -30000000.00000000000, 0.00000000000, 0.00000000000, 0.00000006642, 0.03299999918
38, 50.00000000000, 477.03641865617, -30000000.00000000000, 0.00000000000, 0.00000000000, -0.00000000358, 0.03299999918
39, 50.00000000000, 487.56550691550, -30000000.00000000000, 0.00000000000, 0.00000000000, 0.00000002258, 0.03299999918
40, 50.00000000000, 499.55678856819, -30000000.00000000000, 0.00000000000, 0.00000000000, 0.00000002464, 0.03299999918
41, 50.00000000000, 511.50339266680, -30000000.00000000000, 0.00000000000, 0.00000000000, -0.00000002612, 0.03299999918
42, 50.00000000000, 524.06660895846, -30000000.00000000000, 0.00000000000, 0.00000000000, -0.00000000508, 0.03299999918
43, 50.00000000000, 536.44820816830, -30000000.00000000000, 0.00000000000, 0.00000000000, -0.00000001329, 0.03299999918
44, 50.00000000000, 548.14200413581, -30000000.00000000000, 0.00000000000, 0.00000000000, 0.00000004802, 0.03299999918
45, 50.00000000000, 562.70861215722, -30000000.00000000000, 0.00000000000, 0.00000000000, -0.00000004293, 0.03299999918
46, 50.00000000000, 573.53321546941, -30000000.00000000000, 0.00000000000, 0.00000000000, -0.00000000045, 0.03299999918
47, 50.00000000000, 588.29353250769, -30000000.00000000000, 0.00000000000, 0.00000000000, -0.00000003924, 0.03299999918
48, 50.00000000000, 598.51360032447, -30000000.00000000000, 0.00000000000, 0.00000000000, -0.00000005010, 0.03299999918
49, 50.00000000000, 609.19957687096, -30000000.00000000000, 0.00000000000, 0.00000000000, -0.00000001859, 0.03299999918
50, 50.00000000000, 622.44598677824, -30000000.00000000000, 0.00000000000, 0.00000000000, -0.00000000291, 0.03299999918
51, 50.00000000000, 635.07846026535, -30000000.00000000000, 0.00000000000, 0.00000000000, -0.00000000688, 0.03299999918
52, 50.00000000000, 646.17931004209, -30000000.00000000000, 0.00000000000, 0.00000000000, 0.00000000383, 0.03299999918
53, 50.00000000000, 659.28494913315, -30000000.00000000000, 0.00000000000, 0.00000000000, 0.00000004070, 0.03299999918
54, 50.00000000000, 671.43636962384, -30000000.00000000000, 0.00000000000, 0.00000000000, 0.00000005143, 0.03299999918
55, 50.00000000000, 685.30607442787, -30000000.00000000000, 0.00000000000, 0.00000000000, 0.00000001398, 0.03299999918
56, 50.00000000000, 696.60558905238, -30000000.00000000000, 0.00000000000, 0.00000000000, -0.00000001614, 0.03299999918
57, 50.00000000000, 709.08250826185, -30000000.00000000000, 0.00000000000, 0.00000000000, 0.00000001885, 0.03299999918
58, 50.00000000000, 719.03309055089, -30000000.00000000000, 0.00000000000, 0.00000000000, -0.00000006950, 0.03299999918
59, 50.00000000000, 734.11893149716, -30000000.00000000000, 0.00000000000, 0.00000000000, -0.00000004912, 0.03299999918
60, 50.00000000000, 739.70920399778, 19.84697509574, 4.12500003222, 0.00000000000, 0.00000000185, -0.00000000125
61, 50.00000000000, 755.38050452192, -30000000.00000000000, 0.00000000000, 0.00000000000, 0.00000002911, 0.03299999918
62, 50.00000000000, 768.52187005603, -30000000.00000000000, 0.00000000000, 0.00000000000, 0.00000010234, 0.03299999918
63, 50.00000000000, 780.90728870410, -30000000.00000000000, 0.00000000000, 0.00000000000, -0.00000006450, 0.03299999918
64, 50.00000000000, 796.03674497219, -30000000.00000000000, 0.00000000000, 0.00000000000, -0.00000014219, 0.03299999918
65, 50.00000000000, 802.69709811151, 14.49570446401, 4.12500003222, 0.00000000000, -0.00000000132, 0.00000000061
66, 50.00000000000, 815.42201211524, 15.84553200071, 4.12500003222, 0.00000000000, 0.00000000017, -0.00000000159
67, 50.00000000000, 829.40494792097, 17.23747064653, 4.12500003222, 0.00000000000, 0.00000000172, 0.00000000562
68, 50.00000000000, 841.75001771079, 16.84254070368, 4.12500003222, 0.00000000000, 0.00000000114, -0.00000000315
69, 50.00000000000, 849.36195879509, 4.45282253811, 4.12500003222, 0.00000000000, -0.00000000083, 0.00000000021
70, 50.00000000000, 866.13473750684, 19.05006429917, 4.12500003222, 0.00000000000, -0.00000000079, -0.00000000012
71, 50.00000000000, 876.43872641430, 28.68980569498, 4.12500003222, 0.00000000000, -0.00000000181, -0.00000001024
72, 50.00000000000, 886.88280054575, 15.74229786514, 4.12500003222, 0.00000000000, -0.00000000070, 0.00000000323
73, 50.00000000000, 897.66172945169, 39.51908773789, 4.12500003222, 0.00000000000, -0.00000000013, 0.00000000025
74, 50.00000000000, 921.31825191568, 16.91767260912, 4.12500003222, 0.00000000000, 0.00000000145, 0.00000000362
75, 50.00000000000, 924.28782466625, 37.50151568519, 4.12500003222, 0.00000000000, -0.00000000281, 0.00000000173
76, 50.00000000000, 935.10903481518, 14.20720724737, 4.12500003222, 0.00000000000, -0.00000000094, -0.00000000146
77, 50.00000000000, 948.90840574998, 5.89045929664, 4.12500003222, 0.00000000000, -0.00000000063, -0.00000000512
78, 50.00000000000, 959.89384460498, 4.43316181585, 4.12500003222, 0.00000000000, -0.00000000025, -0.00000000136
79, 50.00000000000, 957.62553422084, 28.25315241171, 4.12500003222, 0.00000000000, 0.00000000123, 0.00000000173
80, 50.00000000000, 12.97766469827, 4.25597529858, 4.12500003222, 0.00000000000, -0.00000000079, 0.00000000090
81, 50.00000000000, 31.61163701549, 31.30688294887, 4.12500003222, 0.00000000000, -0.00000000110, -0.00000000283
82, 50.00000000000, 36.06303549593, 40.71403977678, 4.12500003222, 0.00000000000, 0.00000000027, 0.00000000596
83, 50.00000000000, 46.27588436087, 19.02359188714, 4.12500003222, 0.00000000000, 0.00000000028, -0.00000000582
84, 50.00000000000, 71.43660679544, 35.48307283841, 4.12500003222, 0.00000000000, -0.00000000106, 0.00000000358
85, 50.00000000000, 70.11556604742, 23.09424018848, 4.12500003222, 0.00000000000, -0.00000000016, 0.00000000381
86, 50.00000000000, 84.24614306146, 7.21094227751, 4.12500003222, 0.00000000000, -0.00000000120, 0.00000000097
87, 50.00000000000, 97.62879513729, 3.16043791148, 4.12500003222, 0.00000000000, 0.00000000085, -0.00000000511
88, 50.00000000000, 117.36010837760, 19.95493165658, 4.12500003222, 0.00000000000, 0.00000000068, -0.00000000721
89, 50.00000000000, 114.92875290285, 29.88651610289, 4.12500003222, 0.00000000000, 0.00000000038, -0.00000000537
90, 50.00000000000, 127.12822207217, 10.39180884971, 4.12500003222, 0.00000000000, -0.00000000033, 0.00000000298
91, 50.00000000000, 151.47522585787, 18.35083253073, 4.12500003222, 0.00000000000, 0.00000000109, 0.00000000401
92, 50.00000000000, 162.73641794297, 17.38313196362, 4.12500003222, 0.00000000000, 0.00000000021, 0.00000000172
93, 50.00000000000, 175.47309955617, 19.60648062511, 4.12500003222, 0.00000000000, 0.00000000121, -0.00000000053
94, 50.00000000000, 185.32417717736, 8.06945317297, 4.12500003222, 0.00000000000, -0.00000000148, 0.00000000288
95, 50.00000000000, 188.50097609047, 39.97820296303, 4.12500003222, 0.00000000000, 0.00000000203, 0.00000000016
96, 50.00000000000, 206.94617872605, -30000000.00000000000, 0.00000000000, 0.00000000000, 0.00000007650, 0.03299999918
97, 50.00000000000, 218.70370320720, -30000000.00000000000, 0.00000000000, 0.00000000000, 0.00000009006, 0.03299999918
98, 50.00000000000, 230.30830145449, -30000000.00000000000, 0.00000000000, 0.00000000000, -0.00000001429, 0.03299999918
99, 50.00000000000, 242.93042466051, -30000000.00000000000, 0.00000000000, 0.00000000000, 0.00000003087, 0.03299999918
100, 50.00000000000, 253.89683729964, -30000000.00000000000, 0.00000000000, 0.00000000000, 0.00000002423, 0.03299999918
101, 50.00000000000, 264.42375895467, -30000000.00000000000, 0.00000000000, 0.00000000000, 0.00000002752, 0.03299999918
102, 50.00000000000, 278.97678019251, -30000000.00000000000, 0.00000000000, 0.00000000000, -0.00000003711, 0.03299999918
103, 50.00000000000, 291.69060666394, -30000000.00000000000, 0.00000000000, 0.00000000000, -0.00000004257, 0.03299999918
104, 50.00000000000, 303.68448589982, -30000000.00000000000, 0.00000000000, 0.00000000000, -0.00000002665, 0.03299999918
105, 50.00000000000, 317.46338732642, -30000000.00000000000, 0.00000000000, 0.00000000000, 0.00000002010, 0.03299999918
106, 50.00000000000, 335.97238377173, 24.53334041791, 4.12500003222, 0.00000000000, -0.00000000062, 0.00000000049
107, 50.00000000000, 340.91082339979, -30000000.00000000000, 0.00000000000, 0.00000000000, 0.00000004020, 0.03299999918
108, 50.00000000000, 346.42593089534, 53.33510566369, 4.12500003222, 0.00000000000, 0.00000000131, -0.00000000540
109, 50.00000000000, 367.69584673250, 39.82855988374, 4.12500003222, 0.00000000000, 0.00000000016, -0.00000000176
110, 50.00000000000, 379.76014018530, -30000000.00000000000, 0.00000000000, 0.00000000000, -0.00000003562, 0.03299999918
111, 50.00000000000, 389.84297862288, -30000000.00000000000, 0.00000000000, 0.00000000000, -0.00000008950, 0.03299999918
112, 50.00000000000, 400.63827725062, 33.67319587921, 4.12500003222, 0.00000000000, -0.00000000043, -0.00000000537
113, 50.00000000000, 413.39254968726, 28.01394002664, 4.12500003222, 0.00000000000, 0.00000000022, 0.00000000112
114, 50.00000000000, 418.27904335592, 44.34379925498, 4.12500003222, 0.00000000000, -0.00000000075, 0.00000000165
115, 50.00000000000, 438.65226176775, 34.29888188574, 4.12500003222, 0.00000000000, -0.00000000020, -0.00000000746
116, 50.00000000000, 452.00121343102, 52.53626982487, 4.12500003222, 0.00000000000, -0.00000000038, 0.00000000195
117, 50.00000000000, 464.55964283995, -30000000.00000000000, 0.00000000000, 0.00000000000, 0.00000004526, 0.03299999918
118, 50.00000000000, 475.33358816619, -30000000.00000000000, 0.00000000000, 0.00000000000, 0.00000003258, 0.03299999918
119, 50.00000000000, 488.06265798008, -30000000.00000000000, 0.00000000000, 0.00000000000, 0.00000001403, 0.03299999918
120, 50.00000000000, 499.75394785896, -30000000.00000000000, 0.00000000000, 0.00000000000, 0.00000002078, 0.03299999918
121, 50.00000000000, 512.77654479015, -30000000.00000000000, 0.00000000000, 0.00000000000, -0.00000001021, 0.03299999918
122, 50.00000000000, 518.68554665516, -30000000.00000000000, 0.00000000000, 0.00000000000, 0.00000000735, 0.03299999918
123, 50.00000000000, 540.40000994783, -30000000.00000000000, 0.00000000000, 0.00000000000, -0.00000004052, 0.03299999918
124, 50.00000000000, 550.38274235761, -30000000.00000000000, 0.00000000000, 0.00000000000, 0.00000000514, 0.03299999918
125, 50.00000000000, 558.87140646818, 41.86710313764, 4.12500003222, 0.00000000000, -0.00000000146, -0.00000000398
126, 50.00000000000, 573.85806850424, -30000000.00000000000, 0.00000000000, 0.00000000000, -0.00000000550, 0.03299999918
127, 50.00000000000, 581.65587366688, 26.05192331544, 4.12500003222, 0.00000000000, 0.00000000064, 0.00000000317
128, 50.00000000000, 595.86111063732, 46.37032074069, 4.12500003222, 0.00000000000, 0.00000000052, -0.00000000273
129, 50.00000000000, 619.60970359819, 31.39251249487, 4.12500003222, 0.00000000000, 0.00000000070, -0.00000000194
130, 50.00000000000, 622.29399348533, -30000000.00000000000, 0.00000000000, 0.00000000000, -0.00000000100, 0.03299999918
131, 50.00000000000, 632.49596299131, 24.82759920108, 4.12500003222, 0.00000000000, -0.00000000060, 0.00000000301
132, 50.00000000000, 647.40977091523, -30000000.00000000000, 0.00000000000, 0.00000000000, -0.00000001145, 0.03299999918
133, 50.00000000000, 658.95568337195, 31.65585683560, 4.12500003222, 0.00000000000, 0.00000000141, -0.00000000543
134, 50.00000000000, 668.84537742025, -30000000.00000000000, 0.00000000000, 0.00000000000, 0.00000009594, 0.03299999918
135, 50.00000000000, 684.17788286773, 32.28190505886, 4.12500003222, 0.00000000000, -0.00000000180, -0.00000000140
136, 50.00000000000, 696.70151116269, -30000000.00000000000, 0.00000000000, 0.00000000000, -0.00000001758, 0.03299999918
137, 50.00000000000, 709.85241741351, 54.04915546602, 4.12500003222, 0.00000000000, -0.00000000017, 0.00000000442
138, 50.00000000000, 719.88511286716, -30000000.00000000000, 0.00000000000, 0.00000000000, -0.00000008207, 0.03299999918
139, 50.00000000000, 734.24579729043, -30000000.00000000000, 0.00000000000, 0.00000000000, -0.00000005080, 0.03299999918
140, 50.00000000000, 748.98484925348, 49.81954560486, 4.12500003222, 0.00000000000, 0.00000000139, 0.00000000213
141, 50.00000000000, 756.76770196647, -30000000.00000000000, 0.00000000000, 0.00000000000, 0.00000000589, 0.03299999918
142, 50.00000000000, 771.43404252533, 38.77940971813, 4.12500003222, 0.00000000000, 0.00000000000, 0.00000000005
143, 50.00000000000, 788.58881960068, 19.91243717566, 4.12500003222, 0.00000000000, 0.00000000013, -0.00000000372
144, 50.00000000000, 796.67466394912, 33.23197917407, 4.12500003222, 0.00000000000, 0.00000000029, -0.00000000541
145, 50.00000000000, 809.07468114211, 0.96462483790, 4.12500003222, 0.00000000000, -0.00000000078, 0.00000000462
146, 50.00000000000, 822.09104885363, 28.76693251685, 4.12500003222, 0.00000000000, 0.00000000088, -0.00000000030
147, 50.00000000000, 827.97852526931, 7.18049639969, 4.12500003222, 0.00000000000, -0.00000000001, -0.00000000472
148, 50.00000000000, 845.38207032498, 25.90760239563, 4.12500003222, 0.00000000000, 0.00000000017, 0.00000000106
149, 50.00000000000, 854.07346253286, 29.23513632327, 4.12500003222, 0.00000000000, -0.00000000098, -0.00000000342
150, 50.00000000000, 865.66909035265, 31.41514085891, 4.12500003222, 0.00000000000, 0.00000000050, -0.00000000724
151, 50.00000000000, 863.98707712155, 5.85366342702, 4.12500003222, 0.00000000000, 0.00000000125, 0.00000000187
152, 50.00000000000, 888.35593191447, 4.00588268857, 4.12500003222, 0.00000000000, -0.00000000093, 0.00000000443
153, 50.00000000000, 910.54800421596, 19.29695391606, 4.12500003222, 0.00000000000, 0.00000000072, -0.00000000577
154, 50.00000000000, 910.20431656705, 6.77287494197, 4.12500003222, 0.00000000000, 0.00000000025, -0.00000000434
155, 50.00000000000, 916.38473992618, 29.71436954903, 4.12500003222, 0.00000000000, -0.00000000113, 0.00000000027
156, 50.00000000000, 923.91696110244, 7.40434263352, 4.12500003222, 0.00000000000, -0.00000000128, -0.00000000335
157, 50.00000000000, 936.35624482551, 1.43179622803, 4.12500003222, 0.00000000000, -0.00000000059, 0.00000000396
158, 50.00000000000, 948.26617732602, 35.67975791220, 4.12500003222, 0.00000000000, 0.00000000244, 0.00000000079
159, 50.00000000000, 980.22143419200, 42.28006422192, 4.12500003222, 0.00000000000, -0.00000000088, 0.00000000207
160, 50.00000000000, 12.60615368140, 27.87581699819, 4.12500003222, 0.00000000000, 0.00000000021, 0.00000000028
161, 50.00000000000, 33.62312343983, 17.77020656753, 4.12500003222, 0.00000000000, -0.00000000061, -0.00000000161
162, 50.00000000000, 39.17480239588, 28.39618622012, 4.12500003222, 0.00000000000, -0.00000000144, -0.00000000644
163, 50.00000000000, 54.70876017894, 40.61177414475, 4.12500003222, 0.00000000000, 0.00000000315, -0.00000000291
164, 50.00000000000, 55.87756956622, 25.52271012443, 4.12500003222, 0.00000000000, 0.00000000064, -0.00000000229
165, 50.00000000000, 79.57727142793, 33.27245831111, 4.12500003222, 0.00000000000, 0.00000000002, -0.00000000438
166, 50.00000000000, 71.57071039278, 10.18286954764, 4.12500003222, 0.00000000000, 0.00000000079, -0.00000000284
167, 50.00000000000, 91.65292360387, 23.00882057247, 4.12500003222, 0.00000000000, 0.00000000113, 0.00000000213
168, 50.00000000000, 108.98781018665, 38.88574494012, 4.12500003222, 0.00000000000, -0.00000000101, 0.00000000252
169, 50.00000000000, 123.76772993294, 35.64151882862, 4.12500003222, 0.00000000000, -0.00000000062, -0.00000000298
170, 50.00000000000, 139.54663746421, 18.69664493465, 4.12500003222, 0.00000000000, -0.00000000087, -0.00000000618
171, 50.00000000000, 144.55400752465, 42.92967546246, 4.12500003222, 0.00000000000, -0.00000000066, -0.00000000249
172, 50.00000000000, 156.25312799268, 31.62637179871, 4.12500003222, 0.00000000000, 0.00000000176, -0.00000000781
173, 50.00000000000, 164.04663582038, 39.57745744512, 4.12500003222, 0.00000000000, 0.00000000007, -0.00000000427
174, 50.00000000000, 187.14709697716, 25.93406615044, 4.12500003222, 0.00000000000, 0.00000000035, -0.00000000045
175, 50.00000000000, 198.04435264811, 63.61099291466, 4.12500003222, 0.00000000000, -0.00000000014, -0.00000000007
176, 50.00000000000, 207.20458227951, -30000000.00000000000, 0.00000000000, 0.00000000000, 0.00000007450, 0.03299999918
177, 50.00000000000, 213.75303983004, 48.58506183674, 4.12500003222, 0.00000000000, 0.00000000021, -0.00000000519
178, 50.00000000000, 226.88689651565, 23.68651510286, 4.12500003222, 0.00000000000, -0.00000000375, 0.00000000381
179, 50.00000000000, 244.65984944092, -30000000.00000000000, 0.00000000000, 0.00000000000, -0.00000000026, 0.03299999918
180, 50.00000000000, 243.54530479428, 60.36114866955, 4.12500003222, 0.00000000000, 0.00000000141, 0.00000000392
181, 50.00000000000, 269.10845200211, -30000000.00000000000, 0.00000000000, 0.00000000000, -0.00000005971, 0.03299999918
182, 50.00000000000, 282.28702226357, 36.13381974471, 4.12500003222, 0.00000000000, 0.00000000041, -0.00000000494
183, 50.00000000000, 286.88201013386, 18.78495353084, 4.12500003222, 0.00000000000, 0.00000000064, 0.00000000435
184, 50.00000000000, 296.07892374673, 30.34698910388, 4.12500003222, 0.00000000000, -0.00000000057, -0.00000000009
185, 50.00000000000, 320.48137520827, 47.48621041558, 4.12500003222, 0.00000000000, 0.00000000056, -0.00000000454
186, 50.00000000000, 322.51938029834, 26.19372555509, 4.12500003222, 0.00000000000, -0.00000000111, -0.00000000213
187, 50.00000000000, 343.82367767245, -30000000.00000000000, 0.00000000000, 0.00000000000, 0.00000003867, 0.03299999918
188, 50.00000000000, 354.06764512775, 38.01153975126, 4.12500003222, 0.00000000000, -0.00000000011, 0.00000000013
189, 50.00000000000, 368.84347209594, -30000000.00000000000, 0.00000000000, 0.00000000000, 0.00000002560, 0.03299999918
190, 50.00000000000, 371.86912928064, 53.01552547368, 4.12500003222, 0.00000000000, 0.00000000041, 0.00000000158
191, 50.00000000000, 389.13797065634, -30000000.00000000000, 0.00000000000, 0.00000000000, -0.00000007914, 0.03299999918
192, 50.00000000000, 407.56163636528, 42.26436490585, 4.12500003222, 0.00000000000, -0.00000000036, -0.00000000145
193, 50.00000000000, 417.48514763500, 69.92271227636, 4.12500003222, 0.00000000000, 0.00000000091, -0.00000000455
194, 50.00000000000, 423.32086696590, -30000000.00000000000, 0.00000000000, 0.00000000000, 0.00000005755, 0.03299999918
195, 50.00000000000, 435.44808105896, 43.36600678047, 4.12500003222, 0.00000000000, -0.00000000058, 0.00000000056
196, 50.00000000000, 450.58886988162, -30000000.00000000000, 0.00000000000, 0.00000000000, -0.00000000758, 0.03299999918
197, 50.00000000000, 457.43101822316, -30000000.00000000000, 0.00000000000, 0.00000000000, 0.00000002661, 0.03299999918
198, 50.00000000000, 483.17716020945, 35.84433616859, 4.12500003222, 0.00000000000, -0.00000000075, 0.00000000027
199, 50.00000000000, 493.25247640319, 51.53991958735, 4.12500003222, 0.00000000000, 0.00000000192, -0.00000000221
200, 50.00000000000, 503.94495057935, -30000000.00000000000, 0.00000000000, 0.00000000000, -0.00000006215, 0.03299999918
201, 50.00000000000, 509.83413231654, 32.56588925319, 4.12500003222, 0.00000000000, 0.00000000007, -0.00000000128
202, 50.00000000000, 526.12302968527, -30000000.00000000000, 0.00000000000, 0.00000000000, -0.00000004692, 0.03299999918
203, 50.00000000000, 536.37411791426, 26.30310953510, 4.12500003222, 0.00000000000, -0.00000000062, 0.00000000544
204, 50.00000000000, 544.40400553089, 43.26025919279, 4.12500003222, 0.00000000000, -0.00000000069, 0.00000000517
205, 50.00000000000, 558.94771264613, -30000000.00000000000, 0.00000000000, 0.00000000000, -0.00000001469, 0.03299999918
206, 50.00000000000, 570.65290125503, 38.39227263671, 4.12500003222, 0.00000000000, 0.00000000088, -0.00000001095
207, 50.00000000000, 582.32415779646, 41.86359530177, 4.12500003222, 0.00000000000, 0.00000000161, -0.00000000383
208, 50.00000000000, 604.65118469453, 48.90153723375, 4.12500003222, 0.00000000000, 0.00000000109, -0.00000000135
209, 50.00000000000, 615.09636103537, 42.77941873667, 4.12500003222, 0.00000000000, -0.00000000011, 0.00000000152
210, 50.00000000000, 626.71071607496, 42.41125515183, 4.12500003222, 0.00000000000, 0.00000000058, -0.00000000199
211, 50.00000000000, 636.88121900291, 36.59775303032, 4.12500003222, 0.00000000000, 0.00000000026, 0.00000000450
212, 50.00000000000, 647.04425803088, 30.55190610526, 4.12500003222, 0.00000000000, 0.00000000117, 0.00000000646
213, 50.00000000000, 662.00027326595, 42.95348201556, 4.12500003222, 0.00000000000, -0.00000000075, -0.00000000034
214, 50.00000000000, 676.49287030075, 49.68982671721, 4.12500003222, 0.00000000000, 0.00000000147, -0.00000000284
215, 50.00000000000, 686.73572500375, -30000000.00000000000, 0.00000000000, 0.00000000000, -0.00000000669, 0.03299999918
216, 50.00000000000, 695.20104340144, -30000000.00000000000, 0.00000000000, 0.00000000000, 0.00000000497, 0.03299999918
217, 50.00000000000, 705.99048774219, -30000000.00000000000, 0.00000000000, 0.00000000000, 0.00000007785, 0.03299999918
218, 50.00000000000, 722.31987991544, 17.54697262521, 4.12500003222, 0.00000000000, 0.00000000207, 0.00000000958
219, 50.00000000000, 730.94940716283, -30000000.00000000000, 0.00000000000, 0.00000000000, -0.00000000746, 0.03299999918
220, 50.00000000000, 746.95190012289, 32.17597091710, 4.12500003222, 0.00000000000, -0.00000000119, -0.00000000186
221, 50.00000000000, 762.94136911437, 29.81691935126, 4.12500003222, 0.00000000000, 0.00000000095, -0.00000000612
222, 50.00000000000, 780.18502940394, 47.61312837292, 4.12500003222, 0.00000000000, 0.00000000089, 0.00000000323
223, 50.00000000000, 782.03370722991, -30000000.00000000000, 0.00000000000, 0.00000000000, -0.00000007945, 0.03299999918
224, 50.00000000000, 791.97734390351, -30000000.00000000000, 0.00000000000, 0.00000000000, -0.00000009745, 0.03299999918
225, 50.00000000000, 809.23143883396, 25.52128576548, 4.12500003222, 0.00000000000, -0.00000000192, 0.00000000649
226, 50.00000000000, 815.19918122655, 36.62843020418, 4.12500003222, 0.00000000000, 0.00000000164, -0.00000000040
227, 50.00000000000, 828.79410600977, 36.40745502293, 4.12500003222, 0.00000000000, 0.00000000132, -0.00000000254
228, 50.00000000000, 835.35574372548, 27.09522192995, 4.12500003222, 0.00000000000, -0.00000000054, 0.00000000552
229, 50.00000000000, 857.18366948339, 37.16344902434, 4.12500003222, 0.00000000000, -0.00000000118, 0.00000000624
230, 50.00000000000, 871.79107832119, 49.62799409026, 4.12500003222, 0.00000000000, -0.00000000194, -0.00000000074
231, 50.00000000000, 874.69669814777, 40.13628304838, 4.12500003222, 0.00000000000, -0.00000000044, -0.00000000143
232, 50.00000000000, 887.68434776513, 45.38379889009, 4.12500003222, 0.00000000000, 0.00000000033, 0.00000000372
233, 50.00000000000, 899.50573615229, 17.11674585381, 4.12500003222, 0.00000000000, -0.00000000003, -0.00000000781
234, 50.00000000000, 908.56570296906, 41.59855596324, 4.12500003222, 0.00000000000, -0.00000000106, -0.00000000719
235, 50.00000000000, 924.79068664706, 26.37462859022, 4.12500003222, 0.00000000000, 0.00000000063, -0.00000000604
236, 50.00000000000, 946.89814289561, 15.18734615645, 4.12500003222, 0.00000000000, -0.00000000100, 0.00000000301
237, 50.00000000000, 942.22146340752, 47.40477636521, 4.12500003222, 0.00000000000, 0.00000000097, -0.00000000268
238, 50.00000000000, 957.82144401276, 17.17001479512, 4.12500003222, 0.00000000000, 0.00000000080, -0.00000000309
239, 50.00000000000, 972.27793877727, 11.09400212801, 4.12500003222, 0.00000000000, 0.00000000033, -0.00000000161
240, 50.00000000000, 23.97646427250, 26.10326205442, 4.12500003222, 0.00000000000, 0.00000000006, -0.00000000273
241, 50.00000000000, 36.40788841094, 55.08195860723, 4.12500003222, 0.00000000000, -0.00000000087, 0.00000000059
242, 50.00000000000, 44.61719184227, 41.90442472244, 4.12500003222, 0.00000000000, 0.00000000045, 0.00000000261
243, 50.00000000000, 51.18404178866, 48.77206022297, 4.12500003222, 0.00000000000, 0.00000000166, 0.00000000185
244, 50.00000000000, 61.32651585955, 32.43027971450, 4.12500003222, 0.00000000000, 0.00000000026, 0.00000000305
245, 50.00000000000, 67.99673166262, 58.25051354998, 4.12500003222, 0.00000000000, 0.00000000012, -0.00000001001
246, 50.00000000000, 91.50119375047, 33.75310196234, 4.12500003222, 0.00000000000, 0.00000000035, 0.00000000805
247, 50.00000000000, 106.83408764842, 13.78783890144, 4.12500003222, 0.00000000000, 0.00000000222, 0.00000000125
248, 50.00000000000, 101.80775093657, 46.57742786968, 4.12500003222, 0.00000000000, 0.00000000037, -0.00000000009
249, 50.00000000000, 118.25095807043, 42.95462468175, 4.12500003222, 0.00000000000, -0.00000000078, 0.00000000428
250, 50.00000000000, 133.84394068107, 35.49646461121, 4.12500003222, 0.00000000000, 0.00000000192, 0.00000000380
251, 50.00000000000, 148.03003921623, 32.96579092899, 4.12500003222, 0.00000000000, 0.00000000040, -0.00000000344
252, 50.00000000000, 155.32494853111, 42.55073466554, 4.12500003222, 0.00000000000, 0.00000000072, 0.00000000213
253, 50.00000000000, 171.47047853873, 43.69265705465, 4.12500003222, 0.00000000000, -0.00000000093, 0.00000000284
254, 50.00000000000, 178.94469195649, 55.39117008245, 4.12500003222, 0.00000000000, 0.00000000050, 0.00000000422
255, 50.00000000000, 199.27875499770, 26.74960021138, 4.12500003222, 0.00000000000, 0.00000000289, 0.00000000681
256, 50.00000000000, 197.77891402855, 38.54858074803, 4.12500003222, 0.00000000000, 0.00000000222, 0.00000000098
257, 50.00000000000, 221.54654005942, 40.46256784442, 4.12500003222, 0.00000000000, 0.00000000006, -0.00000000757
258, 50.00000000000, 234.11797058928, 35.66914655209, 4.12500003222, 0.00000000000, -0.00000000143, 0.00000000376
259, 50.00000000000, 246.85966750437, 30.08116012345, 4.12500003222, 0.00000000000, -0.00000000058, -0.00000000182
260, 50.00000000000, 253.05510113554, 52.37468052090, 4.12500003222, 0.00000000000, 0.00000000057, -0.00000000342
261, 50.00000000000, 270.89450230239, 35.85825732345, 4.12500003222, 0.00000000000, 0.00000000082, 0.00000000579
262, 50.00000000000, 283.38353586279, 46.65612460639, 4.12500003222, 0.00000000000, -0.00000000085, -0.00000000593
263, 50.00000000000, 294.58038797855, 43.84228782902, 4.12500003222, 0.00000000000, -0.00000000240, 0.00000000069
264, 50.00000000000, 298.45232788289, 54.90334780812, 4.12500003222, 0.00000000000, 0.00000000133, -0.00000000070
265, 50.00000000000, 315.69462008557, 35.50229809278, 4.12500003222, 0.00000000000, -0.00000000015, 0.00000000370
266, 50.00000000000, 328.99976065589, 37.36275164039, 4.12500003222, 0.00000000000, -0.00000000080, 0.00000000387
267, 50.00000000000, 339.31719870963, -30000000.00000000000, 0.00000000000, 0.00000000000, 0.00000002105, 0.03299999918
268, 50.00000000000, 350.22907257610, -30000000.00000000000, 0.00000000000, 0.00000000000, 0.00000008433, 0.03299999918
269, 50.00000000000, 359.50043711710, 50.12047726423, 4.12500003222, 0.00000000000, -0.00000000038, 0.00000000551
270, 50.00000000000, 379.68290105922, 63.29380145535, 4.12500003222, 0.00000000000, -0.00000000031, -0.00000000303
271, 50.00000000000, 379.86398475808, 44.82320038078, 4.12500003222, 0.00000000000, 0.00000000061, -0.00000000369
272, 50.00000000000, 403.21978467983, 51.21348690053, 4.12500003222, 0.00000000000, 0.00000000168, 0.00000000332
273, 50.00000000000, 419.56392637605, 60.35080619748, 4.12500003222, 0.00000000000, -0.00000000049, 0.00000000998
274, 50.00000000000, 426.28745583032, -30000000.00000000000, 0.00000000000, 0.00000000000, 0.00000006788, 0.03299999918
275, 50.00000000000, 426.96293319587, 48.04122227509, 4.12500003222, 0.00000000000, -0.00000000067, -0.00000000009
276, 50.00000000000, 448.95658296499, 39.72739398904, 4.12500003222, 0.00000000000, 0.00000000168, 0.00000000194
277, 50.00000000000, 458.29767237798, 32.53628879844, 4.12500003222, 0.00000000000, 0.00000000129, -0.00000000179
278, 50.00000000000, 471.23274151179, 39.55595200228, 4.12500003222, 0.00000000000, -0.00000000032, -0.00000000220
279, 50.00000000000, 486.20762512158, -30000000.00000000000, 0.00000000000, 0.00000000000, 0.00000000190, 0.03299999918
280, 50.00000000000, 496.48844503994, 31.41710423506, 4.12500003222, 0.00000000000, -0.00000000089, 0.00000000004
281, 50.00000000000, 505.19203044860, 44.68522512706, 4.12500003222, 0.00000000000, -0.00000000021, 0.00000000188
282, 50.00000000000, 523.30902023274, 32.25205894738, 4.12500003222, 0.00000000000, 0.00000000045, -0.00000000215
283, 50.00000000000, 538.06474010019, 53.87755624238, 4.12500003222, 0.00000000000, -0.00000000171, -0.00000000062
284, 50.00000000000, 553.78164544152, 51.49361151187, 4.12500003222, 0.00000000000, 0.00000000064, 0.00000000140
285, 50.00000000000, 560.63495286252, 26.40332593047, 4.12500003222, 0.00000000000, 0.00000000058, -0.00000000055
286, 50.00000000000, 574.22182242399, -30000000.00000000000, 0.00000000000, 0.00000000000, -0.00000001117, 0.03299999918
287, 50.00000000000, 584.20420567108, -30000000.00000000000, 0.00000000000, 0.00000000000, -0.00000002407, 0.03299999918
288, 50.00000000000, 596.85847479660, -30000000.00000000000, 0.00000000000, 0.00000000000, -0.00000002341, 0.03299999918
289, 50.00000000000, 615.07791109318, 53.58232086894, 4.12500003222, 0.00000000000, 0.00000000048, -0.00000000374
290, 50.00000000000, 630.02401252882, 51.86393588138, 4.12500003222, 0.00000000000, 0.00000000148, -0.00000000536
291, 50.00000000000, 639.89916939303, 48.97425572577, 4.12500003222, 0.00000000000, 0.00000000058, -0.00000000445
292, 50.00000000000, 650.85220890453, 41.02862329602, 4.12500003222, 0.00000000000, 0.00000000013, 0.00000000175
293, 50.00000000000, 656.53941645110, 56.82707098149, 4.12500003222, 0.00000000000, -0.00000000334, -0.00000000418
294, 50.00000000000, 672.87609635956, 40.50708954775, 4.12500003222, 0.00000000000, -0.00000000033, -0.00000000885
295, 50.00000000000, 686.50895536701, 42.42750380542, 4.12500003222, 0.00000000000, 0.00000000045, 0.00000000114
296, 50.00000000000, 696.16401376740, 32.03063382602, 4.12500003222, 0.00000000000, -0.00000000133, 0.00000000161
297, 50.00000000000, 707.71602552925, 41.64918927443, 4.12500003222, 0.00000000000, -0.00000000022, -0.00000000174
298, 50.00000000000, 724.40001873781, 58.06429412361, 4.12500003222, 0.00000000000, 0.00000000035, -0.00000000228
299, 50.00000000000, 731.09386879774, 43.91839713480, 4.12500003222, 0.00000000000, -0.00000000011, -0.00000000665
300, 50.00000000000, 741.85955821633, 41.83119482761, 4.12500003222, 0.00000000000, 0.00000000057, 0.00000000094
301, 50.00000000000, 756.50164569805, 41.85279221135, 4.12500003222, 0.00000000000, -0.00000000075, -0.00000000396
302, 50.00000000000, 771.87134874826, -30000000.00000000000, 0.00000000000, 0.00000000000, 0.00000005740, 0.03299999918
303, 50.00000000000, 783.05688435679, 34.33744386366, 4.12500003222, 0.00000000000, -0.00000000012, -0.00000000320
304, 50.00000000000, 792.00108079874, 43.39372065930, 4.12500003222, 0.00000000000, 0.00000000056, 0.00000000737
305, 50.00000000000, 805.13385871350, 38.74095824948, 4.12500003222, 0.00000000000, 0.00000000015, 0.00000000368
306, 50.00000000000, 819.17228536098, 46.16880464457, 4.12500003222, 0.00000000000, -0.00000000079, 0.00000000156
307, 50.00000000000, 831.94580569635, 41.41486525555, 4.12500003222, 0.00000000000, -0.00000000232, 0.00000000451
308, 50.00000000000, 845.50228449660, 52.07133519921, 4.12500003222, 0.00000000000, 0.00000000188, -0.00000000027
309, 50.00000000000, 853.72072336343, 15.82207802880, 4.12500003222, 0.00000000000, -0.00000000090, 0.00000000223
310, 50.00000000000, 864.97551197415, 42.98533816099, 4.12500003222, 0.00000000000, -0.00000000011, 0.00000000251
311, 50.00000000000, 875.58810494166, 14.38826949677, 4.12500003222, 0.00000000000, -0.00000000105, -0.00000000207
312, 50.00000000000, 893.13686277185, 62.46902018163, 4.12500003222, 0.00000000000, 0.00000000134, -0.00000000405
313, 50.00000000000, 898.67488888667, 25.99515103490, 4.12500003222, 0.00000000000, -0.00000000045, 0.00000000677
314, 50.00000000000, 907.60007581638, 29.97945014142, 4.12500003222, 0.00000000000, 0.00000000083, 0.00000000327
315, 50.00000000000, 917.63952089489, 65.13994758175, 4.12500003222, 0.00000000000, 0.00000000070, -0.00000000496
316, 50.00000000000, 937.74469783515, 56.50787819502, 4.12500003222, 0.00000000000, 0.00000000131, 0.00000000818
317, 50.00000000000, 948.22212801845, 51.03923354438, 4.12500003222, 0.00000000000, -0.00000000186, -0.00000000104
318, 50.00000000000, 949.58985774923, 25.39790579997, 4.12500003222, 0.00000000000, 0.00000000042, 0.00000000139
319, 50.00000000000, 969.29376749426, 22.63062955168, 4.12500003222, 0.00000000000, 0.00000000098, -0.00000000005
320, 50.00000000000, 22.71612214420, 39.71732836242, 4.12500003222, 0.00000000000, -0.00000000178, -0.00000000262
321, 50.00000000000, 29.82020582720, 46.71138889688, 4.12500003222, 0.00000000000, 0.00000000140, 0.00000000835
322, 50.00000000000, 47.69431363580, 32.36083830774, 4.12500003222, 0.00000000000, -0.00000000016, -0.00000000278
323, 50.00000000000, 53.24669663537, 74.37630281296, 4.12500003222, 0.00000000000, 0.00000000137, 0.00000000316
324, 50.00000000000, 68.64806231414, 45.12479162995, 4.12500003222, 0.00000000000, 0.00000000169, -0.00000000104
325, 50.00000000000, 79.64009176738, 59.38078532097, 4.12500003222, 0.00000000000, 0.00000000156, -0.00000000179
326, 50.00000000000, 93.29100559023, 49.13304163921, 4.12500003222, 0.00000000000, -0.00000000130, -0.00000000569
327, 50.00000000000, 101.33009252917, 75.17904723982, 4.12500003222, 0.00000000000, 0.00000000100, -0.00000000894
328, 50.00000000000, 104.09825416740, 24.23711353466, 4.12500003222, 0.00000000000, -0.00000000096, 0.00000000167
329, 50.00000000000, 123.74637655170, 59.52922454150, 4.12500003222, 0.00000000000, -0.00000000087, -0.00000000082
330, 50.00000000000, 140.17085201487, 27.78016074738, 4.12500003222, 0.00000000000, 0.00000000376, 0.00000000487
331, 50.00000000000, 140.16564946560, 49.39018975719, 4.12500003222, 0.00000000000, -0.00000000237, 0.00000000075
332, 50.00000000000, 164.56573827666, 28.02626119110, 4.12500003222, 0.00000000000, 0.00000000081, -0.00000000378
333, 50.00000000000, 174.06771035883, 30.66714191703, 4.12500003222, 0.00000000000, -0.00000000214, -0.00000000169
334, 50.00000000000, 188.13142776191, 49.42895508188, 4.12500003222, 0.00000000000, 0.00000000010, 0.00000000378
335, 50.00000000000, 191.03219861041, 59.11913240361, 4.12500003222, 0.00000000000, -0.00000000141, 0.00000000341
336, 50.00000000000, 207.73409688161, 40.39868145641, 4.12500003222, 0.00000000000, 0.00000000141, -0.00000000809
337, 50.00000000000, 221.92406266402, 52.58415540026, 4.12500003222, 0.00000000000, -0.00000000188, 0.00000000009
338, 50.00000000000, 231.45596168941, 48.11094683871, 4.12500003222, 0.00000000000, -0.00000000095, -0.00000000060
339, 50.00000000000, 245.94706722868, 42.67358071787, 4.12500003222, 0.00000000000, -0.00000000044, 0.00000000477
340, 50.00000000000, 264.62674323528, 26.97356160703, 4.12500003222, 0.00000000000, -0.00000000102, -0.00000000008
341, 50.00000000000, 264.34223084759, 62.98361291004, 4.12500003222, 0.00000000000, -0.00000000138, -0.00000000537
342, 50.00000000000, 278.82101807972, 68.08763267214, 4.12500003222, 0.00000000000, 0.00000000182, -0.00000000103
343, 50.00000000000, 293.27854501332, 80.57989429161, 4.12500003222, 0.00000000000, 0.00000000044, -0.00000000788
344, 50.00000000000, 301.66463731503, 65.32502517661, 4.12500003222, 0.00000000000, 0.00000000285, -0.00000000422
345, 50.00000000000, 312.95191359985, 60.38552932930, 4.12500003222, 0.00000000000, -0.00000000068, 0.00000000049
346, 50.00000000000, 327.58425751101, 68.64397423412, 4.12500003222, 0.00000000000, 0.00000000132, -0.00000000257
347, 50.00000000000, 333.07150622416, 50.21936407465, 4.12500003222, 0.00000000000, 0.00000000061, -0.00000000200
348, 50.00000000000, 345.33958838416, 71.93664811878, 4.12500003222, 0.00000000000, 0.00000000068, -0.00000000037
349, 50.00000000000, 364.11753914602, -30000000.00000000000, 0.00000000000, 0.00000000000, 0.00000004287, 0.03299999918
350, 50.00000000000, 378.32539378454, -30000000.00000000000, 0.00000000000, 0.00000000000, -0.00000005854, 0.03299999918
351, 50.00000000000, 386.74334043069, 34.57397594687, 4.12500003222, 0.00000000000, -0.00000000043, -0.00000000558
352, 50.00000000000, 406.29487716046, 65.42199663631, 4.12500003222, 0.00000000000, -0.00000000036, -0.00000000478
353, 50.00000000000, 423.96407199064, 78.28076499069, 4.12500003222, 0.00000000000, 0.00000000250, -0.00000000123
354, 50.00000000000, 425.20339850950, 34.87220236542, 4.12500003222, 0.00000000000, -0.00000000078, 0.00000000100
355, 50.00000000000, 445.19297715043, 66.26564440309, 4.12500003222, 0.00000000000, -0.00000000050, -0.00000000313
356, 50.00000000000, 459.35288443891, 48.21336601694, 4.12500003222, 0.00000000000, 0.00000000137, -0.00000000558
357, 50.00000000000, 467.90024466156, 51.32693195979, 4.12500003222, 0.00000000000, 0.00000000080, 0.00000000195
358, 50.00000000000, 478.54678992766, 49.37084248986, 4.12500003222, 0.00000000000, 0.00000000111, -0.00000000204
359, 50.00000000000, 487.34644211169, 57.89039992390, 4.12500003222, 0.00000000000, 0.00000000086, 0.00000000090
360, 50.00000000000, 492.06288240029, 40.88914450118, 4.12500003222, 0.00000000000, 0.00000000030, 0.00000000498
361, 50.00000000000, 517.68948817536, 43.37502874703, 4.12500003222, 0.00000000000, 0.00000000002, 0.00000000274
362, 50.00000000000, 526.85356207676, 52.20907386750, 4.12500003222, 0.00000000000, -0.00000000026, -0.00000000006
363, 50.00000000000, 535.78787500031, -30000000.00000000000, 0.00000000000, 0.00000000000, -0.00000000152, 0.03299999918
364, 50.00000000000, 548.12901806340, 35.56864986095, 4.12500003222, 0.00000000000, -0.00000000061, -0.00000000614
365, 50.00000000000, 558.15435168148, 66.10982231461, 4.12500003222, 0.00000000000, -0.00000000096, -0.00000000208
366, 50.00000000000, 572.99438949266, 62.33427475966, 4.12500003222, 0.00000000000, -0.00000000135, 0.00000000046
367, 50.00000000000, 589.89755408733, 52.25690590648, 4.12500003222, 0.00000000000, -0.00000000068, 0.00000000034
368, 50.00000000000, 594.23118307245, 35.18785666685, 4.12500003222, 0.00000000000, 0.00000000255, 0.00000000032
369, 50.00000000000, 606.88929142402, 35.56069956926, 4.12500003222, 0.00000000000, -0.00000000042, 0.00000000028
370, 50.00000000000, 624.93552002250, 77.52413974481, 4.12500003222, 0.00000000000, -0.00000000062, -0.00000000454
371, 50.00000000000, 642.41997866892, 59.02740810734, 4.12500003222, 0.00000000000, 0.00000000212, 0.00000000049
372, 50.00000000000, 650.94676237438, 50.89961434338, 4.12500003222, 0.00000000000, 0.00000000263, 0.00000000478
373, 50.00000000000, 666.45021054442, 50.84643686933, 4.12500003222, 0.00000000000, -0.00000000197, -0.00000000192
374, 50.00000000000, 671.23046512122, 23.22722063751, 4.12500003222, 0.00000000000, -0.00000000050, 0.00000000777
375, 50.00000000000, 685.90372583928, 68.07810003878, 4.12500003222, 0.00000000000, 0.00000000095, 0.00000000227
376, 50.00000000000, 696.28627456056, 46.03328394313, 4.12500003222, 0.00000000000, 0.00000000258, -0.00000000142
377, 50.00000000000, 708.40632022779, 27.57771333899, 4.12500003222, 0.00000000000, 0.00000000154, 0.00000000403
378, 50.00000000000, 720.62259802790, 36.99058905672, 4.12500003222, 0.00000000000, 0.00000000103, -0.00000000431
379, 50.00000000000, 746.36958472743, 63.71360091141, 4.12500003222, 0.00000000000, 0.00000000038, 0.00000000843
380, 50.00000000000, 731.77473642061, 33.07422150065, 4.12500003222, 0.00000000000, 0.00000000002, -0.00000000291
381, 50.00000000000, 756.38117940200, 72.69220385548, 4.12500003222, 0.00000000000, -0.00000000103, -0.00000000223
382, 50.00000000000, 769.50163983765, -30000000.00000000000, 0.00000000000, 0.00000000000, 0.00000008905, 0.03299999918
383, 50.00000000000, 788.03214764443, 57.98541606932, 4.12500003222, 0.00000000000, 0.00000000086, -0.00000000544
384, 50.00000000000, 790.37876796969, -30000000.00000000000, 0.00000000000, 0.00000000000, -0.00000008173, 0.03299999918
385, 50.00000000000, 814.32763148122, 58.39657101046, 4.12500003222, 0.00000000000, -0.00000000220, 0.00000000726
386, 50.00000000000, 823.27920496965, 61.65592350443, 4.12500003222, 0.00000000000, 0.00000000032, -0.00000000354
387, 50.00000000000, 836.58569137677, 50.49041313457, 4.12500003222, 0.00000000000, -0.00000000057, -0.00000000260
388, 50.00000000000, 841.08915962501, 41.23868625355, 4.12500003222, 0.00000000000, 0.00000000063, -0.00000000695
389, 50.00000000000, 847.82480464327, 38.67615186322, 4.12500003222, 0.00000000000, -0.00000000045, -0.00000000492
390, 50.00000000000, 862.38248291934, 54.14181582080, 4.12500003222, 0.00000000000, -0.00000000018, -0.00000000976
391, 50.00000000000, 883.83998373554, 36.18424940243, 4.12500003222, 0.00000000000, -0.00000000124, 0.00000000812
392, 50.00000000000, 888.87807762070, 29.90506296901, 4.12500003222, 0.00000000000, 0.00000000014, -0.00000000172
393, 50.00000000000, 895.76970027978, 51.39500135154, 4.12500003222, 0.00000000000, -0.00000000301, 0.00000000274
394, 50.00000000000, 917.54748047958, 42.90995761865, 4.12500003222, 0.00000000000, -0.00000000025, -0.00000000438
395, 50.00000000000, 922.75892322149, 50.98515249664, 4.12500003222, 0.00000000000, -0.00000000202, 0.00000000133
396, 50.00000000000, 933.88342499217, 26.37827561779, 4.12500003222, 0.00000000000, 0.00000000135, -0.00000000015
397, 50.00000000000, 942.07021623310, 24.68969337220, 4.12500003222, 0.00000000000, 0.00000000068, -0.00000000309
398, 50.00000000000, 965.87668617243, 33.73060956410, 4.12500003222, 0.00000000000, -0.00000000041, 0.00000000446
399, 50.00000000000, 967.26963357520, 45.13917898831, 4.12500003222, 0.00000000000, -0.00000000117, 0.00000000203
400, 50.00000000000, 10.05083377099, 40.89283531372, 4.12500003222, 0.00000000000, 0.00000000040, 0.00000000110
401, 50.00000000000, 29.77631916296, 86.04419432105, 4.12500003222, 0.00000000000, -0.00000000103, 0.00000000225
402, 50.00000000000, 43.99163682123, 53.37459802318, 4.12500003222, 0.00000000000, 0.00000000052, 0.00000000527
403, 50.00000000000, 54.80032794209, 57.23558369883, 4.12500003222, 0.00000000000, -0.00000000238, 0.00000000269
404, 50.00000000000, 57.41415512899, 65.24976146299, 4.12500003222, 0.00000000000, -0.00000000094, 0.00000000395
405, 50.00000000000, 76.92831356704, 86.12275728985, 4.12500003222, 0.00000000000, -0.00000000077, -0.00000000407
406, 50.00000000000, 89.21719064131, 80.88238717227, 4.12500003222, 0.00000000000, 0.00000000012, -0.00000000090
407, 50.00000000000, 99.42815751900, 33.66853183970, 4.12500003222, 0.00000000000, -0.00000000030, 0.00000000625
408, 50.00000000000, 108.10380010470, 53.53553980544, 4.12500003222, 0.00000000000, -0.00000000066, -0.00000000029
409, 50.00000000000, 116.19209601699, 52.45329461913, 4.12500003222, 0.00000000000, 0.00000000163, 0.00000000344
410, 50.00000000000, 129.46198319801, 47.81868754378, 4.12500003222, 0.00000000000, 0.00000000050, 0.00000000228
411, 50.00000000000, 148.16743885508, 56.81094892542, 4.12500003222, 0.00000000000, -0.00000000007, 0.00000000340
412, 50.00000000000, 159.78024375126, 64.04555800268, 4.12500003222, 0.00000000000, -0.00000000199, -0.00000000191
413, 50.00000000000, 171.88786272728, 70.27569817769, 4.12500003222, 0.00000000000, -0.00000000095, 0.00000000064
414, 50.00000000000, 179.12906624783, 46.33904589182, 4.12500003222, 0.00000000000, -0.00000000097, -0.00000000121
415, 50.00000000000, 197.35617753913, 50.33226500204, 4.12500003222, 0.00000000000, -0.00000000018, -0.00000000597
416, 50.00000000000, 205.04000226768, 52.87575325497, 4.12500003222, 0.00000000000, 0.00000000012, -0.00000000110
417, 50.00000000000, 217.91810314772, 64.25409211933, 4.12500003222, 0.00000000000, -0.00000000152, -0.00000000194
418, 50.00000000000, 229.46743896209, 61.06873741689, 4.12500003222, 0.00000000000, -0.00000000022, 0.00000000225
419, 50.00000000000, 239.25946217307, 55.16141127799, 4.12500003222, 0.00000000000, -0.00000000154, -0.00000000334
420, 50.00000000000, 257.73378583819, 39.29065093916, 4.12500003222, 0.00000000000, 0.00000000073, 0.00000000404
421, 50.00000000000, 262.86970556751, 50.46803085899, 4.12500003222, 0.00000000000, -0.00000000043, -0.00000000125
422, 50.00000000000, 272.51479072575, 50.21325702912, 4.12500003222, 0.00000000000, -0.00000000155, -0.00000000396
423, 50.00000000000, 287.20194323933, 56.97254781542, 4.12500003222, 0.00000000000, 0.00000000135, -0.00000000130
424, 50.00000000000, 304.56330530271, 40.31031587118, 4.12500003222, 0.00000000000, -0.00000000003, -0.00000000398
425, 50.00000000000, 309.26503687198, 49.11169799165, 4.12500003222, 0.00000000000, 0.00000000018, 0.00000000361
426, 50.00000000000, 323.31925449546, 57.61012241683, 4.12500003222, 0.00000000000, 0.00000000099, 0.00000000180
427, 50.00000000000, 338.73878022380, 59.36624226393, 4.12500003222, 0.00000000000, -0.00000000011, 0.00000001065
428, 50.00000000000, 352.96829041066, 61.64671866204, 4.12500003222, 0.00000000000, 0.00000000068, 0.00000000395
429, 50.00000000000, 365.02073132188, 61.74211604446, 4.12500003222, 0.00000000000, -0.00000000070, 0.00000000739
430, 50.00000000000, 384.01696939715, 75.74986237431, 4.12500003222, 0.00000000000, -0.00000000041, -0.00000000082
431, 50.00000000000, 386.24416909854, 53.82805643077, 4.12500003222, 0.00000000000, -0.00000000149, -0.00000000078
432, 50.00000000000, 397.36527080566, -30000000.00000000000, 0.00000000000, 0.00000000000, -0.00000006663, 0.03299999918
433, 50.00000000000, 409.23679492135, 78.23424120053, 4.12500003222, 0.00000000000, -0.00000000334, 0.00000000051
434, 50.00000000000, 430.91107973926, 67.60459747537, 4.12500003222, 0.00000000000, -0.00000000017, 0.00000000242
435, 50.00000000000, 437.76877078232, 59.65892887415, 4.12500003222, 0.00000000000, 0.00000000017, -0.00000000091
436, 50.00000000000, 455.07204535981, 62.54679290862, 4.12500003222, 0.00000000000, -0.00000000088, -0.00000000205
437, 50.00000000000, 468.23759062783, 72.13031773823, 4.12500003222, 0.00000000000, 0.00000000030, 0.00000000306
438, 50.00000000000, 472.07185141101, 25.88319841077, 4.12500003222, 0.00000000000, -0.00000000048, 0.00000000188
439, 50.00000000000, 501.44944063238, 57.45589644526, 4.12500003222, 0.00000000000, -0.00000000031, 0.00000000043
440, 50.00000000000, 494.10607649055, 67.66816866226, 4.12500003222, 0.00000000000, -0.00000000087, 0.00000000198
441, 50.00000000000, 513.07149526933, 55.47371089243, 4.12500003222, 0.00000000000, 0.00000000109, 0.00000000312
442, 50.00000000000, 531.88166291060, 42.66801718085, 4.12500003222, 0.00000000000, 0.00000000009, -0.00000000370
443, 50.00000000000, 532.75348855607, 65.18426723632, 4.12500003222, 0.00000000000, 0.00000000084, -0.00000000069
444, 50.00000000000, 547.13965027742, 58.03396594525, 4.12500003222, 0.00000000000, -0.00000000013, 0.00000000734
445, 50.00000000000, 565.33493313769, 74.10184276308, 4.12500003222, 0.00000000000, -0.00000000068, 0.00000000445
446, 50.00000000000, 570.66357863249, 45.02257909450, 4.12500003222, 0.00000000000, -0.00000000201, 0.00000001107
447, 50.00000000000, 580.10047727020, 55.19369595209, 4.12500003222, 0.00000000000, -0.00000000259, -0.00000000271
448, 50.00000000000, 601.91329685595, 85.30900160787, 4.12500003222, 0.00000000000, -0.00000000167, -0.00000000135
449, 50.00000000000, 610.99080422045, 67.48168034790, 4.12500003222, 0.00000000000, 0.00000000225, 0.00000000631
450, 50.00000000000, 620.63977714623, 56.50266697753, 4.12500003222, 0.00000000000, 0.00000000042, -0.00000000226
451, 50.00000000000, 633.02549832740, 61.27361330586, 4.12500003222, 0.00000000000, 0.00000000097, 0.00000000251
452, 50.00000000000, 652.48129920762, 89.67169174437, 4.12500003222, 0.00000000000, -0.00000000074, 0.00000000148
453, 50.00000000000, 667.77942783338, 60.32115220368, 4.12500003222, 0.00000000000, 0.00000000218, 0.00000000865
454, 50.00000000000, 673.25706519668, 75.39857195395, 4.12500003222, 0.00000000000, 0.00000000060, -0.00000000786
455, 50.00000000000, 684.14126438205, 56.07416200595, 4.12500003222, 0.00000000000, 0.00000000005, 0.00000000132
456, 50.00000000000, 701.30703529344, 52.93104987249, 4.12500003222, 0.00000000000, -0.00000000031, 0.00000000083
457, 50.00000000000, 709.44844722033, 94.06545223404, 4.12500003222, 0.00000000000, -0.00000000033, -0.00000000190
458, 50.00000000000, 722.89231427995, 75.41920818785, 4.12500003222, 0.00000000000, 0.00000000041, 0.00000000170
459, 50.00000000000, 731.83469071222, 50.81014707783, 4.12500003222, 0.00000000000, -0.00000000218, 0.00000000849
460, 50.00000000000, 739.94365166153, 57.34945836973, 4.12500003222, 0.00000000000, -0.00000000231, -0.00000000445
461, 50.00000000000, 765.50294724589, 49.75898905533, 4.12500003222, 0.00000000000, -0.00000000020, 0.00000000044
462, 50.00000000000, 765.31726865593, 63.77522519059, 4.12500003222, 0.00000000000, -0.00000000208, 0.00000000124
463, 50.00000000000, 773.16767909516, 59.45789269278, 4.12500003222, 0.00000000000, 0.00000000040, -0.00000000730
464, 50.00000000000, 791.81681079206, 69.05943818432, 4.12500003222, 0.00000000000, 0.00000000374, 0.00000000189
465, 50.00000000000, 810.86496836483, 51.36613455457, 4.12500003222, 0.00000000000, -0.00000000160, -0.00000000347
466, 50.00000000000, 826.60473887461, 53.08476580775, 4.12500003222, 0.00000000000, -0.00000000052, -0.00000000432
467, 50.00000000000, 837.12313236769, 59.53784442545, 4.12500003222, 0.00000000000, -0.00000000078, 0.00000000671
468, 50.00000000000, 837.89890358393, 72.29144882599, 4.12500003222, 0.00000000000, 0.00000000302, -0.00000000090
469, 50.00000000000, 852.98678580136, 48.00246654585, 4.12500003222, 0.00000000000, 0.00000000038, 0.00000000726
470, 50.00000000000, 869.36310912153, 60.48308951465, 4.12500003222, 0.00000000000, 0.00000000497, -0.00000000679
471, 50.00000000000, 879.70919554799, 52.02320445318, 4.12500003222, 0.00000000000, 0.00000000277, 0.00000000370
472, 50.00000000000, 884.24519106349, 59.76913749417, 4.12500003222, 0.00000000000, 0.00000000015, -0.00000000273
473, 50.00000000000, 904.84138939045, 49.73464650897, 4.12500003222, 0.00000000000, -0.00000000217, 0.00000000240
474, 50.00000000000, 913.41507822513, 53.17043379903, 4.12500003222, 0.00000000000, -0.00000000135, 0.00000000676
475, 50.00000000000, 930.86560327239, 70.96239617916, 4.12500003222, 0.00000000000, -0.00000000023, -0.00000000513
476, 50.00000000000, 932.41002784550, 45.69464977305, 4.12500003222, 0.00000000000, -0.00000000089, 0.00000000445
477, 50.00000000000, 943.22552986081, 66.58541907920, 4.12500003222, 0.00000000000, -0.00000000236, -0.00000000226
478, 50.00000000000, 955.66527596166, 41.08302254453, 4.12500003222, 0.00000000000, -0.00000000110, 0.00000000068
479, 50.00000000000, 977.92156921780, 68.67066056274, 4.12500003222, 0.00000000000, -0.00000000001, -0.00000000390
480, 50.00000000000, 18.93428850849, 51.37513225823, 4.12500003222, 0.00000000000, 0.00000000014, 0.00000000279
481, 50.00000000000, 31.45939505918, 63.60739878681, 4.12500003222, 0.00000000000, 0.00000000191, -0.00000000260
482, 50.00000000000, 44.72762062016, 67.17898070127, 4.12500003222, 0.00000000000, -0.00000000068, -0.00000001051
483, 50.00000000000, 52.61540326941, 91.15206334017, 4.12500003222, 0.00000000000, 0.00000000052, -0.00000000390
484, 50.00000000000, 65.94641012916, 80.86291948576, 4.12500003222, 0.00000000000, -0.00000000003, -0.00000000103
485, 50.00000000000, 77.45611905786, 48.72351049105, 4.12500003222, 0.00000000000, -0.00000000018, -0.00000000356
486, 50.00000000000, 89.09069138533, 55.96021652381, 4.12500003222, 0.00000000000, 0.00000000052, 0.00000000128
487, 50.00000000000, 100.28764284518, 60.35230737589, 4.12500003222, 0.00000000000, -0.00000000061, -0.00000000106
488, 50.00000000000, 111.31653749065, 66.50441508051, 4.12500003222, 0.00000000000, -0.00000000007, 0.00000000011
489, 50.00000000000, 124.10872904810, 69.63712071110, 4.12500003222, 0.00000000000, 0.00000000065, 0.00000000161
490, 50.00000000000, 134.57947933531, 58.94166050517, 4.12500003222, 0.00000000000, 0.00000000056, 0.00000000225
491, 50.00000000000, 147.57372868181, 68.17653894929, 4.12500003222, 0.00000000000, -0.00000000064, -0.00000000403
492, 50.00000000000, 154.84972260385, 51.73343856046, 4.12500003222, 0.00000000000, 0.00000000195, -0.00000000282
493, 50.00000000000, 172.61614264875, 61.20647577879, 4.12500003222, 0.00000000000, 0.00000000078, -0.00000000328
494, 50.00000000000, 183.66599766199, 82.03945500696, 4.12500003222, 0.00000000000, -0.00000000120, -0.00000000002
495, 50.00000000000, 207.06335649736, 72.88984838741, 4.12500003222, 0.00000000000, 0.00000000238, -0.00000000226
496, 50.00000000000, 212.19727767672, 26.96255584210, 4.12500003222, 0.00000000000, 0.00000000078, 0.00000000921
497, 50.00000000000, 209.34815879282, 60.50941528618, 4.12500003222, 0.00000000000, 0.00000000040, 0.00000000734
498, 50.00000000000, 230.10671989680, 75.08184074428, 4.12500003222, 0.00000000000, 0.00000000113, -0.00000000047
499, 50.00000000000, 241.20432169448, 70.11379298600, 4.12500003222, 0.00000000000, 0.00000000000, -0.00000000214
500, 50.00000000000, 255.50650141735, 75.27636245202, 4.12500003222, 0.00000000000, -0.00000000027, -0.00000000255
501, 50.00000000000, 267.40745957503, 74.00790838202, 4.12500003222, 0.00000000000, 0.00000000019, -0.00000000193
502, 50.00000000000, 275.96395541202, 58.19986941890, 4.12500003222, 0.00000000000, 0.00000000042, 0.00000000641
503, 50.00000000000, 291.02362923904, 67.98140070419, 4.12500003222, 0.00000000000, -0.00000000093, 0.00000000147
504, 50.00000000000, 302.29851506060, 91.76762232650, 4.12500003222, 0.00000000000, 0.00000000123, -0.00000000015
505, 50.00000000000, 317.22461530923, 72.70255307840, 4.12500003222, 0.00000000000, 0.00000000185, -0.00000000869
506, 50.00000000000, 325.41781324872, 81.96198772345, 4.12500003222, 0.00000000000, -0.00000000224, -0.00000000272
507, 50.00000000000, 335.51183936446, 73.72607803740, 4.12500003222, 0.00000000000, -0.00000000069, 0.00000000029
508, 50.00000000000, 350.78753755624, 84.23301888813, 4.12500003222, 0.00000000000, -0.00000000069, -0.00000000642
509, 50.00000000000, 359.09416631903, 75.36588178000, 4.12500003222, 0.00000000000, 0.00000000051, -0.00000000453
510, 50.00000000000, 376.76731420925, 86.36951727725, 4.12500003222, 0.00000000000, -0.00000000062, 0.00000000014
511, 50.00000000000, 392.14206603216, 84.90682272782, 4.12500003222, 0.00000000000, -0.00000000013, 0.00000000281
512, 50.00000000000, 395.94804831371, 57.27499013293, 4.12500003222, 0.00000000000, 0.00000000038, 0.00000000480
513, 50.00000000000, 412.94890072736, 53.50279491649, 4.12500003222, 0.00000000000, -0.00000000207, 0.00000000516
514, 50.00000000000, 428.58161630357, 56.80679452424, 4.12500003222, 0.00000000000, 0.00000000240, 0.00000000341
515, 50.00000000000, 441.19287855852, 73.98812400041, 4.12500003222, 0.00000000000, -0.00000000135, 0.00000000545
516, 50.00000000000, 442.61716693974, 52.10810470303, 4.12500003222, 0.00000000000, 0.00000000083, -0.00000000343
517, 50.00000000000, 463.54294838020, 62.39442383575, 4.12500003222, 0.00000000000, -0.00000000021, 0.00000000531
518, 50.00000000000, 476.51314009109, 60.37346631628, 4.12500003222, 0.00000000000, -0.00000000004, 0.00000000274
519, 50.00000000000, 481.04102582467, 71.32676370510, 4.12500003222, 0.00000000000, -0.00000000102, 0.00000000463
520, 50.00000000000, 502.71693593045, 77.66408001121, 4.12500003222, 0.00000000000, -0.00000000124, 0.00000000078
521, 50.00000000000, 514.44921544232, 80.84002950092, 4.12500003222, 0.00000000000, 0.00000000056, -0.00000000009
522, 50.00000000000, 528.08933287270, 76.42488552225, 4.12500003222, 0.00000000000, 0.00000000026, -0.00000000204
523, 50.00000000000, 547.72845254404, 92.58078265423, 4.12500003222, 0.00000000000, -0.00000000020, 0.00000000109
524, 50.00000000000, 553.15070749837, 78.60930389743, 4.12500003222, 0.00000000000, 0.00000000315, -0.00000000196
525, 50.00000000000, 563.71671541132, 55.40762805229, 4.12500003222, 0.00000000000, 0.00000000120, 0.00000000007
526, 50.00000000000, 577.81273135487, 73.23850432797, 4.12500003222, 0.00000000000, 0.00000000099, 0.00000000604
527, 50.00000000000, 589.37877218648, 78.29468438361, 4.12500003222, 0.00000000000, -0.00000000041, -0.00000000130
528, 50.00000000000, 597.05371160773, 61.32972190294, 4.12500003222, 0.00000000000, 0.00000000056, -0.00000000639
529, 50.00000000000, 613.84946727815, 77.72897243797, 4.12500003222, 0.00000000000, -0.00000000072, 0.00000000347
530, 50.00000000000, 622.82233237769, 64.64662928231, 4.12500003222, 0.00000000000, 0.00000000292, 0.00000000995
531, 50.00000000000, 638.47506579608, 83.53415372878, 4.12500003222, 0.00000000000, 0.00000000129, 0.00000000202
532, 50.00000000000, 649.11331752323, 66.39165779121, 4.12500003222, 0.00000000000, 0.00000000016, -0.00000000434
533, 50.00000000000, 659.23918800838, 66.33946043153, 4.12500003222, 0.00000000000, 0.00000000207, 0.00000000231
534, 50.00000000000, 671.64737386415, 87.14882257588, 4.12500003222, 0.00000000000, -0.00000000106, -0.00000000065
535, 50.00000000000, 692.29253931035, 56.18780209716, 4.12500003222, 0.00000000000, 0.00000000064, 0.00000000542
536, 50.00000000000, 698.86621026807, 64.62263955140, 4.12500003222, 0.00000000000, -0.00000000089, 0.00000000184
537, 50.00000000000, 709.44926854638, 78.92258653333, 4.12500003222, 0.00000000000, -0.00000000028, -0.00000000185
538, 50.00000000000, 717.43005950326, 45.28302654048, 4.12500003222, 0.00000000000, -0.00000000075, 0.00000000654
539, 50.00000000000, 732.23476419246, 81.87011364438, 4.12500003222, 0.00000000000, -0.00000000043, 0.00000000221
540, 50.00000000000, 743.09471642637, 74.67841682753, 4.12500003222, 0.00000000000, -0.00000000054, -0.00000000025
541, 50.00000000000, 756.99501670980, 81.49734705664, 4.12500003222, 0.00000000000, -0.00000000037, 0.00000000339
542, 50.00000000000, 768.76122282191, 76.65893003623, 4.12500003222, 0.00000000000, 0.00000000041, -0.00000000077
543, 50.00000000000, 779.53599761632, 67.19756415675, 4.12500003222, 0.00000000000, 0.00000000042, 0.00000000535
544, 50.00000000000, 799.44718091621, 52.02081689192, 4.12500003222, 0.00000000000, 0.00000000062, -0.00000000256
545, 50.00000000000, 802.60658686572, 62.98039239066, 4.12500003222, 0.00000000000, -0.00000000084, 0.00000000279
546, 50.00000000000, 816.17458636317, 84.45515301474, 4.12500003222, 0.00000000000, -0.00000000291, 0.00000000081
547, 50.00000000000, 827.24186471565, 68.86747149162, 4.12500003222, 0.00000000000, 0.00000000025, 0.00000000051
548, 50.00000000000, 848.54761395277, 62.56473945077, 4.12500003222, 0.00000000000, -0.00000000191, -0.00000000465
549, 50.00000000000, 857.86687097867, 62.21680422536, 4.12500003222, 0.00000000000, -0.00000000171, -0.00000000647
550, 50.00000000000, 861.74297757638, 68.68584900139, 4.12500003222, 0.00000000000, 0.00000000005, 0.00000000894
551, 50.00000000000, 873.80990393888, 66.35854078395, 4.12500003222, 0.00000000000, 0.00000000038, -0.00000000350
552, 50.00000000000, 885.64776278091, 81.12487152056, 4.12500003222, 0.00000000000, 0.00000000004, 0.00000000535
553, 50.00000000000, 904.62028859279, 62.36748102651, 4.12500003222, 0.00000000000, -0.00000000066, 0.00000000162
554, 50.00000000000, 908.14096874927, 72.45372804009, 4.12500003222, 0.00000000000, -0.00000000011, 0.00000000283
555, 50.00000000000, 921.11267274600, 75.63955926475, 4.12500003222, 0.00000000000, -0.00000000018, 0.00000000239
556, 50.00000000000, 931.73141750494, 35.36239878798, 4.12500003222, 0.00000000000, 0.00000000156, -0.00000000069
557, 50.00000000000, 940.73185162375, 36.95050297091, 4.12500003222, 0.00000000000, 0.00000000068, -0.00000000054
558, 50.00000000000, 957.89511597964, 53.81307189198, 4.12500003222, 0.00000000000, 0.00000000114, 0.00000000501
559, 50.00000000000, 964.98919889090, 62.09497706308, 4.12500003222, 0.00000000000, 0.00000000046, -0.00000000348
560, 50.00000000000, 20.15488162658, 63.16030694995, 4.12500003222, 0.00000000000, 0.00000000106, 0.00000000257
561, 50.00000000000, 33.13250221735, 73.26972176314, 4.12500003222, 0.00000000000, -0.00000000113, -0.00000000278
562, 50.00000000000, 42.48194002678, 79.61714062087, 4.12500003222, 0.00000000000, 0.00000000139, -0.00000000051
563, 50.00000000000, 60.89313348450, 49.19794679909, 4.12500003222, 0.00000000000, 0.00000000422, -0.00000000086
564, 50.00000000000, 66.68883761277, 69.05296143765, 4.12500003222, 0.00000000000, -0.00000000104, 0.00000000266
565, 50.00000000000, 77.53115291760, 67.82838846463, 4.12500003222, 0.00000000000, 0.00000000121, 0.00000000281
566, 50.00000000000, 90.08301846730, 67.90741458541, 4.12500003222, 0.00000000000, 0.00000000060, 0.00000000626
567, 50.00000000000, 102.10259427497, 92.01312374302, 4.12500003222, 0.00000000000, -0.00000000160, -0.00000000210
568, 50.00000000000, 112.89511805003, 82.08424812962, 4.12500003222, 0.00000000000, 0.00000000010, -0.00000000324
569, 50.00000000000, 126.82604240546, 84.73182281731, 4.12500003222, 0.00000000000, 0.00000000004, -0.00000000334
570, 50.00000000000, 136.00701658996, 71.30686912270, 4.12500003222, 0.00000000000, -0.00000000015, 0.00000000134
571, 50.00000000000, 147.07002224910, 81.01733800560, 4.12500003222, 0.00000000000, -0.00000000014, 0.00000000297
572, 50.00000000000, 161.54884748670, 76.82305704076, 4.12500003222, 0.00000000000, -0.00000000004, -0.00000000028
573, 50.00000000000, 165.42900130654, 52.11320554634, 4.12500003222, 0.00000000000, 0.00000000103, 0.00000000408
574, 50.00000000000, 184.23446007711, 68.25673850320, 4.12500003222, 0.00000000000, 0.00000000075, -0.00000000350
575, 50.00000000000, 195.02531824114, 74.63340843713, 4.12500003222, 0.00000000000, -0.00000000016, 0.00000000052
576, 50.00000000000, 204.45464720409, 84.29219244501, 4.12500003222, 0.00000000000, -0.00000000125, 0.00000000042
577, 50.00000000000, 219.52705564176, 85.73054044670, 4.12500003222, 0.00000000000, 0.00000000063, -0.00000000077
578, 50.00000000000, 220.10938627356, 73.49046092697, 4.12500003222, 0.00000000000, 0.00000000101, -0.00000000531
579, 50.00000000000, 243.03795265933, 79.96862902483, 4.12500003222, 0.00000000000, 0.00000000233, 0.00000000562
580, 50.00000000000, 253.57744143262, 64.35282666908, 4.12500003222, 0.00000000000, -0.00000000106, -0.00000000021
581, 50.00000000000, 262.45722125231, 86.45368233464, 4.12500003222, 0.00000000000, 0.00000000027, 0.00000000309
582, 50.00000000000, 280.00749162724, 78.94979044590, 4.12500003222, 0.00000000000, 0.00000000030, 0.00000000399
583, 50.00000000000, 286.70624376480, 90.95396268421, 4.12500003222, 0.00000000000, -0.00000000168, 0.00000000295
584, 50.00000000000, 304.20186609283, 73.84191846770, 4.12500003222, 0.00000000000, -0.00000000131, 0.00000000374
585, 50.00000000000, 312.30177139568, 82.84807127746, 4.12500003222, 0.00000000000, -0.00000000056, 0.00000000439
586, 50.00000000000, 326.74627890747, 92.26418313477, 4.12500003222, 0.00000000000, 0.00000000091, 0.00000000485
587, 50.00000000000, 338.82270627134, 85.69792064921, 4.12500003222, 0.00000000000, -0.00000000118, -0.00000000413
588, 50.00000000000, 345.39637121091, 95.81721104848, 4.12500003222, 0.00000000000, 0.00000000028, 0.00000000465
589, 50.00000000000, 364.32162830123, 89.56919155459, 4.12500003222, 0.00000000000, 0.00000000039, -0.00000000226
590, 50.00000000000, 372.33149911924, 72.74748724511, 4.12500003222, 0.00000000000, -0.00000000181, -0.00000000105
591, 50.00000000000, 398.40887949117, 74.34616252832, 4.12500003222, 0.00000000000, 0.00000000075, 0.00000000038
592, 50.00000000000, 391.87341568037, 65.23658956440, 4.12500003222, 0.00000000000, 0.00000000215, 0.00000000009
593, 50.00000000000, 417.37391778323, 87.47648998942, 4.12500003222, 0.00000000000, -0.00000000039, 0.00000000284
594, 50.00000000000, 433.83593033063, 84.95058657953, 4.12500003222, 0.00000000000, -0.00000000078, -0.00000000396
595, 50.00000000000, 447.94993071875, 85.39922740073, 4.12500003222, 0.00000000000, 0.00000000074, -0.00000000301
596, 50.00000000000, 456.01708188885, 73.79600577326, 4.12500003222, 0.00000000000, 0.00000000025, 0.00000000111
597, 50.00000000000, 459.84152337544, 88.98235296808, 4.12500003222, 0.00000000000, 0.00000000037, -0.00000000630
598, 50.00000000000, 474.08769836068, 86.37159464209, 4.12500003222, 0.00000000000, 0.00000000082, -0.00000000398
599, 50.00000000000, 490.10727301328, 83.09426013537, 4.12500003222, 0.00000000000, -0.00000000003, -0.00000000359
600, 50.00000000000, 509.07370884336, 68.79442042247, 4.12500003222, 0.00000000000, -0.00000000075, -0.00000000348
601, 50.00000000000, 521.01119099441, 65.33868579524, 4.12500003222, 0.00000000000, -0.00000000037, -0.00000000176
602, 50.00000000000, 525.64934310136, 90.16694702308, 4.12500003222, 0.00000000000, -0.00000000059, -0.00000000219
603, 50.00000000000, 540.14466284640, 80.23691272662, 4.12500003222, 0.00000000000, -0.00000000058, 0.00000000476
604, 50.00000000000, 543.48775099782, 71.04143651480, 4.12500003222, 0.00000000000, 0.00000000336, -0.00000000555
605, 50.00000000000, 565.06717318659, 87.94608994591, 4.12500003222, 0.00000000000, -0.00000000092, -0.00000000411
606, 50.00000000000, 582.78852077612, 90.12443563684, 4.12500003222, 0.00000000000, 0.00000000005, -0.00000000098
607, 50.00000000000, 585.82010203033, 63.77740638244, 4.12500003222, 0.00000000000, -0.00000000056, 0.00000000789
608, 50.00000000000, 598.83032592255, 69.54724398084, 4.12500003222, 0.00000000000, -0.00000000022, 0.00000000915
609, 50.00000000000, 606.83069248563, 60.71898001827, 4.12500003222, 0.00000000000, -0.00000000119, -0.00000000775
610, 50.00000000000, 626.07783712609, 90.91649296848, 4.12500003222, 0.00000000000, -0.00000000061, -0.00000000144
611, 50.00000000000, 635.99207238703, 71.93069015458, 4.12500003222, 0.00000000000, -0.00000000150, -0.00000000367
612, 50.00000000000, 647.34572541699, 74.52109608465, 4.12500003222, 0.00000000000, -0.00000000089, 0.00000000350
613, 50.00000000000, 660.85181381872, 77.53886142056, 4.12500003222, 0.00000000000, -0.00000000035, -0.00000000437
614, 50.00000000000, 676.09412576825, 64.01990303100, 4.12500003222, 0.00000000000, -0.00000000048, -0.00000000067
615, 50.00000000000, 686.03844948887, 80.98670757093, 4.12500003222, 0.00000000000, -0.00000000037, -0.00000000052
616, 50.00000000000, 697.09417119443, 79.18336894079, 4.12500003222, 0.00000000000, 0.00000000052, -0.00000000624
617, 50.00000000000, 708.94097760805, 68.21109674884, 4.12500003222, 0.00000000000, -0.00000000031, -0.00000000453
618, 50.00000000000, 718.45985407034, 64.23687145387, 4.12500003222, 0.00000000000, -0.00000000316, -0.00000000473
619, 50.00000000000, 733.02823239361, 67.12969572316, 4.12500003222, 0.00000000000, 0.00000000044, 0.00000000107
620, 50.00000000000, 745.77680700575, 91.61599743278, 4.12500003222, 0.00000000000, -0.00000000139, -0.00000000827
621, 50.00000000000, 755.74943282120, 58.22221988951, 4.12500003222, 0.00000000000, -0.00000000029, -0.00000000612
622, 50.00000000000, 770.11670967988, 92.50292977585, 4.12500003222, 0.00000000000, 0.00000000059, -0.00000000184
623, 50.00000000000, 781.23598832997, 79.15443848345, 4.12500003222, 0.00000000000, 0.00000000063, 0.00000000337
624, 50.00000000000, 793.22769657096, 87.06688348633, 4.12500003222, 0.00000000000, 0.00000000008, -0.00000000065
625, 50.00000000000, 803.78859039388, 75.58236540453, 4.12500003222, 0.00000000000, -0.00000000185, 0.00000000122
626, 50.00000000000, 814.74175537723, 72.53937393661, 4.12500003222, 0.00000000000, -0.00000000068, -0.00000000446
627, 50.00000000000, 828.31589373622, 80.31650256511, 4.12500003222, 0.00000000000, 0.00000000098, 0.00000000038
628, 50.00000000000, 842.95083900943, 86.47425021126, 4.12500003222, 0.00000000000, 0.00000000089, -0.00000000420
629, 50.00000000000, 850.34255423807, 72.73016446441, 4.12500003222, 0.00000000000, -0.00000000181, 0.00000000688
630, 50.00000000000, 860.81506428140, 85.03918835420, 4.12500003222, 0.00000000000, 0.00000000015, -0.00000000058
631, 50.00000000000, 871.72501241352, 76.32807053807, 4.12500003222, 0.00000000000, -0.00000000071, 0.00000000333
632, 50.00000000000, 882.48022589054, 70.33966726779, 4.12500003222, 0.00000000000, 0.00000000144, 0.00000000249
633, 50.00000000000, 896.46953506944, 73.80659223405, 4.12500003222, 0.00000000000, 0.00000000048, -0.00000000013
634, 50.00000000000, 910.47603745713, 88.13120231550, 4.12500003222, 0.00000000000, -0.00000000050, -0.00000000243
635, 50.00000000000, 928.12744984934, 58.20579406218, 4.12500003222, 0.00000000000, 0.00000000150, 0.00000000790
636, 50.00000000000, 932.90644794737, 83.12727764344, 4.12500003222, 0.00000000000, -0.00000000014, -0.00000000023
637, 50.00000000000, 946.47294328454, 78.78252358700, 4.12500003222, 0.00000000000, 0.00000000060, -0.00000000381
638, 50.00000000000, 953.99255255434, 66.70996384906, 4.12500003222, 0.00000000000, -0.00000000173, 0.00000000165
639, 50.00000000000, 963.60163378377, 79.86967238918, 4.12500003222, 0.00000000000, -0.00000000038, -0.00000000169
