0, 50.00000000000, 22.25283985331, 29.31183106502, 4.12500003222, 0.00000000000, -0.00000000056, 0.00000000610
1, 50.00000000000, 28.45220418772, 7.83748647658, 4.12500003222, 0.00000000000, -0.00000000193, -0.00000000650
2, 50.00000000000, 38.86341078382, 13.37475766105, 4.12500003222, 0.00000000000, -0.00000000033, -0.00000000168
3, 50.00000000000, 49.73882592155, 5.06034374039, 4.12500003222, 0.00000000000, -0.00000000191, -0.00000000242
4, 50.00000000000, 63.57540655643, 9.82890145758, 4.12500003222, 0.00000000000, -0.00000000014, -0.00000000197
5, 50.00000000000, 84.78548795023, 16.24635708664, 4.12500003222, 0.00000000000, -0.00000000061, 0.00000000124
6, 50.00000000000, 90.70627553920, 46.91705195994, 4.12500003222, 0.00000000000, 0.00000000137, 0.00000000665
7, 50.00000000000, 97.04275785428, 17.20509096707, 4.12500003222, 0.00000000000, 0.00000000095, -0.00000000269
8, 50.00000000000, 119.61909022372, 6.25305775046, 4.12500003222, 0.00000000000, -0.00000000020, 0.00000000327
9, 50.00000000000, 130.90063480935, 26.73862902171, 4.12500003222, 0.00000000000, 0.00000000024, -0.00000000088
10, 50.00000000000, 138.88567105862, 2.97154994029, 4.12500003222, 0.00000000000, 0.00000000101, 0.00000000160
11, 50.00000000000, 151.13466680826, 9.80780311559, 4.12500003222, 0.00000000000, 0.00000000038, -0.00000000180
12, 50.00000000000, 162.27881464142, 2.00884314328, 4.12500003222, 0.00000000000, -0.00000000035, -0.00000000285
13, 50.00000000000, 175.71296018168, 4.84409383453, 4.12500003222, 0.00000000000, 0.00000000056, -0.00000000012
14, 50.00000000000, 182.18704542540, 29.97907486095, 4.12500003222, 0.00000000000, -0.00000000141, -0.00000000393
15, 50.00000000000, 201.12675393380, 15.14409299439, 4.12500003222, 0.00000000000, -0.00000000133, -0.00000000372
16, 50.00000000000, 204.71912378185, -30000000.00000000000, 0.00000000000, 0.00000000000, 0.00000009486, 0.03299999918
17, 50.00000000000, 219.09293492740, -30000000.00000000000, 0.00000000000, 0.00000000000, 0.00000008448, 0.03299999918
18, 50.00000000000, 228.78857287060, -30000000.00000000000, 0.00000000000, 0.00000000000, 0.00000001531, 0.03299999918
19, 50.00000000000, 243.31696583898, -30000000.00000000000, 0.00000000000, 0.00000000000, 0.00000002391, 0.03299999918
20, 50.00000000000, 255.43810281775, -30000000.00000000000, 0.00000000000, 0.00000000000, -0.00000000411, 0.03299999918
21, 50.00000000000, 268.50082452287, -30000000.00000000000, 0.00000000000, 0.00000000000, -0.00000004844, 0.03299999918
22, 50.00000000000, 281.57269614084, -30000000.00000000000, 0.00000000000, 0.00000000000, -0.00000007585, 0.03299999918
23, 50.00000000000, 292.26077246215, -30000000.00000000000, 0.00000000000, 0.00000000000, -0.00000005173, 0.03299999918
24, 50.00000000000, 305.59825807436, 23.69521749750, 4.12500003222, 0.00000000000, -0.00000000034, -0.00000000125
25, 50.00000000000, 313.99814093443, -30000000.00000000000, 0.00000000000, 0.00000000000, 0.00000002626, 0.03299999918
26, 50.00000000000, 328.52626138865, -30000000.00000000000, 0.00000000000, 0.00000000000, 0.00000003951, 0.03299999918
27, 50.00000000000, 341.45375933309, 33.18782017590, 4.12500003222, 0.00000000000, -0.00000000121, -0.00000000030
28, 50.00000000000, 354.00748604043, -30000000.00000000000, 0.00000000000, 0.00000000000, 0.00000005919, 0.03299999918
29, 50.00000000000, 364.30591888763, -30000000.00000000000, 0.00000000000, 0.00000000000, 0.00000003861, 0.03299999918
30, 50.00000000000, 376.88758772476, -30000000.00000000000, 0.00000000000, 0.00000000000, -0.00000003531, 0.03299999918
31, 50.00000000000, 391.16405163420, -30000000.00000000000, 0.00000000000, 0.00000000000, -0.00000010932, 0.03299999918
32, 50.00000000000, 393.84615564485, 40.64490641228, 4.12500003222, 0.00000000000, -0.00000000186, 0.00000000385
33, 50.00000000000, 413.12481562178, -30000000.00000000000, 0.00000000000, 0.00000000000, -0.00000003150, 0.03299999918
34, 50.00000000000, 429.73061109473, -30000000.00000000000, 0.00000000000, 0.00000000000, 0.00000007901, 0.03299999918
35, 50.00000000000, 440.52607984046, -30000000.00000000000, 0.00000000000, 0.00000000000, 0.00000001357, 0.03299999918
36, 50.00000000000, 450.32076481376, -30000000.00000000000, 0.00000000000, 0.00000000000, -0.00000000298, 0.03299999918
37, 50.00000000000, 463.26903410759, -30000000.00000000000, 0.00000000000, 0.00000000000, 0.00000006642, 0.03299999918
38, 50.00000000000, 477.03641865617, -30000000.00000000000, 0.00000000000, 0.00000000000, -0.00000000358, 0.03299999918
39, 50.00000000000, 487.56550691550, -30000000.00000000000, 0.00000000000, 0.00000000000, 0.00000002258, 0.03299999918
40, 50.00000000000, 499.55678856819, -30000000.00000000000, 0.00000000000, 0.00000000000, 0.00000002464, 0.03299999918
41, 50.00000000000, 511.50339266680, -30000000.00000000000, 0.00000000000, 0.00000000000, -0.00000002612, 0.03299999918
42, 50.00000000000, 524.06660895846, -30000000.00000000000, 0.00000000000, 0.00000000000, -0.00000000508, 0.03299999918
43, 50.00000000000, 536.44820816830, -30000000.00000000000, 0.00000000000, 0.00000000000, -0.00000001329, 0.03299999918
44, 50.00000000000, 548.14200413581, -30000000.00000000000, 0.00000000000, 0.00000000000, 0.00000004802, 0.03299999918
45, 50.00000000000, 562.70861215722, -30000000.00000000000, 0.00000000000, 0.00000000000, -0.00000004293, 0.03299999918
46, 50.00000000000, 573.53321546941, -30000000.00000000000, 0.00000000000, 0.00000000000, -0.00000000045, 0.03299999918
47, 50.00000000000, 588.29353250769, -30000000.00000000000, 0.00000000000, 0.00000000000, -0.00000003924, 0.03299999918
48, 50.00000000000, 598.51360032447, -30000000.00000000000, 0.00000000000, 0.00000000000, -0.00000005010, 0.03299999918
49, 50.00000000000, 609.19957687096, -30000000.00000000000, 0.00000000000, 0.00000000000, -0.00000001859, 0.03299999918
50, 50.00000000000, 622.44598677824, -30000000.00000000000, 0.00000000000, 0.00000000000, -0.00000000291, 0.03299999918
51, 50.00000000000, 635.07846026535, -30000000.00000000000, 0.00000000000, 0.00000000000, -0.00000000688, 0.03299999918
52, 50.00000000000, 646.17931004209, -30000000.00000000000, 0.00000000000, 0.00000000000, 0.00000000383, 0.03299999918
53, 50.00000000000, 659.28494913315, -30000000.00000000000, 0.00000000000, 0.00000000000, 0.00000004070, 0.03299999918
54, 50.00000000000, 671.43636962384, -30000000.00000000000, 0.00000000000, 0.00000000000, 0.00000005143, 0.03299999918
55, 50.00000000000, 685.30607442787, -30000000.00000000000, 0.00000000000, 0.00000000000, 0.00000001398, 0.03299999918
56, 50.00000000000, 696.60558905238, -30000000.00000000000, 0.00000000000, 0.00000000000, -0.00000001614, 0.03299999918
57, 50.00000000000, 709.08250826185, -30000000.00000000000, 0.00000000000, 0.00000000000, 0.00000001885, 0.03299999918
58, 50.00000000000, 719.03309055089, -30000000.00000000000, 0.00000000000, 0.00000000000, -0.00000006950, 0.03299999918
59, 50.00000000000, 734.11893149716, -30000000.00000000000, 0.00000000000, 0.00000000000, -0.00000004912, 0.03299999918
60, 50.00000000000, 742.44454531674, 8.21004873762, 4.12500003222, 0.00000000000, 0.00000000168, 0.00000000498
61, 50.00000000000, 755.38050452192, -30000000.00000000000, 0.00000000000, 0.00000000000, 0.00000002911, 0.03299999918
62, 50.00000000000, 768.52187005603, -30000000.00000000000, 0.00000000000, 0.00000000000, 0.00000010234, 0.03299999918
63, 50.00000000000, 780.90728870410, -30000000.00000000000, 0.00000000000, 0.00000000000, -0.00000006450, 0.03299999918
64, 50.00000000000, 796.03674497219, -30000000.00000000000, 0.00000000000, 0.00000000000, -0.00000014219, 0.03299999918
65, 50.00000000000, 803.01563074788, 14.68137183624, 4.12500003222, 0.00000000000, -0.00000000025, -0.00000000119
66, 50.00000000000, 817.41002801767, 13.22691475949, 4.12500003222, 0.00000000000, 0.00000000106, 0.00000000795
67, 50.00000000000, 829.82977682675, 17.34452667106, 4.12500003222, 0.00000000000, -0.00000000060, -0.00000000244
68, 50.00000000000, 840.62134234172, 6.98172703273, 4.12500003222, 0.00000000000, 0.00000000054, -0.00000000271
69, 50.00000000000, 852.61337764627, 7.49642626844, 4.12500003222, 0.00000000000, 0.00000000074, -0.00000000425
70, 50.00000000000, 864.17510502660, 18.08765371659, 4.12500003222, 0.00000000000, 0.00000000119, 0.00000000372
71, 50.00000000000, 877.57459170542, 28.32095959870, 4.12500003222, 0.00000000000, -0.00000000277, -0.00000000084
72, 50.00000000000, 887.27288181422, 20.17767630241, 4.12500003222, 0.00000000000, -0.00000000187, -0.00000000306
73, 50.00000000000, 893.51960415477, 37.62980402725, 4.12500003222, 0.00000000000, -0.00000000144, -0.00000000260
74, 50.00000000000, 921.51482300413, 18.53986404176, 4.12500003222, 0.00000000000, -0.00000000132, -0.00000000048
75, 50.00000000000, 917.15239590520, 39.59297085097, 4.12500003222, 0.00000000000, 0.00000000116, 0.00000000060
76, 50.00000000000, 931.79662597923, 17.11014003013, 4.12500003222, 0.00000000000, -0.00000000196, 0.00000001031
77, 50.00000000000, 945.02329469744, 6.31598367019, 4.12500003222, 0.00000000000, 0.00000000009, -0.00000000214
78, 50.00000000000, 955.42756541051, 13.19596001757, 4.12500003222, 0.00000000000, 0.00000000114, 0.00000000292
79, 50.00000000000, 949.15121589008, 38.82050259079, 4.12500003222, 0.00000000000, 0.00000000264, -0.00000000366
80, 50.00000000000, 13.57921735531, 15.41465290577, 4.12500003222, 0.00000000000, -0.00000000041, 0.00000000084
81, 50.00000000000, 36.31958408245, 39.06357447018, 4.12500003222, 0.00000000000, -0.00000000058, -0.00000001032
82, 50.00000000000, 44.93690744744, 38.18062266966, 4.12500003222, 0.00000000000, 0.00000000103, -0.00000000449
83, 50.00000000000, 52.61084516723, 16.02133042682, 4.12500003222, 0.00000000000, 0.00000000058, 0.00000000046
84, 50.00000000000, 76.18214144187, 26.85983830831, 4.12500003222, 0.00000000000, -0.00000000134, -0.00000000335
85, 50.00000000000, 70.38361558746, 19.11800399237, 4.12500003222, 0.00000000000, -0.00000000166, -0.00000000093
86, 50.00000000000, 87.07409576800, 3.79137389514, 4.12500003222, 0.00000000000, 0.00000000005, -0.00000000270
87, 50.00000000000, 100.46916163222, 3.79237299923, 4.12500003222, 0.00000000000, -0.00000000159, 0.00000000109
88, 50.00000000000, 118.66036399508, 19.25718545012, 4.12500003222, 0.00000000000, 0.00000000062, 0.00000000531
89, 50.00000000000, 115.24279536058, 34.41570825107, 4.12500003222, 0.00000000000, 0.00000000095, -0.00000000239
90, 50.00000000000, 130.58496995248, 13.77806692856, 4.12500003222, 0.00000000000, -0.00000000043, 0.00000000524
91, 50.00000000000, 155.24087493514, 22.36491754030, 4.12500003222, 0.00000000000, 0.00000000093, 0.00000000446
92, 50.00000000000, 163.49907965197, 13.50282292002, 4.12500003222, 0.00000000000, 0.00000000092, 0.00000000228
93, 50.00000000000, 175.85638768627, 17.00790362557, 4.12500003222, 0.00000000000, 0.00000000131, 0.00000000558
94, 50.00000000000, 187.30428059123, 9.01848056445, 4.12500003222, 0.00000000000, 0.00000000110, 0.00000000314
95, 50.00000000000, 188.57092620609, 37.37554831273, 4.12500003222, 0.00000000000, 0.00000000081, -0.00000000473
96, 50.00000000000, 206.94617872605, -30000000.00000000000, 0.00000000000, 0.00000000000, 0.00000007650, 0.03299999918
97, 50.00000000000, 218.70370320720, -30000000.00000000000, 0.00000000000, 0.00000000000, 0.00000009006, 0.03299999918
98, 50.00000000000, 230.30830145449, -30000000.00000000000, 0.00000000000, 0.00000000000, -0.00000001429, 0.03299999918
99, 50.00000000000, 242.93042466051, -30000000.00000000000, 0.00000000000, 0.00000000000, 0.00000003087, 0.03299999918
100, 50.00000000000, 253.89683729964, -30000000.00000000000, 0.00000000000, 0.00000000000, 0.00000002423, 0.03299999918
101, 50.00000000000, 264.42375895467, -30000000.00000000000, 0.00000000000, 0.00000000000, 0.00000002752, 0.03299999918
102, 50.00000000000, 278.97678019251, -30000000.00000000000, 0.00000000000, 0.00000000000, -0.00000003711, 0.03299999918
103, 50.00000000000, 291.69060666394, -30000000.00000000000, 0.00000000000, 0.00000000000, -0.00000004257, 0.03299999918
104, 50.00000000000, 303.68448589982, -30000000.00000000000, 0.00000000000, 0.00000000000, -0.00000002665, 0.03299999918
105, 50.00000000000, 317.46338732642, -30000000.00000000000, 0.00000000000, 0.00000000000, 0.00000002010, 0.03299999918
106, 50.00000000000, 330.41807976576, 27.27901615419, 4.12500003222, 0.00000000000, -0.00000000076, 0.00000000120
107, 50.00000000000, 340.91082339979, -30000000.00000000000, 0.00000000000, 0.00000000000, 0.00000004020, 0.03299999918
108, 50.00000000000, 345.02766604789, 45.36881652712, 4.12500003222, 0.00000000000, -0.00000000037, 0.00000000335
109, 50.00000000000, 367.76406112429, 35.09596779158, 4.12500003222, 0.00000000000, -0.00000000017, 0.00000000239
110, 50.00000000000, 379.76014018530, -30000000.00000000000, 0.00000000000, 0.00000000000, -0.00000003562, 0.03299999918
111, 50.00000000000, 389.84297862288, -30000000.00000000000, 0.00000000000, 0.00000000000, -0.00000008950, 0.03299999918
112, 50.00000000000, 402.03531288153, 33.23170221259, 4.12500003222, 0.00000000000, -0.00000000029, -0.00000000524
113, 50.00000000000, 416.33890789277, 28.26218591920, 4.12500003222, 0.00000000000, 0.00000000028, -0.00000000163
114, 50.00000000000, 419.70408123879, 44.07494640627, 4.12500003222, 0.00000000000, 0.00000000054, 0.00000000383
115, 50.00000000000, 433.83539544281, 23.99845726206, 4.12500003222, 0.00000000000, 0.00000000135, 0.00000000471
116, 50.00000000000, 452.86283223577, 42.94869243531, 4.12500003222, 0.00000000000, -0.00000000006, -0.00000000522
117, 50.00000000000, 464.55964283995, -30000000.00000000000, 0.00000000000, 0.00000000000, 0.00000004526, 0.03299999918
118, 50.00000000000, 475.33358816619, -30000000.00000000000, 0.00000000000, 0.00000000000, 0.00000003258, 0.03299999918
119, 50.00000000000, 488.06265798008, -30000000.00000000000, 0.00000000000, 0.00000000000, 0.00000001403, 0.03299999918
120, 50.00000000000, 499.75394785896, -30000000.00000000000, 0.00000000000, 0.00000000000, 0.00000002078, 0.03299999918
121, 50.00000000000, 512.77654479015, -30000000.00000000000, 0.00000000000, 0.00000000000, -0.00000001021, 0.03299999918
122, 50.00000000000, 518.68554665516, -30000000.00000000000, 0.00000000000, 0.00000000000, 0.00000000735, 0.03299999918
123, 50.00000000000, 540.40000994783, -30000000.00000000000, 0.00000000000, 0.00000000000, -0.00000004052, 0.03299999918
124, 50.00000000000, 550.38274235761, -30000000.00000000000, 0.00000000000, 0.00000000000, 0.00000000514, 0.03299999918
125, 50.00000000000, 564.32677252104, 47.25390143826, 4.12500003222, 0.00000000000, 0.00000000038, 0.00000000260
126, 50.00000000000, 573.85806850424, -30000000.00000000000, 0.00000000000, 0.00000000000, -0.00000000550, 0.03299999918
127, 50.00000000000, 583.82488340012, 31.09947077523, 4.12500003222, 0.00000000000, 0.00000000077, 0.00000000018
128, 50.00000000000, 597.41515280285, 42.32034083547, 4.12500003222, 0.00000000000, -0.00000000063, -0.00000000142
129, 50.00000000000, 618.95172836165, 27.68787328622, 4.12500003222, 0.00000000000, 0.00000000035, 0.00000000231
130, 50.00000000000, 622.29399348533, -30000000.00000000000, 0.00000000000, 0.00000000000, -0.00000000100, 0.03299999918
131, 50.00000000000, 632.22171197830, 28.85127627811, 4.12500003222, 0.00000000000, -0.00000000022, 0.00000000464
132, 50.00000000000, 647.40977091523, -30000000.00000000000, 0.00000000000, 0.00000000000, -0.00000001145, 0.03299999918
133, 50.00000000000, 656.92035201448, 30.90301635507, 4.12500003222, 0.00000000000, -0.00000000158, 0.00000000062
134, 50.00000000000, 668.84537742025, -30000000.00000000000, 0.00000000000, 0.00000000000, 0.00000009594, 0.03299999918
135, 50.00000000000, 683.31079081760, 36.62513714373, 4.12500003222, 0.00000000000, 0.00000000109, -0.00000000522
136, 50.00000000000, 696.70151116269, -30000000.00000000000, 0.00000000000, 0.00000000000, -0.00000001758, 0.03299999918
137, 50.00000000000, 708.90944981075, 46.07795442017, 4.12500003222, 0.00000000000, -0.00000000082, 0.00000000246
138, 50.00000000000, 719.88511286716, -30000000.00000000000, 0.00000000000, 0.00000000000, -0.00000008207, 0.03299999918
139, 50.00000000000, 734.24579729043, -30000000.00000000000, 0.00000000000, 0.00000000000, -0.00000005080, 0.03299999918
140, 50.00000000000, 749.78621993382, 43.83088904071, 4.12500003222, 0.00000000000, 0.00000000078, -0.00000000354
141, 50.00000000000, 756.76770196647, -30000000.00000000000, 0.00000000000, 0.00000000000, 0.00000000589, 0.03299999918
142, 50.00000000000, 771.28945188084, 31.08710803306, 4.12500003222, 0.00000000000, 0.00000000061, 0.00000000330
143, 50.00000000000, 787.53710242379, 18.12176933426, 4.12500003222, 0.00000000000, -0.00000000025, -0.00000000694
144, 50.00000000000, 797.52328404652, 26.72344261238, 4.12500003222, 0.00000000000, -0.00000000068, 0.00000000310
145, 50.00000000000, 809.10362298410, 3.98320612341, 4.12500003222, 0.00000000000, -0.00000000159, -0.00000000206
146, 50.00000000000, 822.24846851890, 24.65175725614, 4.12500003222, 0.00000000000, 0.00000000040, 0.00000000064
147, 50.00000000000, 827.21326668789, 6.45615052224, 4.12500003222, 0.00000000000, -0.00000000028, -0.00000000031
148, 50.00000000000, 841.46382112678, 16.41738365260, 4.12500003222, 0.00000000000, 0.00000000058, 0.00000000488
149, 50.00000000000, 853.61592628304, 27.97740504340, 4.12500003222, 0.00000000000, -0.00000000031, 0.00000000026
150, 50.00000000000, 863.69990911109, 29.42094385775, 4.12500003222, 0.00000000000, 0.00000000037, -0.00000000468
151, 50.00000000000, 866.09819820180, 5.06695239370, 4.12500003222, 0.00000000000, -0.00000000095, 0.00000000178
152, 50.00000000000, 885.10716853519, 5.41907990831, 4.12500003222, 0.00000000000, 0.00000000072, 0.00000000057
153, 50.00000000000, 908.89295421359, 18.19680471610, 4.12500003222, 0.00000000000, 0.00000000021, -0.00000000513
154, 50.00000000000, 908.25123404127, 4.48875690475, 4.12500003222, 0.00000000000, -0.00000000053, 0.00000000434
155, 50.00000000000, 909.96970441628, 31.07259919217, 4.12500003222, 0.00000000000, -0.00000000148, 0.00000000035
156, 50.00000000000, 920.20525187647, 6.37139283771, 4.12500003222, 0.00000000000, -0.00000000118, 0.00000000478
157, 50.00000000000, 932.54224061403, 7.16720036796, 4.12500003222, 0.00000000000, -0.00000000083, -0.00000000102
158, 50.00000000000, 940.95713155363, 40.17360636891, 4.12500003222, 0.00000000000, -0.00000000417, 0.00000000793
159, 50.00000000000, 972.70904123768, 41.35843634835, 4.12500003222, 0.00000000000, 0.00000000009, 0.00000000289
160, 50.00000000000, 7.88575638455, 35.36662938691, 4.12500003222, 0.00000000000, -0.00000000077, -0.00000000154
161, 50.00000000000, 27.80748556324, 19.60041291701, 4.12500003222, 0.00000000000, 0.00000000076, -0.00000000175
162, 50.00000000000, 43.85925466173, 21.76518263375, 4.12500003222, 0.00000000000, -0.00000000041, 0.00000000792
163, 50.00000000000, 60.59497391202, 35.60533882522, 4.12500003222, 0.00000000000, -0.00000000205, -0.00000000312
164, 50.00000000000, 60.30833157619, 24.71620524684, 4.12500003222, 0.00000000000, 0.00000000012, 0.00000000283
165, 50.00000000000, 85.16556305926, 27.20607435219, 4.12500003222, 0.00000000000, 0.00000000107, -0.00000000300
166, 50.00000000000, 75.23384539010, 7.08368114396, 4.12500003222, 0.00000000000, 0.00000000030, -0.00000000237
167, 50.00000000000, 94.06885931608, 26.48330480080, 4.12500003222, 0.00000000000, 0.00000000101, 0.00000000296
168, 50.00000000000, 108.13448259757, 41.60398698095, 4.12500003222, 0.00000000000, 0.00000000084, -0.00000000338
169, 50.00000000000, 124.34598290449, 33.04210940251, 4.12500003222, 0.00000000000, -0.00000000036, 0.00000000023
170, 50.00000000000, 142.78111647073, 17.43037339659, 4.12500003222, 0.00000000000, -0.00000000127, -0.00000000566
171, 50.00000000000, 148.04199116416, 41.94909863680, 4.12500003222, 0.00000000000, -0.00000000012, 0.00000000728
172, 50.00000000000, 157.57848849253, 34.36166685568, 4.12500003222, 0.00000000000, -0.00000000046, 0.00000000166
173, 50.00000000000, 162.94155993810, 39.61831305343, 4.12500003222, 0.00000000000, 0.00000000125, -0.00000000062
174, 50.00000000000, 189.16023679080, 23.21413096581, 4.12500003222, 0.00000000000, -0.00000000323, -0.00000000128
175, 50.00000000000, 198.27633676430, 63.09652407011, 4.12500003222, 0.00000000000, 0.00000000068, -0.00000001225
176, 50.00000000000, 207.20458227951, -30000000.00000000000, 0.00000000000, 0.00000000000, 0.00000007450, 0.03299999918
177, 50.00000000000, 211.96079843221, 48.17311832290, 4.12500003222, 0.00000000000, -0.00000000010, 0.00000000297
178, 50.00000000000, 224.91697107160, 23.56600637357, 4.12500003222, 0.00000000000, -0.00000000125, -0.00000000082
179, 50.00000000000, 244.65984944092, -30000000.00000000000, 0.00000000000, 0.00000000000, -0.00000000026, 0.03299999918
180, 50.00000000000, 243.04116502456, 57.00894740923, 4.12500003222, 0.00000000000, -0.00000000066, 0.00000000252
181, 50.00000000000, 269.10845200211, -30000000.00000000000, 0.00000000000, 0.00000000000, -0.00000005971, 0.03299999918
182, 50.00000000000, 282.09100706772, 30.94367762411, 4.12500003222, 0.00000000000, -0.00000000026, -0.00000000276
183, 50.00000000000, 283.04678481210, 17.68002478535, 4.12500003222, 0.00000000000, -0.00000000085, -0.00000000386
184, 50.00000000000, 295.12052752534, 27.45791802953, 4.12500003222, 0.00000000000, 0.00000000158, -0.00000000237
185, 50.00000000000, 319.00017617152, 41.29302270018, 4.12500003222, 0.00000000000, 0.00000000199, 0.00000000642
186, 50.00000000000, 320.10796495199, 15.63881077290, 4.12500003222, 0.00000000000, -0.00000000030, 0.00000000424
187, 50.00000000000, 343.82367767245, -30000000.00000000000, 0.00000000000, 0.00000000000, 0.00000003867, 0.03299999918
188, 50.00000000000, 354.03126216487, 36.21929494982, 4.12500003222, 0.00000000000, -0.00000000109, 0.00000000018
189, 50.00000000000, 368.84347209594, -30000000.00000000000, 0.00000000000, 0.00000000000, 0.00000002560, 0.03299999918
190, 50.00000000000, 371.55174656996, 50.17909711747, 4.12500003222, 0.00000000000, -0.00000000129, -0.00000000138
191, 50.00000000000, 389.13797065634, -30000000.00000000000, 0.00000000000, 0.00000000000, -0.00000007914, 0.03299999918
192, 50.00000000000, 411.15910746005, 38.14842550092, 4.12500003222, 0.00000000000, -0.00000000001, 0.00000000410
193, 50.00000000000, 414.91017905654, 70.14669966290, 4.12500003222, 0.00000000000, 0.00000000171, -0.00000000250
194, 50.00000000000, 423.32086696590, -30000000.00000000000, 0.00000000000, 0.00000000000, 0.00000005755, 0.03299999918
195, 50.00000000000, 442.42927619270, 34.14505073668, 4.12500003222, 0.00000000000, -0.00000000028, 0.00000000459
196, 50.00000000000, 450.58886988162, -30000000.00000000000, 0.00000000000, 0.00000000000, -0.00000000758, 0.03299999918
197, 50.00000000000, 457.43101822316, -30000000.00000000000, 0.00000000000, 0.00000000000, 0.00000002661, 0.03299999918
198, 50.00000000000, 484.61549287203, 32.52827636011, 4.12500003222, 0.00000000000, -0.00000000162, 0.00000000214
199, 50.00000000000, 496.07966172898, 54.11643630462, 4.12500003222, 0.00000000000, -0.00000000216, -0.00000000319
200, 50.00000000000, 503.94495057935, -30000000.00000000000, 0.00000000000, 0.00000000000, -0.00000006215, 0.03299999918
201, 50.00000000000, 511.41231706059, 34.15640157793, 4.12500003222, 0.00000000000, 0.00000000015, 0.00000000313
202, 50.00000000000, 526.12302968527, -30000000.00000000000, 0.00000000000, 0.00000000000, -0.00000004692, 0.03299999918
203, 50.00000000000, 538.50667520794, 39.44140016570, 4.12500003222, 0.00000000000, 0.00000000032, 0.00000000135
204, 50.00000000000, 548.90576725372, 47.54049835313, 4.12500003222, 0.00000000000, -0.00000000005, -0.00000000381
205, 50.00000000000, 558.94771264613, -30000000.00000000000, 0.00000000000, 0.00000000000, -0.00000001469, 0.03299999918
206, 50.00000000000, 572.90135882401, 37.69837606404, 4.12500003222, 0.00000000000, 0.00000000114, 0.00000000008
207, 50.00000000000, 585.55069563403, 45.13859106335, 4.12500003222, 0.00000000000, -0.00000000283, 0.00000000127
208, 50.00000000000, 601.28882384015, 51.56516006927, 4.12500003222, 0.00000000000, -0.00000000103, 0.00000000612
209, 50.00000000000, 612.07636886657, 46.38581248263, 4.12500003222, 0.00000000000, 0.00000000230, 0.00000000446
210, 50.00000000000, 623.46190483345, 41.90998059254, 4.12500003222, 0.00000000000, 0.00000000030, -0.00000000136
211, 50.00000000000, 634.20506485036, 44.08943579645, 4.12500003222, 0.00000000000, -0.00000000293, -0.00000000573
212, 50.00000000000, 645.52572518784, 37.12806734352, 4.12500003222, 0.00000000000, -0.00000000160, -0.00000000803
213, 50.00000000000, 659.98316980480, 43.98288242587, 4.12500003222, 0.00000000000, -0.00000000067, 0.00000000099
214, 50.00000000000, 675.71399401798, 49.40141959799, 4.12500003222, 0.00000000000, -0.00000000011, 0.00000000244
215, 50.00000000000, 686.73572500375, -30000000.00000000000, 0.00000000000, 0.00000000000, -0.00000000669, 0.03299999918
216, 50.00000000000, 695.20104340144, -30000000.00000000000, 0.00000000000, 0.00000000000, 0.00000000497, 0.03299999918
217, 50.00000000000, 705.99048774219, -30000000.00000000000, 0.00000000000, 0.00000000000, 0.00000007785, 0.03299999918
218, 50.00000000000, 717.01943805187, 28.23405853569, 4.12500003222, 0.00000000000, -0.00000000182, -0.00000000400
219, 50.00000000000, 730.94940716283, -30000000.00000000000, 0.00000000000, 0.00000000000, -0.00000000746, 0.03299999918
220, 50.00000000000, 747.03334380897, 26.68564622521, 4.12500003222, 0.00000000000, 0.00000000052, -0.00000000310
221, 50.00000000000, 762.74258707071, 19.19901206195, 4.12500003222, 0.00000000000, -0.00000000202, -0.00000000277
222, 50.00000000000, 779.19611174946, 42.82390145136, 4.12500003222, 0.00000000000, 0.00000000173, -0.00000000622
223, 50.00000000000, 782.03370722991, -30000000.00000000000, 0.00000000000, 0.00000000000, -0.00000007945, 0.03299999918
224, 50.00000000000, 791.97734390351, -30000000.00000000000, 0.00000000000, 0.00000000000, -0.00000009745, 0.03299999918
225, 50.00000000000, 809.25194702370, 25.12324296236, 4.12500003222, 0.00000000000, -0.00000000026, 0.00000000136
226, 50.00000000000, 820.21414098992, 40.53187373602, 4.12500003222, 0.00000000000, 0.00000000256, 0.00000000973
227, 50.00000000000, 831.60335047601, 29.70910425999, 4.12500003222, 0.00000000000, 0.00000000176, 0.00000000773
228, 50.00000000000, 839.95290137325, 25.44682723304, 4.12500003222, 0.00000000000, 0.00000000170, 0.00000000928
229, 50.00000000000, 852.76787982607, 41.44953404696, 4.12500003222, 0.00000000000, 0.00000000053, -0.00000000632
230, 50.00000000000, 867.76632041647, 45.49865519152, 4.12500003222, 0.00000000000, 0.00000000140, 0.00000000452
231, 50.00000000000, 870.36495015401, 35.86516203651, 4.12500003222, 0.00000000000, -0.00000000084, 0.00000000054
232, 50.00000000000, 884.57555308706, 44.46747240522, 4.12500003222, 0.00000000000, 0.00000000197, -0.00000000148
233, 50.00000000000, 897.40856118223, 11.50368165464, 4.12500003222, 0.00000000000, 0.00000000107, -0.00000000039
234, 50.00000000000, 900.91857953625, 43.22461549058, 4.12500003222, 0.00000000000, -0.00000000082, -0.00000000356
235, 50.00000000000, 918.06272505972, 27.97094255895, 4.12500003222, 0.00000000000, 0.00000000094, -0.00000000278
236, 50.00000000000, 942.86184900526, 17.83021457712, 4.12500003222, 0.00000000000, 0.00000000091, 0.00000000445
237, 50.00000000000, 932.71677746996, 55.46721170111, 4.12500003222, 0.00000000000, 0.00000000199, 0.00000000307
238, 50.00000000000, 952.24038349536, 25.46899736153, 4.12500003222, 0.00000000000, -0.00000000076, 0.00000000523
239, 50.00000000000, 968.57700801782, 18.10796912387, 4.12500003222, 0.00000000000, -0.00000000228, -0.00000000188
240, 50.00000000000, 34.76306757019, 28.75902352331, 4.12500003222, 0.00000000000, 0.00000000067, 0.00000000114
241, 50.00000000000, 40.38374691730, 49.33792713374, 4.12500003222, 0.00000000000, 0.00000000129, -0.00000000027
242, 50.00000000000, 48.62314563278, 47.28898619570, 4.12500003222, 0.00000000000, 0.00000000065, -0.00000000042
243, 50.00000000000, 56.47855325206, 41.88496497339, 4.12500003222, 0.00000000000, -0.00000000245, -0.00000000206
244, 50.00000000000, 68.79669374803, 32.19897202062, 4.12500003222, 0.00000000000, -0.00000000033, 0.00000000232
245, 50.00000000000, 74.03699391999, 48.55141084828, 4.12500003222, 0.00000000000, 0.00000000066, 0.00000000907
246, 50.00000000000, 90.96032577964, 40.74564771818, 4.12500003222, 0.00000000000, 0.00000000090, -0.00000000675
247, 50.00000000000, 107.95221535870, 13.67368047196, 4.12500003222, 0.00000000000, 0.00000000127, 0.00000000745
248, 50.00000000000, 105.11039216254, 50.16227821520, 4.12500003222, 0.00000000000, 0.00000000049, 0.00000000107
249, 50.00000000000, 124.02425253203, 44.64520319605, 4.12500003222, 0.00000000000, 0.00000000177, -0.00000000391
250, 50.00000000000, 135.68750957194, 40.49121698300, 4.12500003222, 0.00000000000, -0.00000000004, -0.00000000801
251, 50.00000000000, 148.49060815178, 33.21292609734, 4.12500003222, 0.00000000000, -0.00000000218, 0.00000000345
252, 50.00000000000, 156.70230248982, 48.76334406707, 4.12500003222, 0.00000000000, -0.00000000032, -0.00000000029
253, 50.00000000000, 171.93613188722, 43.76310328156, 4.12500003222, 0.00000000000, -0.00000000116, -0.00000000724
254, 50.00000000000, 178.56379218269, 55.44623327182, 4.12500003222, 0.00000000000, -0.00000000060, 0.00000000340
255, 50.00000000000, 198.94106508947, 28.69481358786, 4.12500003222, 0.00000000000, 0.00000000076, -0.00000000043
256, 50.00000000000, 198.08983460227, 39.07567644768, 4.12500003222, 0.00000000000, 0.00000000047, 0.00000000297
257, 50.00000000000, 219.38612543049, 32.99076952206, 4.12500003222, 0.00000000000, -0.00000000066, 0.00000000546
258, 50.00000000000, 231.66727721110, 34.46614207418, 4.12500003222, 0.00000000000, 0.00000000152, 0.00000000135
259, 50.00000000000, 244.10748791097, 22.86209637705, 4.12500003222, 0.00000000000, -0.00000000002, 0.00000000540
260, 50.00000000000, 251.93540951673, 47.10607097994, 4.12500003222, 0.00000000000, 0.00000000020, 0.00000000075
261, 50.00000000000, 269.95957197032, 30.15588745119, 4.12500003222, 0.00000000000, -0.00000000036, 0.00000000180
262, 50.00000000000, 284.52365882229, 40.42660379721, 4.12500003222, 0.00000000000, -0.00000000066, -0.00000000032
263, 50.00000000000, 294.80691750551, 38.54602661780, 4.12500003222, 0.00000000000, -0.00000000034, 0.00000000381
264, 50.00000000000, 298.37424593531, 49.45422813139, 4.12500003222, 0.00000000000, 0.00000000004, -0.00000000427
265, 50.00000000000, 317.77490086604, 31.30250613331, 4.12500003222, 0.00000000000, -0.00000000041, 0.00000000021
266, 50.00000000000, 330.60761187282, 41.33084819994, 4.12500003222, 0.00000000000, 0.00000000077, 0.00000000252
267, 50.00000000000, 339.31719870963, -30000000.00000000000, 0.00000000000, 0.00000000000, 0.00000002105, 0.03299999918
268, 50.00000000000, 350.22907257610, -30000000.00000000000, 0.00000000000, 0.00000000000, 0.00000008433, 0.03299999918
269, 50.00000000000, 360.05462816635, 46.44584001467, 4.12500003222, 0.00000000000, 0.00000000107, 0.00000000650
270, 50.00000000000, 380.01739603038, 58.05786681537, 4.12500003222, 0.00000000000, -0.00000000291, 0.00000000228
271, 50.00000000000, 379.62648006088, 39.26028288812, 4.12500003222, 0.00000000000, 0.00000000080, 0.00000000491
272, 50.00000000000, 403.51918906497, 48.47087641223, 4.12500003222, 0.00000000000, 0.00000000013, -0.00000000115
273, 50.00000000000, 421.73035626008, 60.86003048247, 4.12500003222, 0.00000000000, 0.00000000107, 0.00000000189
274, 50.00000000000, 426.28745583032, -30000000.00000000000, 0.00000000000, 0.00000000000, 0.00000006788, 0.03299999918
275, 50.00000000000, 436.34610907261, 44.40499297020, 4.12500003222, 0.00000000000, -0.00000000017, 0.00000000088
276, 50.00000000000, 450.29812303706, 26.91079318781, 4.12500003222, 0.00000000000, 0.00000000059, -0.00000000604
277, 50.00000000000, 459.81374890822, 32.21200299775, 4.12500003222, 0.00000000000, 0.00000000075, 0.00000000094
278, 50.00000000000, 469.77599912243, 39.24960926252, 4.12500003222, 0.00000000000, 0.00000000119, 0.00000000032
279, 50.00000000000, 486.20762512158, -30000000.00000000000, 0.00000000000, 0.00000000000, 0.00000000190, 0.03299999918
280, 50.00000000000, 497.61540801379, 37.17533334393, 4.12500003222, 0.00000000000, -0.00000000070, -0.00000000441
281, 50.00000000000, 504.89947529060, 46.28116888947, 4.12500003222, 0.00000000000, 0.00000000121, 0.00000000435
282, 50.00000000000, 524.82406742191, 36.21092626363, 4.12500003222, 0.00000000000, 0.00000000009, -0.00000000236
283, 50.00000000000, 539.93064505230, 56.27721863119, 4.12500003222, 0.00000000000, 0.00000000012, -0.00000000174
284, 50.00000000000, 556.24477691755, 56.42708054795, 4.12500003222, 0.00000000000, 0.00000000372, -0.00000000048
285, 50.00000000000, 559.92798752949, 37.85541674603, 4.12500003222, 0.00000000000, -0.00000000116, -0.00000000073
286, 50.00000000000, 574.22182242399, -30000000.00000000000, 0.00000000000, 0.00000000000, -0.00000001117, 0.03299999918
287, 50.00000000000, 584.20420567108, -30000000.00000000000, 0.00000000000, 0.00000000000, -0.00000002407, 0.03299999918
288, 50.00000000000, 596.85847479660, -30000000.00000000000, 0.00000000000, 0.00000000000, -0.00000002341, 0.03299999918
289, 50.00000000000, 615.58933307270, 60.38717965176, 4.12500003222, 0.00000000000, -0.00000000245, 0.00000000293
290, 50.00000000000, 628.04864399428, 54.18696992346, 4.12500003222, 0.00000000000, 0.00000000040, -0.00000000134
291, 50.00000000000, 639.90269242036, 49.79753827845, 4.12500003222, 0.00000000000, -0.00000000071, 0.00000000655
292, 50.00000000000, 649.78509454087, 47.22153096429, 4.12500003222, 0.00000000000, 0.00000000123, -0.00000000088
293, 50.00000000000, 656.94017042296, 67.41859256402, 4.12500003222, 0.00000000000, -0.00000000151, 0.00000000917
294, 50.00000000000, 670.87561887827, 39.88214370357, 4.12500003222, 0.00000000000, 0.00000000086, 0.00000000598
295, 50.00000000000, 691.89817567769, 50.86527458711, 4.12500003222, 0.00000000000, 0.00000000064, -0.00000000008
296, 50.00000000000, 690.67693418372, 26.93673859059, 4.12500003222, 0.00000000000, 0.00000000023, -0.00000000154
297, 50.00000000000, 707.69547817613, 36.49502549142, 4.12500003222, 0.00000000000, 0.00000000003, -0.00000000512
298, 50.00000000000, 725.46295414769, 51.75631384428, 4.12500003222, 0.00000000000, 0.00000000043, 0.00000000255
299, 50.00000000000, 732.68235016384, 43.22438031611, 4.12500003222, 0.00000000000, -0.00000000020, -0.00000000091
300, 50.00000000000, 741.13776798615, 35.28407499251, 4.12500003222, 0.00000000000, -0.00000000077, -0.00000000001
301, 50.00000000000, 756.78833026396, 31.78771887359, 4.12500003222, 0.00000000000, 0.00000000084, 0.00000000610
302, 50.00000000000, 771.87134874826, -30000000.00000000000, 0.00000000000, 0.00000000000, 0.00000005740, 0.03299999918
303, 50.00000000000, 783.51838950023, 28.00177306276, 4.12500003222, 0.00000000000, -0.00000000140, 0.00000000820
304, 50.00000000000, 794.02150893079, 38.81081422461, 4.12500003222, 0.00000000000, -0.00000000160, 0.00000000283
305, 50.00000000000, 805.34761195892, 37.78132620414, 4.12500003222, 0.00000000000, -0.00000000051, -0.00000000327
306, 50.00000000000, 818.85950212766, 33.58284103219, 4.12500003222, 0.00000000000, 0.00000000087, -0.00000000756
307, 50.00000000000, 830.03240402831, 39.49511815376, 4.12500003222, 0.00000000000, 0.00000000071, -0.00000000258
308, 50.00000000000, 845.62323095116, 52.83664311666, 4.12500003222, 0.00000000000, -0.00000000075, -0.00000000108
309, 50.00000000000, 852.45696588488, 17.39184363499, 4.12500003222, 0.00000000000, 0.00000000204, 0.00000000208
310, 50.00000000000, 861.18653438533, 40.29995975720, 4.12500003222, 0.00000000000, -0.00000000012, -0.00000000416
311, 50.00000000000, 875.39682749008, 16.19404746545, 4.12500003222, 0.00000000000, -0.00000000032, 0.00000000371
312, 50.00000000000, 889.09023429827, 74.39399276134, 4.12500003222, 0.00000000000, 0.00000000130, -0.00000000149
313, 50.00000000000, 897.23528164345, 23.17632363330, 4.12500003222, 0.00000000000, 0.00000000003, -0.00000000042
314, 50.00000000000, 901.98241386687, 30.31117963150, 4.12500003222, 0.00000000000, -0.00000000298, 0.00000000301
315, 50.00000000000, 911.94009905096, 62.46074452014, 4.12500003222, 0.00000000000, 0.00000000150, 0.00000000092
316, 50.00000000000, 928.14453083270, 63.76209469973, 4.12500003222, 0.00000000000, 0.00000000131, -0.00000000165
317, 50.00000000000, 939.92307363493, 54.24981060852, 4.12500003222, 0.00000000000, 0.00000000098, -0.00000000154
318, 50.00000000000, 941.76032415482, 30.61077041145, 4.12500003222, 0.00000000000, -0.00000000002, -0.00000000188
319, 50.00000000000, 964.58422036679, 29.82391747967, 4.12500003222, 0.00000000000, -0.00000000125, 0.00000000131
320, 50.00000000000, 20.91324974627, 41.15412307997, 4.12500003222, 0.00000000000, -0.00000000153, -0.00000000166
321, 50.00000000000, 31.45147861800, 46.50618073817, 4.12500003222, 0.00000000000, -0.00000000028, -0.00000000535
322, 50.00000000000, 50.52914481363, 27.41364619773, 4.12500003222, 0.00000000000, -0.00000000206, 0.00000000838
323, 50.00000000000, 57.31767528717, 68.49870157505, 4.12500003222, 0.00000000000, 0.00000000168, 0.00000000052
324, 50.00000000000, 74.45259378072, 41.12386890287, 4.12500003222, 0.00000000000, -0.00000000013, -0.00000000870
325, 50.00000000000, 82.33920122243, 49.59712902573, 4.12500003222, 0.00000000000, 0.00000000090, 0.00000000685
326, 50.00000000000, 97.41516677414, 50.57443764829, 4.12500003222, 0.00000000000, 0.00000000070, 0.00000000155
327, 50.00000000000, 104.60748847443, 71.60491035943, 4.12500003222, 0.00000000000, 0.00000000010, -0.00000000215
328, 50.00000000000, 106.89950192609, 28.61865820619, 4.12500003222, 0.00000000000, 0.00000000120, -0.00000001059
329, 50.00000000000, 127.21117856895, 59.35915743134, 4.12500003222, 0.00000000000, -0.00000000069, 0.00000000140
330, 50.00000000000, 141.28542722953, 26.51081180654, 4.12500003222, 0.00000000000, -0.00000000104, 0.00000000666
331, 50.00000000000, 141.31281423708, 49.69701490956, 4.12500003222, 0.00000000000, 0.00000000182, -0.00000000128
332, 50.00000000000, 166.40505632731, 25.44175617540, 4.12500003222, 0.00000000000, -0.00000000126, 0.00000000256
333, 50.00000000000, 173.78991663674, 31.62090627657, 4.12500003222, 0.00000000000, -0.00000000280, 0.00000000109
334, 50.00000000000, 186.80021465461, 49.92570649522, 4.12500003222, 0.00000000000, 0.00000000018, 0.00000000329
335, 50.00000000000, 188.14416965245, 62.07538214081, 4.12500003222, 0.00000000000, 0.00000000301, -0.00000000064
336, 50.00000000000, 207.44361071624, 37.50269104805, 4.12500003222, 0.00000000000, 0.00000000071, 0.00000000241
337, 50.00000000000, 220.07626411142, 46.97286187968, 4.12500003222, 0.00000000000, -0.00000000019, -0.00000000676
338, 50.00000000000, 229.70342214825, 47.41533250276, 4.12500003222, 0.00000000000, 0.00000000191, -0.00000000178
339, 50.00000000000, 244.55741628559, 36.54052779632, 4.12500003222, 0.00000000000, 0.00000000067, -0.00000000160
340, 50.00000000000, 261.48373713855, 18.63608983441, 4.12500003222, 0.00000000000, 0.00000000066, -0.00000000201
341, 50.00000000000, 263.99130499426, 55.37699939526, 4.12500003222, 0.00000000000, 0.00000000076, 0.00000000109
342, 50.00000000000, 278.47910115546, 61.32303630403, 4.12500003222, 0.00000000000, 0.00000000133, 0.00000000368
343, 50.00000000000, 291.06163320112, 72.39321617994, 4.12500003222, 0.00000000000, -0.00000000139, 0.00000000286
344, 50.00000000000, 301.22690972140, 59.89084226460, 4.12500003222, 0.00000000000, 0.00000000079, 0.00000000557
345, 50.00000000000, 312.75312041833, 56.91173202032, 4.12500003222, 0.00000000000, 0.00000000016, -0.00000000291
346, 50.00000000000, 326.87387432556, 63.98376852590, 4.12500003222, 0.00000000000, -0.00000000169, 0.00000000122
347, 50.00000000000, 333.90384020286, 52.57648596036, 4.12500003222, 0.00000000000, 0.00000000100, -0.00000000814
348, 50.00000000000, 348.88109673521, 66.57092613338, 4.12500003222, 0.00000000000, 0.00000000157, 0.00000000541
349, 50.00000000000, 364.11753914602, -30000000.00000000000, 0.00000000000, 0.00000000000, 0.00000004287, 0.03299999918
350, 50.00000000000, 378.32539378454, -30000000.00000000000, 0.00000000000, 0.00000000000, -0.00000005854, 0.03299999918
351, 50.00000000000, 388.62312529121, 29.34989081097, 4.12500003222, 0.00000000000, 0.00000000038, -0.00000000344
352, 50.00000000000, 406.01031762621, 62.22727894048, 4.12500003222, 0.00000000000, -0.00000000039, 0.00000000592
353, 50.00000000000, 425.62798011854, 76.42472142779, 4.12500003222, 0.00000000000, -0.00000000019, -0.00000000451
354, 50.00000000000, 427.36884101145, 35.52897969763, 4.12500003222, 0.00000000000, 0.00000000057, 0.00000000370
355, 50.00000000000, 447.97433527404, 66.81458816314, 4.12500003222, 0.00000000000, -0.00000000061, -0.00000000556
356, 50.00000000000, 462.39546640431, 48.75240586249, 4.12500003222, 0.00000000000, 0.00000000056, -0.00000000547
357, 50.00000000000, 470.71636813451, 54.49994978467, 4.12500003222, 0.00000000000, -0.00000000067, 0.00000000041
358, 50.00000000000, 478.87330070093, 49.88093564795, 4.12500003222, 0.00000000000, -0.00000000090, -0.00000000627
359, 50.00000000000, 485.46009205207, 58.13179269220, 4.12500003222, 0.00000000000, 0.00000000224, 0.00000000356
360, 50.00000000000, 489.50404256425, 44.18115952677, 4.12500003222, 0.00000000000, -0.00000000113, 0.00000000607
361, 50.00000000000, 517.21951210094, 48.57027384439, 4.12500003222, 0.00000000000, -0.00000000222, 0.00000000158
362, 50.00000000000, 525.16432020505, 57.20343741199, 4.12500003222, 0.00000000000, 0.00000000322, 0.00000000425
363, 50.00000000000, 535.78787500031, -30000000.00000000000, 0.00000000000, 0.00000000000, -0.00000000152, 0.03299999918
364, 50.00000000000, 548.41085522267, 31.32537302168, 4.12500003222, 0.00000000000, -0.00000000021, 0.00000000114
365, 50.00000000000, 559.28938563176, 71.21633989224, 4.12500003222, 0.00000000000, 0.00000000042, -0.00000000323
366, 50.00000000000, 572.38556541620, 69.46830481450, 4.12500003222, 0.00000000000, 0.00000000005, 0.00000000553
367, 50.00000000000, 591.04256156576, 54.12487564645, 4.12500003222, 0.00000000000, 0.00000000025, 0.00000000733
368, 50.00000000000, 596.73412730744, 27.28547408678, 4.12500003222, 0.00000000000, 0.00000000094, 0.00000000087
369, 50.00000000000, 608.79633636089, 38.27854153908, 4.12500003222, 0.00000000000, 0.00000000002, -0.00000000985
370, 50.00000000000, 622.86393754787, 77.23377176248, 4.12500003222, 0.00000000000, -0.00000000094, 0.00000000310
371, 50.00000000000, 641.54428809571, 59.74153509911, 4.12500003222, 0.00000000000, 0.00000000056, 0.00000000702
372, 50.00000000000, 652.92320485529, 57.97243637384, 4.12500003222, 0.00000000000, 0.00000000229, -0.00000000088
373, 50.00000000000, 665.48815059370, 51.96092736427, 4.12500003222, 0.00000000000, -0.00000000120, 0.00000001175
374, 50.00000000000, 670.45993078851, 30.91897506679, 4.12500003222, 0.00000000000, 0.00000000002, -0.00000000903
375, 50.00000000000, 684.48884725652, 68.87479803094, 4.12500003222, 0.00000000000, 0.00000000108, 0.00000000510
376, 50.00000000000, 696.33449241501, 37.43148004443, 4.12500003222, 0.00000000000, -0.00000000002, -0.00000000064
377, 50.00000000000, 705.23144817854, 23.08280657445, 4.12500003222, 0.00000000000, -0.00000000077, -0.00000000108
378, 50.00000000000, 724.01481131025, 36.50481332522, 4.12500003222, 0.00000000000, 0.00000000011, 0.00000000381
379, 50.00000000000, 748.80699727955, 58.54663612915, 4.12500003222, 0.00000000000, -0.00000000372, -0.00000000029
380, 50.00000000000, 730.90794333445, 25.61326020856, 4.12500003222, 0.00000000000, 0.00000000185, -0.00000000097
381, 50.00000000000, 756.27160698992, 66.31883205443, 4.12500003222, 0.00000000000, -0.00000000071, 0.00000000303
382, 50.00000000000, 769.50163983765, -30000000.00000000000, 0.00000000000, 0.00000000000, 0.00000008905, 0.03299999918
383, 50.00000000000, 787.41534483000, 51.09832631657, 4.12500003222, 0.00000000000, -0.00000000002, -0.00000000693
384, 50.00000000000, 790.37876796969, -30000000.00000000000, 0.00000000000, 0.00000000000, -0.00000008173, 0.03299999918
385, 50.00000000000, 812.10969219652, 54.63381271249, 4.12500003222, 0.00000000000, 0.00000000056, 0.00000000581
386, 50.00000000000, 821.43368805803, 58.57184270095, 4.12500003222, 0.00000000000, -0.00000000169, 0.00000000043
387, 50.00000000000, 836.66888158816, 49.04639838865, 4.12500003222, 0.00000000000, 0.00000000035, -0.00000001042
388, 50.00000000000, 841.45143387990, 40.98697212249, 4.12500003222, 0.00000000000, -0.00000000161, -0.00000000210
389, 50.00000000000, 845.34177983664, 33.67972475588, 4.12500003222, 0.00000000000, -0.00000000165, -0.00000000264
390, 50.00000000000, 861.08310006120, 52.48703689878, 4.12500003222, 0.00000000000, 0.00000000066, 0.00000000724
391, 50.00000000000, 876.92695457998, 41.92667689865, 4.12500003222, 0.00000000000, 0.00000000098, -0.00000000151
392, 50.00000000000, 886.36380707686, 32.64526608658, 4.12500003222, 0.00000000000, -0.00000000127, -0.00000000206
393, 50.00000000000, 892.18974260529, 48.38176862832, 4.12500003222, 0.00000000000, 0.00000000128, 0.00000000300
394, 50.00000000000, 908.55047699611, 42.57272089089, 4.12500003222, 0.00000000000, 0.00000000354, 0.00000000321
395, 50.00000000000, 916.61231881088, 50.54423416712, 4.12500003222, 0.00000000000, -0.00000000062, 0.00000000393
396, 50.00000000000, 926.01329141584, 32.56383956153, 4.12500003222, 0.00000000000, -0.00000000048, -0.00000000119
397, 50.00000000000, 933.72047860937, 29.50212863707, 4.12500003222, 0.00000000000, -0.00000000296, -0.00000000048
398, 50.00000000000, 958.50740003413, 40.32329553756, 4.12500003222, 0.00000000000, -0.00000000058, -0.00000000696
399, 50.00000000000, 958.75056623705, 50.97983379169, 4.12500003222, 0.00000000000, -0.00000000037, 0.00000000112
400, 50.00000000000, 2.39400107545, 49.07845456475, 4.12500003222, 0.00000000000, -0.00000000034, 0.00000000011
401, 50.00000000000, 36.01506624451, 83.13797811102, 4.12500003222, 0.00000000000, 0.00000000108, -0.00000000160
402, 50.00000000000, 46.92678509943, 64.25867687275, 4.12500003222, 0.00000000000, 0.00000000029, -0.00000000077
403, 50.00000000000, 57.96500890966, 49.89365971101, 4.12500003222, 0.00000000000, 0.00000000025, 0.00000000522
404, 50.00000000000, 61.83272458389, 58.67082836867, 4.12500003222, 0.00000000000, 0.00000000031, 0.00000000256
405, 50.00000000000, 79.42949526793, 76.61302438379, 4.12500003222, 0.00000000000, 0.00000000013, 0.00000000003
406, 50.00000000000, 91.47238932944, 73.11337167502, 4.12500003222, 0.00000000000, -0.00000000035, 0.00000000167
407, 50.00000000000, 99.56025364589, 37.06684606815, 4.12500003222, 0.00000000000, 0.00000000043, -0.00000000127
408, 50.00000000000, 115.21893240603, 48.41392002244, 4.12500003222, 0.00000000000, 0.00000000069, 0.00000000389
409, 50.00000000000, 118.78802894304, 57.52721111058, 4.12500003222, 0.00000000000, -0.00000000032, 0.00000000376
410, 50.00000000000, 131.42414488979, 51.75704426509, 4.12500003222, 0.00000000000, 0.00000000064, -0.00000000673
411, 50.00000000000, 145.23299701500, 58.90327107314, 4.12500003222, 0.00000000000, 0.00000000151, -0.00000000681
412, 50.00000000000, 163.04819097774, 62.07156626810, 4.12500003222, 0.00000000000, -0.00000000015, -0.00000000086
413, 50.00000000000, 172.55074059565, 76.77161059687, 4.12500003222, 0.00000000000, 0.00000000137, 0.00000000506
414, 50.00000000000, 180.66249814690, 42.14130852937, 4.12500003222, 0.00000000000, -0.00000000055, 0.00000000470
415, 50.00000000000, 194.90424020045, 47.70162003226, 4.12500003222, 0.00000000000, 0.00000000129, 0.00000000543
416, 50.00000000000, 204.18529364362, 51.20838410627, 4.12500003222, 0.00000000000, -0.00000000207, 0.00000000703
417, 50.00000000000, 219.09668900772, 57.02324810323, 4.12500003222, 0.00000000000, -0.00000000012, 0.00000000715
418, 50.00000000000, 230.41469791156, 58.18313817967, 4.12500003222, 0.00000000000, 0.00000000026, 0.00000000522
419, 50.00000000000, 239.32387049449, 46.68198466296, 4.12500003222, 0.00000000000, 0.00000000020, -0.00000000076
420, 50.00000000000, 257.57491478138, 33.07289443833, 4.12500003222, 0.00000000000, -0.00000000063, 0.00000000226
421, 50.00000000000, 262.51252227498, 43.20693455384, 4.12500003222, 0.00000000000, -0.00000000053, 0.00000000108
422, 50.00000000000, 273.99868061616, 43.46097449387, 4.12500003222, 0.00000000000, -0.00000000092, -0.00000000767
423, 50.00000000000, 286.98515031575, 50.75673261285, 4.12500003222, 0.00000000000, 0.00000000022, 0.00000000114
424, 50.00000000000, 306.79631960756, 37.38870391732, 4.12500003222, 0.00000000000, 0.00000000044, -0.00000000287
425, 50.00000000000, 308.46983531913, 48.44807487090, 4.12500003222, 0.00000000000, 0.00000000322, -0.00000000189
426, 50.00000000000, 324.08997048401, 54.20830516609, 4.12500003222, 0.00000000000, -0.00000000104, -0.00000000319
427, 50.00000000000, 339.35343842047, 59.49855524184, 4.12500003222, 0.00000000000, 0.00000000163, -0.00000000860
428, 50.00000000000, 350.68955307595, 56.59272505615, 4.12500003222, 0.00000000000, 0.00000000114, -0.00000000380
429, 50.00000000000, 364.37255686486, 60.66189108785, 4.12500003222, 0.00000000000, -0.00000000019, -0.00000000252
430, 50.00000000000, 384.28920274767, 76.74109587562, 4.12500003222, 0.00000000000, 0.00000000285, 0.00000000067
431, 50.00000000000, 387.28709765479, 52.38594757642, 4.12500003222, 0.00000000000, -0.00000000032, -0.00000000949
432, 50.00000000000, 397.36527080566, -30000000.00000000000, 0.00000000000, 0.00000000000, -0.00000006663, 0.03299999918
433, 50.00000000000, 409.03512971324, 78.51483068398, 4.12500003222, 0.00000000000, -0.00000000082, 0.00000000420
434, 50.00000000000, 430.72511494095, 64.79645819135, 4.12500003222, 0.00000000000, -0.00000000116, 0.00000000529
435, 50.00000000000, 438.46954486912, 60.48503622271, 4.12500003222, 0.00000000000, 0.00000000073, -0.00000000751
436, 50.00000000000, 453.59198261731, 56.65793579271, 4.12500003222, 0.00000000000, -0.00000000172, -0.00000000063
437, 50.00000000000, 467.51732524361, 71.67786083857, 4.12500003222, 0.00000000000, 0.00000000026, 0.00000000707
438, 50.00000000000, 473.48939000348, 24.74471931293, 4.12500003222, 0.00000000000, -0.00000000063, 0.00000000312
439, 50.00000000000, 501.93148837328, 60.22212555284, 4.12500003222, 0.00000000000, 0.00000000037, 0.00000000510
440, 50.00000000000, 492.94165863526, 69.49496709278, 4.12500003222, 0.00000000000, 0.00000000172, -0.00000000250
441, 50.00000000000, 512.20533130280, 59.10049057402, 4.12500003222, 0.00000000000, -0.00000000129, -0.00000000777
442, 50.00000000000, 530.91153550774, 47.95477128244, 4.12500003222, 0.00000000000, 0.00000000223, 0.00000000420
443, 50.00000000000, 533.87314737673, 67.22081331605, 4.12500003222, 0.00000000000, 0.00000000037, -0.00000000550
444, 50.00000000000, 549.40474181781, 60.98462896727, 4.12500003222, 0.00000000000, 0.00000000013, 0.00000000692
445, 50.00000000000, 564.28682784518, 83.20426677218, 4.12500003222, 0.00000000000, -0.00000000054, -0.00000000577
446, 50.00000000000, 575.58383964430, 52.66077303545, 4.12500003222, 0.00000000000, -0.00000000127, 0.00000000120
447, 50.00000000000, 581.52601093407, 63.48367266778, 4.12500003222, 0.00000000000, 0.00000000157, -0.00000000557
448, 50.00000000000, 602.18397589566, 93.68639484305, 4.12500003222, 0.00000000000, -0.00000000106, 0.00000000072
449, 50.00000000000, 610.02225639186, 74.23280953175, 4.12500003222, 0.00000000000, -0.00000000119, -0.00000000604
450, 50.00000000000, 618.60860452275, 52.70932381772, 4.12500003222, 0.00000000000, -0.00000000063, -0.00000000212
451, 50.00000000000, 631.18525973615, 65.01475561356, 4.12500003222, 0.00000000000, 0.00000000104, -0.00000000056
452, 50.00000000000, 651.74314233762, 93.42369703897, 4.12500003222, 0.00000000000, -0.00000000152, 0.00000000213
453, 50.00000000000, 663.67073893989, 62.05721464054, 4.12500003222, 0.00000000000, 0.00000000263, -0.00000000456
454, 50.00000000000, 671.26530315818, 67.84918031863, 4.12500003222, 0.00000000000, 0.00000000043, -0.00000000004
455, 50.00000000000, 684.46652302645, 46.30460816025, 4.12500003222, 0.00000000000, -0.00000000101, 0.00000000035
456, 50.00000000000, 700.93668681618, 48.35156755787, 4.12500003222, 0.00000000000, -0.00000000049, 0.00000000390
457, 50.00000000000, 706.42060828060, 84.60241593840, 4.12500003222, 0.00000000000, 0.00000000256, -0.00000000460
458, 50.00000000000, 720.48522046911, 78.24680935733, 4.12500003222, 0.00000000000, -0.00000000083, 0.00000000109
459, 50.00000000000, 739.54893384862, 62.13321787620, 4.12500003222, 0.00000000000, 0.00000000214, -0.00000000252
460, 50.00000000000, 740.17626857855, 47.90614214617, 4.12500003222, 0.00000000000, 0.00000000028, 0.00000000588
461, 50.00000000000, 764.38950572241, 41.83115732147, 4.12500003222, 0.00000000000, 0.00000000060, 0.00000000487
462, 50.00000000000, 765.46886109965, 57.09182904077, 4.12500003222, 0.00000000000, -0.00000000006, 0.00000000037
463, 50.00000000000, 773.85141507650, 52.93282834373, 4.12500003222, 0.00000000000, 0.00000000007, -0.00000000192
464, 50.00000000000, 792.18600818900, 59.74579680513, 4.12500003222, 0.00000000000, 0.00000000099, 0.00000000296
465, 50.00000000000, 811.50856890673, 45.64792102804, 4.12500003222, 0.00000000000, 0.00000000126, 0.00000000359
466, 50.00000000000, 826.19947329904, 50.85326842299, 4.12500003222, 0.00000000000, -0.00000000057, -0.00000000463
467, 50.00000000000, 833.73966655166, 55.52000056054, 4.12500003222, 0.00000000000, -0.00000000102, 0.00000000099
468, 50.00000000000, 837.69849851100, 61.84065412840, 4.12500003222, 0.00000000000, 0.00000000023, 0.00000000628
469, 50.00000000000, 851.97362836115, 49.14925302657, 4.12500003222, 0.00000000000, -0.00000000303, 0.00000000408
470, 50.00000000000, 870.28739822486, 64.29254630466, 4.12500003222, 0.00000000000, -0.00000000177, -0.00000001201
471, 50.00000000000, 882.70947524014, 54.16466125894, 4.12500003222, 0.00000000000, -0.00000000100, -0.00000000160
472, 50.00000000000, 886.07633708545, 60.63812433531, 4.12500003222, 0.00000000000, -0.00000000245, 0.00000000051
473, 50.00000000000, 898.70249911474, 55.84527665471, 4.12500003222, 0.00000000000, 0.00000000071, -0.00000000308
474, 50.00000000000, 907.80155499881, 52.84372222898, 4.12500003222, 0.00000000000, -0.00000000038, 0.00000000399
475, 50.00000000000, 928.39960318998, 77.23195555869, 4.12500003222, 0.00000000000, 0.00000000028, 0.00000000080
476, 50.00000000000, 924.49597679993, 52.83968182845, 4.12500003222, 0.00000000000, -0.00000000014, 0.00000000095
477, 50.00000000000, 937.09558012679, 68.29345375638, 4.12500003222, 0.00000000000, -0.00000000002, -0.00000000708
478, 50.00000000000, 949.34895824658, 51.92517443243, 4.12500003222, 0.00000000000, -0.00000000093, -0.00000000636
479, 50.00000000000, 971.94419311578, 62.15936278414, 4.12500003222, 0.00000000000, 0.00000000008, -0.00000000121
480, 50.00000000000, 23.94962387726, 53.55050153418, 4.12500003222, 0.00000000000, -0.00000000094, -0.00000000239
481, 50.00000000000, 35.82612031452, 59.19720053981, 4.12500003222, 0.00000000000, 0.00000000046, 0.00000000247
482, 50.00000000000, 49.13140480847, 58.78499260705, 4.12500003222, 0.00000000000, 0.00000000141, -0.00000000234
483, 50.00000000000, 62.16601951994, 81.93386021643, 4.12500003222, 0.00000000000, 0.00000000030, -0.00000000159
484, 50.00000000000, 69.96753572698, 70.54018604081, 4.12500003222, 0.00000000000, -0.00000000026, 0.00000000058
485, 50.00000000000, 82.40112826612, 37.06344914677, 4.12500003222, 0.00000000000, -0.00000000008, 0.00000000176
486, 50.00000000000, 89.33003698844, 59.68263390841, 4.12500003222, 0.00000000000, 0.00000000007, -0.00000000352
487, 50.00000000000, 106.48828121929, 59.34930509185, 4.12500003222, 0.00000000000, 0.00000000082, 0.00000000114
488, 50.00000000000, 114.78950729517, 67.97293092222, 4.12500003222, 0.00000000000, 0.00000000033, -0.00000000132
489, 50.00000000000, 128.02245402598, 70.23015467908, 4.12500003222, 0.00000000000, -0.00000000058, -0.00000000022
490, 50.00000000000, 137.87587861133, 62.75333732087, 4.12500003222, 0.00000000000, -0.00000000075, 0.00000000548
491, 50.00000000000, 149.50513098881, 69.94565777879, 4.12500003222, 0.00000000000, 0.00000000051, -0.00000000070
492, 50.00000000000, 153.58789260694, 60.25158495262, 4.12500003222, 0.00000000000, -0.00000000020, -0.00000000495
493, 50.00000000000, 174.09356082910, 66.75447739781, 4.12500003222, 0.00000000000, -0.00000000018, -0.00000000314
494, 50.00000000000, 186.23061677728, 86.03022943358, 4.12500003222, 0.00000000000, -0.00000000039, -0.00000000012
495, 50.00000000000, 209.31551500533, 76.14903955859, 4.12500003222, 0.00000000000, 0.00000000063, -0.00000000472
496, 50.00000000000, 208.75632707399, 24.65146849892, 4.12500003222, 0.00000000000, 0.00000000083, 0.00000000157
497, 50.00000000000, 209.11362441732, 62.79736873547, 4.12500003222, 0.00000000000, 0.00000000102, 0.00000000033
498, 50.00000000000, 231.52813266046, 69.45025353191, 4.12500003222, 0.00000000000, -0.00000000106, -0.00000000228
499, 50.00000000000, 242.85314423916, 71.25172688342, 4.12500003222, 0.00000000000, -0.00000000037, -0.00000000706
500, 50.00000000000, 254.79788539260, 69.00280552677, 4.12500003222, 0.00000000000, 0.00000000013, 0.00000000028
501, 50.00000000000, 266.74395662020, 68.82156901017, 4.12500003222, 0.00000000000, -0.00000000003, -0.00000000518
502, 50.00000000000, 275.09025980163, 52.37003107543, 4.12500003222, 0.00000000000, -0.00000000005, 0.00000000308
503, 50.00000000000, 289.70633582104, 61.44343421721, 4.12500003222, 0.00000000000, 0.00000000081, 0.00000000340
504, 50.00000000000, 300.51088447016, 84.35361776373, 4.12500003222, 0.00000000000, -0.00000000066, 0.00000000319
505, 50.00000000000, 314.92455320180, 66.86125671825, 4.12500003222, 0.00000000000, -0.00000000060, 0.00000000191
506, 50.00000000000, 324.24777668076, 75.80799344040, 4.12500003222, 0.00000000000, 0.00000000030, -0.00000000141
507, 50.00000000000, 335.86429009941, 68.46246446390, 4.12500003222, 0.00000000000, -0.00000000078, -0.00000000043
508, 50.00000000000, 349.19876399095, 78.97981036371, 4.12500003222, 0.00000000000, -0.00000000137, 0.00000000073
509, 50.00000000000, 360.04033659977, 73.31390724644, 4.12500003222, 0.00000000000, -0.00000000008, -0.00000000054
510, 50.00000000000, 374.34706222036, 82.44760889700, 4.12500003222, 0.00000000000, -0.00000000003, 0.00000000373
511, 50.00000000000, 397.16202653990, 88.99299564751, 4.12500003222, 0.00000000000, 0.00000000094, -0.00000000372
512, 50.00000000000, 396.71532814552, 57.70742267767, 4.12500003222, 0.00000000000, 0.00000000101, -0.00000000485
513, 50.00000000000, 413.07089396890, 53.97189218952, 4.12500003222, 0.00000000000, 0.00000000070, -0.00000000185
514, 50.00000000000, 428.82083585718, 51.41617147551, 4.12500003222, 0.00000000000, -0.00000000025, -0.00000000421
515, 50.00000000000, 440.25593386189, 72.22246720357, 4.12500003222, 0.00000000000, -0.00000000148, 0.00000000160
516, 50.00000000000, 444.97741237582, 49.64452862991, 4.12500003222, 0.00000000000, -0.00000000029, -0.00000000051
517, 50.00000000000, 462.02253513303, 63.11867375675, 4.12500003222, 0.00000000000, -0.00000000030, -0.00000000166
518, 50.00000000000, 474.75487913064, 65.27739070461, 4.12500003222, 0.00000000000, 0.00000000250, -0.00000000342
519, 50.00000000000, 482.08477603676, 71.23292649157, 4.12500003222, 0.00000000000, 0.00000000115, 0.00000000288
520, 50.00000000000, 502.18608357697, 87.11461497708, 4.12500003222, 0.00000000000, 0.00000000064, -0.00000000242
521, 50.00000000000, 514.27187736583, 81.66148620373, 4.12500003222, 0.00000000000, 0.00000000070, -0.00000000054
522, 50.00000000000, 526.21892584338, 73.98358518358, 4.12500003222, 0.00000000000, 0.00000000027, 0.00000000262
523, 50.00000000000, 543.31907943062, 96.43282572103, 4.12500003222, 0.00000000000, -0.00000000181, -0.00000000204
524, 50.00000000000, 551.13029478206, 79.51550703230, 4.12500003222, 0.00000000000, -0.00000000042, 0.00000000371
525, 50.00000000000, 566.63365984242, 60.95286615143, 4.12500003222, 0.00000000000, -0.00000000173, -0.00000000136
526, 50.00000000000, 576.66377917213, 84.26747260690, 4.12500003222, 0.00000000000, 0.00000000026, 0.00000000211
527, 50.00000000000, 589.63287014843, 85.53729344707, 4.12500003222, 0.00000000000, -0.00000000220, 0.00000000527
528, 50.00000000000, 596.73821811422, 67.99208726648, 4.12500003222, 0.00000000000, 0.00000000196, -0.00000000388
529, 50.00000000000, 613.60294851704, 86.26189859100, 4.12500003222, 0.00000000000, 0.00000000251, -0.00000000296
530, 50.00000000000, 621.78614904157, 67.26774552940, 4.12500003222, 0.00000000000, -0.00000000098, 0.00000000018
531, 50.00000000000, 639.28288802456, 85.75656382660, 4.12500003222, 0.00000000000, -0.00000000088, 0.00000000229
532, 50.00000000000, 646.56453276460, 72.72758854738, 4.12500003222, 0.00000000000, 0.00000000160, -0.00000000668
533, 50.00000000000, 661.32856964976, 80.02930455236, 4.12500003222, 0.00000000000, -0.00000000140, -0.00000000828
534, 50.00000000000, 672.16898575528, 79.00070370061, 4.12500003222, 0.00000000000, -0.00000000030, -0.00000000397
535, 50.00000000000, 688.94461920656, 59.63589400334, 4.12500003222, 0.00000000000, -0.00000000152, 0.00000000248
536, 50.00000000000, 701.32474357675, 60.55168580704, 4.12500003222, 0.00000000000, -0.00000000070, 0.00000000242
537, 50.00000000000, 708.86082861813, 68.88411186251, 4.12500003222, 0.00000000000, 0.00000000039, 0.00000000053
538, 50.00000000000, 717.83951973610, 44.00743295446, 4.12500003222, 0.00000000000, 0.00000000205, 0.00000000422
539, 50.00000000000, 731.54628677525, 72.32064769414, 4.12500003222, 0.00000000000, -0.00000000084, 0.00000000545
540, 50.00000000000, 744.42634751748, 71.76404305866, 4.12500003222, 0.00000000000, 0.00000000061, -0.00000000307
541, 50.00000000000, 753.06889188619, 79.25949396694, 4.12500003222, 0.00000000000, -0.00000000061, 0.00000000062
542, 50.00000000000, 771.03900715233, 67.93459737635, 4.12500003222, 0.00000000000, -0.00000000090, -0.00000000329
543, 50.00000000000, 780.55884506456, 62.39037022556, 4.12500003222, 0.00000000000, 0.00000000015, -0.00000000242
544, 50.00000000000, 799.87996252792, 50.03780684268, 4.12500003222, 0.00000000000, -0.00000000005, -0.00000000303
545, 50.00000000000, 804.00042128859, 63.45934230153, 4.12500003222, 0.00000000000, 0.00000000162, -0.00000000653
546, 50.00000000000, 821.47760824301, 79.13122642355, 4.12500003222, 0.00000000000, 0.00000000460, -0.00000000176
547, 50.00000000000, 826.38839455760, 67.27167711563, 4.12500003222, 0.00000000000, -0.00000000109, -0.00000000234
548, 50.00000000000, 848.10275535141, 61.85294568596, 4.12500003222, 0.00000000000, 0.00000000063, 0.00000000162
549, 50.00000000000, 858.50026667310, 61.61527136515, 4.12500003222, 0.00000000000, 0.00000000171, -0.00000000469
550, 50.00000000000, 862.87928639141, 70.56696123312, 4.12500003222, 0.00000000000, -0.00000000142, 0.00000000317
551, 50.00000000000, 873.02822933859, 55.02884737002, 4.12500003222, 0.00000000000, -0.00000000119, -0.00000000642
552, 50.00000000000, 883.67950627448, 86.24496364223, 4.12500003222, 0.00000000000, -0.00000000003, -0.00000000088
553, 50.00000000000, 895.30719993633, 65.68528338686, 4.12500003222, 0.00000000000, 0.00000000043, -0.00000000499
554, 50.00000000000, 904.27062453444, 68.62364409861, 4.12500003222, 0.00000000000, 0.00000000054, 0.00000000146
555, 50.00000000000, 914.72063115232, 75.74213910465, 4.12500003222, 0.00000000000, -0.00000000038, -0.00000000247
556, 50.00000000000, 925.10348624173, 42.47940472991, 4.12500003222, 0.00000000000, 0.00000000241, -0.00000000062
557, 50.00000000000, 933.04680386429, 43.41200499159, 4.12500003222, 0.00000000000, 0.00000000040, -0.00000000337
558, 50.00000000000, 947.14745890134, 62.83160674467, 4.12500003222, 0.00000000000, -0.00000000126, 0.00000000082
559, 50.00000000000, 958.56155812960, 63.62280808686, 4.12500003222, 0.00000000000, 0.00000000188, -0.00000000204
560, 50.00000000000, 22.75650702365, 65.12767600736, 4.12500003222, 0.00000000000, -0.00000000096, 0.00000000366
561, 50.00000000000, 39.28185214574, 70.23749139823, 4.12500003222, 0.00000000000, -0.00000000181, 0.00000000232
562, 50.00000000000, 49.41818885640, 81.15779247954, 4.12500003222, 0.00000000000, -0.00000000007, 0.00000000029
563, 50.00000000000, 66.36837565780, 45.95381860265, 4.12500003222, 0.00000000000, -0.00000000098, 0.00000000143
564, 50.00000000000, 72.12390433035, 58.03515741661, 4.12500003222, 0.00000000000, -0.00000000001, 0.00000000151
565, 50.00000000000, 81.33999285424, 63.87086320886, 4.12500003222, 0.00000000000, -0.00000000021, -0.00000000091
566, 50.00000000000, 96.28712163279, 63.91932989398, 4.12500003222, 0.00000000000, 0.00000000054, -0.00000000225
567, 50.00000000000, 100.10378857147, 83.49101005116, 4.12500003222, 0.00000000000, -0.00000000200, 0.00000000168
568, 50.00000000000, 114.45830963590, 81.54148636273, 4.12500003222, 0.00000000000, 0.00000000001, -0.00000000034
569, 50.00000000000, 127.01550016378, 84.33577943827, 4.12500003222, 0.00000000000, -0.00000000062, -0.00000000185
570, 50.00000000000, 138.32972870964, 75.85867150704, 4.12500003222, 0.00000000000, 0.00000000028, -0.00000000028
571, 50.00000000000, 150.44464379432, 82.22820461426, 4.12500003222, 0.00000000000, 0.00000000045, 0.00000000317
572, 50.00000000000, 161.72067394285, 77.48741966800, 4.12500003222, 0.00000000000, -0.00000000073, -0.00000000771
573, 50.00000000000, 168.07066875626, 53.43037372903, 4.12500003222, 0.00000000000, -0.00000000092, -0.00000000506
574, 50.00000000000, 185.66250881034, 72.14699298338, 4.12500003222, 0.00000000000, 0.00000000091, -0.00000000061
575, 50.00000000000, 197.90103153189, 71.61437302488, 4.12500003222, 0.00000000000, 0.00000000122, 0.00000000448
576, 50.00000000000, 202.18384880899, 87.27829228547, 4.12500003222, 0.00000000000, -0.00000000150, -0.00000000144
577, 50.00000000000, 222.24607363539, 83.10369804069, 4.12500003222, 0.00000000000, 0.00000000038, 0.00000000165
578, 50.00000000000, 220.97483794331, 71.52686756778, 4.12500003222, 0.00000000000, -0.00000000126, -0.00000000726
579, 50.00000000000, 243.89646887050, 82.20050462313, 4.12500003222, 0.00000000000, 0.00000000020, -0.00000000054
580, 50.00000000000, 254.31921660870, 58.76804436929, 4.12500003222, 0.00000000000, -0.00000000020, 0.00000000238
581, 50.00000000000, 265.64209525964, 82.85512532596, 4.12500003222, 0.00000000000, -0.00000000015, -0.00000000390
582, 50.00000000000, 278.60291021236, 73.00067590421, 4.12500003222, 0.00000000000, -0.00000000067, 0.00000000334
583, 50.00000000000, 286.21388395786, 87.35971194199, 4.12500003222, 0.00000000000, -0.00000000130, -0.00000000512
584, 50.00000000000, 303.60066411750, 72.59360583945, 4.12500003222, 0.00000000000, -0.00000000242, -0.00000000827
585, 50.00000000000, 312.75550687463, 80.30783814577, 4.12500003222, 0.00000000000, 0.00000000074, 0.00000000085
586, 50.00000000000, 324.64904012084, 87.33301467327, 4.12500003222, 0.00000000000, 0.00000000047, 0.00000000473
587, 50.00000000000, 337.14330544295, 78.03142094935, 4.12500003222, 0.00000000000, -0.00000000006, 0.00000000162
588, 50.00000000000, 343.11157184382, 93.39319510305, 4.12500003222, 0.00000000000, -0.00000000009, -0.00000000494
589, 50.00000000000, 360.90214566689, 87.94806592859, 4.12500003222, 0.00000000000, 0.00000000016, -0.00000000194
590, 50.00000000000, 372.81703185188, 69.82286172963, 4.12500003222, 0.00000000000, 0.00000000009, -0.00000000384
591, 50.00000000000, 398.73157076786, 72.93028362754, 4.12500003222, 0.00000000000, -0.00000000079, 0.00000000201
592, 50.00000000000, 389.49675338929, 64.63590895209, 4.12500003222, 0.00000000000, -0.00000000066, 0.00000000353
593, 50.00000000000, 420.37436961570, 84.89931688920, 4.12500003222, 0.00000000000, -0.00000000212, 0.00000000523
594, 50.00000000000, 434.44671247719, 86.04801203526, 4.12500003222, 0.00000000000, 0.00000000005, -0.00000000182
595, 50.00000000000, 447.64254222081, 83.62546610605, 4.12500003222, 0.00000000000, 0.00000000069, -0.00000000201
596, 50.00000000000, 455.54414862564, 72.21488259332, 4.12500003222, 0.00000000000, 0.00000000117, 0.00000000502
597, 50.00000000000, 460.83375573925, 85.60135468650, 4.12500003222, 0.00000000000, 0.00000000019, 0.00000000172
598, 50.00000000000, 475.43326894823, 83.99553448905, 4.12500003222, 0.00000000000, -0.00000000029, 0.00000000019
599, 50.00000000000, 489.98705660449, 83.29554066818, 4.12500003222, 0.00000000000, -0.00000000053, 0.00000000049
600, 50.00000000000, 507.01663315574, 71.70348520394, 4.12500003222, 0.00000000000, -0.00000000090, 0.00000000036
601, 50.00000000000, 518.29960622076, 66.91059035545, 4.12500003222, 0.00000000000, -0.00000000065, 0.00000000160
602, 50.00000000000, 526.44396477758, 88.70113296976, 4.12500003222, 0.00000000000, -0.00000000054, 0.00000000211
603, 50.00000000000, 538.05006708153, 82.96206746985, 4.12500003222, 0.00000000000, -0.00000000021, -0.00000000445
604, 50.00000000000, 544.51483321156, 71.66296319418, 4.12500003222, 0.00000000000, -0.00000000042, -0.00000000345
605, 50.00000000000, 559.18233634529, 94.23837906857, 4.12500003222, 0.00000000000, -0.00000000005, -0.00000000011
606, 50.00000000000, 581.68220203730, 100.71939616381, 4.12500003222, 0.00000000000, 0.00000000057, -0.00000000303
607, 50.00000000000, 585.56032891290, 74.89656327522, 4.12500003222, 0.00000000000, 0.00000000036, -0.00000000223
608, 50.00000000000, 598.86439074185, 79.89184912438, 4.12500003222, 0.00000000000, -0.00000000003, -0.00000000763
609, 50.00000000000, 605.36691577102, 60.82167170295, 4.12500003222, 0.00000000000, 0.00000000075, 0.00000000347
610, 50.00000000000, 627.33382117517, 90.57722076581, 4.12500003222, 0.00000000000, 0.00000000105, 0.00000000034
611, 50.00000000000, 635.18085954441, 74.35451111308, 4.12500003222, 0.00000000000, -0.00000000042, 0.00000000007
612, 50.00000000000, 649.49923661222, 79.92019985731, 4.12500003222, 0.00000000000, 0.00000000077, 0.00000000304
613, 50.00000000000, 665.46179066843, 92.79847761176, 4.12500003222, 0.00000000000, -0.00000000113, -0.00000000241
614, 50.00000000000, 678.16192750883, 61.39405223406, 4.12500003222, 0.00000000000, -0.00000000190, -0.00000000731
615, 50.00000000000, 687.11799074143, 81.45549559301, 4.12500003222, 0.00000000000, -0.00000000156, 0.00000000480
616, 50.00000000000, 696.69461249335, 74.28117459703, 4.12500003222, 0.00000000000, 0.00000000199, -0.00000000279
617, 50.00000000000, 713.87925782362, 57.70710859008, 4.12500003222, 0.00000000000, 0.00000000057, 0.00000000062
618, 50.00000000000, 721.94299177622, 64.65398550511, 4.12500003222, 0.00000000000, -0.00000000046, -0.00000000105
619, 50.00000000000, 731.93344540799, 59.94553188773, 4.12500003222, 0.00000000000, 0.00000000097, -0.00000000170
620, 50.00000000000, 739.89794250727, 85.93176217977, 4.12500003222, 0.00000000000, -0.00000000025, -0.00000000711
621, 50.00000000000, 756.57270421903, 52.92487359827, 4.12500003222, 0.00000000000, 0.00000000025, -0.00000000787
622, 50.00000000000, 764.12489899408, 75.16245557226, 4.12500003222, 0.00000000000, -0.00000000369, 0.00000000441
623, 50.00000000000, 777.56829545231, 80.10587686102, 4.12500003222, 0.00000000000, -0.00000000047, -0.00000000035
624, 50.00000000000, 788.55095776031, 72.47060221256, 4.12500003222, 0.00000000000, -0.00000000004, 0.00000000119
625, 50.00000000000, 802.36421382284, 76.41103585175, 4.12500003222, 0.00000000000, -0.00000000070, 0.00000000098
626, 50.00000000000, 814.17799820250, 70.07316408251, 4.12500003222, 0.00000000000, -0.00000000058, -0.00000000002
627, 50.00000000000, 835.20305782054, 86.36975334615, 4.12500003222, 0.00000000000, 0.00000000082, 0.00000000031
628, 50.00000000000, 837.87832109769, 74.16008624070, 4.12500003222, 0.00000000000, 0.00000000155, -0.00000000405
629, 50.00000000000, 849.57326644636, 75.09986086370, 4.12500003222, 0.00000000000, -0.00000000355, -0.00000000050
630, 50.00000000000, 859.41308307305, 83.82870815879, 4.12500003222, 0.00000000000, -0.00000000007, 0.00000000403
631, 50.00000000000, 873.15561848146, 78.35374707056, 4.12500003222, 0.00000000000, -0.00000000011, 0.00000000097
632, 50.00000000000, 879.03843256598, 68.82714442929, 4.12500003222, 0.00000000000, 0.00000000143, -0.00000000298
633, 50.00000000000, 898.67295064945, 80.18304935900, 4.12500003222, 0.00000000000, 0.00000000038, -0.00000000159
634, 50.00000000000, 906.94720807132, 87.79414243041, 4.12500003222, 0.00000000000, 0.00000000091, 0.00000000319
635, 50.00000000000, 920.20701112920, 66.37116313680, 4.12500003222, 0.00000000000, -0.00000000099, -0.00000000521
636, 50.00000000000, 921.58285375262, 86.37065769066, 4.12500003222, 0.00000000000, -0.00000000017, 0.00000000344
637, 50.00000000000, 940.00823166459, 81.05773038880, 4.12500003222, 0.00000000000, 0.00000000022, -0.00000000037
638, 50.00000000000, 950.95952680810, 74.14675960386, 4.12500003222, 0.00000000000, 0.00000000018, 0.00000000144
639, 50.00000000000, 963.80863256498, 81.90843479917, 4.12500003222, 0.00000000000, 0.00000000057, 0.00000000048
