0, 50.00000000000, 15.89788134754, 16.67652384732, 4.12500003222, 0.00000000000, 0.00000000020, -0.00000000115
1, 50.00000000000, 26.63659945522, 7.61424712947, 4.12500003222, 0.00000000000, -0.00000000025, 0.00000000009
2, 50.00000000000, 38.54484734820, 4.53636515345, 4.12500003222, 0.00000000000, -0.00000000021, 0.00000000659
3, 50.00000000000, 52.01770147204, 8.08559289635, 4.12500003222, 0.00000000000, -0.00000000029, -0.00000000342
4, 50.00000000000, 60.48743573417, 14.90662800115, 4.12500003222, 0.00000000000, -0.00000000046, -0.00000000053
5, 50.00000000000, 80.81977635421, 19.66537212374, 4.12500003222, 0.00000000000, -0.00000000116, 0.00000000022
6, 50.00000000000, 85.27380537871, 43.49066619044, 4.12500003222, 0.00000000000, 0.00000000098, -0.00000000506
7, 50.00000000000, 94.79464524584, 16.74942453786, 4.12500003222, 0.00000000000, 0.00000000034, -0.00000000513
8, 50.00000000000, 117.04349811746, 1.56131110842, 4.12500003222, 0.00000000000, -0.00000000308, 0.00000000443
9, 50.00000000000, 129.59404743672, 22.40221607879, 4.12500003222, 0.00000000000, -0.00000000213, 0.00000000542
10, 50.00000000000, 138.32148099444, 5.96443462661, 4.12500003222, 0.00000000000, 0.00000000196, -0.00000000086
11, 50.00000000000, 150.25992556456, 7.10593463574, 4.12500003222, 0.00000000000, 0.00000000055, 0.00000000161
12, 50.00000000000, 161.25880240878, 5.77092310189, 4.12500003222, 0.00000000000, 0.00000000208, -0.00000000044
13, 50.00000000000, 173.80085144513, 6.03302164009, 4.12500003222, 0.00000000000, 0.00000000059, 0.00000000014
14, 50.00000000000, 180.92171496458, 32.06624563284, 4.12500003222, 0.00000000000, -0.00000000203, 0.00000000472
15, 50.00000000000, 197.55806358781, 15.69156934216, 4.12500003222, 0.00000000000, -0.00000000004, -0.00000000090
16, 50.00000000000, 204.71912378185, -30000000.00000000000, 0.00000000000, 0.00000000000, 0.00000009486, 0.03299999918
17, 50.00000000000, 219.09293492740, -30000000.00000000000, 0.00000000000, 0.00000000000, 0.00000008448, 0.03299999918
18, 50.00000000000, 228.78857287060, -30000000.00000000000, 0.00000000000, 0.00000000000, 0.00000001531, 0.03299999918
19, 50.00000000000, 243.31696583898, -30000000.00000000000, 0.00000000000, 0.00000000000, 0.00000002391, 0.03299999918
20, 50.00000000000, 255.43810281775, -30000000.00000000000, 0.00000000000, 0.00000000000, -0.00000000411, 0.03299999918
21, 50.00000000000, 268.50082452287, -30000000.00000000000, 0.00000000000, 0.00000000000, -0.00000004844, 0.03299999918
22, 50.00000000000, 281.57269614084, -30000000.00000000000, 0.00000000000, 0.00000000000, -0.00000007585, 0.03299999918
23, 50.00000000000, 292.26077246215, -30000000.00000000000, 0.00000000000, 0.00000000000, -0.00000005173, 0.03299999918
24, 50.00000000000, 309.91286529163, 23.97187916798, 4.12500003222, 0.00000000000, -0.00000000025, -0.00000000237
25, 50.00000000000, 313.99814093443, -30000000.00000000000, 0.00000000000, 0.00000000000, 0.00000002626, 0.03299999918
26, 50.00000000000, 328.52626138865, -30000000.00000000000, 0.00000000000, 0.00000000000, 0.00000003951, 0.03299999918
27, 50.00000000000, 341.35731855044, 41.87248278021, 4.12500003222, 0.00000000000, -0.00000000144, -0.00000000649
28, 50.00000000000, 354.00748604043, -30000000.00000000000, 0.00000000000, 0.00000000000, 0.00000005919, 0.03299999918
29, 50.00000000000, 364.30591888763, -30000000.00000000000, 0.00000000000, 0.00000000000, 0.00000003861, 0.03299999918
30, 50.00000000000, 376.88758772476, -30000000.00000000000, 0.00000000000, 0.00000000000, -0.00000003531, 0.03299999918
31, 50.00000000000, 391.16405163420, -30000000.00000000000, 0.00000000000, 0.00000000000, -0.00000010932, 0.03299999918
32, 50.00000000000, 393.26596198813, 41.99372104341, 4.12500003222, 0.00000000000, 0.00000000069, 0.00000000357
33, 50.00000000000, 413.12481562178, -30000000.00000000000, 0.00000000000, 0.00000000000, -0.00000003150, 0.03299999918
34, 50.00000000000, 429.73061109473, -30000000.00000000000, 0.00000000000, 0.00000000000, 0.00000007901, 0.03299999918
35, 50.00000000000, 440.52607984046, -30000000.00000000000, 0.00000000000, 0.00000000000, 0.00000001357, 0.03299999918
36, 50.00000000000, 450.32076481376, -30000000.00000000000, 0.00000000000, 0.00000000000, -0.00000000298, 0.03299999918
37, 50.00000000000, 463.26903410759, -30000000.00000000000, 0.00000000000, 0.00000000000, 0.00000006642, 0.03299999918
38, 50.00000000000, 477.03641865617, -30000000.00000000000, 0.00000000000, 0.00000000000, -0.00000000358, 0.03299999918
39, 50.00000000000, 487.56550691550, -30000000.00000000000, 0.00000000000, 0.00000000000, 0.00000002258, 0.03299999918
40, 50.00000000000, 499.55678856819, -30000000.00000000000, 0.00000000000, 0.00000000000, 0.00000002464, 0.03299999918
41, 50.00000000000, 511.50339266680, -30000000.00000000000, 0.00000000000, 0.00000000000, -0.00000002612, 0.03299999918
42, 50.00000000000, 524.06660895846, -30000000.00000000000, 0.00000000000, 0.00000000000, -0.00000000508, 0.03299999918
43, 50.00000000000, 536.44820816830, -30000000.00000000000, 0.00000000000, 0.00000000000, -0.00000001329, 0.03299999918
44, 50.00000000000, 548.14200413581, -30000000.00000000000, 0.00000000000, 0.00000000000, 0.00000004802, 0.03299999918
45, 50.00000000000, 562.70861215722, -30000000.00000000000, 0.00000000000, 0.00000000000, -0.00000004293, 0.03299999918
46, 50.00000000000, 573.53321546941, -30000000.00000000000, 0.00000000000, 0.00000000000, -0.00000000045, 0.03299999918
47, 50.00000000000, 588.29353250769, -30000000.00000000000, 0.00000000000, 0.00000000000, -0.00000003924, 0.03299999918
48, 50.00000000000, 598.51360032447, -30000000.00000000000, 0.00000000000, 0.00000000000, -0.00000005010, 0.03299999918
49, 50.00000000000, 609.19957687096, -30000000.00000000000, 0.00000000000, 0.00000000000, -0.00000001859, 0.03299999918
50, 50.00000000000, 622.44598677824, -30000000.00000000000, 0.00000000000, 0.00000000000, -0.00000000291, 0.03299999918
51, 50.00000000000, 635.07846026535, -30000000.00000000000, 0.00000000000, 0.00000000000, -0.00000000688, 0.03299999918
52, 50.00000000000, 646.17931004209, -30000000.00000000000, 0.00000000000, 0.00000000000, 0.00000000383, 0.03299999918
53, 50.00000000000, 659.28494913315, -30000000.00000000000, 0.00000000000, 0.00000000000, 0.00000004070, 0.03299999918
54, 50.00000000000, 671.43636962384, -30000000.00000000000, 0.00000000000, 0.00000000000, 0.00000005143, 0.03299999918
55, 50.00000000000, 685.30607442787, -30000000.00000000000, 0.00000000000, 0.00000000000, 0.00000001398, 0.03299999918
56, 50.00000000000, 696.60558905238, -30000000.00000000000, 0.00000000000, 0.00000000000, -0.00000001614, 0.03299999918
57, 50.00000000000, 709.08250826185, -30000000.00000000000, 0.00000000000, 0.00000000000, 0.00000001885, 0.03299999918
58, 50.00000000000, 719.03309055089, -30000000.00000000000, 0.00000000000, 0.00000000000, -0.00000006950, 0.03299999918
59, 50.00000000000, 734.11893149716, -30000000.00000000000, 0.00000000000, 0.00000000000, -0.00000004912, 0.03299999918
60, 50.00000000000, 739.04953783746, 18.77199829526, 4.12500003222, 0.00000000000, -0.00000000058, -0.00000000255
61, 50.00000000000, 755.38050452192, -30000000.00000000000, 0.00000000000, 0.00000000000, 0.00000002911, 0.03299999918
62, 50.00000000000, 768.52187005603, -30000000.00000000000, 0.00000000000, 0.00000000000, 0.00000010234, 0.03299999918
63, 50.00000000000, 780.90728870410, -30000000.00000000000, 0.00000000000, 0.00000000000, -0.00000006450, 0.03299999918
64, 50.00000000000, 796.03674497219, -30000000.00000000000, 0.00000000000, 0.00000000000, -0.00000014219, 0.03299999918
65, 50.00000000000, 802.29119621883, 15.78991621053, 4.12500003222, 0.00000000000, 0.00000000142, 0.00000000089
66, 50.00000000000, 815.42146889684, 15.26180219426, 4.12500003222, 0.00000000000, -0.00000000006, 0.00000000443
67, 50.00000000000, 829.67307596843, 17.14147232657, 4.12500003222, 0.00000000000, -0.00000000004, 0.00000000377
68, 50.00000000000, 841.28180674465, 16.23719641681, 4.12500003222, 0.00000000000, 0.00000000058, -0.00000000175
69, 50.00000000000, 849.78346693997, 6.10702103580, 4.12500003222, 0.00000000000, 0.00000000019, -0.00000000042
70, 50.00000000000, 866.36991730507, 18.44408730995, 4.12500003222, 0.00000000000, -0.00000000095, -0.00000000005
71, 50.00000000000, 876.64572147713, 26.52070959217, 4.12500003222, 0.00000000000, 0.00000000048, -0.00000000301
72, 50.00000000000, 886.89881445323, 16.89195035218, 4.12500003222, 0.00000000000, 0.00000000051, -0.00000000056
73, 50.00000000000, 897.64292164824, 39.94053144116, 4.12500003222, 0.00000000000, -0.00000000169, -0.00000000319
74, 50.00000000000, 921.11222170709, 15.48594567326, 4.12500003222, 0.00000000000, 0.00000000006, -0.00000000247
75, 50.00000000000, 924.20035997656, 37.69769219756, 4.12500003222, 0.00000000000, 0.00000000162, -0.00000000009
76, 50.00000000000, 935.43107383253, 15.66779737405, 4.12500003222, 0.00000000000, -0.00000000015, -0.00000000867
77, 50.00000000000, 948.95440334959, 4.69484804110, 4.12500003222, 0.00000000000, 0.00000000012, -0.00000000034
78, 50.00000000000, 959.84909362671, 4.65302257008, 4.12500003222, 0.00000000000, 0.00000000095, 0.00000000407
79, 50.00000000000, 957.52536275850, 30.03716635239, 4.12500003222, 0.00000000000, -0.00000000249, -0.00000000349
80, 50.00000000000, 12.64353704101, 3.15464259125, 4.12500003222, 0.00000000000, 0.00000000111, 0.00000000155
81, 50.00000000000, 31.56475488444, 31.27137104531, 4.12500003222, 0.00000000000, 0.00000000079, 0.00000000280
82, 50.00000000000, 36.04314990368, 42.23179392962, 4.12500003222, 0.00000000000, 0.00000000079, -0.00000000554
83, 50.00000000000, 46.27942090166, 18.59430388732, 4.12500003222, 0.00000000000, -0.00000000001, -0.00000000522
84, 50.00000000000, 71.22489401325, 35.99765592882, 4.12500003222, 0.00000000000, 0.00000000235, -0.00000000298
85, 50.00000000000, 70.06499609856, 22.45675880042, 4.12500003222, 0.00000000000, -0.00000000045, 0.00000000472
86, 50.00000000000, 84.74585301536, 8.40505325435, 4.12500003222, 0.00000000000, 0.00000000005, -0.00000000120
87, 50.00000000000, 97.61378755381, 2.32108108509, 4.12500003222, 0.00000000000, -0.00000000104, -0.00000000032
88, 50.00000000000, 117.18217656249, 18.09585014323, 4.12500003222, 0.00000000000, 0.00000000058, -0.00000000153
89, 50.00000000000, 115.07594278635, 28.02624733512, 4.12500003222, 0.00000000000, 0.00000000156, 0.00000000227
90, 50.00000000000, 127.85491939713, 11.71079456282, 4.12500003222, 0.00000000000, 0.00000000029, 0.00000000061
91, 50.00000000000, 151.46660332921, 19.30961641956, 4.12500003222, 0.00000000000, -0.00000000071, -0.00000000531
92, 50.00000000000, 162.58227196039, 18.86156979212, 4.12500003222, 0.00000000000, 0.00000000062, -0.00000000701
93, 50.00000000000, 175.07246122824, 18.07873794286, 4.12500003222, 0.00000000000, -0.00000000024, -0.00000000075
94, 50.00000000000, 185.20450627897, 11.01554268318, 4.12500003222, 0.00000000000, 0.00000000055, 0.00000000175
95, 50.00000000000, 188.39890668464, 38.79114914732, 4.12500003222, 0.00000000000, 0.00000000033, -0.00000000381
96, 50.00000000000, 206.94617872605, -30000000.00000000000, 0.00000000000, 0.00000000000, 0.00000007650, 0.03299999918
97, 50.00000000000, 218.70370320720, -30000000.00000000000, 0.00000000000, 0.00000000000, 0.00000009006, 0.03299999918
98, 50.00000000000, 230.30830145449, -30000000.00000000000, 0.00000000000, 0.00000000000, -0.00000001429, 0.03299999918
99, 50.00000000000, 242.93042466051, -30000000.00000000000, 0.00000000000, 0.00000000000, 0.00000003087, 0.03299999918
100, 50.00000000000, 253.89683729964, -30000000.00000000000, 0.00000000000, 0.00000000000, 0.00000002423, 0.03299999918
101, 50.00000000000, 264.42375895467, -30000000.00000000000, 0.00000000000, 0.00000000000, 0.00000002752, 0.03299999918
102, 50.00000000000, 278.97678019251, -30000000.00000000000, 0.00000000000, 0.00000000000, -0.00000003711, 0.03299999918
103, 50.00000000000, 291.69060666394, -30000000.00000000000, 0.00000000000, 0.00000000000, -0.00000004257, 0.03299999918
104, 50.00000000000, 303.68448589982, -30000000.00000000000, 0.00000000000, 0.00000000000, -0.00000002665, 0.03299999918
105, 50.00000000000, 317.46338732642, -30000000.00000000000, 0.00000000000, 0.00000000000, 0.00000002010, 0.03299999918
106, 50.00000000000, 336.13497633968, 24.85966133406, 4.12500003222, 0.00000000000, 0.00000000071, 0.00000000572
107, 50.00000000000, 340.91082339979, -30000000.00000000000, 0.00000000000, 0.00000000000, 0.00000004020, 0.03299999918
108, 50.00000000000, 346.45314490777, 50.71717300391, 4.12500003222, 0.00000000000, -0.00000000193, 0.00000000355
109, 50.00000000000, 367.77637322881, 40.05441560088, 4.12500003222, 0.00000000000, 0.00000000008, -0.00000000419
110, 50.00000000000, 379.76014018530, -30000000.00000000000, 0.00000000000, 0.00000000000, -0.00000003562, 0.03299999918
111, 50.00000000000, 389.84297862288, -30000000.00000000000, 0.00000000000, 0.00000000000, -0.00000008950, 0.03299999918
112, 50.00000000000, 400.70468503781, 31.79863063647, 4.12500003222, 0.00000000000, -0.00000000133, -0.00000000093
113, 50.00000000000, 413.54259759588, 30.36485548539, 4.12500003222, 0.00000000000, 0.00000000058, -0.00000000408
114, 50.00000000000, 418.69882982609, 45.01618663887, 4.12500003222, 0.00000000000, -0.00000000050, -0.00000000090
115, 50.00000000000, 438.73730017849, 31.90072654826, 4.12500003222, 0.00000000000, 0.00000000155, -0.00000000289
116, 50.00000000000, 452.27062515785, 53.76560964138, 4.12500003222, 0.00000000000, -0.00000000096, -0.00000000245
117, 50.00000000000, 464.55964283995, -30000000.00000000000, 0.00000000000, 0.00000000000, 0.00000004526, 0.03299999918
118, 50.00000000000, 475.33358816619, -30000000.00000000000, 0.00000000000, 0.00000000000, 0.00000003258, 0.03299999918
119, 50.00000000000, 488.06265798008, -30000000.00000000000, 0.00000000000, 0.00000000000, 0.00000001403, 0.03299999918
120, 50.00000000000, 499.75394785896, -30000000.00000000000, 0.00000000000, 0.00000000000, 0.00000002078, 0.03299999918
121, 50.00000000000, 512.77654479015, -30000000.00000000000, 0.00000000000, 0.00000000000, -0.00000001021, 0.03299999918
122, 50.00000000000, 518.68554665516, -30000000.00000000000, 0.00000000000, 0.00000000000, 0.00000000735, 0.03299999918
123, 50.00000000000, 540.40000994783, -30000000.00000000000, 0.00000000000, 0.00000000000, -0.00000004052, 0.03299999918
124, 50.00000000000, 550.38274235761, -30000000.00000000000, 0.00000000000, 0.00000000000, 0.00000000514, 0.03299999918
125, 50.00000000000, 559.01278711524, 40.15957580513, 4.12500003222, 0.00000000000, -0.00000000059, 0.00000000147
126, 50.00000000000, 573.85806850424, -30000000.00000000000, 0.00000000000, 0.00000000000, -0.00000000550, 0.03299999918
127, 50.00000000000, 581.60807947465, 27.45073877772, 4.12500003222, 0.00000000000, 0.00000000090, -0.00000000196
128, 50.00000000000, 595.66543267291, 44.74951255128, 4.12500003222, 0.00000000000, 0.00000000072, 0.00000000407
129, 50.00000000000, 619.51889985775, 29.92600808508, 4.12500003222, 0.00000000000, -0.00000000084, 0.00000000063
130, 50.00000000000, 622.29399348533, -30000000.00000000000, 0.00000000000, 0.00000000000, -0.00000000100, 0.03299999918
131, 50.00000000000, 632.47870020079, 24.11536502248, 4.12500003222, 0.00000000000, 0.00000000073, 0.00000000180
132, 50.00000000000, 647.40977091523, -30000000.00000000000, 0.00000000000, 0.00000000000, -0.00000001145, 0.03299999918
133, 50.00000000000, 658.74024849244, 30.52813657815, 4.12500003222, 0.00000000000, 0.00000000030, -0.00000000536
134, 50.00000000000, 668.84537742025, -30000000.00000000000, 0.00000000000, 0.00000000000, 0.00000009594, 0.03299999918
135, 50.00000000000, 684.36030947485, 33.03725042653, 4.12500003222, 0.00000000000, -0.00000000075, -0.00000000112
136, 50.00000000000, 696.70151116269, -30000000.00000000000, 0.00000000000, 0.00000000000, -0.00000001758, 0.03299999918
137, 50.00000000000, 709.86801908871, 54.86919786008, 4.12500003222, 0.00000000000, -0.00000000063, 0.00000000391
138, 50.00000000000, 719.88511286716, -30000000.00000000000, 0.00000000000, 0.00000000000, -0.00000008207, 0.03299999918
139, 50.00000000000, 734.24579729043, -30000000.00000000000, 0.00000000000, 0.00000000000, -0.00000005080, 0.03299999918
140, 50.00000000000, 748.71405695514, 46.89904769447, 4.12500003222, 0.00000000000, -0.00000000056, 0.00000000590
141, 50.00000000000, 756.76770196647, -30000000.00000000000, 0.00000000000, 0.00000000000, 0.00000000589, 0.03299999918
142, 50.00000000000, 771.77098416769, 38.45449771206, 4.12500003222, 0.00000000000, 0.00000000044, -0.00000000358
143, 50.00000000000, 788.16361623530, 18.92826199411, 4.12500003222, 0.00000000000, 0.00000000037, -0.00000000110
144, 50.00000000000, 796.54732960212, 30.72966023394, 4.12500003222, 0.00000000000, 0.00000000097, 0.00000000173
145, 50.00000000000, 809.35728723213, 2.70493908012, 4.12500003222, 0.00000000000, 0.00000000033, 0.00000000314
146, 50.00000000000, 822.11713582059, 27.66714912941, 4.12500003222, 0.00000000000, 0.00000000034, -0.00000000450
147, 50.00000000000, 827.55487884257, 6.47472868480, 4.12500003222, 0.00000000000, 0.00000000106, 0.00000000081
148, 50.00000000000, 845.08286735439, 26.43545197692, 4.12500003222, 0.00000000000, 0.00000000028, -0.00000000104
149, 50.00000000000, 853.92884731387, 28.94579694473, 4.12500003222, 0.00000000000, -0.00000000007, -0.00000000216
150, 50.00000000000, 863.99656819988, 29.78458900175, 4.12500003222, 0.00000000000, 0.00000000047, -0.00000000644
151, 50.00000000000, 864.08464556124, 6.70521418853, 4.12500003222, 0.00000000000, -0.00000000005, -0.00000000200
152, 50.00000000000, 888.55016966185, 3.87809772011, 4.12500003222, 0.00000000000, -0.00000000072, 0.00000000235
153, 50.00000000000, 910.49676165886, 18.10229000686, 4.12500003222, 0.00000000000, -0.00000000075, -0.00000000091
154, 50.00000000000, 910.37744987452, 6.69657928851, 4.12500003222, 0.00000000000, -0.00000000019, -0.00000000540
155, 50.00000000000, 916.26925698836, 27.34273065508, 4.12500003222, 0.00000000000, -0.00000000096, 0.00000000913
156, 50.00000000000, 924.37854818354, 5.09884412521, 4.12500003222, 0.00000000000, 0.00000000042, -0.00000000126
157, 50.00000000000, 936.68404783978, 1.24440354001, 4.12500003222, 0.00000000000, -0.00000000018, 0.00000000641
158, 50.00000000000, 947.95110860524, 37.77624093686, 4.12500003222, 0.00000000000, -0.00000000045, -0.00000000150
159, 50.00000000000, 980.39740408808, 43.73617170840, 4.12500003222, 0.00000000000, -0.00000000000, -0.00000000108
160, 50.00000000000, 12.73177655927, 27.81032093392, 4.12500003222, 0.00000000000, -0.00000000031, 0.00000000296
161, 50.00000000000, 33.97070292423, 18.42025911471, 4.12500003222, 0.00000000000, -0.00000000033, -0.00000000527
162, 50.00000000000, 39.11334007333, 28.97870655448, 4.12500003222, 0.00000000000, -0.00000000069, 0.00000000244
163, 50.00000000000, 54.75119275449, 40.40032696154, 4.12500003222, 0.00000000000, -0.00000000164, -0.00000000315
164, 50.00000000000, 55.48969514020, 25.02668432507, 4.12500003222, 0.00000000000, 0.00000000213, -0.00000000261
165, 50.00000000000, 79.39256260522, 31.72002175796, 4.12500003222, 0.00000000000, 0.00000000095, 0.00000000506
166, 50.00000000000, 71.55009785734, 8.67612174234, 4.12500003222, 0.00000000000, -0.00000000016, 0.00000000071
167, 50.00000000000, 91.12345692367, 24.60687833377, 4.12500003222, 0.00000000000, -0.00000000052, 0.00000000285
168, 50.00000000000, 109.43902216099, 37.88052374031, 4.12500003222, 0.00000000000, -0.00000000050, 0.00000000244
169, 50.00000000000, 123.44013629751, 34.98972040024, 4.12500003222, 0.00000000000, -0.00000000023, -0.00000000168
170, 50.00000000000, 140.15214381650, 19.46630385472, 4.12500003222, 0.00000000000, 0.00000000241, -0.00000000494
171, 50.00000000000, 144.88673716689, 41.97154276610, 4.12500003222, 0.00000000000, -0.00000000179, 0.00000000631
172, 50.00000000000, 155.91049276187, 29.00352933391, 4.12500003222, 0.00000000000, 0.00000000047, 0.00000000475
173, 50.00000000000, 164.42761407007, 40.67928891554, 4.12500003222, 0.00000000000, -0.00000000275, -0.00000000553
174, 50.00000000000, 187.50095312947, 25.99610001828, 4.12500003222, 0.00000000000, 0.00000000051, -0.00000000347
175, 50.00000000000, 198.05069780365, 63.48799644077, 4.12500003222, 0.00000000000, 0.00000000121, -0.00000000056
176, 50.00000000000, 207.20458227951, -30000000.00000000000, 0.00000000000, 0.00000000000, 0.00000007450, 0.03299999918
177, 50.00000000000, 213.71846366019, 47.61425023011, 4.12500003222, 0.00000000000, 0.00000000004, -0.00000000311
178, 50.00000000000, 227.81158498123, 24.73912335459, 4.12500003222, 0.00000000000, 0.00000000054, 0.00000000053
179, 50.00000000000, 244.65984944092, -30000000.00000000000, 0.00000000000, 0.00000000000, -0.00000000026, 0.03299999918
180, 50.00000000000, 243.52253504742, 60.40046278446, 4.12500003222, 0.00000000000, 0.00000000034, 0.00000000525
181, 50.00000000000, 269.10845200211, -30000000.00000000000, 0.00000000000, 0.00000000000, -0.00000005971, 0.03299999918
182, 50.00000000000, 281.84868877968, 34.71417678528, 4.12500003222, 0.00000000000, 0.00000000117, -0.00000000293
183, 50.00000000000, 287.00033552648, 18.72411413961, 4.12500003222, 0.00000000000, -0.00000000132, -0.00000000150
184, 50.00000000000, 296.15861914660, 28.06308689763, 4.12500003222, 0.00000000000, 0.00000000133, 0.00000000167
185, 50.00000000000, 320.14829266372, 48.10845560003, 4.12500003222, 0.00000000000, 0.00000000117, -0.00000000492
186, 50.00000000000, 322.73066811669, 26.70082953900, 4.12500003222, 0.00000000000, 0.00000000142, -0.00000000295
187, 50.00000000000, 343.82367767245, -30000000.00000000000, 0.00000000000, 0.00000000000, 0.00000003867, 0.03299999918
188, 50.00000000000, 353.99753958459, 37.92028668295, 4.12500003222, 0.00000000000, -0.00000000002, 0.00000000060
189, 50.00000000000, 368.84347209594, -30000000.00000000000, 0.00000000000, 0.00000000000, 0.00000002560, 0.03299999918
190, 50.00000000000, 372.05901228740, 53.71417992670, 4.12500003222, 0.00000000000, -0.00000000198, -0.00000000176
191, 50.00000000000, 389.13797065634, -30000000.00000000000, 0.00000000000, 0.00000000000, -0.00000007914, 0.03299999918
192, 50.00000000000, 407.65680445936, 42.07434703751, 4.12500003222, 0.00000000000, 0.00000000066, 0.00000000522
193, 50.00000000000, 417.61170576710, 68.57041374800, 4.12500003222, 0.00000000000, -0.00000000206, 0.00000000261
194, 50.00000000000, 423.32086696590, -30000000.00000000000, 0.00000000000, 0.00000000000, 0.00000005755, 0.03299999918
195, 50.00000000000, 435.42969215871, 44.75284299027, 4.12500003222, 0.00000000000, 0.00000000151, -0.00000000267
196, 50.00000000000, 450.58886988162, -30000000.00000000000, 0.00000000000, 0.00000000000, -0.00000000758, 0.03299999918
197, 50.00000000000, 457.43101822316, -30000000.00000000000, 0.00000000000, 0.00000000000, 0.00000002661, 0.03299999918
198, 50.00000000000, 483.29014865062, 36.06715645690, 4.12500003222, 0.00000000000, -0.00000000153, 0.00000000089
199, 50.00000000000, 492.22677776622, 51.09263692987, 4.12500003222, 0.00000000000, 0.00000000176, 0.00000000477
200, 50.00000000000, 503.94495057935, -30000000.00000000000, 0.00000000000, 0.00000000000, -0.00000006215, 0.03299999918
201, 50.00000000000, 509.68614088241, 32.73143837378, 4.12500003222, 0.00000000000, 0.00000000021, -0.00000000219
202, 50.00000000000, 526.12302968527, -30000000.00000000000, 0.00000000000, 0.00000000000, -0.00000004692, 0.03299999918
203, 50.00000000000, 536.64425302333, 28.19884695726, 4.12500003222, 0.00000000000, -0.00000000002, 0.00000000352
204, 50.00000000000, 544.35986135053, 45.12582142651, 4.12500003222, 0.00000000000, 0.00000000072, -0.00000000146
205, 50.00000000000, 558.94771264613, -30000000.00000000000, 0.00000000000, 0.00000000000, -0.00000001469, 0.03299999918
206, 50.00000000000, 570.32563840123, 35.82206549699, 4.12500003222, 0.00000000000, 0.00000000060, 0.00000000054
207, 50.00000000000, 582.10883633028, 39.78953793150, 4.12500003222, 0.00000000000, 0.00000000061, 0.00000000253
208, 50.00000000000, 604.57321445015, 47.92181669518, 4.12500003222, 0.00000000000, 0.00000000001, 0.00000000085
209, 50.00000000000, 615.21716060169, 42.76685197541, 4.12500003222, 0.00000000000, 0.00000000018, -0.00000000060
210, 50.00000000000, 626.65543774295, 39.98373178281, 4.12500003222, 0.00000000000, -0.00000000077, 0.00000000237
211, 50.00000000000, 636.72071042964, 36.31612088148, 4.12500003222, 0.00000000000, -0.00000000107, 0.00000000273
212, 50.00000000000, 646.89009242438, 32.74989428846, 4.12500003222, 0.00000000000, 0.00000000101, -0.00000000406
213, 50.00000000000, 661.85524254270, 41.77387306225, 4.12500003222, 0.00000000000, 0.00000000171, 0.00000000443
214, 50.00000000000, 675.93999547120, 49.27922564611, 4.12500003222, 0.00000000000, 0.00000000427, -0.00000000132
215, 50.00000000000, 686.73572500375, -30000000.00000000000, 0.00000000000, 0.00000000000, -0.00000000669, 0.03299999918
216, 50.00000000000, 695.20104340144, -30000000.00000000000, 0.00000000000, 0.00000000000, 0.00000000497, 0.03299999918
217, 50.00000000000, 705.99048774219, -30000000.00000000000, 0.00000000000, 0.00000000000, 0.00000007785, 0.03299999918
218, 50.00000000000, 721.83926065143, 19.76027576088, 4.12500003222, 0.00000000000, 0.00000000010, 0.00000000620
219, 50.00000000000, 730.94940716283, -30000000.00000000000, 0.00000000000, 0.00000000000, -0.00000000746, 0.03299999918
220, 50.00000000000, 746.97939169610, 30.65442447092, 4.12500003222, 0.00000000000, -0.00000000069, 0.00000000014
221, 50.00000000000, 762.47353707503, 26.69192686809, 4.12500003222, 0.00000000000, -0.00000000088, 0.00000000098
222, 50.00000000000, 780.49045010768, 49.81309764281, 4.12500003222, 0.00000000000, -0.00000000020, -0.00000000346
223, 50.00000000000, 782.03370722991, -30000000.00000000000, 0.00000000000, 0.00000000000, -0.00000007945, 0.03299999918
224, 50.00000000000, 791.97734390351, -30000000.00000000000, 0.00000000000, 0.00000000000, -0.00000009745, 0.03299999918
225, 50.00000000000, 809.44381946435, 27.91108588155, 4.12500003222, 0.00000000000, 0.00000000221, 0.00000000124
226, 50.00000000000, 815.93583398667, 36.86683648484, 4.12500003222, 0.00000000000, -0.00000000050, -0.00000000036
227, 50.00000000000, 828.64475747182, 37.54694087188, 4.12500003222, 0.00000000000, -0.00000000101, -0.00000000690
228, 50.00000000000, 835.89949292213, 28.67302199089, 4.12500003222, 0.00000000000, -0.00000000060, -0.00000000320
229, 50.00000000000, 856.97102999936, 38.86329377947, 4.12500003222, 0.00000000000, 0.00000000059, 0.00000000431
230, 50.00000000000, 871.66958398778, 50.97645746996, 4.12500003222, 0.00000000000, -0.00000000038, -0.00000000973
231, 50.00000000000, 874.51106875680, 38.26923038324, 4.12500003222, 0.00000000000, -0.00000000071, 0.00000000653
232, 50.00000000000, 887.90590354733, 46.97976778917, 4.12500003222, 0.00000000000, 0.00000000121, 0.00000000140
233, 50.00000000000, 899.69220330739, 16.76539654065, 4.12500003222, 0.00000000000, 0.00000000031, -0.00000000642
234, 50.00000000000, 909.42691111700, 41.11974163358, 4.12500003222, 0.00000000000, 0.00000000067, -0.00000000004
235, 50.00000000000, 924.82658727237, 23.60109886446, 4.12500003222, 0.00000000000, 0.00000000023, 0.00000000323
236, 50.00000000000, 946.86975571403, 14.15458698940, 4.12500003222, 0.00000000000, -0.00000000229, 0.00000000164
237, 50.00000000000, 942.75552669576, 48.62387534822, 4.12500003222, 0.00000000000, -0.00000000094, -0.00000000209
238, 50.00000000000, 957.62852549407, 17.32503933582, 4.12500003222, 0.00000000000, -0.00000000055, -0.00000000139
239, 50.00000000000, 972.12153494383, 10.83109104942, 4.12500003222, 0.00000000000, 0.00000000025, -0.00000000115
240, 50.00000000000, 24.21745801148, 26.54604971178, 4.12500003222, 0.00000000000, -0.00000000179, -0.00000000477
241, 50.00000000000, 35.60404774822, 53.95373362889, 4.12500003222, 0.00000000000, 0.00000000042, 0.00000000057
242, 50.00000000000, 44.60247036102, 41.94359598147, 4.12500003222, 0.00000000000, 0.00000000120, 0.00000000007
243, 50.00000000000, 50.35915133742, 48.84871447192, 4.12500003222, 0.00000000000, -0.00000000060, 0.00000000465
244, 50.00000000000, 61.27177771221, 33.04949920504, 4.12500003222, 0.00000000000, -0.00000000044, -0.00000000227
245, 50.00000000000, 68.22556417307, 56.31289599714, 4.12500003222, 0.00000000000, -0.00000000051, 0.00000000116
246, 50.00000000000, 90.96737441059, 35.68385511431, 4.12500003222, 0.00000000000, -0.00000000145, -0.00000000234
247, 50.00000000000, 106.47096159449, 13.67534405164, 4.12500003222, 0.00000000000, 0.00000000069, -0.00000000117
248, 50.00000000000, 102.02033428671, 45.39378539412, 4.12500003222, 0.00000000000, 0.00000000149, 0.00000000350
249, 50.00000000000, 119.08026678004, 44.61613546400, 4.12500003222, 0.00000000000, -0.00000000153, 0.00000000002
250, 50.00000000000, 133.15933098770, 38.18936597307, 4.12500003222, 0.00000000000, 0.00000000175, -0.00000000414
251, 50.00000000000, 147.80152890072, 31.67882158105, 4.12500003222, 0.00000000000, 0.00000000085, 0.00000000263
252, 50.00000000000, 155.25984750077, 41.86354045320, 4.12500003222, 0.00000000000, -0.00000000133, 0.00000000274
253, 50.00000000000, 171.62473101584, 42.94308267928, 4.12500003222, 0.00000000000, 0.00000000059, 0.00000000338
254, 50.00000000000, 178.72869677724, 55.38689113066, 4.12500003222, 0.00000000000, -0.00000000026, -0.00000000226
255, 50.00000000000, 198.78271578465, 27.97429383830, 4.12500003222, 0.00000000000, 0.00000000041, 0.00000000063
256, 50.00000000000, 197.39780402951, 40.07786399577, 4.12500003222, 0.00000000000, -0.00000000029, -0.00000000582
257, 50.00000000000, 221.55752353615, 36.15537238727, 4.12500003222, 0.00000000000, -0.00000000114, 0.00000000572
258, 50.00000000000, 234.49432615421, 37.31144144137, 4.12500003222, 0.00000000000, -0.00000000175, -0.00000000167
259, 50.00000000000, 246.92085621651, 29.73453941064, 4.12500003222, 0.00000000000, -0.00000000019, -0.00000000270
260, 50.00000000000, 252.89470607262, 52.94585786235, 4.12500003222, 0.00000000000, 0.00000000074, -0.00000000024
261, 50.00000000000, 270.71409741511, 35.09841122384, 4.12500003222, 0.00000000000, 0.00000000024, 0.00000000564
262, 50.00000000000, 283.43962899665, 45.25598346315, 4.12500003222, 0.00000000000, -0.00000000077, -0.00000000137
263, 50.00000000000, 294.49908056470, 41.94457967103, 4.12500003222, 0.00000000000, 0.00000000044, 0.00000000023
264, 50.00000000000, 298.12031622440, 53.57876717064, 4.12500003222, 0.00000000000, -0.00000000014, -0.00000000113
265, 50.00000000000, 316.04182548032, 34.58450993860, 4.12500003222, 0.00000000000, -0.00000000053, 0.00000000966
266, 50.00000000000, 328.88046525022, 38.57506135483, 4.12500003222, 0.00000000000, 0.00000000009, 0.00000000135
267, 50.00000000000, 339.31719870963, -30000000.00000000000, 0.00000000000, 0.00000000000, 0.00000002105, 0.03299999918
268, 50.00000000000, 350.22907257610, -30000000.00000000000, 0.00000000000, 0.00000000000, 0.00000008433, 0.03299999918
269, 50.00000000000, 359.48912850385, 49.56467690281, 4.12500003222, 0.00000000000, 0.00000000002, 0.00000000594
270, 50.00000000000, 379.89459552882, 61.45516238101, 4.12500003222, 0.00000000000, -0.00000000039, 0.00000000714
271, 50.00000000000, 380.05280419936, 44.60578155137, 4.12500003222, 0.00000000000, -0.00000000039, -0.00000000143
272, 50.00000000000, 403.04760153872, 50.94226545361, 4.12500003222, 0.00000000000, 0.00000000189, 0.00000000089
273, 50.00000000000, 419.75402968137, 61.72308384810, 4.12500003222, 0.00000000000, -0.00000000166, 0.00000000217
274, 50.00000000000, 426.28745583032, -30000000.00000000000, 0.00000000000, 0.00000000000, 0.00000006788, 0.03299999918
275, 50.00000000000, 427.02884844708, 47.90078060313, 4.12500003222, 0.00000000000, 0.00000000111, 0.00000000170
276, 50.00000000000, 448.56621695948, 40.39983822513, 4.12500003222, 0.00000000000, 0.00000000008, 0.00000000234
277, 50.00000000000, 458.34077069503, 31.42232547484, 4.12500003222, 0.00000000000, -0.00000000069, 0.00000000165
278, 50.00000000000, 471.39010334655, 40.78140250632, 4.12500003222, 0.00000000000, -0.00000000103, -0.00000000154
279, 50.00000000000, 486.20762512158, -30000000.00000000000, 0.00000000000, 0.00000000000, 0.00000000190, 0.03299999918
280, 50.00000000000, 496.02707660552, 32.60447839430, 4.12500003222, 0.00000000000, -0.00000000005, -0.00000000199
281, 50.00000000000, 505.43651847802, 45.58179191845, 4.12500003222, 0.00000000000, 0.00000000051, -0.00000000192
282, 50.00000000000, 523.09801209544, 32.91567603788, 4.12500003222, 0.00000000000, 0.00000000048, -0.00000000108
283, 50.00000000000, 537.94498303655, 54.93232138813, 4.12500003222, 0.00000000000, -0.00000000110, 0.00000000154
284, 50.00000000000, 553.07705198151, 51.00157738302, 4.12500003222, 0.00000000000, 0.00000000236, -0.00000000323
285, 50.00000000000, 560.52562588009, 25.98816175892, 4.12500003222, 0.00000000000, -0.00000000029, -0.00000000098
286, 50.00000000000, 574.22182242399, -30000000.00000000000, 0.00000000000, 0.00000000000, -0.00000001117, 0.03299999918
287, 50.00000000000, 584.20420567108, -30000000.00000000000, 0.00000000000, 0.00000000000, -0.00000002407, 0.03299999918
288, 50.00000000000, 596.85847479660, -30000000.00000000000, 0.00000000000, 0.00000000000, -0.00000002341, 0.03299999918
289, 50.00000000000, 615.06660284152, 53.87207703255, 4.12500003222, 0.00000000000, -0.00000000120, -0.00000000319
290, 50.00000000000, 629.73446339694, 50.84616233743, 4.12500003222, 0.00000000000, -0.00000000033, -0.00000000284
291, 50.00000000000, 640.08798096045, 47.02979589582, 4.12500003222, 0.00000000000, -0.00000000209, 0.00000000236
292, 50.00000000000, 651.29491640078, 41.61794581461, 4.12500003222, 0.00000000000, -0.00000000021, 0.00000000078
293, 50.00000000000, 656.69344526761, 54.91279740698, 4.12500003222, 0.00000000000, -0.00000000042, 0.00000000031
294, 50.00000000000, 672.62434435948, 39.08171804094, 4.12500003222, 0.00000000000, 0.00000000096, -0.00000000359
295, 50.00000000000, 686.30242258652, 43.47665769130, 4.12500003222, 0.00000000000, 0.00000000021, 0.00000000233
296, 50.00000000000, 696.65347197423, 34.34545809031, 4.12500003222, 0.00000000000, 0.00000000154, -0.00000000381
297, 50.00000000000, 708.01274287447, 43.00592424556, 4.12500003222, 0.00000000000, -0.00000000114, -0.00000000463
298, 50.00000000000, 724.46244683420, 57.06214399454, 4.12500003222, 0.00000000000, -0.00000000227, 0.00000000509
299, 50.00000000000, 731.10542404872, 42.30702334397, 4.12500003222, 0.00000000000, 0.00000000041, 0.00000000316
300, 50.00000000000, 741.36963422422, 41.01113425129, 4.12500003222, 0.00000000000, -0.00000000127, -0.00000000136
301, 50.00000000000, 756.81481177685, 42.38278224037, 4.12500003222, 0.00000000000, -0.00000000014, -0.00000000501
302, 50.00000000000, 771.87134874826, -30000000.00000000000, 0.00000000000, 0.00000000000, 0.00000005740, 0.03299999918
303, 50.00000000000, 783.19294547443, 34.79971953083, 4.12500003222, 0.00000000000, 0.00000000057, -0.00000000345
304, 50.00000000000, 792.39226830433, 43.67869320060, 4.12500003222, 0.00000000000, -0.00000000008, 0.00000000270
305, 50.00000000000, 805.06409252531, 40.60950309628, 4.12500003222, 0.00000000000, 0.00000000005, -0.00000000193
306, 50.00000000000, 818.29865242580, 46.68660025432, 4.12500003222, 0.00000000000, -0.00000000101, -0.00000000219
307, 50.00000000000, 831.94825101714, 42.03920818164, 4.12500003222, 0.00000000000, 0.00000000151, 0.00000000377
308, 50.00000000000, 845.54473676239, 52.52394096232, 4.12500003222, 0.00000000000, -0.00000000025, -0.00000000051
309, 50.00000000000, 853.91356304875, 16.67413557424, 4.12500003222, 0.00000000000, -0.00000000094, 0.00000000193
310, 50.00000000000, 865.53670537863, 41.90055886044, 4.12500003222, 0.00000000000, 0.00000000001, 0.00000000181
311, 50.00000000000, 875.87454802002, 14.14554287257, 4.12500003222, 0.00000000000, -0.00000000071, -0.00000000327
312, 50.00000000000, 893.03102379180, 61.60198711813, 4.12500003222, 0.00000000000, 0.00000000048, 0.00000000004
313, 50.00000000000, 898.89996962560, 25.61454812037, 4.12500003222, 0.00000000000, 0.00000000154, 0.00000000715
314, 50.00000000000, 907.15903565122, 31.93833690894, 4.12500003222, 0.00000000000, -0.00000000023, -0.00000000349
315, 50.00000000000, 917.58462476585, 64.54855472653, 4.12500003222, 0.00000000000, -0.00000000099, 0.00000000106
316, 50.00000000000, 937.21411419645, 58.44166221186, 4.12500003222, 0.00000000000, 0.00000000015, 0.00000000084
317, 50.00000000000, 948.92650911268, 51.76259891159, 4.12500003222, 0.00000000000, -0.00000000285, 0.00000000201
318, 50.00000000000, 949.65034739285, 25.33400997088, 4.12500003222, 0.00000000000, -0.00000000046, 0.00000000625
319, 50.00000000000, 969.34239844633, 22.51596894985, 4.12500003222, 0.00000000000, -0.00000000082, -0.00000000062
320, 50.00000000000, 22.76303019832, 39.60080097768, 4.12500003222, 0.00000000000, 0.00000000036, -0.00000000489
321, 50.00000000000, 29.50484317899, 47.48669420535, 4.12500003222, 0.00000000000, 0.00000000075, 0.00000000104
322, 50.00000000000, 47.73689389982, 30.50830947742, 4.12500003222, 0.00000000000, -0.00000000225, 0.00000000526
323, 50.00000000000, 53.45045521094, 74.08143964611, 4.12500003222, 0.00000000000, -0.00000000051, 0.00000000189
324, 50.00000000000, 68.54232524848, 44.70312660268, 4.12500003222, 0.00000000000, -0.00000000020, 0.00000000403
325, 50.00000000000, 79.23283452068, 58.38742696965, 4.12500003222, 0.00000000000, -0.00000000009, -0.00000000018
326, 50.00000000000, 93.21880734825, 48.41325927393, 4.12500003222, 0.00000000000, 0.00000000107, 0.00000000395
327, 50.00000000000, 100.97674033296, 74.20237186335, 4.12500003222, 0.00000000000, -0.00000000013, -0.00000000093
328, 50.00000000000, 104.16932201658, 23.72621560095, 4.12500003222, 0.00000000000, 0.00000000013, 0.00000000521
329, 50.00000000000, 123.80909626537, 59.63942427525, 4.12500003222, 0.00000000000, -0.00000000100, 0.00000000068
330, 50.00000000000, 139.69783553068, 29.75358398609, 4.12500003222, 0.00000000000, -0.00000000199, 0.00000000137
331, 50.00000000000, 140.28549300825, 50.45850068498, 4.12500003222, 0.00000000000, 0.00000000177, 0.00000000011
332, 50.00000000000, 164.59633761571, 28.43234023668, 4.12500003222, 0.00000000000, 0.00000000111, -0.00000000131
333, 50.00000000000, 173.89071806489, 29.41434834388, 4.12500003222, 0.00000000000, 0.00000000022, -0.00000000013
334, 50.00000000000, 187.94827056244, 51.30319080334, 4.12500003222, 0.00000000000, -0.00000000019, -0.00000000462
335, 50.00000000000, 191.01802973271, 59.97249479314, 4.12500003222, 0.00000000000, 0.00000000126, 0.00000000349
336, 50.00000000000, 207.24020071495, 39.79174642081, 4.12500003222, 0.00000000000, 0.00000000110, -0.00000000672
337, 50.00000000000, 221.55162713693, 49.64765709720, 4.12500003222, 0.00000000000, 0.00000000024, 0.00000000070
338, 50.00000000000, 231.34988076879, 48.53987941299, 4.12500003222, 0.00000000000, -0.00000000032, -0.00000000001
339, 50.00000000000, 246.26403245402, 42.82053854889, 4.12500003222, 0.00000000000, 0.00000000105, -0.00000000025
340, 50.00000000000, 264.53776194007, 25.14942023834, 4.12500003222, 0.00000000000, -0.00000000030, -0.00000000094
341, 50.00000000000, 264.81936794930, 60.84472020802, 4.12500003222, 0.00000000000, -0.00000000068, 0.00000000399
342, 50.00000000000, 278.86338665041, 70.06695679348, 4.12500003222, 0.00000000000, -0.00000000038, -0.00000000349
343, 50.00000000000, 292.71440333911, 77.67763357731, 4.12500003222, 0.00000000000, 0.00000000136, 0.00000000160
344, 50.00000000000, 301.64431210144, 63.55978275415, 4.12500003222, 0.00000000000, -0.00000000278, 0.00000000351
345, 50.00000000000, 312.49917794674, 60.98686925255, 4.12500003222, 0.00000000000, 0.00000000154, -0.00000000388
346, 50.00000000000, 327.82901666961, 70.68242635509, 4.12500003222, 0.00000000000, -0.00000000187, -0.00000000934
347, 50.00000000000, 332.98193445851, 50.82137895802, 4.12500003222, 0.00000000000, -0.00000000030, -0.00000000196
348, 50.00000000000, 345.51504711897, 71.35909606380, 4.12500003222, 0.00000000000, 0.00000000141, 0.00000000417
349, 50.00000000000, 364.11753914602, -30000000.00000000000, 0.00000000000, 0.00000000000, 0.00000004287, 0.03299999918
350, 50.00000000000, 378.32539378454, -30000000.00000000000, 0.00000000000, 0.00000000000, -0.00000005854, 0.03299999918
351, 50.00000000000, 387.27011289185, 32.91237341215, 4.12500003222, 0.00000000000, -0.00000000252, -0.00000000328
352, 50.00000000000, 406.02404790130, 64.24319605760, 4.12500003222, 0.00000000000, 0.00000000053, 0.00000000470
353, 50.00000000000, 423.58482702980, 78.77599842035, 4.12500003222, 0.00000000000, -0.00000000178, -0.00000000307
354, 50.00000000000, 425.29607712609, 32.72596564874, 4.12500003222, 0.00000000000, -0.00000000036, 0.00000000403
355, 50.00000000000, 445.24848085814, 65.72510809832, 4.12500003222, 0.00000000000, -0.00000000105, 0.00000000075
356, 50.00000000000, 459.05019161419, 47.15696778804, 4.12500003222, 0.00000000000, 0.00000000010, -0.00000000157
357, 50.00000000000, 467.68046733264, 51.17931068633, 4.12500003222, 0.00000000000, 0.00000000064, 0.00000000603
358, 50.00000000000, 478.30473244293, 50.37244781880, 4.12500003222, 0.00000000000, -0.00000000063, -0.00000000099
359, 50.00000000000, 486.98166396753, 57.97226461679, 4.12500003222, 0.00000000000, 0.00000000099, 0.00000000616
360, 50.00000000000, 492.21339396249, 43.46959315218, 4.12500003222, 0.00000000000, -0.00000000186, -0.00000000465
361, 50.00000000000, 517.17957891605, 43.80795303443, 4.12500003222, 0.00000000000, 0.00000000110, 0.00000000179
362, 50.00000000000, 526.90288675791, 50.79866214250, 4.12500003222, 0.00000000000, -0.00000000004, 0.00000000615
363, 50.00000000000, 535.78787500031, -30000000.00000000000, 0.00000000000, 0.00000000000, -0.00000000152, 0.03299999918
364, 50.00000000000, 548.32796096925, 34.57565822816, 4.12500003222, 0.00000000000, -0.00000000107, -0.00000000022
365, 50.00000000000, 558.31829423096, 65.34784382669, 4.12500003222, 0.00000000000, -0.00000000129, -0.00000000264
366, 50.00000000000, 573.27875748752, 61.65580652303, 4.12500003222, 0.00000000000, 0.00000000051, -0.00000000014
367, 50.00000000000, 589.50099793843, 51.85760252604, 4.12500003222, 0.00000000000, 0.00000000139, 0.00000000318
368, 50.00000000000, 594.56317402563, 35.25343740394, 4.12500003222, 0.00000000000, 0.00000000126, -0.00000000159
369, 50.00000000000, 606.94496655000, 34.36199524034, 4.12500003222, 0.00000000000, 0.00000000068, 0.00000000045
370, 50.00000000000, 624.80285818821, 76.74594870312, 4.12500003222, 0.00000000000, 0.00000000099, -0.00000000018
371, 50.00000000000, 642.07517214908, 58.19052611253, 4.12500003222, 0.00000000000, -0.00000000012, -0.00000000015
372, 50.00000000000, 650.59954143458, 51.79227997352, 4.12500003222, 0.00000000000, 0.00000000074, 0.00000000144
373, 50.00000000000, 666.18499313983, 51.94650981597, 4.12500003222, 0.00000000000, 0.00000000028, -0.00000000613
374, 50.00000000000, 671.51004189032, 24.26202774481, 4.12500003222, 0.00000000000, -0.00000000040, 0.00000000446
375, 50.00000000000, 685.71914276026, 69.04724152490, 4.12500003222, 0.00000000000, 0.00000000132, -0.00000000055
376, 50.00000000000, 695.91190939249, 45.70987920259, 4.12500003222, 0.00000000000, -0.00000000029, -0.00000000094
377, 50.00000000000, 707.92768558181, 27.04978772030, 4.12500003222, 0.00000000000, 0.00000000073, 0.00000000651
378, 50.00000000000, 720.02962251372, 37.74288103396, 4.12500003222, 0.00000000000, 0.00000000348, -0.00000000574
379, 50.00000000000, 746.47502282360, 65.28520081307, 4.12500003222, 0.00000000000, -0.00000000070, -0.00000000592
380, 50.00000000000, 732.29060191528, 31.80480015691, 4.12500003222, 0.00000000000, -0.00000000257, -0.00000000262
381, 50.00000000000, 756.74345086355, 68.14176783003, 4.12500003222, 0.00000000000, 0.00000000001, 0.00000000620
382, 50.00000000000, 769.50163983765, -30000000.00000000000, 0.00000000000, 0.00000000000, 0.00000008905, 0.03299999918
383, 50.00000000000, 788.46133011659, 56.06130904095, 4.12500003222, 0.00000000000, 0.00000000239, 0.00000000724
384, 50.00000000000, 790.37876796969, -30000000.00000000000, 0.00000000000, 0.00000000000, -0.00000008173, 0.03299999918
385, 50.00000000000, 813.90769501761, 59.81632562413, 4.12500003222, 0.00000000000, 0.00000000042, 0.00000000260
386, 50.00000000000, 823.38716409365, 61.24022492132, 4.12500003222, 0.00000000000, -0.00000000103, -0.00000000770
387, 50.00000000000, 836.77493023866, 50.92966736001, 4.12500003222, 0.00000000000, -0.00000000003, 0.00000000180
388, 50.00000000000, 841.28359864348, 40.52500574798, 4.12500003222, 0.00000000000, 0.00000000035, -0.00000000150
389, 50.00000000000, 848.10053957701, 37.29506496148, 4.12500003222, 0.00000000000, -0.00000000224, 0.00000000246
390, 50.00000000000, 862.57214111763, 53.17995137282, 4.12500003222, 0.00000000000, -0.00000000147, -0.00000000188
391, 50.00000000000, 883.69593181522, 36.81037020276, 4.12500003222, 0.00000000000, 0.00000000314, 0.00000000446
392, 50.00000000000, 889.14001760064, 28.57490120079, 4.12500003222, 0.00000000000, -0.00000000196, 0.00000000749
393, 50.00000000000, 896.46371431045, 51.34703928392, 4.12500003222, 0.00000000000, -0.00000000037, 0.00000000259
394, 50.00000000000, 918.08819994036, 41.14536017962, 4.12500003222, 0.00000000000, 0.00000000088, 0.00000000088
395, 50.00000000000, 923.11746221618, 49.76498133073, 4.12500003222, 0.00000000000, 0.00000000111, 0.00000000186
396, 50.00000000000, 933.05932728695, 25.25668754104, 4.12500003222, 0.00000000000, 0.00000000126, 0.00000000454
397, 50.00000000000, 941.88500047896, 25.15448659926, 4.12500003222, 0.00000000000, -0.00000000048, 0.00000000190
398, 50.00000000000, 966.06925679027, 32.65848560949, 4.12500003222, 0.00000000000, -0.00000000138, 0.00000000377
399, 50.00000000000, 968.08789101454, 47.13235482954, 4.12500003222, 0.00000000000, 0.00000000005, -0.00000000369
400, 50.00000000000, 10.09974422847, 41.84595153754, 4.12500003222, 0.00000000000, 0.00000000017, -0.00000000086
401, 50.00000000000, 29.90137920896, 86.41357156518, 4.12500003222, 0.00000000000, -0.00000000042, -0.00000000121
402, 50.00000000000, 43.90446887110, 55.58137839790, 4.12500003222, 0.00000000000, 0.00000000194, -0.00000000588
403, 50.00000000000, 55.27238247096, 56.75158478688, 4.12500003222, 0.00000000000, -0.00000000026, 0.00000000420
404, 50.00000000000, 57.11184115411, 64.83788942208, 4.12500003222, 0.00000000000, 0.00000000038, -0.00000000392
405, 50.00000000000, 77.36884124845, 85.93679050160, 4.12500003222, 0.00000000000, 0.00000000011, -0.00000000077
406, 50.00000000000, 89.02604662749, 80.95672141768, 4.12500003222, 0.00000000000, 0.00000000047, 0.00000000030
407, 50.00000000000, 99.50450966653, 34.86985797712, 4.12500003222, 0.00000000000, -0.00000000070, 0.00000000219
408, 50.00000000000, 107.85123032664, 53.48592498593, 4.12500003222, 0.00000000000, -0.00000000117, -0.00000000082
409, 50.00000000000, 115.19829573201, 55.56581741481, 4.12500003222, 0.00000000000, -0.00000000038, -0.00000000020
410, 50.00000000000, 129.48169068675, 48.67936956883, 4.12500003222, 0.00000000000, -0.00000000090, -0.00000000072
411, 50.00000000000, 148.17633426683, 57.95055915599, 4.12500003222, 0.00000000000, 0.00000000010, -0.00000000121
412, 50.00000000000, 160.31593420741, 62.67134343537, 4.12500003222, 0.00000000000, -0.00000000051, 0.00000000163
413, 50.00000000000, 171.86750924254, 70.94065684931, 4.12500003222, 0.00000000000, -0.00000000011, -0.00000000180
414, 50.00000000000, 179.85669858847, 43.78907732690, 4.12500003222, 0.00000000000, -0.00000000026, 0.00000000341
415, 50.00000000000, 197.23525828524, 48.99554276920, 4.12500003222, 0.00000000000, -0.00000000086, 0.00000000010
416, 50.00000000000, 205.15749887828, 51.19068249204, 4.12500003222, 0.00000000000, -0.00000000119, 0.00000000518
417, 50.00000000000, 218.23016588153, 61.69611143741, 4.12500003222, 0.00000000000, -0.00000000074, 0.00000000312
418, 50.00000000000, 229.56715103416, 59.57509349411, 4.12500003222, 0.00000000000, -0.00000000072, 0.00000000532
419, 50.00000000000, 239.44142261301, 54.01324486092, 4.12500003222, 0.00000000000, -0.00000000029, -0.00000000051
420, 50.00000000000, 257.79361061263, 39.15623404556, 4.12500003222, 0.00000000000, 0.00000000072, 0.00000000195
421, 50.00000000000, 263.32478194425, 50.23831748606, 4.12500003222, 0.00000000000, -0.00000000162, -0.00000000194
422, 50.00000000000, 272.87738971068, 48.43928820246, 4.12500003222, 0.00000000000, -0.00000000109, -0.00000000139
423, 50.00000000000, 287.04744763476, 56.20464523919, 4.12500003222, 0.00000000000, -0.00000000011, 0.00000000319
424, 50.00000000000, 304.70631117684, 38.45073691865, 4.12500003222, 0.00000000000, 0.00000000090, -0.00000000009
425, 50.00000000000, 308.82739542339, 49.63995582068, 4.12500003222, 0.00000000000, 0.00000000212, 0.00000000192
426, 50.00000000000, 323.03824842592, 58.93970014192, 4.12500003222, 0.00000000000, 0.00000000142, -0.00000000259
427, 50.00000000000, 339.07793842832, 61.33318181297, 4.12500003222, 0.00000000000, 0.00000000048, -0.00000000292
428, 50.00000000000, 353.30040762609, 61.22281950820, 4.12500003222, 0.00000000000, -0.00000000205, 0.00000000322
429, 50.00000000000, 365.09955929731, 63.28671561240, 4.12500003222, 0.00000000000, -0.00000000070, 0.00000000148
430, 50.00000000000, 383.76927482716, 75.47262692433, 4.12500003222, 0.00000000000, 0.00000000083, 0.00000000033
431, 50.00000000000, 386.26148511848, 53.72861089584, 4.12500003222, 0.00000000000, 0.00000000174, -0.00000000519
432, 50.00000000000, 397.36527080566, -30000000.00000000000, 0.00000000000, 0.00000000000, -0.00000006663, 0.03299999918
433, 50.00000000000, 409.42969624221, 77.04284901729, 4.12500003222, 0.00000000000, 0.00000000025, 0.00000000074
434, 50.00000000000, 431.05767505107, 68.70295505697, 4.12500003222, 0.00000000000, -0.00000000050, 0.00000000331
435, 50.00000000000, 437.87982850008, 60.85525054293, 4.12500003222, 0.00000000000, -0.00000000035, 0.00000000017
436, 50.00000000000, 455.33347624447, 63.01738676365, 4.12500003222, 0.00000000000, -0.00000000005, -0.00000000184
437, 50.00000000000, 467.93020215261, 73.55579627939, 4.12500003222, 0.00000000000, -0.00000000049, -0.00000000221
438, 50.00000000000, 472.11955737666, 27.67750878347, 4.12500003222, 0.00000000000, 0.00000000032, -0.00000000231
439, 50.00000000000, 501.12977653983, 54.70544620770, 4.12500003222, 0.00000000000, -0.00000000029, 0.00000000703
440, 50.00000000000, 494.36930625495, 68.67275746484, 4.12500003222, 0.00000000000, -0.00000000171, -0.00000000285
441, 50.00000000000, 513.24567175578, 56.49590996145, 4.12500003222, 0.00000000000, 0.00000000065, 0.00000000060
442, 50.00000000000, 532.19935398717, 42.29611980994, 4.12500003222, 0.00000000000, 0.00000000031, -0.00000000403
443, 50.00000000000, 532.65834055946, 65.00720924359, 4.12500003222, 0.00000000000, 0.00000000077, 0.00000000166
444, 50.00000000000, 547.48033826543, 58.95081674682, 4.12500003222, 0.00000000000, -0.00000000142, 0.00000000966
445, 50.00000000000, 565.22654700452, 73.59188721729, 4.12500003222, 0.00000000000, 0.00000000034, 0.00000000139
446, 50.00000000000, 571.15593006953, 47.44125696223, 4.12500003222, 0.00000000000, -0.00000000039, 0.00000000149
447, 50.00000000000, 580.23597350329, 53.84496809314, 4.12500003222, 0.00000000000, 0.00000000041, 0.00000000020
448, 50.00000000000, 601.81414402729, 86.14654875320, 4.12500003222, 0.00000000000, -0.00000000143, -0.00000000489
449, 50.00000000000, 610.62389172003, 68.60817511482, 4.12500003222, 0.00000000000, -0.00000000183, -0.00000000371
450, 50.00000000000, 620.61898983329, 55.32979082303, 4.12500003222, 0.00000000000, 0.00000000223, 0.00000000042
451, 50.00000000000, 632.73713821785, 62.49712490348, 4.12500003222, 0.00000000000, -0.00000000063, -0.00000000678
452, 50.00000000000, 652.68198231114, 89.99767993411, 4.12500003222, 0.00000000000, -0.00000000063, 0.00000000066
453, 50.00000000000, 667.39944840200, 61.04916579389, 4.12500003222, 0.00000000000, 0.00000000012, 0.00000000681
454, 50.00000000000, 673.31732660000, 73.37555800427, 4.12500003222, 0.00000000000, -0.00000000128, 0.00000000207
455, 50.00000000000, 683.95988631867, 57.10220779378, 4.12500003222, 0.00000000000, 0.00000000105, -0.00000000517
456, 50.00000000000, 700.91417382666, 53.51191185600, 4.12500003222, 0.00000000000, -0.00000000020, -0.00000000105
457, 50.00000000000, 709.73974013502, 91.70292040566, 4.12500003222, 0.00000000000, -0.00000000046, -0.00000000314
458, 50.00000000000, 722.98376450031, 75.73087142350, 4.12500003222, 0.00000000000, 0.00000000122, 0.00000000035
459, 50.00000000000, 732.16357912665, 52.47112782377, 4.12500003222, 0.00000000000, -0.00000000088, 0.00000000087
460, 50.00000000000, 740.85826088262, 55.23265564128, 4.12500003222, 0.00000000000, -0.00000000124, 0.00000000255
461, 50.00000000000, 765.98046746345, 47.30742748610, 4.12500003222, 0.00000000000, -0.00000000035, 0.00000000409
462, 50.00000000000, 765.31425543868, 63.11393619643, 4.12500003222, 0.00000000000, 0.00000000169, 0.00000000421
463, 50.00000000000, 772.82305330596, 59.01376416765, 4.12500003222, 0.00000000000, -0.00000000017, -0.00000000389
464, 50.00000000000, 791.95001833243, 68.88282061020, 4.12500003222, 0.00000000000, 0.00000000085, -0.00000000087
465, 50.00000000000, 810.63283316527, 51.82227910957, 4.12500003222, 0.00000000000, 0.00000000025, -0.00000000297
466, 50.00000000000, 826.16659112961, 49.99413181293, 4.12500003222, 0.00000000000, -0.00000000018, 0.00000000380
467, 50.00000000000, 837.05821964571, 62.48361693575, 4.12500003222, 0.00000000000, 0.00000000105, -0.00000000703
468, 50.00000000000, 837.94041265308, 73.11008837937, 4.12500003222, 0.00000000000, -0.00000000387, -0.00000000060
469, 50.00000000000, 852.87830251412, 48.16373978544, 4.12500003222, 0.00000000000, 0.00000000195, 0.00000000497
470, 50.00000000000, 868.66237384290, 61.75589819061, 4.12500003222, 0.00000000000, -0.00000000041, -0.00000000137
471, 50.00000000000, 879.58556859281, 52.45702957251, 4.12500003222, 0.00000000000, -0.00000000102, -0.00000000569
472, 50.00000000000, 883.79947494037, 59.11123761337, 4.12500003222, 0.00000000000, 0.00000000005, 0.00000000481
473, 50.00000000000, 905.33233416961, 50.81862822804, 4.12500003222, 0.00000000000, -0.00000000027, -0.00000000470
474, 50.00000000000, 913.58966310909, 55.16243070066, 4.12500003222, 0.00000000000, 0.00000000131, -0.00000000288
475, 50.00000000000, 931.11066696148, 71.67631953503, 4.12500003222, 0.00000000000, -0.00000000025, 0.00000000047
476, 50.00000000000, 932.57694838625, 47.45607245248, 4.12500003222, 0.00000000000, -0.00000000139, -0.00000000207
477, 50.00000000000, 943.45857708307, 65.26364832216, 4.12500003222, 0.00000000000, -0.00000000020, -0.00000000573
478, 50.00000000000, 956.25977325579, 41.29931075482, 4.12500003222, 0.00000000000, -0.00000000060, 0.00000000353
479, 50.00000000000, 978.18455344758, 68.16170980158, 4.12500003222, 0.00000000000, -0.00000000085, -0.00000000160
480, 50.00000000000, 19.19035486481, 49.81900923971, 4.12500003222, 0.00000000000, 0.00000000142, 0.00000000243
481, 50.00000000000, 30.97009637679, 63.15344271735, 4.12500003222, 0.00000000000, 0.00000000139, -0.00000000082
482, 50.00000000000, 44.97592112772, 66.29727240231, 4.12500003222, 0.00000000000, -0.00000000014, -0.00000000246
483, 50.00000000000, 52.21147990098, 90.31919996544, 4.12500003222, 0.00000000000, 0.00000000053, -0.00000000169
484, 50.00000000000, 65.94679900479, 80.91789598378, 4.12500003222, 0.00000000000, -0.00000000021, -0.00000000175
485, 50.00000000000, 77.29129995060, 45.97382752711, 4.12500003222, 0.00000000000, 0.00000000051, 0.00000000699
486, 50.00000000000, 88.91345687205, 57.86314063359, 4.12500003222, 0.00000000000, 0.00000000198, -0.00000001075
487, 50.00000000000, 99.89531218429, 61.57738259002, 4.12500003222, 0.00000000000, 0.00000000175, -0.00000000400
488, 50.00000000000, 111.27025702482, 67.44466252973, 4.12500003222, 0.00000000000, 0.00000000091, -0.00000000106
489, 50.00000000000, 124.03453808002, 72.18887887798, 4.12500003222, 0.00000000000, 0.00000000052, -0.00000000661
490, 50.00000000000, 134.60111482885, 59.02824208891, 4.12500003222, 0.00000000000, -0.00000000160, 0.00000000056
491, 50.00000000000, 147.62385545705, 67.60904109233, 4.12500003222, 0.00000000000, 0.00000000054, 0.00000000193
492, 50.00000000000, 154.98266299076, 52.44516006944, 4.12500003222, 0.00000000000, -0.00000000179, -0.00000000201
493, 50.00000000000, 172.87712808000, 59.53480716597, 4.12500003222, 0.00000000000, 0.00000000000, 0.00000000102
494, 50.00000000000, 183.81893867367, 84.17093825839, 4.12500003222, 0.00000000000, 0.00000000047, -0.00000000393
495, 50.00000000000, 206.92538684375, 70.84810703349, 4.12500003222, 0.00000000000, 0.00000000051, -0.00000000051
496, 50.00000000000, 212.22578220518, 26.75229449680, 4.12500003222, 0.00000000000, -0.00000000035, 0.00000000361
497, 50.00000000000, 209.51120546010, 59.34613730579, 4.12500003222, 0.00000000000, -0.00000000105, 0.00000000413
498, 50.00000000000, 229.92201059345, 74.31839381210, 4.12500003222, 0.00000000000, -0.00000000101, -0.00000000115
499, 50.00000000000, 241.09533908455, 72.34441844514, 4.12500003222, 0.00000000000, 0.00000000143, -0.00000000330
500, 50.00000000000, 255.54863114221, 74.99201729369, 4.12500003222, 0.00000000000, 0.00000000133, 0.00000000241
501, 50.00000000000, 267.33135720791, 73.29668057302, 4.12500003222, 0.00000000000, 0.00000000001, 0.00000000018
502, 50.00000000000, 276.27786217764, 58.17751335008, 4.12500003222, 0.00000000000, 0.00000000006, 0.00000000385
503, 50.00000000000, 290.93860559945, 68.19589946636, 4.12500003222, 0.00000000000, -0.00000000121, -0.00000000504
504, 50.00000000000, 302.41548543420, 91.55803179703, 4.12500003222, 0.00000000000, 0.00000000072, -0.00000000336
505, 50.00000000000, 316.99152312460, 71.81403068824, 4.12500003222, 0.00000000000, 0.00000000079, -0.00000000425
506, 50.00000000000, 325.18821475532, 82.00338679364, 4.12500003222, 0.00000000000, 0.00000000133, 0.00000000074
507, 50.00000000000, 335.70852495209, 73.41666952992, 4.12500003222, 0.00000000000, 0.00000000116, 0.00000000249
508, 50.00000000000, 351.07190647066, 84.89000532965, 4.12500003222, 0.00000000000, -0.00000000053, -0.00000000554
509, 50.00000000000, 358.98920661601, 74.10478181810, 4.12500003222, 0.00000000000, -0.00000000077, 0.00000000140
510, 50.00000000000, 376.86994932489, 87.17392780848, 4.12500003222, 0.00000000000, 0.00000000050, -0.00000000282
511, 50.00000000000, 392.23755050773, 86.19251876502, 4.12500003222, 0.00000000000, -0.00000000058, -0.00000000244
512, 50.00000000000, 395.88897059839, 57.87820767656, 4.12500003222, 0.00000000000, 0.00000000130, -0.00000000221
513, 50.00000000000, 412.72331064821, 53.94844863264, 4.12500003222, 0.00000000000, 0.00000000075, 0.00000000476
514, 50.00000000000, 428.77823012653, 58.56554683022, 4.12500003222, 0.00000000000, -0.00000000281, -0.00000000673
515, 50.00000000000, 441.61184324012, 74.83537790233, 4.12500003222, 0.00000000000, -0.00000000170, 0.00000000222
516, 50.00000000000, 442.63446705845, 53.18773273318, 4.12500003222, 0.00000000000, -0.00000000027, -0.00000001067
517, 50.00000000000, 463.57840839252, 62.45559779697, 4.12500003222, 0.00000000000, 0.00000000075, 0.00000000135
518, 50.00000000000, 475.83107998728, 63.26778115592, 4.12500003222, 0.00000000000, 0.00000000108, -0.00000000417
519, 50.00000000000, 481.23467100410, 72.94958190831, 4.12500003222, 0.00000000000, 0.00000000181, -0.00000000255
520, 50.00000000000, 503.03788348582, 75.74816747617, 4.12500003222, 0.00000000000, 0.00000000022, 0.00000000481
521, 50.00000000000, 514.44375851057, 83.36496219227, 4.12500003222, 0.00000000000, -0.00000000097, -0.00000000222
522, 50.00000000000, 528.03131700951, 76.72717994612, 4.12500003222, 0.00000000000, 0.00000000036, -0.00000000381
523, 50.00000000000, 547.19470099486, 94.59715836522, 4.12500003222, 0.00000000000, 0.00000000218, -0.00000000101
524, 50.00000000000, 552.90355073457, 76.32086347028, 4.12500003222, 0.00000000000, 0.00000000076, 0.00000000111
525, 50.00000000000, 563.17111540792, 55.72438869094, 4.12500003222, 0.00000000000, 0.00000000022, 0.00000000064
526, 50.00000000000, 577.74026210527, 73.53668120872, 4.12500003222, 0.00000000000, -0.00000000050, 0.00000000270
527, 50.00000000000, 589.62945856156, 78.40412823477, 4.12500003222, 0.00000000000, -0.00000000102, -0.00000000125
528, 50.00000000000, 596.71255268559, 59.75212310074, 4.12500003222, 0.00000000000, -0.00000000070, -0.00000000090
529, 50.00000000000, 613.73174447442, 79.91735451178, 4.12500003222, 0.00000000000, 0.00000000093, -0.00000000137
530, 50.00000000000, 622.63727800658, 65.87802949412, 4.12500003222, 0.00000000000, 0.00000000106, 0.00000000439
531, 50.00000000000, 638.06896523322, 84.27141549983, 4.12500003222, 0.00000000000, 0.00000000007, -0.00000000052
532, 50.00000000000, 649.05907084808, 65.12407024292, 4.12500003222, 0.00000000000, 0.00000000003, 0.00000000391
533, 50.00000000000, 658.93820766028, 67.55141303034, 4.12500003222, 0.00000000000, -0.00000000029, -0.00000000375
534, 50.00000000000, 672.00570102122, 85.78910361198, 4.12500003222, 0.00000000000, -0.00000000041, 0.00000000276
535, 50.00000000000, 692.46485696781, 57.97829750663, 4.12500003222, 0.00000000000, 0.00000000023, 0.00000000023
536, 50.00000000000, 699.35578265168, 65.91096002877, 4.12500003222, 0.00000000000, -0.00000000211, -0.00000000123
537, 50.00000000000, 709.45955632217, 78.99237440752, 4.12500003222, 0.00000000000, 0.00000000083, -0.00000000439
538, 50.00000000000, 717.82938367248, 46.50182835168, 4.12500003222, 0.00000000000, -0.00000000172, 0.00000000672
539, 50.00000000000, 732.44540229231, 82.78818131926, 4.12500003222, 0.00000000000, 0.00000000071, -0.00000000495
540, 50.00000000000, 743.37137251236, 73.82397223320, 4.12500003222, 0.00000000000, -0.00000000110, 0.00000000123
541, 50.00000000000, 756.89647918875, 80.38491209852, 4.12500003222, 0.00000000000, -0.00000000061, -0.00000000139
542, 50.00000000000, 768.71330553458, 77.63153930393, 4.12500003222, 0.00000000000, -0.00000000304, -0.00000000147
543, 50.00000000000, 779.54684713433, 67.59863728895, 4.12500003222, 0.00000000000, 0.00000000037, -0.00000000065
544, 50.00000000000, 799.59932048109, 52.62596652985, 4.12500003222, 0.00000000000, -0.00000000020, -0.00000000039
545, 50.00000000000, 802.60786163906, 63.98559306516, 4.12500003222, 0.00000000000, -0.00000000168, 0.00000000051
546, 50.00000000000, 816.26276812331, 84.21582548990, 4.12500003222, 0.00000000000, -0.00000000289, 0.00000000112
547, 50.00000000000, 827.41786894002, 66.68784672908, 4.12500003222, 0.00000000000, 0.00000000137, 0.00000000884
548, 50.00000000000, 848.64970126609, 63.74529808166, 4.12500003222, 0.00000000000, -0.00000000064, -0.00000000892
549, 50.00000000000, 858.06743696922, 60.48984422622, 4.12500003222, 0.00000000000, -0.00000000273, 0.00000000144
550, 50.00000000000, 861.57004895987, 69.93797000440, 4.12500003222, 0.00000000000, 0.00000000080, 0.00000000056
551, 50.00000000000, 874.26173075647, 65.87466748966, 4.12500003222, 0.00000000000, 0.00000000063, -0.00000000315
552, 50.00000000000, 885.84447893326, 82.40579354649, 4.12500003222, 0.00000000000, -0.00000000012, 0.00000000346
553, 50.00000000000, 904.75927776301, 63.35041026891, 4.12500003222, 0.00000000000, -0.00000000056, 0.00000000357
554, 50.00000000000, 908.36677582487, 75.58868929419, 4.12500003222, 0.00000000000, -0.00000000114, -0.00000000067
555, 50.00000000000, 921.39527642252, 77.78027076073, 4.12500003222, 0.00000000000, -0.00000000065, -0.00000000143
556, 50.00000000000, 931.83622290182, 35.73231825774, 4.12500003222, 0.00000000000, 0.00000000024, -0.00000000044
557, 50.00000000000, 940.24073901360, 37.95964916594, 4.12500003222, 0.00000000000, 0.00000000054, -0.00000000051
558, 50.00000000000, 957.94644013750, 53.27974871345, 4.12500003222, 0.00000000000, -0.00000000128, 0.00000000577
559, 50.00000000000, 964.83587984408, 58.69004569268, 4.12500003222, 0.00000000000, 0.00000000014, 0.00000000525
560, 50.00000000000, 19.70555161729, 61.93345891841, 4.12500003222, 0.00000000000, 0.00000000047, 0.00000000709
561, 50.00000000000, 33.51397390727, 71.40589815557, 4.12500003222, 0.00000000000, 0.00000000080, 0.00000000062
562, 50.00000000000, 42.18252669219, 78.64584302005, 4.12500003222, 0.00000000000, 0.00000000020, 0.00000000059
563, 50.00000000000, 60.52406518514, 47.67920128860, 4.12500003222, 0.00000000000, 0.00000000044, 0.00000000178
564, 50.00000000000, 66.68627103061, 70.10232634017, 4.12500003222, 0.00000000000, -0.00000000028, -0.00000000545
565, 50.00000000000, 77.61139698401, 68.35758896356, 4.12500003222, 0.00000000000, -0.00000000176, -0.00000000093
566, 50.00000000000, 90.05621685261, 67.54414313987, 4.12500003222, 0.00000000000, 0.00000000058, 0.00000000354
567, 50.00000000000, 102.14752556808, 89.50500977769, 4.12500003222, 0.00000000000, 0.00000000168, -0.00000000278
568, 50.00000000000, 112.76200027078, 79.25750459369, 4.12500003222, 0.00000000000, 0.00000000007, 0.00000000039
569, 50.00000000000, 126.55821666299, 84.09343231522, 4.12500003222, 0.00000000000, 0.00000000135, -0.00000000094
570, 50.00000000000, 135.99672694825, 68.29426713245, 4.12500003222, 0.00000000000, 0.00000000176, 0.00000000426
571, 50.00000000000, 147.03352525526, 80.55185147261, 4.12500003222, 0.00000000000, 0.00000000060, -0.00000000172
572, 50.00000000000, 161.29017801754, 77.09373250533, 4.12500003222, 0.00000000000, 0.00000000063, -0.00000000173
573, 50.00000000000, 165.50026866676, 51.25448291489, 4.12500003222, 0.00000000000, 0.00000000055, 0.00000000330
574, 50.00000000000, 184.09288513464, 67.62311158384, 4.12500003222, 0.00000000000, 0.00000000019, 0.00000000285
575, 50.00000000000, 195.05443788795, 74.00308430098, 4.12500003222, 0.00000000000, 0.00000000077, 0.00000000182
576, 50.00000000000, 204.64345583423, 84.45785693264, 4.12500003222, 0.00000000000, -0.00000000059, -0.00000000436
577, 50.00000000000, 219.15749163790, 87.20567976103, 4.12500003222, 0.00000000000, 0.00000000135, -0.00000000067
578, 50.00000000000, 220.05189651122, 72.68913941520, 4.12500003222, 0.00000000000, -0.00000000050, -0.00000000456
579, 50.00000000000, 242.57274381689, 81.45605040693, 4.12500003222, 0.00000000000, 0.00000000030, 0.00000000527
580, 50.00000000000, 253.67019238243, 65.81747867163, 4.12500003222, 0.00000000000, -0.00000000151, -0.00000000752
581, 50.00000000000, 262.53621236262, 88.30560896589, 4.12500003222, 0.00000000000, -0.00000000019, -0.00000000289
582, 50.00000000000, 279.89782624529, 81.42763514245, 4.12500003222, 0.00000000000, -0.00000000007, -0.00000000172
583, 50.00000000000, 286.92005090666, 92.11188229435, 4.12500003222, 0.00000000000, 0.00000000060, 0.00000000004
584, 50.00000000000, 304.18998435121, 74.43005622926, 4.12500003222, 0.00000000000, -0.00000000038, 0.00000000315
585, 50.00000000000, 312.65115880806, 81.75054877790, 4.12500003222, 0.00000000000, -0.00000000215, 0.00000000587
586, 50.00000000000, 326.55874268232, 91.46801561078, 4.12500003222, 0.00000000000, -0.00000000135, 0.00000000431
587, 50.00000000000, 338.81741323040, 85.64833123252, 4.12500003222, 0.00000000000, 0.00000000010, -0.00000000323
588, 50.00000000000, 345.22067132131, 97.11466477600, 4.12500003222, 0.00000000000, 0.00000000001, 0.00000000077
589, 50.00000000000, 364.35463617706, 89.33136237402, 4.12500003222, 0.00000000000, 0.00000000024, -0.00000000141
590, 50.00000000000, 372.27804041883, 72.07647879667, 4.12500003222, 0.00000000000, 0.00000000190, -0.00000000153
591, 50.00000000000, 398.44194994252, 74.94888290761, 4.12500003222, 0.00000000000, 0.00000000041, 0.00000000026
592, 50.00000000000, 392.07090206730, 65.19603224174, 4.12500003222, 0.00000000000, 0.00000000056, 0.00000000349
593, 50.00000000000, 418.19945439782, 89.73011717084, 4.12500003222, 0.00000000000, -0.00000000313, -0.00000000484
594, 50.00000000000, 433.71694972679, 83.74913011176, 4.12500003222, 0.00000000000, -0.00000000004, 0.00000000371
595, 50.00000000000, 446.74602789010, 84.97872544484, 4.12500003222, 0.00000000000, 0.00000000616, 0.00000000121
596, 50.00000000000, 455.61500994522, 73.17494576526, 4.12500003222, 0.00000000000, 0.00000000095, 0.00000000300
597, 50.00000000000, 459.96201902747, 87.31187704744, 4.12500003222, 0.00000000000, 0.00000000094, -0.00000000408
598, 50.00000000000, 474.19332868434, 85.21382890169, 4.12500003222, 0.00000000000, -0.00000000063, 0.00000000314
599, 50.00000000000, 490.31431662592, 83.84701274723, 4.12500003222, 0.00000000000, 0.00000000058, 0.00000000163
600, 50.00000000000, 509.15607196336, 68.66485376997, 4.12500003222, 0.00000000000, 0.00000000013, -0.00000000225
601, 50.00000000000, 521.47061335016, 64.16779486800, 4.12500003222, 0.00000000000, 0.00000000035, 0.00000000260
602, 50.00000000000, 525.78303920057, 89.51879704354, 4.12500003222, 0.00000000000, -0.00000000134, 0.00000000041
603, 50.00000000000, 540.26702199288, 82.65593918487, 4.12500003222, 0.00000000000, -0.00000000005, -0.00000000145
604, 50.00000000000, 542.82661669107, 72.96248583056, 4.12500003222, 0.00000000000, 0.00000000073, -0.00000001260
605, 50.00000000000, 565.55620920379, 85.09374130699, 4.12500003222, 0.00000000000, 0.00000000121, 0.00000000283
606, 50.00000000000, 583.04880961339, 91.48232612141, 4.12500003222, 0.00000000000, -0.00000000069, -0.00000000148
607, 50.00000000000, 585.44939115323, 66.22336656835, 4.12500003222, 0.00000000000, -0.00000000003, -0.00000000096
608, 50.00000000000, 599.04772568715, 71.48819622012, 4.12500003222, 0.00000000000, 0.00000000073, -0.00000000300
609, 50.00000000000, 606.53607870062, 58.48407831669, 4.12500003222, 0.00000000000, -0.00000000163, 0.00000000465
610, 50.00000000000, 626.24346615063, 92.81591061381, 4.12500003222, 0.00000000000, 0.00000000218, -0.00000000490
611, 50.00000000000, 636.38078960364, 69.91515158938, 4.12500003222, 0.00000000000, 0.00000000059, 0.00000000812
612, 50.00000000000, 647.76315841636, 76.05744956203, 4.12500003222, 0.00000000000, -0.00000000082, 0.00000000227
613, 50.00000000000, 661.08582519590, 77.43715841298, 4.12500003222, 0.00000000000, -0.00000000182, -0.00000000313
614, 50.00000000000, 675.95496142615, 61.98484254340, 4.12500003222, 0.00000000000, 0.00000000014, 0.00000000099
615, 50.00000000000, 685.97468471885, 81.53340986712, 4.12500003222, 0.00000000000, -0.00000000063, 0.00000000081
616, 50.00000000000, 696.72682456830, 77.81446529736, 4.12500003222, 0.00000000000, 0.00000000151, -0.00000000081
617, 50.00000000000, 708.94662914992, 68.04582739130, 4.12500003222, 0.00000000000, 0.00000000191, -0.00000000324
618, 50.00000000000, 719.03309689813, 64.80126082722, 4.12500003222, 0.00000000000, 0.00000000044, -0.00000000122
619, 50.00000000000, 733.20390293998, 66.98241446617, 4.12500003222, 0.00000000000, -0.00000000019, -0.00000000213
620, 50.00000000000, 745.83322813555, 89.65248132154, 4.12500003222, 0.00000000000, 0.00000000004, -0.00000000165
621, 50.00000000000, 755.68273717406, 55.08822733202, 4.12500003222, 0.00000000000, 0.00000000183, -0.00000000088
622, 50.00000000000, 770.38239221665, 91.21415246652, 4.12500003222, 0.00000000000, -0.00000000180, -0.00000000360
623, 50.00000000000, 780.94238167582, 79.50336466937, 4.12500003222, 0.00000000000, 0.00000000032, 0.00000000013
624, 50.00000000000, 793.22651355882, 83.48769001376, 4.12500003222, 0.00000000000, -0.00000000007, 0.00000000179
625, 50.00000000000, 804.23509673554, 76.09657701912, 4.12500003222, 0.00000000000, -0.00000000029, -0.00000000010
626, 50.00000000000, 815.37694790926, 70.95577745576, 4.12500003222, 0.00000000000, -0.00000000088, 0.00000000294
627, 50.00000000000, 828.84229284457, 82.57723460001, 4.12500003222, 0.00000000000, -0.00000000160, -0.00000000105
628, 50.00000000000, 842.59642177341, 83.99689163274, 4.12500003222, 0.00000000000, 0.00000000210, 0.00000000466
629, 50.00000000000, 850.26050002443, 74.01621596295, 4.12500003222, 0.00000000000, 0.00000000067, -0.00000000134
630, 50.00000000000, 860.81485371540, 82.45091126346, 4.12500003222, 0.00000000000, -0.00000000037, 0.00000000712
631, 50.00000000000, 872.12041992733, 77.78966923463, 4.12500003222, 0.00000000000, 0.00000000009, -0.00000000211
632, 50.00000000000, 882.68376492331, 71.25378039294, 4.12500003222, 0.00000000000, 0.00000000076, -0.00000000287
633, 50.00000000000, 896.02339245750, 73.37586079109, 4.12500003222, 0.00000000000, 0.00000000064, -0.00000000194
634, 50.00000000000, 910.33060224917, 88.76850431042, 4.12500003222, 0.00000000000, 0.00000000051, -0.00000000162
635, 50.00000000000, 927.69265178256, 61.87377734472, 4.12500003222, 0.00000000000, -0.00000000028, -0.00000000812
636, 50.00000000000, 933.06859318715, 84.91966503132, 4.12500003222, 0.00000000000, -0.00000000016, -0.00000000061
637, 50.00000000000, 946.21035849734, 77.54958134892, 4.12500003222, 0.00000000000, 0.00000000094, 0.00000000071
638, 50.00000000000, 953.78264093440, 68.73513714844, 4.12500003222, 0.00000000000, 0.00000000339, -0.00000000433
639, 50.00000000000, 963.49923034720, 80.23397628180, 4.12500003222, 0.00000000000, 0.00000000058, -0.00000000117
