0, 50.00000000000, 15.62144593839, 15.53829394691, 4.12500003222, 0.00000000000, -0.00000000030, 0.00000000168
1, 50.00000000000, 26.59151579348, 7.30226711771, 4.12500003222, 0.00000000000, 0.00000000031, -0.00000000081
2, 50.00000000000, 38.61379163166, 4.69422133382, 4.12500003222, 0.00000000000, -0.00000000056, 0.00000000214
3, 50.00000000000, 51.68416875912, 8.24968474049, 4.12500003222, 0.00000000000, 0.00000000143, -0.00000000548
4, 50.00000000000, 60.90686674158, 15.19407708799, 4.12500003222, 0.00000000000, 0.00000000119, 0.00000000001
5, 50.00000000000, 80.89571071529, 20.03162725955, 4.12500003222, 0.00000000000, -0.00000000077, 0.00000000235
6, 50.00000000000, 85.31888877006, 44.57672663518, 4.12500003222, 0.00000000000, -0.00000000052, -0.00000000549
7, 50.00000000000, 94.14470078328, 15.80120561248, 4.12500003222, 0.00000000000, 0.00000000045, -0.00000000372
8, 50.00000000000, 116.21896762151, 5.40571835394, 4.12500003222, 0.00000000000, -0.00000000210, -0.00000000261
9, 50.00000000000, 129.80123074370, 24.73711026970, 4.12500003222, 0.00000000000, 0.00000000099, -0.00000000230
10, 50.00000000000, 139.57159682563, 5.75476604770, 4.12500003222, 0.00000000000, 0.00000000138, -0.00000000087
11, 50.00000000000, 151.34975995819, 8.06146895723, 4.12500003222, 0.00000000000, -0.00000000025, 0.00000000197
12, 50.00000000000, 161.53750426510, 4.06137121220, 4.12500003222, 0.00000000000, -0.00000000006, -0.00000000054
13, 50.00000000000, 172.88251572218, 8.16763128605, 4.12500003222, 0.00000000000, 0.00000000034, 0.00000000363
14, 50.00000000000, 181.53858382637, 34.34752965368, 4.12500003222, 0.00000000000, -0.00000000050, 0.00000000229
15, 50.00000000000, 196.69618282927, 16.91002482610, 4.12500003222, 0.00000000000, -0.00000000149, -0.00000000147
16, 50.00000000000, 204.71912378185, -30000000.00000000000, 0.00000000000, 0.00000000000, 0.00000009486, 0.03299999918
17, 50.00000000000, 219.09293492740, -30000000.00000000000, 0.00000000000, 0.00000000000, 0.00000008448, 0.03299999918
18, 50.00000000000, 228.78857287060, -30000000.00000000000, 0.00000000000, 0.00000000000, 0.00000001531, 0.03299999918
19, 50.00000000000, 243.31696583898, -30000000.00000000000, 0.00000000000, 0.00000000000, 0.00000002391, 0.03299999918
20, 50.00000000000, 255.43810281775, -30000000.00000000000, 0.00000000000, 0.00000000000, -0.00000000411, 0.03299999918
21, 50.00000000000, 268.50082452287, -30000000.00000000000, 0.00000000000, 0.00000000000, -0.00000004844, 0.03299999918
22, 50.00000000000, 281.57269614084, -30000000.00000000000, 0.00000000000, 0.00000000000, -0.00000007585, 0.03299999918
23, 50.00000000000, 292.26077246215, -30000000.00000000000, 0.00000000000, 0.00000000000, -0.00000005173, 0.03299999918
24, 50.00000000000, 308.34778439408, 23.19972806460, 4.12500003222, 0.00000000000, -0.00000000043, 0.00000000097
25, 50.00000000000, 313.99814093443, -30000000.00000000000, 0.00000000000, 0.00000000000, 0.00000002626, 0.03299999918
26, 50.00000000000, 328.52626138865, -30000000.00000000000, 0.00000000000, 0.00000000000, 0.00000003951, 0.03299999918
27, 50.00000000000, 341.62127402668, 40.33590432139, 4.12500003222, 0.00000000000, 0.00000000088, -0.00000000100
28, 50.00000000000, 354.00748604043, -30000000.00000000000, 0.00000000000, 0.00000000000, 0.00000005919, 0.03299999918
29, 50.00000000000, 364.30591888763, -30000000.00000000000, 0.00000000000, 0.00000000000, 0.00000003861, 0.03299999918
30, 50.00000000000, 376.88758772476, -30000000.00000000000, 0.00000000000, 0.00000000000, -0.00000003531, 0.03299999918
31, 50.00000000000, 391.16405163420, -30000000.00000000000, 0.00000000000, 0.00000000000, -0.00000010932, 0.03299999918
32, 50.00000000000, 393.59417414377, 44.64720799292, 4.12500003222, 0.00000000000, 0.00000000095, -0.00000000526
33, 50.00000000000, 413.12481562178, -30000000.00000000000, 0.00000000000, 0.00000000000, -0.00000003150, 0.03299999918
34, 50.00000000000, 429.73061109473, -30000000.00000000000, 0.00000000000, 0.00000000000, 0.00000007901, 0.03299999918
35, 50.00000000000, 440.52607984046, -30000000.00000000000, 0.00000000000, 0.00000000000, 0.00000001357, 0.03299999918
36, 50.00000000000, 450.32076481376, -30000000.00000000000, 0.00000000000, 0.00000000000, -0.00000000298, 0.03299999918
37, 50.00000000000, 463.26903410759, -30000000.00000000000, 0.00000000000, 0.00000000000, 0.00000006642, 0.03299999918
38, 50.00000000000, 477.03641865617, -30000000.00000000000, 0.00000000000, 0.00000000000, -0.00000000358, 0.03299999918
39, 50.00000000000, 487.56550691550, -30000000.00000000000, 0.00000000000, 0.00000000000, 0.00000002258, 0.03299999918
40, 50.00000000000, 499.55678856819, -30000000.00000000000, 0.00000000000, 0.00000000000, 0.00000002464, 0.03299999918
41, 50.00000000000, 511.50339266680, -30000000.00000000000, 0.00000000000, 0.00000000000, -0.00000002612, 0.03299999918
42, 50.00000000000, 524.06660895846, -30000000.00000000000, 0.00000000000, 0.00000000000, -0.00000000508, 0.03299999918
43, 50.00000000000, 536.44820816830, -30000000.00000000000, 0.00000000000, 0.00000000000, -0.00000001329, 0.03299999918
44, 50.00000000000, 548.14200413581, -30000000.00000000000, 0.00000000000, 0.00000000000, 0.00000004802, 0.03299999918
45, 50.00000000000, 562.70861215722, -30000000.00000000000, 0.00000000000, 0.00000000000, -0.00000004293, 0.03299999918
46, 50.00000000000, 573.53321546941, -30000000.00000000000, 0.00000000000, 0.00000000000, -0.00000000045, 0.03299999918
47, 50.00000000000, 588.29353250769, -30000000.00000000000, 0.00000000000, 0.00000000000, -0.00000003924, 0.03299999918
48, 50.00000000000, 598.51360032447, -30000000.00000000000, 0.00000000000, 0.00000000000, -0.00000005010, 0.03299999918
49, 50.00000000000, 609.19957687096, -30000000.00000000000, 0.00000000000, 0.00000000000, -0.00000001859, 0.03299999918
50, 50.00000000000, 622.44598677824, -30000000.00000000000, 0.00000000000, 0.00000000000, -0.00000000291, 0.03299999918
51, 50.00000000000, 635.07846026535, -30000000.00000000000, 0.00000000000, 0.00000000000, -0.00000000688, 0.03299999918
52, 50.00000000000, 646.17931004209, -30000000.00000000000, 0.00000000000, 0.00000000000, 0.00000000383, 0.03299999918
53, 50.00000000000, 659.28494913315, -30000000.00000000000, 0.00000000000, 0.00000000000, 0.00000004070, 0.03299999918
54, 50.00000000000, 671.43636962384, -30000000.00000000000, 0.00000000000, 0.00000000000, 0.00000005143, 0.03299999918
55, 50.00000000000, 685.30607442787, -30000000.00000000000, 0.00000000000, 0.00000000000, 0.00000001398, 0.03299999918
56, 50.00000000000, 696.60558905238, -30000000.00000000000, 0.00000000000, 0.00000000000, -0.00000001614, 0.03299999918
57, 50.00000000000, 709.08250826185, -30000000.00000000000, 0.00000000000, 0.00000000000, 0.00000001885, 0.03299999918
58, 50.00000000000, 719.03309055089, -30000000.00000000000, 0.00000000000, 0.00000000000, -0.00000006950, 0.03299999918
59, 50.00000000000, 734.11893149716, -30000000.00000000000, 0.00000000000, 0.00000000000, -0.00000004912, 0.03299999918
60, 50.00000000000, 740.65891943959, 19.99202440148, 4.12500003222, 0.00000000000, 0.00000000063, -0.00000000368
61, 50.00000000000, 755.38050452192, -30000000.00000000000, 0.00000000000, 0.00000000000, 0.00000002911, 0.03299999918
62, 50.00000000000, 768.52187005603, -30000000.00000000000, 0.00000000000, 0.00000000000, 0.00000010234, 0.03299999918
63, 50.00000000000, 780.90728870410, -30000000.00000000000, 0.00000000000, 0.00000000000, -0.00000006450, 0.03299999918
64, 50.00000000000, 796.03674497219, -30000000.00000000000, 0.00000000000, 0.00000000000, -0.00000014219, 0.03299999918
65, 50.00000000000, 802.59527232129, 16.25227322349, 4.12500003222, 0.00000000000, 0.00000000009, -0.00000000125
66, 50.00000000000, 815.68428392029, 14.31416874853, 4.12500003222, 0.00000000000, -0.00000000040, 0.00000000324
67, 50.00000000000, 829.73101448753, 17.77719059884, 4.12500003222, 0.00000000000, 0.00000000083, 0.00000000141
68, 50.00000000000, 841.31250923485, 17.97886999516, 4.12500003222, 0.00000000000, -0.00000000038, -0.00000000535
69, 50.00000000000, 849.36365153950, 4.98034500825, 4.12500003222, 0.00000000000, -0.00000000049, 0.00000000184
70, 50.00000000000, 865.79189877191, 18.59533636588, 4.12500003222, 0.00000000000, -0.00000000030, -0.00000000096
71, 50.00000000000, 876.87438710483, 24.54771576456, 4.12500003222, 0.00000000000, -0.00000000071, 0.00000000488
72, 50.00000000000, 887.38061841477, 18.11212993145, 4.12500003222, 0.00000000000, 0.00000000045, -0.00000000413
73, 50.00000000000, 898.51709903084, 37.72892522463, 4.12500003222, 0.00000000000, -0.00000000132, 0.00000000028
74, 50.00000000000, 921.31380153207, 15.83064584733, 4.12500003222, 0.00000000000, 0.00000000169, -0.00000000207
75, 50.00000000000, 924.89509354227, 38.91140480470, 4.12500003222, 0.00000000000, -0.00000000081, -0.00000000422
76, 50.00000000000, 935.23056554209, 14.75794032328, 4.12500003222, 0.00000000000, -0.00000000008, -0.00000000039
77, 50.00000000000, 948.73136858144, 4.70712849033, 4.12500003222, 0.00000000000, -0.00000000114, -0.00000000140
78, 50.00000000000, 959.98666111917, 5.61308525256, 4.12500003222, 0.00000000000, -0.00000000012, -0.00000000465
79, 50.00000000000, 958.02658063332, 28.80225893386, 4.12500003222, 0.00000000000, -0.00000000055, -0.00000000087
80, 50.00000000000, 13.38566695933, 2.21719797643, 4.12500003222, 0.00000000000, 0.00000000024, 0.00000000142
81, 50.00000000000, 32.15984538519, 30.94600028845, 4.12500003222, 0.00000000000, -0.00000000053, 0.00000000885
82, 50.00000000000, 35.91528632129, 42.38418622594, 4.12500003222, 0.00000000000, 0.00000000174, -0.00000000328
83, 50.00000000000, 46.55312562185, 17.02131057006, 4.12500003222, 0.00000000000, -0.00000000023, 0.00000000269
84, 50.00000000000, 71.46182421573, 37.15978520564, 4.12500003222, 0.00000000000, -0.00000000047, -0.00000000600
85, 50.00000000000, 70.18487668568, 23.71660845627, 4.12500003222, 0.00000000000, 0.00000000211, 0.00000000008
86, 50.00000000000, 83.49066644578, 1.69903187083, 4.12500003222, 0.00000000000, -0.00000000074, 0.00000000412
87, 50.00000000000, 97.94120241456, 3.62288600639, 4.12500003222, 0.00000000000, 0.00000000015, -0.00000000255
88, 50.00000000000, 117.86627966432, 18.29472229193, 4.12500003222, 0.00000000000, 0.00000000129, -0.00000000114
89, 50.00000000000, 115.25234254672, 28.76145435806, 4.12500003222, 0.00000000000, 0.00000000025, 0.00000000043
90, 50.00000000000, 127.73708870388, 7.20082907357, 4.12500003222, 0.00000000000, 0.00000000209, 0.00000000372
91, 50.00000000000, 151.31084145982, 18.60624340279, 4.12500003222, 0.00000000000, 0.00000000033, 0.00000000173
92, 50.00000000000, 162.93073993356, 17.82393486332, 4.12500003222, 0.00000000000, 0.00000000041, 0.00000000051
93, 50.00000000000, 176.66434789115, 20.50078089255, 4.12500003222, 0.00000000000, 0.00000000069, -0.00000000016
94, 50.00000000000, 185.02613939655, 8.48783090112, 4.12500003222, 0.00000000000, -0.00000000006, 0.00000000315
95, 50.00000000000, 188.05278694359, 41.69449430850, 4.12500003222, 0.00000000000, 0.00000000021, -0.00000001003
96, 50.00000000000, 206.94617872605, -30000000.00000000000, 0.00000000000, 0.00000000000, 0.00000007650, 0.03299999918
97, 50.00000000000, 218.70370320720, -30000000.00000000000, 0.00000000000, 0.00000000000, 0.00000009006, 0.03299999918
98, 50.00000000000, 230.30830145449, -30000000.00000000000, 0.00000000000, 0.00000000000, -0.00000001429, 0.03299999918
99, 50.00000000000, 242.93042466051, -30000000.00000000000, 0.00000000000, 0.00000000000, 0.00000003087, 0.03299999918
100, 50.00000000000, 253.89683729964, -30000000.00000000000, 0.00000000000, 0.00000000000, 0.00000002423, 0.03299999918
101, 50.00000000000, 264.42375895467, -30000000.00000000000, 0.00000000000, 0.00000000000, 0.00000002752, 0.03299999918
102, 50.00000000000, 278.97678019251, -30000000.00000000000, 0.00000000000, 0.00000000000, -0.00000003711, 0.03299999918
103, 50.00000000000, 291.69060666394, -30000000.00000000000, 0.00000000000, 0.00000000000, -0.00000004257, 0.03299999918
104, 50.00000000000, 303.68448589982, -30000000.00000000000, 0.00000000000, 0.00000000000, -0.00000002665, 0.03299999918
105, 50.00000000000, 317.46338732642, -30000000.00000000000, 0.00000000000, 0.00000000000, 0.00000002010, 0.03299999918
106, 50.00000000000, 335.72308512804, 25.26226539301, 4.12500003222, 0.00000000000, -0.00000000029, -0.00000000135
107, 50.00000000000, 340.91082339979, -30000000.00000000000, 0.00000000000, 0.00000000000, 0.00000004020, 0.03299999918
108, 50.00000000000, 346.44636166933, 54.12575450403, 4.12500003222, 0.00000000000, 0.00000000139, -0.00000000519
109, 50.00000000000, 367.15138626785, 37.76764802030, 4.12500003222, 0.00000000000, -0.00000000083, 0.00000000586
110, 50.00000000000, 379.76014018530, -30000000.00000000000, 0.00000000000, 0.00000000000, -0.00000003562, 0.03299999918
111, 50.00000000000, 389.84297862288, -30000000.00000000000, 0.00000000000, 0.00000000000, -0.00000008950, 0.03299999918
112, 50.00000000000, 400.35378579075, 30.43965374377, 4.12500003222, 0.00000000000, -0.00000000090, 0.00000000352
113, 50.00000000000, 413.95149449278, 31.02733997147, 4.12500003222, 0.00000000000, 0.00000000042, -0.00000000413
114, 50.00000000000, 418.05068906989, 47.32284570294, 4.12500003222, 0.00000000000, -0.00000000036, -0.00000000694
115, 50.00000000000, 438.52073748121, 32.51809426611, 4.12500003222, 0.00000000000, -0.00000000100, 0.00000000119
116, 50.00000000000, 451.97264082240, 51.56007283192, 4.12500003222, 0.00000000000, -0.00000000099, 0.00000000449
117, 50.00000000000, 464.55964283995, -30000000.00000000000, 0.00000000000, 0.00000000000, 0.00000004526, 0.03299999918
118, 50.00000000000, 475.33358816619, -30000000.00000000000, 0.00000000000, 0.00000000000, 0.00000003258, 0.03299999918
119, 50.00000000000, 488.06265798008, -30000000.00000000000, 0.00000000000, 0.00000000000, 0.00000001403, 0.03299999918
120, 50.00000000000, 499.75394785896, -30000000.00000000000, 0.00000000000, 0.00000000000, 0.00000002078, 0.03299999918
121, 50.00000000000, 512.77654479015, -30000000.00000000000, 0.00000000000, 0.00000000000, -0.00000001021, 0.03299999918
122, 50.00000000000, 518.68554665516, -30000000.00000000000, 0.00000000000, 0.00000000000, 0.00000000735, 0.03299999918
123, 50.00000000000, 540.40000994783, -30000000.00000000000, 0.00000000000, 0.00000000000, -0.00000004052, 0.03299999918
124, 50.00000000000, 550.38274235761, -30000000.00000000000, 0.00000000000, 0.00000000000, 0.00000000514, 0.03299999918
125, 50.00000000000, 558.71105056717, 40.77817604231, 4.12500003222, 0.00000000000, -0.00000000118, 0.00000000008
126, 50.00000000000, 573.85806850424, -30000000.00000000000, 0.00000000000, 0.00000000000, -0.00000000550, 0.03299999918
127, 50.00000000000, 581.39981621979, 27.01930878761, 4.12500003222, 0.00000000000, -0.00000000188, 0.00000000370
128, 50.00000000000, 596.50939408371, 43.31684847534, 4.12500003222, 0.00000000000, 0.00000000080, -0.00000000309
129, 50.00000000000, 619.98256017832, 29.08575894048, 4.12500003222, 0.00000000000, 0.00000000014, 0.00000000432
130, 50.00000000000, 622.29399348533, -30000000.00000000000, 0.00000000000, 0.00000000000, -0.00000000100, 0.03299999918
131, 50.00000000000, 632.91258468881, 25.55133053226, 4.12500003222, 0.00000000000, 0.00000000135, -0.00000000071
132, 50.00000000000, 647.40977091523, -30000000.00000000000, 0.00000000000, 0.00000000000, -0.00000001145, 0.03299999918
133, 50.00000000000, 658.74027245913, 29.66009803552, 4.12500003222, 0.00000000000, -0.00000000089, -0.00000000131
134, 50.00000000000, 668.84537742025, -30000000.00000000000, 0.00000000000, 0.00000000000, 0.00000009594, 0.03299999918
135, 50.00000000000, 683.88128898748, 31.87455308248, 4.12500003222, 0.00000000000, 0.00000000148, 0.00000000252
136, 50.00000000000, 696.70151116269, -30000000.00000000000, 0.00000000000, 0.00000000000, -0.00000001758, 0.03299999918
137, 50.00000000000, 709.61508208193, 55.23488279933, 4.12500003222, 0.00000000000, 0.00000000013, 0.00000000062
138, 50.00000000000, 719.88511286716, -30000000.00000000000, 0.00000000000, 0.00000000000, -0.00000008207, 0.03299999918
139, 50.00000000000, 734.24579729043, -30000000.00000000000, 0.00000000000, 0.00000000000, -0.00000005080, 0.03299999918
140, 50.00000000000, 749.43868283564, 49.94657968137, 4.12500003222, 0.00000000000, 0.00000000023, 0.00000000032
141, 50.00000000000, 756.76770196647, -30000000.00000000000, 0.00000000000, 0.00000000000, 0.00000000589, 0.03299999918
142, 50.00000000000, 771.42466081068, 38.92540076410, 4.12500003222, 0.00000000000, 0.00000000017, -0.00000000397
143, 50.00000000000, 788.29239671033, 17.26480049774, 4.12500003222, 0.00000000000, -0.00000000068, 0.00000000473
144, 50.00000000000, 796.53001991583, 31.42551198417, 4.12500003222, 0.00000000000, -0.00000000028, -0.00000000050
145, 50.00000000000, 809.37300766735, 3.87096967925, 4.12500003222, 0.00000000000, 0.00000000000, -0.00000000134
146, 50.00000000000, 822.21819353814, 26.66279402898, 4.12500003222, 0.00000000000, -0.00000000123, 0.00000000320
147, 50.00000000000, 828.10829748743, 6.71196846347, 4.12500003222, 0.00000000000, 0.00000000001, -0.00000000241
148, 50.00000000000, 845.59385045404, 24.98139659021, 4.12500003222, 0.00000000000, 0.00000000040, 0.00000000282
149, 50.00000000000, 854.33872276056, 29.56229617133, 4.12500003222, 0.00000000000, 0.00000000499, -0.00000000394
150, 50.00000000000, 865.23828761831, 27.73530432718, 4.12500003222, 0.00000000000, -0.00000000021, 0.00000000489
151, 50.00000000000, 864.26913534797, 7.90022399793, 4.12500003222, 0.00000000000, -0.00000000065, -0.00000000673
152, 50.00000000000, 887.97288933101, 4.46962220015, 4.12500003222, 0.00000000000, 0.00000000050, 0.00000000129
153, 50.00000000000, 910.68835295442, 17.74726936393, 4.12500003222, 0.00000000000, 0.00000000142, 0.00000000256
154, 50.00000000000, 910.29272820935, 4.17289383399, 4.12500003222, 0.00000000000, -0.00000000026, 0.00000000253
155, 50.00000000000, 916.38877124799, 29.65224122054, 4.12500003222, 0.00000000000, 0.00000000137, -0.00000000308
156, 50.00000000000, 923.88554569879, 3.82686882160, 4.12500003222, 0.00000000000, -0.00000000049, 0.00000000131
157, 50.00000000000, 936.35628266169, 2.58759652856, 4.12500003222, 0.00000000000, 0.00000000131, 0.00000000391
158, 50.00000000000, 948.25278787954, 37.95218646534, 4.12500003222, 0.00000000000, 0.00000000036, -0.00000000373
159, 50.00000000000, 979.78494070784, 44.06404252903, 4.12500003222, 0.00000000000, -0.00000000038, 0.00000000120
160, 50.00000000000, 13.00997100859, 27.10369963715, 4.12500003222, 0.00000000000, 0.00000000006, 0.00000000576
161, 50.00000000000, 33.93161324701, 17.72547800561, 4.12500003222, 0.00000000000, 0.00000000068, -0.00000000442
162, 50.00000000000, 39.57778723498, 27.14548865276, 4.12500003222, 0.00000000000, 0.00000000019, -0.00000000404
163, 50.00000000000, 54.75622882462, 39.65119396924, 4.12500003222, 0.00000000000, -0.00000000045, 0.00000000223
164, 50.00000000000, 55.54564745685, 25.43757393253, 4.12500003222, 0.00000000000, -0.00000000136, -0.00000000271
165, 50.00000000000, 79.89450304719, 34.04753361608, 4.12500003222, 0.00000000000, -0.00000000091, -0.00000000470
166, 50.00000000000, 72.04067657662, 10.12407322165, 4.12500003222, 0.00000000000, 0.00000000086, 0.00000000048
167, 50.00000000000, 91.49133954717, 24.26669035488, 4.12500003222, 0.00000000000, -0.00000000151, 0.00000000408
168, 50.00000000000, 109.01629853572, 38.66705767652, 4.12500003222, 0.00000000000, 0.00000000189, 0.00000000317
169, 50.00000000000, 123.64577042915, 33.63757469112, 4.12500003222, 0.00000000000, -0.00000000056, 0.00000000049
170, 50.00000000000, 139.27361408998, 17.24926361782, 4.12500003222, 0.00000000000, 0.00000000035, 0.00000000016
171, 50.00000000000, 144.97071537241, 42.90647207496, 4.12500003222, 0.00000000000, 0.00000000113, -0.00000000437
172, 50.00000000000, 156.92830412969, 31.79030854669, 4.12500003222, 0.00000000000, 0.00000000033, -0.00000000925
173, 50.00000000000, 164.17967314931, 39.45894540471, 4.12500003222, 0.00000000000, 0.00000000025, 0.00000000071
174, 50.00000000000, 187.50627185586, 26.80687308176, 4.12500003222, 0.00000000000, 0.00000000031, -0.00000000285
175, 50.00000000000, 197.95926528961, 63.15637493709, 4.12500003222, 0.00000000000, -0.00000000021, 0.00000000034
176, 50.00000000000, 207.20458227951, -30000000.00000000000, 0.00000000000, 0.00000000000, 0.00000007450, 0.03299999918
177, 50.00000000000, 213.15060851480, 48.17463214414, 4.12500003222, 0.00000000000, -0.00000000100, -0.00000000199
178, 50.00000000000, 225.93020473857, 25.92817671076, 4.12500003222, 0.00000000000, -0.00000000105, -0.00000000047
179, 50.00000000000, 244.65984944092, -30000000.00000000000, 0.00000000000, 0.00000000000, -0.00000000026, 0.03299999918
180, 50.00000000000, 243.76633663294, 58.23736225193, 4.12500003222, 0.00000000000, 0.00000000130, 0.00000000519
181, 50.00000000000, 269.10845200211, -30000000.00000000000, 0.00000000000, 0.00000000000, -0.00000005971, 0.03299999918
182, 50.00000000000, 282.55774166623, 33.10540974953, 4.12500003222, 0.00000000000, -0.00000000071, 0.00000000438
183, 50.00000000000, 287.04163347326, 20.77918367705, 4.12500003222, 0.00000000000, 0.00000000128, -0.00000000037
184, 50.00000000000, 297.31347395895, 30.88971191385, 4.12500003222, 0.00000000000, 0.00000000083, 0.00000000208
185, 50.00000000000, 320.17571432518, 46.22022371385, 4.12500003222, 0.00000000000, -0.00000000042, -0.00000000340
186, 50.00000000000, 322.10220504940, 25.89691940107, 4.12500003222, 0.00000000000, -0.00000000006, -0.00000000181
187, 50.00000000000, 343.82367767245, -30000000.00000000000, 0.00000000000, 0.00000000000, 0.00000003867, 0.03299999918
188, 50.00000000000, 353.83863898275, 34.74626074109, 4.12500003222, 0.00000000000, -0.00000000165, 0.00000000645
189, 50.00000000000, 368.84347209594, -30000000.00000000000, 0.00000000000, 0.00000000000, 0.00000002560, 0.03299999918
190, 50.00000000000, 371.25488150973, 54.11829424320, 4.12500003222, 0.00000000000, -0.00000000203, -0.00000000699
191, 50.00000000000, 389.13797065634, -30000000.00000000000, 0.00000000000, 0.00000000000, -0.00000007914, 0.03299999918
192, 50.00000000000, 407.79930195370, 40.58278857691, 4.12500003222, 0.00000000000, -0.00000000203, 0.00000000784
193, 50.00000000000, 418.37390336665, 66.86266539949, 4.12500003222, 0.00000000000, 0.00000000103, 0.00000000080
194, 50.00000000000, 423.32086696590, -30000000.00000000000, 0.00000000000, 0.00000000000, 0.00000005755, 0.03299999918
195, 50.00000000000, 435.23467232209, 44.68976129316, 4.12500003222, 0.00000000000, 0.00000000010, -0.00000000140
196, 50.00000000000, 450.58886988162, -30000000.00000000000, 0.00000000000, 0.00000000000, -0.00000000758, 0.03299999918
197, 50.00000000000, 457.43101822316, -30000000.00000000000, 0.00000000000, 0.00000000000, 0.00000002661, 0.03299999918
198, 50.00000000000, 483.13524015678, 34.58351390052, 4.12500003222, 0.00000000000, 0.00000000081, 0.00000000178
199, 50.00000000000, 493.67007766074, 53.46538067485, 4.12500003222, 0.00000000000, 0.00000000102, -0.00000000777
200, 50.00000000000, 503.94495057935, -30000000.00000000000, 0.00000000000, 0.00000000000, -0.00000006215, 0.03299999918
201, 50.00000000000, 509.64979395494, 32.47335888826, 4.12500003222, 0.00000000000, -0.00000000090, 0.00000000422
202, 50.00000000000, 526.12302968527, -30000000.00000000000, 0.00000000000, 0.00000000000, -0.00000004692, 0.03299999918
203, 50.00000000000, 536.07893991383, 24.04208314117, 4.12500003222, 0.00000000000, 0.00000000021, 0.00000000181
204, 50.00000000000, 544.73552850644, 43.75260114104, 4.12500003222, 0.00000000000, 0.00000000116, 0.00000000198
205, 50.00000000000, 558.94771264613, -30000000.00000000000, 0.00000000000, 0.00000000000, -0.00000001469, 0.03299999918
206, 50.00000000000, 570.96766599208, 36.49289445819, 4.12500003222, 0.00000000000, 0.00000000103, -0.00000000014
207, 50.00000000000, 582.71741353921, 43.55657707397, 4.12500003222, 0.00000000000, 0.00000000314, -0.00000000675
208, 50.00000000000, 604.62993526838, 47.95839545239, 4.12500003222, 0.00000000000, 0.00000000072, -0.00000000299
209, 50.00000000000, 614.90110674573, 41.54966633629, 4.12500003222, 0.00000000000, -0.00000000092, 0.00000000286
210, 50.00000000000, 626.91188797143, 40.47339486468, 4.12500003222, 0.00000000000, -0.00000000165, 0.00000000124
211, 50.00000000000, 637.30334106761, 38.84724840318, 4.12500003222, 0.00000000000, 0.00000000022, -0.00000000343
212, 50.00000000000, 647.20499906221, 32.53092585095, 4.12500003222, 0.00000000000, -0.00000000159, -0.00000000074
213, 50.00000000000, 661.98059722787, 41.87661611599, 4.12500003222, 0.00000000000, -0.00000000043, 0.00000000495
214, 50.00000000000, 676.41992913766, 49.25628975386, 4.12500003222, 0.00000000000, -0.00000000167, -0.00000000007
215, 50.00000000000, 686.73572500375, -30000000.00000000000, 0.00000000000, 0.00000000000, -0.00000000669, 0.03299999918
216, 50.00000000000, 695.20104340144, -30000000.00000000000, 0.00000000000, 0.00000000000, 0.00000000497, 0.03299999918
217, 50.00000000000, 705.99048774219, -30000000.00000000000, 0.00000000000, 0.00000000000, 0.00000007785, 0.03299999918
218, 50.00000000000, 723.05487153200, 20.58619563235, 4.12500003222, 0.00000000000, 0.00000000270, 0.00000000199
219, 50.00000000000, 730.94940716283, -30000000.00000000000, 0.00000000000, 0.00000000000, -0.00000000746, 0.03299999918
220, 50.00000000000, 746.52142388985, 33.15247740158, 4.12500003222, 0.00000000000, 0.00000000136, -0.00000000158
221, 50.00000000000, 763.20429631280, 27.94382088936, 4.12500003222, 0.00000000000, 0.00000000042, -0.00000000202
222, 50.00000000000, 780.60834734705, 45.79718568069, 4.12500003222, 0.00000000000, 0.00000000060, 0.00000000554
223, 50.00000000000, 782.03370722991, -30000000.00000000000, 0.00000000000, 0.00000000000, -0.00000007945, 0.03299999918
224, 50.00000000000, 791.97734390351, -30000000.00000000000, 0.00000000000, 0.00000000000, -0.00000009745, 0.03299999918
225, 50.00000000000, 809.12807849516, 25.88904514182, 4.12500003222, 0.00000000000, 0.00000000113, 0.00000000550
226, 50.00000000000, 815.85626921151, 36.64406597450, 4.12500003222, 0.00000000000, 0.00000000100, -0.00000000395
227, 50.00000000000, 828.96083782464, 36.09903559060, 4.12500003222, 0.00000000000, -0.00000000088, 0.00000000081
228, 50.00000000000, 835.04099234459, 29.20302718926, 4.12500003222, 0.00000000000, 0.00000000177, -0.00000000474
229, 50.00000000000, 856.24449168234, 41.31255557717, 4.12500003222, 0.00000000000, -0.00000000308, -0.00000000820
230, 50.00000000000, 870.56249415355, 47.34841155396, 4.12500003222, 0.00000000000, -0.00000000049, 0.00000000298
231, 50.00000000000, 874.60574658776, 38.99027464543, 4.12500003222, 0.00000000000, 0.00000000200, -0.00000000363
232, 50.00000000000, 887.73586106572, 44.30198597367, 4.12500003222, 0.00000000000, -0.00000000171, -0.00000000138
233, 50.00000000000, 899.65614097469, 15.16565738029, 4.12500003222, 0.00000000000, 0.00000000152, -0.00000000339
234, 50.00000000000, 907.92521661966, 41.64222831945, 4.12500003222, 0.00000000000, -0.00000000058, -0.00000000472
235, 50.00000000000, 924.57843533936, 24.94693775254, 4.12500003222, 0.00000000000, -0.00000000172, -0.00000000216
236, 50.00000000000, 947.05227156478, 16.46325328038, 4.12500003222, 0.00000000000, -0.00000000148, -0.00000000052
237, 50.00000000000, 942.76259706640, 48.12856726579, 4.12500003222, 0.00000000000, -0.00000000058, 0.00000000270
238, 50.00000000000, 957.82124985306, 14.33529543376, 4.12500003222, 0.00000000000, -0.00000000053, 0.00000001008
239, 50.00000000000, 972.44585874135, 10.21630192956, 4.12500003222, 0.00000000000, -0.00000000060, 0.00000000196
240, 50.00000000000, 24.09189460942, 24.94282739023, 4.12500003222, 0.00000000000, 0.00000000041, 0.00000000143
241, 50.00000000000, 36.48075149718, 57.28737669317, 4.12500003222, 0.00000000000, -0.00000000020, -0.00000000858
242, 50.00000000000, 44.44358272326, 42.11846319522, 4.12500003222, 0.00000000000, 0.00000000145, 0.00000000259
243, 50.00000000000, 51.55891675839, 50.22556769737, 4.12500003222, 0.00000000000, -0.00000000275, -0.00000000359
244, 50.00000000000, 61.30155240063, 32.34308076931, 4.12500003222, 0.00000000000, 0.00000000355, 0.00000000392
245, 50.00000000000, 68.11905173349, 58.41003515577, 4.12500003222, 0.00000000000, 0.00000000011, -0.00000000230
246, 50.00000000000, 91.62414395558, 35.12409522460, 4.12500003222, 0.00000000000, -0.00000000165, 0.00000000500
247, 50.00000000000, 106.61466503149, 15.45712149617, 4.12500003222, 0.00000000000, -0.00000000270, -0.00000000338
248, 50.00000000000, 102.25906138791, 46.06595600654, 4.12500003222, 0.00000000000, 0.00000000004, 0.00000000533
249, 50.00000000000, 118.19358997817, 44.23224668813, 4.12500003222, 0.00000000000, 0.00000000128, -0.00000000357
250, 50.00000000000, 133.77893847248, 38.28588654305, 4.12500003222, 0.00000000000, 0.00000000004, -0.00000000186
251, 50.00000000000, 148.27388318732, 32.26932649882, 4.12500003222, 0.00000000000, 0.00000000006, -0.00000000362
252, 50.00000000000, 154.97929312357, 42.73131085865, 4.12500003222, 0.00000000000, -0.00000000009, 0.00000000473
253, 50.00000000000, 171.73236127928, 44.23634203615, 4.12500003222, 0.00000000000, -0.00000000174, -0.00000000224
254, 50.00000000000, 180.34605579258, 58.76410866916, 4.12500003222, 0.00000000000, 0.00000000059, 0.00000000031
255, 50.00000000000, 199.88227693491, 28.52408213652, 4.12500003222, 0.00000000000, -0.00000000014, -0.00000000166
256, 50.00000000000, 197.26558039052, 39.01175820816, 4.12500003222, 0.00000000000, 0.00000000051, 0.00000000134
257, 50.00000000000, 221.18183766854, 39.18161636420, 4.12500003222, 0.00000000000, 0.00000000092, -0.00000000191
258, 50.00000000000, 234.38179262923, 35.13712722078, 4.12500003222, 0.00000000000, -0.00000000029, 0.00000000242
259, 50.00000000000, 247.00554695074, 29.29761949810, 4.12500003222, 0.00000000000, 0.00000000068, 0.00000000208
260, 50.00000000000, 252.59954691631, 54.39306842058, 4.12500003222, 0.00000000000, -0.00000000098, -0.00000000786
261, 50.00000000000, 270.92284920898, 37.68938792749, 4.12500003222, 0.00000000000, -0.00000000035, 0.00000000181
262, 50.00000000000, 282.68209584147, 45.29280602257, 4.12500003222, 0.00000000000, 0.00000000072, -0.00000000040
263, 50.00000000000, 294.07414091466, 43.37414005790, 4.12500003222, 0.00000000000, -0.00000000089, -0.00000000193
264, 50.00000000000, 298.07620173926, 53.13005802731, 4.12500003222, 0.00000000000, -0.00000000106, 0.00000000217
265, 50.00000000000, 315.50174808274, 34.70958081162, 4.12500003222, 0.00000000000, -0.00000000196, 0.00000000505
266, 50.00000000000, 329.03231453260, 37.25458900708, 4.12500003222, 0.00000000000, -0.00000000108, 0.00000000355
267, 50.00000000000, 339.31719870963, -30000000.00000000000, 0.00000000000, 0.00000000000, 0.00000002105, 0.03299999918
268, 50.00000000000, 350.22907257610, -30000000.00000000000, 0.00000000000, 0.00000000000, 0.00000008433, 0.03299999918
269, 50.00000000000, 359.21676157220, 50.95185936935, 4.12500003222, 0.00000000000, 0.00000000091, -0.00000000305
270, 50.00000000000, 379.64928727705, 58.47870215282, 4.12500003222, 0.00000000000, -0.00000000060, 0.00000000690
271, 50.00000000000, 379.77840259287, 40.73547870079, 4.12500003222, 0.00000000000, -0.00000000247, 0.00000000455
272, 50.00000000000, 402.83129691044, 52.02236821388, 4.12500003222, 0.00000000000, 0.00000000039, -0.00000000193
273, 50.00000000000, 419.51317174042, 60.32803512480, 4.12500003222, 0.00000000000, -0.00000000065, 0.00000000180
274, 50.00000000000, 426.28745583032, -30000000.00000000000, 0.00000000000, 0.00000000000, 0.00000006788, 0.03299999918
275, 50.00000000000, 427.16205503834, 50.08919641907, 4.12500003222, 0.00000000000, -0.00000000068, -0.00000000288
276, 50.00000000000, 448.82376730584, 40.01542615034, 4.12500003222, 0.00000000000, -0.00000000240, 0.00000000247
277, 50.00000000000, 458.30720227055, 34.37465120169, 4.12500003222, 0.00000000000, 0.00000000178, 0.00000000326
278, 50.00000000000, 471.57402732749, 40.04114681396, 4.12500003222, 0.00000000000, 0.00000000247, 0.00000000067
279, 50.00000000000, 486.20762512158, -30000000.00000000000, 0.00000000000, 0.00000000000, 0.00000000190, 0.03299999918
280, 50.00000000000, 496.39100387292, 28.89242062258, 4.12500003222, 0.00000000000, -0.00000000108, 0.00000000100
281, 50.00000000000, 505.16450776677, 46.49550052330, 4.12500003222, 0.00000000000, -0.00000000021, -0.00000000262
282, 50.00000000000, 523.30611636826, 31.42280097215, 4.12500003222, 0.00000000000, 0.00000000024, 0.00000000054
283, 50.00000000000, 538.26972007795, 54.42362128378, 4.12500003222, 0.00000000000, -0.00000000072, -0.00000000001
284, 50.00000000000, 553.33615720448, 52.64630789713, 4.12500003222, 0.00000000000, 0.00000000102, -0.00000000065
285, 50.00000000000, 561.21726722931, 26.83547938959, 4.12500003222, 0.00000000000, 0.00000000155, 0.00000000236
286, 50.00000000000, 574.22182242399, -30000000.00000000000, 0.00000000000, 0.00000000000, -0.00000001117, 0.03299999918
287, 50.00000000000, 584.20420567108, -30000000.00000000000, 0.00000000000, 0.00000000000, -0.00000002407, 0.03299999918
288, 50.00000000000, 596.85847479660, -30000000.00000000000, 0.00000000000, 0.00000000000, -0.00000002341, 0.03299999918
289, 50.00000000000, 615.35919372206, 52.00203758125, 4.12500003222, 0.00000000000, 0.00000000308, -0.00000000134
290, 50.00000000000, 630.64982646604, 51.56860814270, 4.12500003222, 0.00000000000, -0.00000000074, 0.00000000164
291, 50.00000000000, 640.28622253081, 48.47660356084, 4.12500003222, 0.00000000000, 0.00000000070, 0.00000000143
292, 50.00000000000, 651.41326751847, 41.80481674219, 4.12500003222, 0.00000000000, 0.00000000080, 0.00000000445
293, 50.00000000000, 656.61881431998, 55.37793473969, 4.12500003222, 0.00000000000, 0.00000000151, 0.00000000117
294, 50.00000000000, 672.29979993652, 40.02277918331, 4.12500003222, 0.00000000000, 0.00000000199, -0.00000000318
295, 50.00000000000, 686.68122646858, 43.46132469739, 4.12500003222, 0.00000000000, -0.00000000034, -0.00000000281
296, 50.00000000000, 696.03353055897, 32.25587146078, 4.12500003222, 0.00000000000, 0.00000000045, 0.00000000301
297, 50.00000000000, 708.19446539301, 42.42083030397, 4.12500003222, 0.00000000000, 0.00000000006, -0.00000000336
298, 50.00000000000, 724.14179170101, 57.36256148669, 4.12500003222, 0.00000000000, -0.00000000043, 0.00000000157
299, 50.00000000000, 730.36844703452, 42.66794144485, 4.12500003222, 0.00000000000, -0.00000000227, 0.00000000633
300, 50.00000000000, 741.41151646461, 42.10173790777, 4.12500003222, 0.00000000000, -0.00000000103, 0.00000000134
301, 50.00000000000, 756.28688238650, 40.76954481262, 4.12500003222, 0.00000000000, 0.00000000026, -0.00000000080
302, 50.00000000000, 771.87134874826, -30000000.00000000000, 0.00000000000, 0.00000000000, 0.00000005740, 0.03299999918
303, 50.00000000000, 782.92405513552, 32.25189151157, 4.12500003222, 0.00000000000, -0.00000000098, 0.00000000061
304, 50.00000000000, 792.12151221878, 44.02975674514, 4.12500003222, 0.00000000000, -0.00000000050, 0.00000000043
305, 50.00000000000, 805.12100455533, 38.74267631198, 4.12500003222, 0.00000000000, -0.00000000093, -0.00000000007
306, 50.00000000000, 818.46023078619, 46.12645571219, 4.12500003222, 0.00000000000, -0.00000000009, -0.00000000175
307, 50.00000000000, 831.15293534532, 42.89310698666, 4.12500003222, 0.00000000000, -0.00000000164, -0.00000000487
308, 50.00000000000, 845.82261240177, 52.52097988791, 4.12500003222, 0.00000000000, -0.00000000121, 0.00000000168
309, 50.00000000000, 853.52747292625, 15.41651584996, 4.12500003222, 0.00000000000, -0.00000000079, 0.00000000583
310, 50.00000000000, 864.46276025678, 40.76385204372, 4.12500003222, 0.00000000000, 0.00000000143, -0.00000000442
311, 50.00000000000, 875.62623303602, 12.74119834572, 4.12500003222, 0.00000000000, 0.00000000076, -0.00000000222
312, 50.00000000000, 892.22252979437, 60.15856779374, 4.12500003222, 0.00000000000, 0.00000000023, 0.00000000378
313, 50.00000000000, 898.47932575579, 25.33617269347, 4.12500003222, 0.00000000000, -0.00000000006, 0.00000000204
314, 50.00000000000, 907.97061716931, 30.50221754887, 4.12500003222, 0.00000000000, 0.00000000097, 0.00000000056
315, 50.00000000000, 916.85971874018, 63.08860394724, 4.12500003222, 0.00000000000, 0.00000000030, 0.00000000566
316, 50.00000000000, 937.60387785386, 58.14611959142, 4.12500003222, 0.00000000000, -0.00000000248, -0.00000000259
317, 50.00000000000, 948.25882910497, 52.73032727375, 4.12500003222, 0.00000000000, 0.00000000199, -0.00000000003
318, 50.00000000000, 949.92426282914, 27.09163738452, 4.12500003222, 0.00000000000, 0.00000000061, -0.00000000504
319, 50.00000000000, 969.02742645361, 23.19699486939, 4.12500003222, 0.00000000000, -0.00000000015, -0.00000000152
320, 50.00000000000, 22.85845733369, 39.98289920453, 4.12500003222, 0.00000000000, -0.00000000067, -0.00000000566
321, 50.00000000000, 29.48927003078, 47.59347703006, 4.12500003222, 0.00000000000, 0.00000000315, 0.00000000624
322, 50.00000000000, 47.21860742055, 32.97658100798, 4.12500003222, 0.00000000000, 0.00000000053, 0.00000000014
323, 50.00000000000, 53.37623779186, 77.61814141538, 4.12500003222, 0.00000000000, 0.00000000063, -0.00000000402
324, 50.00000000000, 68.91248019411, 45.41125921123, 4.12500003222, 0.00000000000, -0.00000000112, 0.00000000135
325, 50.00000000000, 79.72633035906, 58.64028232090, 4.12500003222, 0.00000000000, 0.00000000012, 0.00000000475
326, 50.00000000000, 93.37817421952, 49.39504171743, 4.12500003222, 0.00000000000, 0.00000000127, 0.00000000276
327, 50.00000000000, 101.29064570074, 73.52251727468, 4.12500003222, 0.00000000000, 0.00000000061, -0.00000000260
328, 50.00000000000, 103.74043874269, 26.25716417607, 4.12500003222, 0.00000000000, 0.00000000118, 0.00000000157
329, 50.00000000000, 124.17454828668, 57.34490436961, 4.12500003222, 0.00000000000, 0.00000000115, 0.00000000780
330, 50.00000000000, 140.00709243712, 29.06999282522, 4.12500003222, 0.00000000000, 0.00000000014, 0.00000000161
331, 50.00000000000, 139.81057664443, 49.09128916474, 4.12500003222, 0.00000000000, -0.00000000140, 0.00000000486
332, 50.00000000000, 165.10459424757, 27.14435730764, 4.12500003222, 0.00000000000, 0.00000000062, -0.00000000187
333, 50.00000000000, 173.88513511455, 32.26679524874, 4.12500003222, 0.00000000000, 0.00000000157, -0.00000000237
334, 50.00000000000, 187.94968305946, 49.64331556273, 4.12500003222, 0.00000000000, -0.00000000144, 0.00000000345
335, 50.00000000000, 191.04536345532, 59.06828422829, 4.12500003222, 0.00000000000, -0.00000000309, 0.00000000063
336, 50.00000000000, 207.98327751920, 39.47431465444, 4.12500003222, 0.00000000000, -0.00000000043, 0.00000000067
337, 50.00000000000, 221.61568132896, 51.45375907471, 4.12500003222, 0.00000000000, 0.00000000005, 0.00000000031
338, 50.00000000000, 231.03459522028, 47.25405628969, 4.12500003222, 0.00000000000, 0.00000000126, -0.00000000056
339, 50.00000000000, 246.07922334790, 41.41851573409, 4.12500003222, 0.00000000000, 0.00000000033, 0.00000000676
340, 50.00000000000, 264.61884868508, 25.72842398322, 4.12500003222, 0.00000000000, 0.00000000072, 0.00000000201
341, 50.00000000000, 264.09809967650, 61.79727389020, 4.12500003222, 0.00000000000, 0.00000000104, 0.00000000674
342, 50.00000000000, 278.68842266238, 68.63143554315, 4.12500003222, 0.00000000000, 0.00000000036, -0.00000000015
343, 50.00000000000, 293.50463059552, 78.36706472159, 4.12500003222, 0.00000000000, 0.00000000018, -0.00000000085
344, 50.00000000000, 302.31469589789, 62.80191362029, 4.12500003222, 0.00000000000, -0.00000000063, 0.00000000409
345, 50.00000000000, 313.02510064020, 60.45355739663, 4.12500003222, 0.00000000000, 0.00000000002, -0.00000000450
346, 50.00000000000, 327.71293129757, 68.79433042574, 4.12500003222, 0.00000000000, -0.00000000028, -0.00000000608
347, 50.00000000000, 333.02448344071, 50.03170270056, 4.12500003222, 0.00000000000, 0.00000000087, -0.00000000413
348, 50.00000000000, 345.49589745361, 70.68554348493, 4.12500003222, 0.00000000000, -0.00000000019, -0.00000000150
349, 50.00000000000, 364.11753914602, -30000000.00000000000, 0.00000000000, 0.00000000000, 0.00000004287, 0.03299999918
350, 50.00000000000, 378.32539378454, -30000000.00000000000, 0.00000000000, 0.00000000000, -0.00000005854, 0.03299999918
351, 50.00000000000, 387.08220435212, 34.32550777341, 4.12500003222, 0.00000000000, 0.00000000271, -0.00000000390
352, 50.00000000000, 405.95460815073, 64.81682481684, 4.12500003222, 0.00000000000, 0.00000000064, 0.00000000424
353, 50.00000000000, 423.45552224684, 77.77866481912, 4.12500003222, 0.00000000000, -0.00000000016, -0.00000000119
354, 50.00000000000, 424.96334372263, 36.63082106043, 4.12500003222, 0.00000000000, -0.00000000038, -0.00000000032
355, 50.00000000000, 445.39546635892, 65.76955534007, 4.12500003222, 0.00000000000, 0.00000000090, 0.00000000132
356, 50.00000000000, 460.04813825449, 47.25505936126, 4.12500003222, 0.00000000000, -0.00000000090, -0.00000000225
357, 50.00000000000, 468.18729701039, 51.83916891949, 4.12500003222, 0.00000000000, -0.00000000146, -0.00000000089
358, 50.00000000000, 479.19244827271, 50.08970540922, 4.12500003222, 0.00000000000, 0.00000000324, -0.00000000736
359, 50.00000000000, 487.11383578345, 60.80722463945, 4.12500003222, 0.00000000000, -0.00000000018, -0.00000000085
360, 50.00000000000, 492.39485727119, 42.00410492967, 4.12500003222, 0.00000000000, 0.00000000044, 0.00000000211
361, 50.00000000000, 518.04104429552, 43.84567378012, 4.12500003222, 0.00000000000, -0.00000000115, 0.00000000347
362, 50.00000000000, 526.04009512402, 53.54678513524, 4.12500003222, 0.00000000000, 0.00000000139, 0.00000000534
363, 50.00000000000, 535.78787500031, -30000000.00000000000, 0.00000000000, 0.00000000000, -0.00000000152, 0.03299999918
364, 50.00000000000, 548.76313385955, 31.80201092786, 4.12500003222, 0.00000000000, 0.00000000003, 0.00000000480
365, 50.00000000000, 558.35298301532, 66.02255342397, 4.12500003222, 0.00000000000, -0.00000000014, 0.00000000215
366, 50.00000000000, 571.93297131882, 63.31257154901, 4.12500003222, 0.00000000000, -0.00000000420, 0.00000000021
367, 50.00000000000, 590.43311980573, 51.92721847040, 4.12500003222, 0.00000000000, 0.00000000120, -0.00000000139
368, 50.00000000000, 593.79326343074, 30.67464344369, 4.12500003222, 0.00000000000, -0.00000000337, 0.00000000241
369, 50.00000000000, 606.34624286365, 29.92681823304, 4.12500003222, 0.00000000000, -0.00000000214, 0.00000000423
370, 50.00000000000, 624.84453461333, 76.01531745730, 4.12500003222, 0.00000000000, 0.00000000035, 0.00000000126
371, 50.00000000000, 642.18120592481, 59.93332606006, 4.12500003222, 0.00000000000, 0.00000000218, -0.00000000301
372, 50.00000000000, 650.93328114358, 52.47300718181, 4.12500003222, 0.00000000000, -0.00000000176, -0.00000000063
373, 50.00000000000, 665.79547418124, 52.49316839215, 4.12500003222, 0.00000000000, 0.00000000032, -0.00000000308
374, 50.00000000000, 671.15813888370, 27.50341907787, 4.12500003222, 0.00000000000, 0.00000000052, -0.00000000385
375, 50.00000000000, 685.88957978911, 66.69951281974, 4.12500003222, 0.00000000000, -0.00000000008, 0.00000000557
376, 50.00000000000, 696.55634472534, 45.79872296485, 4.12500003222, 0.00000000000, 0.00000000104, -0.00000000654
377, 50.00000000000, 708.44679776611, 28.27061213289, 4.12500003222, 0.00000000000, -0.00000000181, 0.00000000247
378, 50.00000000000, 720.14115704308, 34.00851580492, 4.12500003222, 0.00000000000, -0.00000000421, 0.00000000327
379, 50.00000000000, 746.66457217566, 64.52223670181, 4.12500003222, 0.00000000000, 0.00000000043, -0.00000000125
380, 50.00000000000, 732.09729524223, 33.36626221573, 4.12500003222, 0.00000000000, 0.00000000045, -0.00000000510
381, 50.00000000000, 756.09452681772, 73.01611862818, 4.12500003222, 0.00000000000, 0.00000000088, -0.00000000348
382, 50.00000000000, 769.50163983765, -30000000.00000000000, 0.00000000000, 0.00000000000, 0.00000008905, 0.03299999918
383, 50.00000000000, 787.89868748430, 57.45858395025, 4.12500003222, 0.00000000000, 0.00000000019, 0.00000000043
384, 50.00000000000, 790.37876796969, -30000000.00000000000, 0.00000000000, 0.00000000000, -0.00000008173, 0.03299999918
385, 50.00000000000, 813.51331678059, 59.79456635164, 4.12500003222, 0.00000000000, 0.00000000011, 0.00000000159
386, 50.00000000000, 822.47739749555, 58.04983669459, 4.12500003222, 0.00000000000, 0.00000000119, 0.00000000727
387, 50.00000000000, 837.34627225013, 48.95890703522, 4.12500003222, 0.00000000000, 0.00000000170, -0.00000000016
388, 50.00000000000, 841.61933565817, 40.23516628079, 4.12500003222, 0.00000000000, 0.00000000102, -0.00000000118
389, 50.00000000000, 847.63506649134, 35.58285782849, 4.12500003222, 0.00000000000, -0.00000000116, -0.00000000019
390, 50.00000000000, 862.32230818011, 51.97380561879, 4.12500003222, 0.00000000000, -0.00000000037, 0.00000000830
391, 50.00000000000, 882.56815358166, 35.61708486344, 4.12500003222, 0.00000000000, -0.00000000404, 0.00000000376
392, 50.00000000000, 889.21368737960, 29.74756601004, 4.12500003222, 0.00000000000, -0.00000000007, 0.00000000033
393, 50.00000000000, 895.35534414672, 50.96447893009, 4.12500003222, 0.00000000000, 0.00000000081, 0.00000000113
394, 50.00000000000, 917.17473888935, 41.95605417647, 4.12500003222, 0.00000000000, -0.00000000056, -0.00000000112
395, 50.00000000000, 922.28246330095, 50.73595256517, 4.12500003222, 0.00000000000, -0.00000000108, -0.00000000110
396, 50.00000000000, 933.91881838800, 25.73898949118, 4.12500003222, 0.00000000000, -0.00000000003, -0.00000000063
397, 50.00000000000, 942.28450056385, 27.33288798151, 4.12500003222, 0.00000000000, 0.00000000180, -0.00000000378
398, 50.00000000000, 965.82591648180, 34.44687740178, 4.12500003222, 0.00000000000, 0.00000000076, 0.00000000521
399, 50.00000000000, 966.78691460644, 46.58390695563, 4.12500003222, 0.00000000000, -0.00000000058, 0.00000000467
400, 50.00000000000, 10.08536461812, 42.80420697774, 4.12500003222, 0.00000000000, 0.00000000035, -0.00000000443
401, 50.00000000000, 30.01066745973, 86.58776827360, 4.12500003222, 0.00000000000, -0.00000000059, 0.00000000197
402, 50.00000000000, 44.10630010915, 56.34150197414, 4.12500003222, 0.00000000000, -0.00000000112, -0.00000000563
403, 50.00000000000, 55.17216224690, 57.11399960152, 4.12500003222, 0.00000000000, 0.00000000110, 0.00000000580
404, 50.00000000000, 57.39985089822, 66.82454238058, 4.12500003222, 0.00000000000, -0.00000000102, -0.00000000252
405, 50.00000000000, 77.01381524593, 85.53360362146, 4.12500003222, 0.00000000000, -0.00000000027, -0.00000000539
406, 50.00000000000, 89.60947498244, 82.44484079148, 4.12500003222, 0.00000000000, 0.00000000001, -0.00000000328
407, 50.00000000000, 99.37325889967, 35.44149680561, 4.12500003222, 0.00000000000, -0.00000000025, 0.00000000314
408, 50.00000000000, 108.19482716884, 53.69572480357, 4.12500003222, 0.00000000000, -0.00000000173, -0.00000000078
409, 50.00000000000, 116.13703845670, 54.89179450676, 4.12500003222, 0.00000000000, -0.00000000087, 0.00000000068
410, 50.00000000000, 129.62059231207, 48.18549503685, 4.12500003222, 0.00000000000, 0.00000000009, 0.00000000161
411, 50.00000000000, 147.62223893191, 56.39186099095, 4.12500003222, 0.00000000000, -0.00000000240, -0.00000000092
412, 50.00000000000, 159.72111152774, 62.55435259034, 4.12500003222, 0.00000000000, 0.00000000201, 0.00000000951
413, 50.00000000000, 171.46100088912, 71.59098562056, 4.12500003222, 0.00000000000, -0.00000000035, -0.00000000459
414, 50.00000000000, 178.20227420278, 49.31461715182, 4.12500003222, 0.00000000000, -0.00000000046, -0.00000000794
415, 50.00000000000, 197.64676507290, 49.88574318631, 4.12500003222, 0.00000000000, 0.00000000042, -0.00000000277
416, 50.00000000000, 204.99106906295, 53.10639529517, 4.12500003222, 0.00000000000, 0.00000000147, 0.00000000121
417, 50.00000000000, 217.82672012267, 61.14948211225, 4.12500003222, 0.00000000000, -0.00000000260, 0.00000000257
418, 50.00000000000, 229.38906727660, 60.25725437151, 4.12500003222, 0.00000000000, 0.00000000110, 0.00000000613
419, 50.00000000000, 238.80217681207, 54.62653870204, 4.12500003222, 0.00000000000, -0.00000000250, -0.00000000496
420, 50.00000000000, 258.11791337277, 40.34863162743, 4.12500003222, 0.00000000000, 0.00000000008, 0.00000000169
421, 50.00000000000, 262.49749662741, 52.72041807057, 4.12500003222, 0.00000000000, -0.00000000123, -0.00000001257
422, 50.00000000000, 272.09116167430, 51.03379332474, 4.12500003222, 0.00000000000, -0.00000000026, -0.00000000051
423, 50.00000000000, 287.23789105499, 56.13076808487, 4.12500003222, 0.00000000000, 0.00000000001, -0.00000000189
424, 50.00000000000, 304.48566621709, 42.88400792817, 4.12500003222, 0.00000000000, -0.00000000167, -0.00000000880
425, 50.00000000000, 309.74515941738, 49.14784562361, 4.12500003222, 0.00000000000, 0.00000000112, 0.00000000190
426, 50.00000000000, 323.31846515477, 57.07965396896, 4.12500003222, 0.00000000000, 0.00000000051, 0.00000000395
427, 50.00000000000, 338.39313143138, 59.14392802180, 4.12500003222, 0.00000000000, 0.00000000178, 0.00000000439
428, 50.00000000000, 353.56962303228, 61.80789375472, 4.12500003222, 0.00000000000, -0.00000000003, -0.00000000350
429, 50.00000000000, 365.69076128210, 64.31851257671, 4.12500003222, 0.00000000000, 0.00000000126, -0.00000000527
430, 50.00000000000, 384.09229405739, 72.70427833099, 4.12500003222, 0.00000000000, 0.00000000145, 0.00000000123
431, 50.00000000000, 386.37060734457, 51.94295610383, 4.12500003222, 0.00000000000, -0.00000000190, -0.00000000305
432, 50.00000000000, 397.36527080566, -30000000.00000000000, 0.00000000000, 0.00000000000, -0.00000006663, 0.03299999918
433, 50.00000000000, 409.78149490740, 77.05487935519, 4.12500003222, 0.00000000000, 0.00000000019, 0.00000000061
434, 50.00000000000, 431.12196121401, 68.29150010790, 4.12500003222, 0.00000000000, 0.00000000033, 0.00000000302
435, 50.00000000000, 437.91952171569, 61.21990496247, 4.12500003222, 0.00000000000, -0.00000000096, -0.00000000657
436, 50.00000000000, 455.10590018891, 62.20191099575, 4.12500003222, 0.00000000000, -0.00000000020, -0.00000000522
437, 50.00000000000, 468.15036491475, 73.15712123934, 4.12500003222, 0.00000000000, 0.00000000020, -0.00000000398
438, 50.00000000000, 471.83671298355, 27.20463569937, 4.12500003222, 0.00000000000, -0.00000000094, -0.00000000245
439, 50.00000000000, 501.73125609721, 60.36636267432, 4.12500003222, 0.00000000000, 0.00000000102, -0.00000000255
440, 50.00000000000, 493.78793410397, 68.36793327795, 4.12500003222, 0.00000000000, 0.00000000024, 0.00000000398
441, 50.00000000000, 513.06916353400, 55.98375166222, 4.12500003222, 0.00000000000, 0.00000000053, -0.00000000247
442, 50.00000000000, 531.91298296144, 41.82183144286, 4.12500003222, 0.00000000000, 0.00000000015, 0.00000000173
443, 50.00000000000, 532.97237199465, 65.89992248445, 4.12500003222, 0.00000000000, 0.00000000103, -0.00000000630
444, 50.00000000000, 547.38399895283, 59.76665125648, 4.12500003222, 0.00000000000, -0.00000000038, -0.00000000163
445, 50.00000000000, 565.68053352365, 76.17604463636, 4.12500003222, 0.00000000000, -0.00000000130, 0.00000000072
446, 50.00000000000, 571.16688138383, 47.27199173280, 4.12500003222, 0.00000000000, 0.00000000116, 0.00000000120
447, 50.00000000000, 580.05082659386, 55.59177079408, 4.12500003222, 0.00000000000, -0.00000000054, -0.00000000570
448, 50.00000000000, 601.53609893349, 84.65755681941, 4.12500003222, 0.00000000000, 0.00000000089, -0.00000000069
449, 50.00000000000, 611.10239630369, 68.45507900034, 4.12500003222, 0.00000000000, -0.00000000071, -0.00000000537
450, 50.00000000000, 620.68071885288, 56.33095618931, 4.12500003222, 0.00000000000, -0.00000000164, -0.00000000187
451, 50.00000000000, 632.94624654377, 61.86077278297, 4.12500003222, 0.00000000000, 0.00000000078, 0.00000000079
452, 50.00000000000, 652.45169799082, 89.96078299789, 4.12500003222, 0.00000000000, 0.00000000098, 0.00000000084
453, 50.00000000000, 668.35448823535, 62.40488626281, 4.12500003222, 0.00000000000, -0.00000000163, -0.00000000061
454, 50.00000000000, 673.36956407010, 74.47259837027, 4.12500003222, 0.00000000000, 0.00000000072, -0.00000000065
455, 50.00000000000, 684.01703911416, 55.18878953028, 4.12500003222, 0.00000000000, -0.00000000067, 0.00000000247
456, 50.00000000000, 701.07851994271, 54.09585421143, 4.12500003222, 0.00000000000, 0.00000000045, -0.00000000555
457, 50.00000000000, 709.57963830623, 93.30755926297, 4.12500003222, 0.00000000000, -0.00000000073, -0.00000000336
458, 50.00000000000, 722.53100431882, 75.47021891510, 4.12500003222, 0.00000000000, -0.00000000100, -0.00000000080
459, 50.00000000000, 731.79566331482, 53.50582273667, 4.12500003222, 0.00000000000, 0.00000000194, -0.00000000046
460, 50.00000000000, 740.22173264835, 57.13808334504, 4.12500003222, 0.00000000000, 0.00000000273, -0.00000000023
461, 50.00000000000, 765.24674370876, 49.40685675611, 4.12500003222, 0.00000000000, 0.00000000054, 0.00000000218
462, 50.00000000000, 765.53303949744, 64.69958683852, 4.12500003222, 0.00000000000, 0.00000000028, -0.00000000089
463, 50.00000000000, 773.57835121866, 57.46297279589, 4.12500003222, 0.00000000000, 0.00000000186, -0.00000000291
464, 50.00000000000, 791.81078520960, 69.57505090755, 4.12500003222, 0.00000000000, -0.00000000169, -0.00000000325
465, 50.00000000000, 810.59840084745, 50.33799073493, 4.12500003222, 0.00000000000, -0.00000000131, 0.00000000296
466, 50.00000000000, 826.68831202510, 51.51885340927, 4.12500003222, 0.00000000000, 0.00000000042, 0.00000000244
467, 50.00000000000, 837.37021900418, 59.22460718574, 4.12500003222, 0.00000000000, -0.00000000027, 0.00000000157
468, 50.00000000000, 838.13669331334, 73.25254441664, 4.12500003222, 0.00000000000, 0.00000000139, -0.00000000278
469, 50.00000000000, 852.57405648470, 48.67644264732, 4.12500003222, 0.00000000000, -0.00000000059, 0.00000000814
470, 50.00000000000, 870.09998505598, 58.23654307866, 4.12500003222, 0.00000000000, -0.00000000151, 0.00000000309
471, 50.00000000000, 879.12430956310, 50.37921614467, 4.12500003222, 0.00000000000, -0.00000000138, 0.00000000250
472, 50.00000000000, 884.95677406696, 57.58598939711, 4.12500003222, 0.00000000000, -0.00000000128, 0.00000000076
473, 50.00000000000, 904.10996874197, 48.23240463988, 4.12500003222, 0.00000000000, 0.00000000022, 0.00000000962
474, 50.00000000000, 912.25545895124, 54.89151761202, 4.12500003222, 0.00000000000, -0.00000000427, -0.00000000215
475, 50.00000000000, 930.06804274451, 69.35952296445, 4.12500003222, 0.00000000000, -0.00000000211, 0.00000000412
476, 50.00000000000, 931.67349522859, 45.26105447789, 4.12500003222, 0.00000000000, -0.00000000097, 0.00000000861
477, 50.00000000000, 942.64726170485, 65.45388476220, 4.12500003222, 0.00000000000, 0.00000000116, -0.00000000015
478, 50.00000000000, 955.45557033496, 42.27492514529, 4.12500003222, 0.00000000000, 0.00000000184, -0.00000000010
479, 50.00000000000, 978.16809968270, 69.51008965108, 4.12500003222, 0.00000000000, 0.00000000055, -0.00000000292
480, 50.00000000000, 18.98123260261, 50.59017059485, 4.12500003222, 0.00000000000, 0.00000000080, 0.00000000505
481, 50.00000000000, 31.69932226073, 64.00382009909, 4.12500003222, 0.00000000000, -0.00000000126, -0.00000000132
482, 50.00000000000, 45.11824922610, 66.94496585232, 4.12500003222, 0.00000000000, 0.00000000241, 0.00000000005
483, 50.00000000000, 52.87546743751, 89.22719717855, 4.12500003222, 0.00000000000, -0.00000000041, 0.00000000349
484, 50.00000000000, 65.97875415837, 81.75199740771, 4.12500003222, 0.00000000000, 0.00000000061, -0.00000000304
485, 50.00000000000, 77.69190329342, 47.33535528026, 4.12500003222, 0.00000000000, -0.00000000095, 0.00000000127
486, 50.00000000000, 89.58810642744, 56.78264229972, 4.12500003222, 0.00000000000, 0.00000000230, 0.00000000297
487, 50.00000000000, 100.23694772142, 62.69429944688, 4.12500003222, 0.00000000000, -0.00000000024, -0.00000000848
488, 50.00000000000, 111.63705207234, 66.72726035878, 4.12500003222, 0.00000000000, -0.00000000017, -0.00000000081
489, 50.00000000000, 124.41139392537, 70.44357008942, 4.12500003222, 0.00000000000, 0.00000000033, -0.00000000396
490, 50.00000000000, 134.47985353186, 62.09670718333, 4.12500003222, 0.00000000000, -0.00000000073, -0.00000000531
491, 50.00000000000, 147.41543099587, 67.05899615111, 4.12500003222, 0.00000000000, 0.00000000005, 0.00000000317
492, 50.00000000000, 155.15342892799, 55.70812692038, 4.12500003222, 0.00000000000, -0.00000000131, -0.00000000286
493, 50.00000000000, 172.30490729311, 59.32358848128, 4.12500003222, 0.00000000000, 0.00000000060, 0.00000000387
494, 50.00000000000, 183.22368497021, 83.23671520985, 4.12500003222, 0.00000000000, 0.00000000142, -0.00000000059
495, 50.00000000000, 207.95273216177, 74.01213878137, 4.12500003222, 0.00000000000, 0.00000000110, 0.00000000158
496, 50.00000000000, 212.02074364525, 27.84968945613, 4.12500003222, 0.00000000000, -0.00000000021, 0.00000000314
497, 50.00000000000, 209.07215711560, 65.11029671146, 4.12500003222, 0.00000000000, -0.00000000037, -0.00000001106
498, 50.00000000000, 230.57930945748, 77.01350878030, 4.12500003222, 0.00000000000, -0.00000000040, -0.00000000067
499, 50.00000000000, 240.99389848790, 69.31400779410, 4.12500003222, 0.00000000000, 0.00000000215, 0.00000000040
500, 50.00000000000, 255.97641813519, 74.47904914828, 4.12500003222, 0.00000000000, 0.00000000063, -0.00000000190
501, 50.00000000000, 267.20656890875, 73.69543111984, 4.12500003222, 0.00000000000, 0.00000000040, 0.00000000030
502, 50.00000000000, 276.65853453148, 59.67428645259, 4.12500003222, 0.00000000000, -0.00000000034, -0.00000000428
503, 50.00000000000, 291.39158829517, 67.26232872218, 4.12500003222, 0.00000000000, 0.00000000029, -0.00000000276
504, 50.00000000000, 302.18925283330, 90.64742722972, 4.12500003222, 0.00000000000, 0.00000000044, -0.00000000168
505, 50.00000000000, 317.09030861223, 70.88117704320, 4.12500003222, 0.00000000000, 0.00000000016, 0.00000000036
506, 50.00000000000, 324.74542371899, 79.83972551749, 4.12500003222, 0.00000000000, -0.00000000067, 0.00000000559
507, 50.00000000000, 335.15409172851, 73.08225949921, 4.12500003222, 0.00000000000, 0.00000000153, 0.00000000038
508, 50.00000000000, 350.45730349109, 81.30293539601, 4.12500003222, 0.00000000000, 0.00000000025, 0.00000000062
509, 50.00000000000, 359.31876219600, 72.90877925432, 4.12500003222, 0.00000000000, -0.00000000111, 0.00000000637
510, 50.00000000000, 376.81558001153, 85.39255619083, 4.12500003222, 0.00000000000, -0.00000000002, -0.00000000123
511, 50.00000000000, 391.65090364520, 86.02003594518, 4.12500003222, 0.00000000000, 0.00000000037, 0.00000000004
512, 50.00000000000, 395.74341452065, 58.85890432790, 4.12500003222, 0.00000000000, 0.00000000039, -0.00000000403
513, 50.00000000000, 412.03436793887, 54.44224817277, 4.12500003222, 0.00000000000, -0.00000000138, 0.00000000190
514, 50.00000000000, 428.85476710958, 56.96144717877, 4.12500003222, 0.00000000000, 0.00000000063, 0.00000000320
515, 50.00000000000, 440.95318701233, 75.76503576029, 4.12500003222, 0.00000000000, 0.00000000052, -0.00000000276
516, 50.00000000000, 442.32159564049, 53.53506135188, 4.12500003222, 0.00000000000, 0.00000000005, -0.00000000512
517, 50.00000000000, 463.51128921437, 62.29193386454, 4.12500003222, 0.00000000000, -0.00000000013, 0.00000000166
518, 50.00000000000, 476.31865356600, 57.95121150991, 4.12500003222, 0.00000000000, -0.00000000237, 0.00000000743
519, 50.00000000000, 480.27765253885, 68.44607746914, 4.12500003222, 0.00000000000, -0.00000000182, 0.00000000994
520, 50.00000000000, 501.77346064358, 77.98996192304, 4.12500003222, 0.00000000000, -0.00000000061, 0.00000000479
521, 50.00000000000, 514.97738860258, 79.63149664887, 4.12500003222, 0.00000000000, 0.00000000055, 0.00000000195
522, 50.00000000000, 528.06853275113, 74.81129017184, 4.12500003222, 0.00000000000, -0.00000000022, 0.00000000539
523, 50.00000000000, 547.94485297781, 92.89886662774, 4.12500003222, 0.00000000000, -0.00000000073, -0.00000000392
524, 50.00000000000, 553.27192092454, 78.46671615762, 4.12500003222, 0.00000000000, -0.00000000051, -0.00000000282
525, 50.00000000000, 563.37193157489, 55.24567638522, 4.12500003222, 0.00000000000, 0.00000000088, -0.00000000438
526, 50.00000000000, 577.79807806313, 73.33766397491, 4.12500003222, 0.00000000000, -0.00000000043, 0.00000000277
527, 50.00000000000, 589.21917301550, 77.29647876471, 4.12500003222, 0.00000000000, -0.00000000062, 0.00000000255
528, 50.00000000000, 596.70506082234, 60.64459140505, 4.12500003222, 0.00000000000, -0.00000000138, -0.00000000145
529, 50.00000000000, 613.80673137656, 76.58030734100, 4.12500003222, 0.00000000000, 0.00000000082, 0.00000000868
530, 50.00000000000, 623.22385585287, 65.57979804761, 4.12500003222, 0.00000000000, 0.00000000029, 0.00000000260
531, 50.00000000000, 638.89426821492, 85.73737788598, 4.12500003222, 0.00000000000, -0.00000000037, -0.00000000468
532, 50.00000000000, 649.46530367041, 66.91572246555, 4.12500003222, 0.00000000000, 0.00000000102, -0.00000000664
533, 50.00000000000, 659.57823383321, 66.63639452280, 4.12500003222, 0.00000000000, -0.00000000197, -0.00000000154
534, 50.00000000000, 671.62684832488, 87.30822592937, 4.12500003222, 0.00000000000, 0.00000000017, 0.00000000050
535, 50.00000000000, 692.24812797669, 55.86545745795, 4.12500003222, 0.00000000000, -0.00000000049, 0.00000000550
536, 50.00000000000, 698.24466123401, 65.08014098246, 4.12500003222, 0.00000000000, -0.00000000145, 0.00000000099
537, 50.00000000000, 709.24345979138, 74.78210936288, 4.12500003222, 0.00000000000, 0.00000000100, 0.00000000820
538, 50.00000000000, 717.49208311288, 48.69869845203, 4.12500003222, 0.00000000000, 0.00000000045, -0.00000000022
539, 50.00000000000, 731.98128027561, 80.85980679978, 4.12500003222, 0.00000000000, -0.00000000044, 0.00000000116
540, 50.00000000000, 743.22631405402, 73.80334374072, 4.12500003222, 0.00000000000, 0.00000000006, 0.00000000317
541, 50.00000000000, 756.82729600892, 83.51108671326, 4.12500003222, 0.00000000000, -0.00000000082, 0.00000000227
542, 50.00000000000, 768.83276655797, 75.90487149002, 4.12500003222, 0.00000000000, -0.00000000039, 0.00000000056
543, 50.00000000000, 779.59005273943, 69.10608597317, 4.12500003222, 0.00000000000, 0.00000000098, -0.00000000429
544, 50.00000000000, 799.53788091887, 51.20411127913, 4.12500003222, 0.00000000000, -0.00000000022, 0.00000000235
545, 50.00000000000, 802.14451135011, 63.73728665757, 4.12500003222, 0.00000000000, -0.00000000077, -0.00000000082
546, 50.00000000000, 816.14724558020, 85.93245482661, 4.12500003222, 0.00000000000, 0.00000000139, -0.00000000335
547, 50.00000000000, 827.35030250347, 67.06281549119, 4.12500003222, 0.00000000000, 0.00000000051, 0.00000000385
548, 50.00000000000, 848.61720467907, 64.82921542556, 4.12500003222, 0.00000000000, -0.00000000315, -0.00000000400
549, 50.00000000000, 858.54434921295, 62.97210072677, 4.12500003222, 0.00000000000, -0.00000000083, -0.00000000685
550, 50.00000000000, 862.12064619679, 70.60087496759, 4.12500003222, 0.00000000000, 0.00000000079, 0.00000000418
551, 50.00000000000, 874.23700868801, 65.20867688497, 4.12500003222, 0.00000000000, -0.00000000256, -0.00000000201
552, 50.00000000000, 885.62128468851, 83.41421368520, 4.12500003222, 0.00000000000, 0.00000000159, 0.00000000152
553, 50.00000000000, 903.34726959121, 64.21021874311, 4.12500003222, 0.00000000000, -0.00000000291, -0.00000000687
554, 50.00000000000, 907.91579161309, 71.65384254297, 4.12500003222, 0.00000000000, 0.00000000125, 0.00000000480
555, 50.00000000000, 920.88938002279, 76.93490561512, 4.12500003222, 0.00000000000, -0.00000000089, -0.00000000039
556, 50.00000000000, 931.80196070469, 34.88859239219, 4.12500003222, 0.00000000000, -0.00000000081, -0.00000000101
557, 50.00000000000, 940.43158906389, 40.31898704947, 4.12500003222, 0.00000000000, 0.00000000020, -0.00000000380
558, 50.00000000000, 957.91792255410, 56.44188790315, 4.12500003222, 0.00000000000, -0.00000000060, -0.00000000522
559, 50.00000000000, 965.05453023033, 63.57815457277, 4.12500003222, 0.00000000000, 0.00000000102, -0.00000000557
560, 50.00000000000, 20.19794117367, 64.51411114774, 4.12500003222, 0.00000000000, -0.00000000070, 0.00000000013
561, 50.00000000000, 32.75760022346, 73.51647940772, 4.12500003222, 0.00000000000, -0.00000000034, 0.00000000033
562, 50.00000000000, 42.55538948674, 79.17982967429, 4.12500003222, 0.00000000000, -0.00000000011, 0.00000000125
563, 50.00000000000, 61.22819277565, 47.41037306912, 4.12500003222, 0.00000000000, -0.00000000051, 0.00000000299
564, 50.00000000000, 66.90330855633, 68.61695696399, 4.12500003222, 0.00000000000, 0.00000000043, 0.00000000334
565, 50.00000000000, 77.50592482807, 69.75613743335, 4.12500003222, 0.00000000000, 0.00000000008, -0.00000000104
566, 50.00000000000, 89.67105604250, 68.88727502159, 4.12500003222, 0.00000000000, -0.00000000132, 0.00000000225
567, 50.00000000000, 102.15752158619, 89.65448451307, 4.12500003222, 0.00000000000, 0.00000000054, -0.00000000187
568, 50.00000000000, 113.33060705959, 78.23175503738, 4.12500003222, 0.00000000000, 0.00000000070, 0.00000000011
569, 50.00000000000, 126.35158516194, 83.51496667985, 4.12500003222, 0.00000000000, 0.00000000020, 0.00000000041
570, 50.00000000000, 136.29838048561, 72.34490896658, 4.12500003222, 0.00000000000, 0.00000000094, 0.00000000258
571, 50.00000000000, 147.29214422604, 81.01752243678, 4.12500003222, 0.00000000000, 0.00000000067, 0.00000000035
572, 50.00000000000, 161.20651957202, 78.47665133286, 4.12500003222, 0.00000000000, -0.00000000017, -0.00000000243
573, 50.00000000000, 165.33280485073, 51.69491264002, 4.12500003222, 0.00000000000, -0.00000000032, 0.00000000329
574, 50.00000000000, 184.23022832688, 71.09711393722, 4.12500003222, 0.00000000000, -0.00000000012, -0.00000000254
575, 50.00000000000, 195.49879242741, 72.49830786104, 4.12500003222, 0.00000000000, 0.00000000158, 0.00000000717
576, 50.00000000000, 204.54300221983, 85.56592282229, 4.12500003222, 0.00000000000, 0.00000000145, 0.00000000024
577, 50.00000000000, 220.11923966400, 85.63575137841, 4.12500003222, 0.00000000000, 0.00000000014, -0.00000000323
578, 50.00000000000, 221.20317543028, 70.47024041548, 4.12500003222, 0.00000000000, 0.00000000257, 0.00000000483
579, 50.00000000000, 244.15219104785, 80.59178425225, 4.12500003222, 0.00000000000, 0.00000000108, -0.00000000203
580, 50.00000000000, 253.27122387140, 63.76138224452, 4.12500003222, 0.00000000000, -0.00000000189, 0.00000000579
581, 50.00000000000, 262.30890409923, 88.06241153969, 4.12500003222, 0.00000000000, -0.00000000131, -0.00000000337
582, 50.00000000000, 280.26286713176, 78.13240045023, 4.12500003222, 0.00000000000, -0.00000000001, 0.00000000315
583, 50.00000000000, 286.31784357435, 90.20097361959, 4.12500003222, 0.00000000000, -0.00000000030, 0.00000000296
584, 50.00000000000, 304.11244664382, 73.06586227665, 4.12500003222, 0.00000000000, -0.00000000024, 0.00000000166
585, 50.00000000000, 312.44678808474, 83.08766344274, 4.12500003222, 0.00000000000, 0.00000000076, -0.00000000036
586, 50.00000000000, 327.09686816459, 94.15443319698, 4.12500003222, 0.00000000000, -0.00000000041, -0.00000000099
587, 50.00000000000, 338.60073305013, 83.30076966246, 4.12500003222, 0.00000000000, -0.00000000077, 0.00000000396
588, 50.00000000000, 345.87556358484, 96.50170008741, 4.12500003222, 0.00000000000, -0.00000000050, -0.00000000271
589, 50.00000000000, 364.10303363342, 89.30733032692, 4.12500003222, 0.00000000000, -0.00000000040, -0.00000000238
590, 50.00000000000, 372.52026348413, 72.35461093164, 4.12500003222, 0.00000000000, 0.00000000174, 0.00000000062
591, 50.00000000000, 398.32631818304, 74.71034797808, 4.12500003222, 0.00000000000, -0.00000000070, 0.00000000110
592, 50.00000000000, 391.85126837681, 64.53050094552, 4.12500003222, 0.00000000000, -0.00000000011, 0.00000000194
593, 50.00000000000, 416.71175412021, 89.85198943890, 4.12500003222, 0.00000000000, 0.00000000023, -0.00000000097
594, 50.00000000000, 433.60528640988, 83.37846140201, 4.12500003222, 0.00000000000, -0.00000000099, 0.00000000390
595, 50.00000000000, 448.47947143819, 83.38622703957, 4.12500003222, 0.00000000000, 0.00000000161, 0.00000000448
596, 50.00000000000, 455.86810321154, 73.07912813282, 4.12500003222, 0.00000000000, 0.00000000180, -0.00000000147
597, 50.00000000000, 460.29957102067, 86.38838578883, 4.12500003222, 0.00000000000, 0.00000000071, 0.00000000026
598, 50.00000000000, 475.52065457473, 85.27885652383, 4.12500003222, 0.00000000000, 0.00000000174, -0.00000000507
599, 50.00000000000, 490.13540519279, 85.90156653962, 4.12500003222, 0.00000000000, 0.00000000260, -0.00000000402
600, 50.00000000000, 508.78302561060, 68.91428729782, 4.12500003222, 0.00000000000, -0.00000000054, -0.00000000046
601, 50.00000000000, 520.85541835604, 65.83996826888, 4.12500003222, 0.00000000000, -0.00000000014, -0.00000000275
602, 50.00000000000, 525.42782806429, 89.21625659809, 4.12500003222, 0.00000000000, -0.00000000022, -0.00000000132
603, 50.00000000000, 539.83429526848, 78.77076034228, 4.12500003222, 0.00000000000, -0.00000000061, 0.00000000541
604, 50.00000000000, 544.32686080631, 70.43427236024, 4.12500003222, 0.00000000000, 0.00000000619, -0.00000000188
605, 50.00000000000, 564.85870115550, 90.27220082015, 4.12500003222, 0.00000000000, -0.00000000159, -0.00000000659
606, 50.00000000000, 583.10652949609, 91.82216928975, 4.12500003222, 0.00000000000, 0.00000000106, -0.00000000318
607, 50.00000000000, 585.72341922267, 65.34548337882, 4.12500003222, 0.00000000000, -0.00000000015, 0.00000000285
608, 50.00000000000, 599.09877179435, 70.64065508012, 4.12500003222, 0.00000000000, -0.00000000012, 0.00000000080
609, 50.00000000000, 606.45319303925, 57.18036877278, 4.12500003222, 0.00000000000, -0.00000000050, 0.00000000297
610, 50.00000000000, 625.95418014166, 91.46435690696, 4.12500003222, 0.00000000000, -0.00000000076, -0.00000000332
611, 50.00000000000, 636.45593894713, 72.56152048908, 4.12500003222, 0.00000000000, 0.00000000067, 0.00000000024
612, 50.00000000000, 647.75519574439, 74.22424622105, 4.12500003222, 0.00000000000, -0.00000000199, 0.00000000307
613, 50.00000000000, 660.80768983133, 77.27067555065, 4.12500003222, 0.00000000000, 0.00000000127, 0.00000000213
614, 50.00000000000, 676.58998108368, 63.20996377108, 4.12500003222, 0.00000000000, -0.00000000067, -0.00000000037
615, 50.00000000000, 686.09175672199, 80.22094977439, 4.12500003222, 0.00000000000, 0.00000000008, 0.00000000087
616, 50.00000000000, 696.95510733186, 78.72377803088, 4.12500003222, 0.00000000000, 0.00000000054, -0.00000000257
617, 50.00000000000, 708.50735224531, 67.79688278863, 4.12500003222, 0.00000000000, 0.00000000004, -0.00000000509
618, 50.00000000000, 718.95486262094, 65.05418378657, 4.12500003222, 0.00000000000, 0.00000000186, -0.00000000224
619, 50.00000000000, 733.25869185560, 68.16766582193, 4.12500003222, 0.00000000000, -0.00000000021, -0.00000000488
620, 50.00000000000, 745.39527462107, 90.19028158408, 4.12500003222, 0.00000000000, -0.00000000086, -0.00000000231
621, 50.00000000000, 756.86265690045, 57.85442394749, 4.12500003222, 0.00000000000, -0.00000000011, -0.00000000030
622, 50.00000000000, 769.93475234898, 90.97687149171, 4.12500003222, 0.00000000000, -0.00000000056, 0.00000000118
623, 50.00000000000, 781.24002079626, 81.67031211218, 4.12500003222, 0.00000000000, -0.00000000034, -0.00000000219
624, 50.00000000000, 793.29175945494, 85.01915133539, 4.12500003222, 0.00000000000, 0.00000000055, -0.00000000023
625, 50.00000000000, 803.84954598664, 75.75918157797, 4.12500003222, 0.00000000000, 0.00000000093, -0.00000000071
626, 50.00000000000, 814.79929981760, 71.62457816194, 4.12500003222, 0.00000000000, 0.00000000087, -0.00000000051
627, 50.00000000000, 828.00306656250, 78.64597612958, 4.12500003222, 0.00000000000, -0.00000000081, 0.00000000326
628, 50.00000000000, 841.87053344135, 89.39765019256, 4.12500003222, 0.00000000000, -0.00000000059, -0.00000000383
629, 50.00000000000, 850.49125668906, 76.06383786004, 4.12500003222, 0.00000000000, 0.00000000239, -0.00000000242
630, 50.00000000000, 861.09578061819, 85.43713912582, 4.12500003222, 0.00000000000, 0.00000000143, -0.00000000149
631, 50.00000000000, 872.30292530618, 77.59151008889, 4.12500003222, 0.00000000000, 0.00000000019, -0.00000000473
632, 50.00000000000, 882.77156731780, 71.12252269615, 4.12500003222, 0.00000000000, -0.00000000025, -0.00000000410
633, 50.00000000000, 896.57729500229, 75.09489100891, 4.12500003222, 0.00000000000, 0.00000000030, -0.00000000165
634, 50.00000000000, 910.40984223872, 88.37064357922, 4.12500003222, 0.00000000000, 0.00000000015, -0.00000000243
635, 50.00000000000, 927.43562226583, 59.69499461450, 4.12500003222, 0.00000000000, 0.00000000018, -0.00000000236
636, 50.00000000000, 932.53875078228, 81.59554911610, 4.12500003222, 0.00000000000, 0.00000000012, 0.00000000365
637, 50.00000000000, 946.15085777968, 78.21702444886, 4.12500003222, 0.00000000000, -0.00000000097, 0.00000000192
638, 50.00000000000, 953.56098336945, 68.20595386091, 4.12500003222, 0.00000000000, -0.00000000100, -0.00000000065
639, 50.00000000000, 963.68706300352, 78.75017629733, 4.12500003222, 0.00000000000, 0.00000000029, 0.00000000285
