0, 50.00000000000, 22.89599437927, 27.27913572329, 4.12500003222, 0.00000000000, -0.00000000079, 0.00000000247
1, 50.00000000000, 29.67167825462, 2.18238096294, 4.12500003222, 0.00000000000, 0.00000000229, 0.00000000461
2, 50.00000000000, 40.91674263370, 12.27156866345, 4.12500003222, 0.00000000000, 0.00000000020, -0.00000000035
3, 50.00000000000, 51.15840934243, 1.71693056082, 4.12500003222, 0.00000000000, -0.00000000107, 0.00000000245
4, 50.00000000000, 63.32620753835, 9.64078282165, 4.12500003222, 0.00000000000, -0.00000000095, 0.00000000035
5, 50.00000000000, 84.24497303633, 16.25693354234, 4.12500003222, 0.00000000000, -0.00000000053, 0.00000000492
6, 50.00000000000, 89.85092965437, 42.68642342768, 4.12500003222, 0.00000000000, -0.00000000091, 0.00000000442
7, 50.00000000000, 97.00869502170, 17.56961710945, 4.12500003222, 0.00000000000, -0.00000000036, -0.00000000167
8, 50.00000000000, 121.17691709576, 8.98443847754, 4.12500003222, 0.00000000000, -0.00000000036, -0.00000000370
9, 50.00000000000, 131.07136066119, 29.06157660639, 4.12500003222, 0.00000000000, 0.00000000022, -0.00000000503
10, 50.00000000000, 137.45390503908, 3.01175683983, 4.12500003222, 0.00000000000, 0.00000000072, 0.00000000162
11, 50.00000000000, 152.82166901204, 6.11337830698, 4.12500003222, 0.00000000000, -0.00000000080, 0.00000000350
12, 50.00000000000, 163.88140105191, 0.83111920102, 4.12500003222, 0.00000000000, 0.00000000022, -0.00000000108
13, 50.00000000000, 177.11037450212, 7.92919570497, 4.12500003222, 0.00000000000, -0.00000000012, -0.00000000348
14, 50.00000000000, 182.83085949895, 29.73917001920, 4.12500003222, 0.00000000000, -0.00000000301, 0.00000000240
15, 50.00000000000, 202.19006826823, 16.83597340735, 4.12500003222, 0.00000000000, -0.00000000004, -0.00000000290
16, 50.00000000000, 204.71912378185, -30000000.00000000000, 0.00000000000, 0.00000000000, 0.00000009486, 0.03299999918
17, 50.00000000000, 219.09293492740, -30000000.00000000000, 0.00000000000, 0.00000000000, 0.00000008448, 0.03299999918
18, 50.00000000000, 228.78857287060, -30000000.00000000000, 0.00000000000, 0.00000000000, 0.00000001531, 0.03299999918
19, 50.00000000000, 243.31696583898, -30000000.00000000000, 0.00000000000, 0.00000000000, 0.00000002391, 0.03299999918
20, 50.00000000000, 255.43810281775, -30000000.00000000000, 0.00000000000, 0.00000000000, -0.00000000411, 0.03299999918
21, 50.00000000000, 268.50082452287, -30000000.00000000000, 0.00000000000, 0.00000000000, -0.00000004844, 0.03299999918
22, 50.00000000000, 281.57269614084, -30000000.00000000000, 0.00000000000, 0.00000000000, -0.00000007585, 0.03299999918
23, 50.00000000000, 292.26077246215, -30000000.00000000000, 0.00000000000, 0.00000000000, -0.00000005173, 0.03299999918
24, 50.00000000000, 306.18502768597, 26.28655965688, 4.12500003222, 0.00000000000, 0.00000000019, -0.00000000046
25, 50.00000000000, 313.99814093443, -30000000.00000000000, 0.00000000000, 0.00000000000, 0.00000002626, 0.03299999918
26, 50.00000000000, 328.52626138865, -30000000.00000000000, 0.00000000000, 0.00000000000, 0.00000003951, 0.03299999918
27, 50.00000000000, 342.22045948428, 33.19440437880, 4.12500003222, 0.00000000000, -0.00000000158, -0.00000000362
28, 50.00000000000, 354.00748604043, -30000000.00000000000, 0.00000000000, 0.00000000000, 0.00000005919, 0.03299999918
29, 50.00000000000, 364.30591888763, -30000000.00000000000, 0.00000000000, 0.00000000000, 0.00000003861, 0.03299999918
30, 50.00000000000, 376.88758772476, -30000000.00000000000, 0.00000000000, 0.00000000000, -0.00000003531, 0.03299999918
31, 50.00000000000, 391.16405163420, -30000000.00000000000, 0.00000000000, 0.00000000000, -0.00000010932, 0.03299999918
32, 50.00000000000, 394.32885762276, 40.24793703274, 4.12500003222, 0.00000000000, 0.00000000097, 0.00000000469
33, 50.00000000000, 413.12481562178, -30000000.00000000000, 0.00000000000, 0.00000000000, -0.00000003150, 0.03299999918
34, 50.00000000000, 429.73061109473, -30000000.00000000000, 0.00000000000, 0.00000000000, 0.00000007901, 0.03299999918
35, 50.00000000000, 440.52607984046, -30000000.00000000000, 0.00000000000, 0.00000000000, 0.00000001357, 0.03299999918
36, 50.00000000000, 450.32076481376, -30000000.00000000000, 0.00000000000, 0.00000000000, -0.00000000298, 0.03299999918
37, 50.00000000000, 463.26903410759, -30000000.00000000000, 0.00000000000, 0.00000000000, 0.00000006642, 0.03299999918
38, 50.00000000000, 477.03641865617, -30000000.00000000000, 0.00000000000, 0.00000000000, -0.00000000358, 0.03299999918
39, 50.00000000000, 487.56550691550, -30000000.00000000000, 0.00000000000, 0.00000000000, 0.00000002258, 0.03299999918
40, 50.00000000000, 499.55678856819, -30000000.00000000000, 0.00000000000, 0.00000000000, 0.00000002464, 0.03299999918
41, 50.00000000000, 511.50339266680, -30000000.00000000000, 0.00000000000, 0.00000000000, -0.00000002612, 0.03299999918
42, 50.00000000000, 524.06660895846, -30000000.00000000000, 0.00000000000, 0.00000000000, -0.00000000508, 0.03299999918
43, 50.00000000000, 536.44820816830, -30000000.00000000000, 0.00000000000, 0.00000000000, -0.00000001329, 0.03299999918
44, 50.00000000000, 548.14200413581, -30000000.00000000000, 0.00000000000, 0.00000000000, 0.00000004802, 0.03299999918
45, 50.00000000000, 562.70861215722, -30000000.00000000000, 0.00000000000, 0.00000000000, -0.00000004293, 0.03299999918
46, 50.00000000000, 573.53321546941, -30000000.00000000000, 0.00000000000, 0.00000000000, -0.00000000045, 0.03299999918
47, 50.00000000000, 588.29353250769, -30000000.00000000000, 0.00000000000, 0.00000000000, -0.00000003924, 0.03299999918
48, 50.00000000000, 598.51360032447, -30000000.00000000000, 0.00000000000, 0.00000000000, -0.00000005010, 0.03299999918
49, 50.00000000000, 609.19957687096, -30000000.00000000000, 0.00000000000, 0.00000000000, -0.00000001859, 0.03299999918
50, 50.00000000000, 622.44598677824, -30000000.00000000000, 0.00000000000, 0.00000000000, -0.00000000291, 0.03299999918
51, 50.00000000000, 635.07846026535, -30000000.00000000000, 0.00000000000, 0.00000000000, -0.00000000688, 0.03299999918
52, 50.00000000000, 646.17931004209, -30000000.00000000000, 0.00000000000, 0.00000000000, 0.00000000383, 0.03299999918
53, 50.00000000000, 659.28494913315, -30000000.00000000000, 0.00000000000, 0.00000000000, 0.00000004070, 0.03299999918
54, 50.00000000000, 671.43636962384, -30000000.00000000000, 0.00000000000, 0.00000000000, 0.00000005143, 0.03299999918
55, 50.00000000000, 685.30607442787, -30000000.00000000000, 0.00000000000, 0.00000000000, 0.00000001398, 0.03299999918
56, 50.00000000000, 696.60558905238, -30000000.00000000000, 0.00000000000, 0.00000000000, -0.00000001614, 0.03299999918
57, 50.00000000000, 709.08250826185, -30000000.00000000000, 0.00000000000, 0.00000000000, 0.00000001885, 0.03299999918
58, 50.00000000000, 719.03309055089, -30000000.00000000000, 0.00000000000, 0.00000000000, -0.00000006950, 0.03299999918
59, 50.00000000000, 734.11893149716, -30000000.00000000000, 0.00000000000, 0.00000000000, -0.00000004912, 0.03299999918
60, 50.00000000000, 739.38509748999, 14.95975610049, 4.12500003222, 0.00000000000, -0.00000000139, -0.00000000056
61, 50.00000000000, 755.38050452192, -30000000.00000000000, 0.00000000000, 0.00000000000, 0.00000002911, 0.03299999918
62, 50.00000000000, 768.52187005603, -30000000.00000000000, 0.00000000000, 0.00000000000, 0.00000010234, 0.03299999918
63, 50.00000000000, 780.90728870410, -30000000.00000000000, 0.00000000000, 0.00000000000, -0.00000006450, 0.03299999918
64, 50.00000000000, 796.03674497219, -30000000.00000000000, 0.00000000000, 0.00000000000, -0.00000014219, 0.03299999918
65, 50.00000000000, 803.22927361146, 14.24083112175, 4.12500003222, 0.00000000000, 0.00000000039, 0.00000000227
66, 50.00000000000, 817.10438843460, 14.80810535104, 4.12500003222, 0.00000000000, 0.00000000066, 0.00000000502
67, 50.00000000000, 830.03094049974, 19.43747682764, 4.12500003222, 0.00000000000, 0.00000000037, -0.00000000396
68, 50.00000000000, 839.81999966615, 8.24190793399, 4.12500003222, 0.00000000000, -0.00000000046, -0.00000000210
69, 50.00000000000, 851.65164845635, 5.80107946103, 4.12500003222, 0.00000000000, -0.00000000057, -0.00000000073
70, 50.00000000000, 863.70502092833, 16.72934836806, 4.12500003222, 0.00000000000, -0.00000000065, 0.00000000668
71, 50.00000000000, 879.45049018597, 27.00271162665, 4.12500003222, 0.00000000000, -0.00000000063, -0.00000000157
72, 50.00000000000, 887.45215850196, 17.67041216695, 4.12500003222, 0.00000000000, -0.00000000068, 0.00000000186
73, 50.00000000000, 893.68911031795, 34.93023883568, 4.12500003222, 0.00000000000, -0.00000000046, 0.00000000269
74, 50.00000000000, 920.76147621743, 16.45612083013, 4.12500003222, 0.00000000000, 0.00000000043, -0.00000000302
75, 50.00000000000, 917.06210288813, 40.16912929501, 4.12500003222, 0.00000000000, 0.00000000042, 0.00000000015
76, 50.00000000000, 930.24398514840, 17.95470476865, 4.12500003222, 0.00000000000, 0.00000000185, 0.00000000470
77, 50.00000000000, 945.29068891334, 4.37986681633, 4.12500003222, 0.00000000000, 0.00000000058, 0.00000000482
78, 50.00000000000, 955.01104400016, 16.41652864179, 4.12500003222, 0.00000000000, -0.00000000092, -0.00000000419
79, 50.00000000000, 949.05444137954, 39.34875146335, 4.12500003222, 0.00000000000, 0.00000000022, -0.00000000217
80, 50.00000000000, 16.25279368816, 11.50747794774, 4.12500003222, 0.00000000000, -0.00000000211, 0.00000000001
81, 50.00000000000, 36.27931886458, 36.18201206539, 4.12500003222, 0.00000000000, -0.00000000151, -0.00000000401
82, 50.00000000000, 45.67263067891, 37.57304276247, 4.12500003222, 0.00000000000, -0.00000000113, -0.00000000340
83, 50.00000000000, 52.49137776187, 16.05597483814, 4.12500003222, 0.00000000000, -0.00000000004, 0.00000000332
84, 50.00000000000, 74.29478795908, 28.04557530793, 4.12500003222, 0.00000000000, -0.00000000059, -0.00000000681
85, 50.00000000000, 72.34326756280, 14.84966738070, 4.12500003222, 0.00000000000, -0.00000000124, 0.00000000613
86, 50.00000000000, 88.35175900783, 6.18526168659, 4.12500003222, 0.00000000000, 0.00000000043, -0.00000000249
87, 50.00000000000, 101.30463718374, 4.20158937669, 4.12500003222, 0.00000000000, -0.00000000008, -0.00000000536
88, 50.00000000000, 118.47871239826, 18.95217905781, 4.12500003222, 0.00000000000, 0.00000000104, 0.00000000421
89, 50.00000000000, 115.34161794382, 34.89419444068, 4.12500003222, 0.00000000000, 0.00000000045, -0.00000000419
90, 50.00000000000, 130.38685795325, 15.16365821543, 4.12500003222, 0.00000000000, 0.00000000210, 0.00000000203
91, 50.00000000000, 154.04012807768, 19.85689916186, 4.12500003222, 0.00000000000, -0.00000000034, -0.00000000119
92, 50.00000000000, 165.24066364260, 13.72340685717, 4.12500003222, 0.00000000000, -0.00000000199, 0.00000000334
93, 50.00000000000, 176.74231506172, 18.97600354347, 4.12500003222, 0.00000000000, -0.00000000003, 0.00000000266
94, 50.00000000000, 188.50784617325, 11.12842829905, 4.12500003222, 0.00000000000, 0.00000000099, 0.00000000326
95, 50.00000000000, 188.96937081784, 38.15694154664, 4.12500003222, 0.00000000000, 0.00000000140, 0.00000000065
96, 50.00000000000, 206.94617872605, -30000000.00000000000, 0.00000000000, 0.00000000000, 0.00000007650, 0.03299999918
97, 50.00000000000, 218.70370320720, -30000000.00000000000, 0.00000000000, 0.00000000000, 0.00000009006, 0.03299999918
98, 50.00000000000, 230.30830145449, -30000000.00000000000, 0.00000000000, 0.00000000000, -0.00000001429, 0.03299999918
99, 50.00000000000, 242.93042466051, -30000000.00000000000, 0.00000000000, 0.00000000000, 0.00000003087, 0.03299999918
100, 50.00000000000, 253.89683729964, -30000000.00000000000, 0.00000000000, 0.00000000000, 0.00000002423, 0.03299999918
101, 50.00000000000, 264.42375895467, -30000000.00000000000, 0.00000000000, 0.00000000000, 0.00000002752, 0.03299999918
102, 50.00000000000, 278.97678019251, -30000000.00000000000, 0.00000000000, 0.00000000000, -0.00000003711, 0.03299999918
103, 50.00000000000, 291.69060666394, -30000000.00000000000, 0.00000000000, 0.00000000000, -0.00000004257, 0.03299999918
104, 50.00000000000, 303.68448589982, -30000000.00000000000, 0.00000000000, 0.00000000000, -0.00000002665, 0.03299999918
105, 50.00000000000, 317.46338732642, -30000000.00000000000, 0.00000000000, 0.00000000000, 0.00000002010, 0.03299999918
106, 50.00000000000, 330.47347478037, 27.55580483386, 4.12500003222, 0.00000000000, -0.00000000004, -0.00000000117
107, 50.00000000000, 340.91082339979, -30000000.00000000000, 0.00000000000, 0.00000000000, 0.00000004020, 0.03299999918
108, 50.00000000000, 344.52010758521, 45.19546015602, 4.12500003222, 0.00000000000, -0.00000000056, 0.00000000854
109, 50.00000000000, 367.59886694979, 34.62000189899, 4.12500003222, 0.00000000000, -0.00000000184, 0.00000000156
110, 50.00000000000, 379.76014018530, -30000000.00000000000, 0.00000000000, 0.00000000000, -0.00000003562, 0.03299999918
111, 50.00000000000, 389.84297862288, -30000000.00000000000, 0.00000000000, 0.00000000000, -0.00000008950, 0.03299999918
112, 50.00000000000, 402.61374815181, 29.15473897496, 4.12500003222, 0.00000000000, -0.00000000112, 0.00000000063
113, 50.00000000000, 416.94080989537, 28.00900678727, 4.12500003222, 0.00000000000, 0.00000000158, 0.00000000104
114, 50.00000000000, 419.72464735722, 45.51124042921, 4.12500003222, 0.00000000000, -0.00000000242, 0.00000000389
115, 50.00000000000, 433.37626933789, 25.28568031168, 4.12500003222, 0.00000000000, 0.00000000003, 0.00000000175
116, 50.00000000000, 452.47476860895, 40.51648439610, 4.12500003222, 0.00000000000, 0.00000000059, 0.00000000484
117, 50.00000000000, 464.55964283995, -30000000.00000000000, 0.00000000000, 0.00000000000, 0.00000004526, 0.03299999918
118, 50.00000000000, 475.33358816619, -30000000.00000000000, 0.00000000000, 0.00000000000, 0.00000003258, 0.03299999918
119, 50.00000000000, 488.06265798008, -30000000.00000000000, 0.00000000000, 0.00000000000, 0.00000001403, 0.03299999918
120, 50.00000000000, 499.75394785896, -30000000.00000000000, 0.00000000000, 0.00000000000, 0.00000002078, 0.03299999918
121, 50.00000000000, 512.77654479015, -30000000.00000000000, 0.00000000000, 0.00000000000, -0.00000001021, 0.03299999918
122, 50.00000000000, 518.68554665516, -30000000.00000000000, 0.00000000000, 0.00000000000, 0.00000000735, 0.03299999918
123, 50.00000000000, 540.40000994783, -30000000.00000000000, 0.00000000000, 0.00000000000, -0.00000004052, 0.03299999918
124, 50.00000000000, 550.38274235761, -30000000.00000000000, 0.00000000000, 0.00000000000, 0.00000000514, 0.03299999918
125, 50.00000000000, 562.22564625327, 48.36915335907, 4.12500003222, 0.00000000000, -0.00000000102, 0.00000000060
126, 50.00000000000, 573.85806850424, -30000000.00000000000, 0.00000000000, 0.00000000000, -0.00000000550, 0.03299999918
127, 50.00000000000, 584.05156229068, 34.50059056822, 4.12500003222, 0.00000000000, -0.00000000020, -0.00000000246
128, 50.00000000000, 597.56102318753, 41.70881021984, 4.12500003222, 0.00000000000, -0.00000000043, -0.00000000170
129, 50.00000000000, 619.49792086102, 31.18560929945, 4.12500003222, 0.00000000000, -0.00000000081, 0.00000000235
130, 50.00000000000, 622.29399348533, -30000000.00000000000, 0.00000000000, 0.00000000000, -0.00000000100, 0.03299999918
131, 50.00000000000, 631.73390585027, 28.57616557458, 4.12500003222, 0.00000000000, 0.00000000094, -0.00000000145
132, 50.00000000000, 647.40977091523, -30000000.00000000000, 0.00000000000, 0.00000000000, -0.00000001145, 0.03299999918
133, 50.00000000000, 657.32438658323, 31.45694806561, 4.12500003222, 0.00000000000, 0.00000000187, 0.00000000659
134, 50.00000000000, 668.84537742025, -30000000.00000000000, 0.00000000000, 0.00000000000, 0.00000009594, 0.03299999918
135, 50.00000000000, 682.56967759886, 36.92957066322, 4.12500003222, 0.00000000000, -0.00000000296, 0.00000000460
136, 50.00000000000, 696.70151116269, -30000000.00000000000, 0.00000000000, 0.00000000000, -0.00000001758, 0.03299999918
137, 50.00000000000, 711.69873493417, 51.63990860211, 4.12500003222, 0.00000000000, -0.00000000191, -0.00000000134
138, 50.00000000000, 719.88511286716, -30000000.00000000000, 0.00000000000, 0.00000000000, -0.00000008207, 0.03299999918
139, 50.00000000000, 734.24579729043, -30000000.00000000000, 0.00000000000, 0.00000000000, -0.00000005080, 0.03299999918
140, 50.00000000000, 749.70592401963, 44.07565230530, 4.12500003222, 0.00000000000, -0.00000000106, -0.00000000435
141, 50.00000000000, 756.76770196647, -30000000.00000000000, 0.00000000000, 0.00000000000, 0.00000000589, 0.03299999918
142, 50.00000000000, 771.46914279519, 33.57999874850, 4.12500003222, 0.00000000000, -0.00000000179, -0.00000000334
143, 50.00000000000, 786.82035194594, 14.64925953545, 4.12500003222, 0.00000000000, -0.00000000030, -0.00000000111
144, 50.00000000000, 797.24824999208, 26.87653933515, 4.12500003222, 0.00000000000, 0.00000000045, -0.00000000451
145, 50.00000000000, 809.37916082050, 1.89213419013, 4.12500003222, 0.00000000000, 0.00000000026, 0.00000000754
146, 50.00000000000, 821.77272629288, 25.23645262221, 4.12500003222, 0.00000000000, -0.00000000037, -0.00000000249
147, 50.00000000000, 826.82260512010, 8.56348145506, 4.12500003222, 0.00000000000, 0.00000000021, -0.00000000125
148, 50.00000000000, 842.20305358223, 19.04506360257, 4.12500003222, 0.00000000000, -0.00000000054, 0.00000000411
149, 50.00000000000, 854.20387836098, 29.22796395246, 4.12500003222, 0.00000000000, -0.00000000059, -0.00000000539
150, 50.00000000000, 863.62957993328, 27.84674641878, 4.12500003222, 0.00000000000, 0.00000000054, -0.00000000037
151, 50.00000000000, 865.64977352614, 5.25111972494, 4.12500003222, 0.00000000000, 0.00000000040, 0.00000000361
152, 50.00000000000, 885.11001974143, 3.78309281876, 4.12500003222, 0.00000000000, 0.00000000063, 0.00000000498
153, 50.00000000000, 909.00659419589, 18.15793072128, 4.12500003222, 0.00000000000, 0.00000000004, 0.00000000216
154, 50.00000000000, 908.79752165671, 6.35506910085, 4.12500003222, 0.00000000000, 0.00000000001, -0.00000000289
155, 50.00000000000, 910.02369598572, 33.29730545457, 4.12500003222, 0.00000000000, 0.00000000091, -0.00000000385
156, 50.00000000000, 921.24658432611, 5.08919274350, 4.12500003222, 0.00000000000, 0.00000000328, -0.00000000021
157, 50.00000000000, 933.33089037881, 6.78210117918, 4.12500003222, 0.00000000000, 0.00000000055, 0.00000000256
158, 50.00000000000, 940.19736382289, 40.19209392059, 4.12500003222, 0.00000000000, -0.00000000214, 0.00000000380
159, 50.00000000000, 972.74623627520, 44.22116827479, 4.12500003222, 0.00000000000, -0.00000000045, -0.00000000216
160, 50.00000000000, 9.58004775932, 34.50546728527, 4.12500003222, 0.00000000000, -0.00000000029, -0.00000000131
161, 50.00000000000, 29.18139654546, 18.61291907960, 4.12500003222, 0.00000000000, -0.00000000118, -0.00000000766
162, 50.00000000000, 42.67667631050, 24.59314959070, 4.12500003222, 0.00000000000, 0.00000000263, 0.00000000111
163, 50.00000000000, 58.25701004048, 35.34513199116, 4.12500003222, 0.00000000000, 0.00000000055, -0.00000000081
164, 50.00000000000, 60.70736498014, 24.20946981092, 4.12500003222, 0.00000000000, 0.00000000181, -0.00000000322
165, 50.00000000000, 82.79898288861, 27.95845837883, 4.12500003222, 0.00000000000, 0.00000000041, -0.00000000096
166, 50.00000000000, 75.73328137459, 4.29531359190, 4.12500003222, 0.00000000000, 0.00000000073, -0.00000000243
167, 50.00000000000, 92.77933048217, 25.89969901421, 4.12500003222, 0.00000000000, -0.00000000133, 0.00000000339
168, 50.00000000000, 108.77465494570, 39.88027353903, 4.12500003222, 0.00000000000, -0.00000000339, -0.00000000032
169, 50.00000000000, 124.02293100344, 33.20707725726, 4.12500003222, 0.00000000000, 0.00000000172, 0.00000000151
170, 50.00000000000, 142.79800392923, 16.38130999825, 4.12500003222, 0.00000000000, 0.00000000103, -0.00000000345
171, 50.00000000000, 148.08348274242, 43.24499784338, 4.12500003222, 0.00000000000, 0.00000000081, -0.00000001065
172, 50.00000000000, 157.88116246831, 31.02184273346, 4.12500003222, 0.00000000000, 0.00000000077, 0.00000000523
173, 50.00000000000, 163.27459875768, 40.93295352222, 4.12500003222, 0.00000000000, -0.00000000018, -0.00000000853
174, 50.00000000000, 189.44992687212, 24.77635872689, 4.12500003222, 0.00000000000, -0.00000000158, -0.00000000701
175, 50.00000000000, 198.35222942596, 61.98055152833, 4.12500003222, 0.00000000000, 0.00000000026, 0.00000000075
176, 50.00000000000, 207.20458227951, -30000000.00000000000, 0.00000000000, 0.00000000000, 0.00000007450, 0.03299999918
177, 50.00000000000, 211.47306482445, 50.12829067425, 4.12500003222, 0.00000000000, -0.00000000185, -0.00000000191
178, 50.00000000000, 223.06827649175, 26.74404422552, 4.12500003222, 0.00000000000, 0.00000000044, 0.00000000339
179, 50.00000000000, 244.65984944092, -30000000.00000000000, 0.00000000000, 0.00000000000, -0.00000000026, 0.03299999918
180, 50.00000000000, 243.36421736113, 58.68723130663, 4.12500003222, 0.00000000000, 0.00000000002, -0.00000000208
181, 50.00000000000, 269.10845200211, -30000000.00000000000, 0.00000000000, 0.00000000000, -0.00000005971, 0.03299999918
182, 50.00000000000, 281.55035372552, 30.37949780363, 4.12500003222, 0.00000000000, -0.00000000002, -0.00000000178
183, 50.00000000000, 283.92489756118, 14.28992186979, 4.12500003222, 0.00000000000, 0.00000000090, 0.00000000448
184, 50.00000000000, 294.25695313188, 27.53321833778, 4.12500003222, 0.00000000000, -0.00000000005, 0.00000000008
185, 50.00000000000, 320.01231165814, 44.86688657411, 4.12500003222, 0.00000000000, -0.00000000099, -0.00000000220
186, 50.00000000000, 319.01456169940, 17.50457352152, 4.12500003222, 0.00000000000, 0.00000000056, 0.00000000444
187, 50.00000000000, 343.82367767245, -30000000.00000000000, 0.00000000000, 0.00000000000, 0.00000003867, 0.03299999918
188, 50.00000000000, 354.00782993408, 40.25367395989, 4.12500003222, 0.00000000000, -0.00000000027, -0.00000000616
189, 50.00000000000, 368.84347209594, -30000000.00000000000, 0.00000000000, 0.00000000000, 0.00000002560, 0.03299999918
190, 50.00000000000, 371.97939397429, 49.16532961021, 4.12500003222, 0.00000000000, 0.00000000017, 0.00000000328
191, 50.00000000000, 389.13797065634, -30000000.00000000000, 0.00000000000, 0.00000000000, -0.00000007914, 0.03299999918
192, 50.00000000000, 411.04971900141, 36.81955153166, 4.12500003222, 0.00000000000, -0.00000000321, 0.00000000825
193, 50.00000000000, 414.81179241217, 70.70108270170, 4.12500003222, 0.00000000000, -0.00000000097, -0.00000000033
194, 50.00000000000, 423.32086696590, -30000000.00000000000, 0.00000000000, 0.00000000000, 0.00000005755, 0.03299999918
195, 50.00000000000, 442.48631512866, 34.00311698911, 4.12500003222, 0.00000000000, 0.00000000032, 0.00000000390
196, 50.00000000000, 450.58886988162, -30000000.00000000000, 0.00000000000, 0.00000000000, -0.00000000758, 0.03299999918
197, 50.00000000000, 457.43101822316, -30000000.00000000000, 0.00000000000, 0.00000000000, 0.00000002661, 0.03299999918
198, 50.00000000000, 484.51323908291, 36.88626725787, 4.12500003222, 0.00000000000, 0.00000000025, -0.00000000408
199, 50.00000000000, 497.58455146581, 54.52694362293, 4.12500003222, 0.00000000000, 0.00000000276, 0.00000000796
200, 50.00000000000, 503.94495057935, -30000000.00000000000, 0.00000000000, 0.00000000000, -0.00000006215, 0.03299999918
201, 50.00000000000, 511.42343307502, 36.84520827058, 4.12500003222, 0.00000000000, -0.00000000002, -0.00000000452
202, 50.00000000000, 526.12302968527, -30000000.00000000000, 0.00000000000, 0.00000000000, -0.00000004692, 0.03299999918
203, 50.00000000000, 537.47859064649, 38.69787872265, 4.12500003222, 0.00000000000, 0.00000000052, 0.00000000167
204, 50.00000000000, 548.34672072200, 45.65337078773, 4.12500003222, 0.00000000000, 0.00000000046, 0.00000000566
205, 50.00000000000, 558.94771264613, -30000000.00000000000, 0.00000000000, 0.00000000000, -0.00000001469, 0.03299999918
206, 50.00000000000, 573.21400832597, 39.82496734474, 4.12500003222, 0.00000000000, -0.00000000150, -0.00000000414
207, 50.00000000000, 585.55662593828, 46.12784473493, 4.12500003222, 0.00000000000, -0.00000000106, 0.00000000474
208, 50.00000000000, 601.88470472568, 51.76909418398, 4.12500003222, 0.00000000000, 0.00000000007, -0.00000000277
209, 50.00000000000, 611.92686625203, 46.85489867503, 4.12500003222, 0.00000000000, -0.00000000048, -0.00000000502
210, 50.00000000000, 623.93796602278, 42.59362460734, 4.12500003222, 0.00000000000, -0.00000000118, 0.00000000012
211, 50.00000000000, 634.53037778966, 40.70901289447, 4.12500003222, 0.00000000000, 0.00000000242, -0.00000000032
212, 50.00000000000, 645.42177527519, 34.51194876525, 4.12500003222, 0.00000000000, 0.00000000073, -0.00000000055
213, 50.00000000000, 659.99032610739, 48.96025576935, 4.12500003222, 0.00000000000, -0.00000000047, -0.00000000711
214, 50.00000000000, 676.81341122648, 51.81259876552, 4.12500003222, 0.00000000000, -0.00000000045, -0.00000000380
215, 50.00000000000, 686.73572500375, -30000000.00000000000, 0.00000000000, 0.00000000000, -0.00000000669, 0.03299999918
216, 50.00000000000, 695.20104340144, -30000000.00000000000, 0.00000000000, 0.00000000000, 0.00000000497, 0.03299999918
217, 50.00000000000, 705.99048774219, -30000000.00000000000, 0.00000000000, 0.00000000000, 0.00000007785, 0.03299999918
218, 50.00000000000, 719.34247814001, 26.86886864099, 4.12500003222, 0.00000000000, -0.00000000051, 0.00000000210
219, 50.00000000000, 730.94940716283, -30000000.00000000000, 0.00000000000, 0.00000000000, -0.00000000746, 0.03299999918
220, 50.00000000000, 747.19190888652, 24.74438913287, 4.12500003222, 0.00000000000, 0.00000000149, 0.00000000175
221, 50.00000000000, 763.05879462634, 22.63861150431, 4.12500003222, 0.00000000000, 0.00000000302, -0.00000000007
222, 50.00000000000, 780.46632232867, 38.91467515953, 4.12500003222, 0.00000000000, -0.00000000053, 0.00000000135
223, 50.00000000000, 782.03370722991, -30000000.00000000000, 0.00000000000, 0.00000000000, -0.00000007945, 0.03299999918
224, 50.00000000000, 791.97734390351, -30000000.00000000000, 0.00000000000, 0.00000000000, -0.00000009745, 0.03299999918
225, 50.00000000000, 808.82564790453, 27.17265045656, 4.12500003222, 0.00000000000, -0.00000000050, 0.00000000303
226, 50.00000000000, 818.27345198545, 42.41536345558, 4.12500003222, 0.00000000000, 0.00000000013, -0.00000000009
227, 50.00000000000, 831.54078519221, 32.05194222725, 4.12500003222, 0.00000000000, 0.00000000021, -0.00000000160
228, 50.00000000000, 839.60062968284, 30.37636390979, 4.12500003222, 0.00000000000, 0.00000000000, -0.00000000940
229, 50.00000000000, 852.46754967054, 42.98177720359, 4.12500003222, 0.00000000000, 0.00000000069, -0.00000001149
230, 50.00000000000, 867.87865770317, 46.05904263789, 4.12500003222, 0.00000000000, -0.00000000223, -0.00000000183
231, 50.00000000000, 871.09372615011, 32.50778333085, 4.12500003222, 0.00000000000, 0.00000000087, -0.00000000315
232, 50.00000000000, 884.92087743512, 42.59822891498, 4.12500003222, 0.00000000000, 0.00000000068, -0.00000000429
233, 50.00000000000, 897.95008865618, 10.08728657599, 4.12500003222, 0.00000000000, -0.00000000076, 0.00000000153
234, 50.00000000000, 901.01462816935, 42.42822715381, 4.12500003222, 0.00000000000, -0.00000000247, -0.00000000594
235, 50.00000000000, 918.44105256156, 25.02504261989, 4.12500003222, 0.00000000000, 0.00000000050, 0.00000000952
236, 50.00000000000, 942.90152584093, 20.39340430480, 4.12500003222, 0.00000000000, -0.00000000342, -0.00000000801
237, 50.00000000000, 933.27681517288, 56.40433866540, 4.12500003222, 0.00000000000, 0.00000000231, -0.00000000595
238, 50.00000000000, 951.52064560678, 26.34579680229, 4.12500003222, 0.00000000000, 0.00000000040, 0.00000000674
239, 50.00000000000, 968.81178485053, 15.29590050398, 4.12500003222, 0.00000000000, -0.00000000068, -0.00000000162
240, 50.00000000000, 34.12442191613, 26.06613416468, 4.12500003222, 0.00000000000, 0.00000000154, 0.00000000900
241, 50.00000000000, 39.45357399979, 49.18919726739, 4.12500003222, 0.00000000000, -0.00000000111, 0.00000000292
242, 50.00000000000, 48.60552367782, 44.50584649797, 4.12500003222, 0.00000000000, 0.00000000328, 0.00000000013
243, 50.00000000000, 56.85506792475, 43.81705334561, 4.12500003222, 0.00000000000, 0.00000000066, -0.00000000080
244, 50.00000000000, 67.20053865898, 35.11947273076, 4.12500003222, 0.00000000000, -0.00000000074, -0.00000000255
245, 50.00000000000, 73.06942850083, 51.69206652040, 4.12500003222, 0.00000000000, -0.00000000093, 0.00000000592
246, 50.00000000000, 91.89111663509, 36.58212368516, 4.12500003222, 0.00000000000, 0.00000000356, -0.00000000481
247, 50.00000000000, 108.75527626967, 13.61898872919, 4.12500003222, 0.00000000000, -0.00000000044, 0.00000000526
248, 50.00000000000, 104.32417101661, 50.03840627155, 4.12500003222, 0.00000000000, 0.00000000112, -0.00000000043
249, 50.00000000000, 123.55784747173, 43.53451666981, 4.12500003222, 0.00000000000, -0.00000000052, 0.00000000072
250, 50.00000000000, 136.00439192639, 37.61718879757, 4.12500003222, 0.00000000000, 0.00000000080, 0.00000000801
251, 50.00000000000, 148.96216978809, 33.32023849549, 4.12500003222, 0.00000000000, 0.00000000028, 0.00000000086
252, 50.00000000000, 156.18866330534, 46.90330576362, 4.12500003222, 0.00000000000, 0.00000000087, -0.00000000385
253, 50.00000000000, 173.86594316874, 45.79696171962, 4.12500003222, 0.00000000000, -0.00000000086, -0.00000000141
254, 50.00000000000, 178.18945475472, 56.36618507040, 4.12500003222, 0.00000000000, 0.00000000010, 0.00000000024
255, 50.00000000000, 197.68296477920, 29.09491460437, 4.12500003222, 0.00000000000, 0.00000000534, 0.00000000056
256, 50.00000000000, 199.17239783117, 41.63875527947, 4.12500003222, 0.00000000000, 0.00000000040, -0.00000000208
257, 50.00000000000, 218.79355773686, 39.22731486721, 4.12500003222, 0.00000000000, -0.00000000006, -0.00000000362
258, 50.00000000000, 232.59344309458, 38.39549447146, 4.12500003222, 0.00000000000, 0.00000000060, -0.00000000314
259, 50.00000000000, 243.71454424681, 26.26138130098, 4.12500003222, 0.00000000000, 0.00000000046, 0.00000000387
260, 50.00000000000, 252.27831830313, 44.18057997165, 4.12500003222, 0.00000000000, -0.00000000136, 0.00000001093
261, 50.00000000000, 269.28964183072, 34.99484595780, 4.12500003222, 0.00000000000, -0.00000000011, -0.00000000550
262, 50.00000000000, 284.12191187876, 39.54575950669, 4.12500003222, 0.00000000000, -0.00000000278, 0.00000000828
263, 50.00000000000, 294.90381390645, 40.21664864423, 4.12500003222, 0.00000000000, -0.00000000010, -0.00000000430
264, 50.00000000000, 297.72408670538, 50.82414822652, 4.12500003222, 0.00000000000, 0.00000000084, -0.00000000344
265, 50.00000000000, 317.36785465970, 33.56725893046, 4.12500003222, 0.00000000000, 0.00000000018, 0.00000000044
266, 50.00000000000, 330.00089063476, 41.16187202853, 4.12500003222, 0.00000000000, -0.00000000120, -0.00000000514
267, 50.00000000000, 339.31719870963, -30000000.00000000000, 0.00000000000, 0.00000000000, 0.00000002105, 0.03299999918
268, 50.00000000000, 350.22907257610, -30000000.00000000000, 0.00000000000, 0.00000000000, 0.00000008433, 0.03299999918
269, 50.00000000000, 360.45310308790, 48.62561803320, 4.12500003222, 0.00000000000, -0.00000000036, 0.00000000510
270, 50.00000000000, 380.55262907344, 61.64029045118, 4.12500003222, 0.00000000000, 0.00000000008, -0.00000000240
271, 50.00000000000, 379.35978651926, 41.46888478920, 4.12500003222, 0.00000000000, 0.00000000280, -0.00000000156
272, 50.00000000000, 403.22098471002, 49.06062878900, 4.12500003222, 0.00000000000, 0.00000000054, -0.00000000244
273, 50.00000000000, 422.39236325356, 64.42201221487, 4.12500003222, 0.00000000000, -0.00000000031, -0.00000000961
274, 50.00000000000, 426.28745583032, -30000000.00000000000, 0.00000000000, 0.00000000000, 0.00000006788, 0.03299999918
275, 50.00000000000, 436.63055478822, 44.30954584432, 4.12500003222, 0.00000000000, -0.00000000110, -0.00000000162
276, 50.00000000000, 450.08750506154, 23.67752553418, 4.12500003222, 0.00000000000, -0.00000000027, 0.00000000157
277, 50.00000000000, 459.85902623951, 30.83415357448, 4.12500003222, 0.00000000000, 0.00000000030, 0.00000000294
278, 50.00000000000, 469.67461404740, 41.02060979714, 4.12500003222, 0.00000000000, -0.00000000211, -0.00000000550
279, 50.00000000000, 486.20762512158, -30000000.00000000000, 0.00000000000, 0.00000000000, 0.00000000190, 0.03299999918
280, 50.00000000000, 497.50678040022, 37.05358509533, 4.12500003222, 0.00000000000, -0.00000000147, -0.00000000320
281, 50.00000000000, 504.83688065273, 47.00208460654, 4.12500003222, 0.00000000000, 0.00000000100, 0.00000000488
282, 50.00000000000, 524.59625856009, 34.59846176932, 4.12500003222, 0.00000000000, -0.00000000023, 0.00000000201
283, 50.00000000000, 539.83446146451, 54.76682888122, 4.12500003222, 0.00000000000, 0.00000000102, 0.00000000545
284, 50.00000000000, 555.81513417679, 56.41544912082, 4.12500003222, 0.00000000000, 0.00000000019, -0.00000000361
285, 50.00000000000, 560.63069544061, 36.63848365271, 4.12500003222, 0.00000000000, -0.00000000051, 0.00000000321
286, 50.00000000000, 574.22182242399, -30000000.00000000000, 0.00000000000, 0.00000000000, -0.00000001117, 0.03299999918
287, 50.00000000000, 584.20420567108, -30000000.00000000000, 0.00000000000, 0.00000000000, -0.00000002407, 0.03299999918
288, 50.00000000000, 596.85847479660, -30000000.00000000000, 0.00000000000, 0.00000000000, -0.00000002341, 0.03299999918
289, 50.00000000000, 616.09926700934, 58.59005205333, 4.12500003222, 0.00000000000, 0.00000000105, 0.00000000600
290, 50.00000000000, 628.67059263679, 51.87132216477, 4.12500003222, 0.00000000000, 0.00000000099, 0.00000000740
291, 50.00000000000, 640.02319533764, 50.47725257830, 4.12500003222, 0.00000000000, -0.00000000002, 0.00000000098
292, 50.00000000000, 649.94721011382, 45.75760629947, 4.12500003222, 0.00000000000, 0.00000000126, -0.00000000074
293, 50.00000000000, 657.80437847584, 69.35030075518, 4.12500003222, 0.00000000000, -0.00000000180, 0.00000000144
294, 50.00000000000, 670.39776019551, 42.94088478332, 4.12500003222, 0.00000000000, 0.00000000140, -0.00000000357
295, 50.00000000000, 693.32927193196, 48.64488686446, 4.12500003222, 0.00000000000, 0.00000000171, 0.00000000357
296, 50.00000000000, 687.77371925270, 27.76673856127, 4.12500003222, 0.00000000000, -0.00000000105, -0.00000000614
297, 50.00000000000, 709.46509410652, 36.71628546176, 4.12500003222, 0.00000000000, -0.00000000012, 0.00000000349
298, 50.00000000000, 726.50433564387, 52.56945126666, 4.12500003222, 0.00000000000, 0.00000000028, -0.00000000199
299, 50.00000000000, 733.75707527104, 41.27865842597, 4.12500003222, 0.00000000000, -0.00000000028, 0.00000000109
300, 50.00000000000, 742.08252452726, 33.55630619529, 4.12500003222, 0.00000000000, -0.00000000104, 0.00000000545
301, 50.00000000000, 757.20914273648, 32.05583684092, 4.12500003222, 0.00000000000, -0.00000000068, 0.00000000987
302, 50.00000000000, 771.87134874826, -30000000.00000000000, 0.00000000000, 0.00000000000, 0.00000005740, 0.03299999918
303, 50.00000000000, 783.58961313695, 28.43089733168, 4.12500003222, 0.00000000000, 0.00000000038, -0.00000000432
304, 50.00000000000, 793.35700983828, 38.41908661612, 4.12500003222, 0.00000000000, 0.00000000253, -0.00000000262
305, 50.00000000000, 805.65405383176, 37.66621500748, 4.12500003222, 0.00000000000, 0.00000000024, 0.00000000249
306, 50.00000000000, 819.25781285515, 34.29039704819, 4.12500003222, 0.00000000000, 0.00000000067, -0.00000000790
307, 50.00000000000, 829.01715414969, 39.15017718866, 4.12500003222, 0.00000000000, 0.00000000036, 0.00000000105
308, 50.00000000000, 846.01918198398, 54.39147872514, 4.12500003222, 0.00000000000, -0.00000000107, 0.00000000024
309, 50.00000000000, 851.92632579647, 15.81513671370, 4.12500003222, 0.00000000000, 0.00000000003, 0.00000001022
310, 50.00000000000, 860.95784595635, 38.87106480256, 4.12500003222, 0.00000000000, 0.00000000075, -0.00000000173
311, 50.00000000000, 874.95062507418, 17.29913339233, 4.12500003222, 0.00000000000, 0.00000000047, -0.00000000168
312, 50.00000000000, 889.57491438363, 71.26237198205, 4.12500003222, 0.00000000000, -0.00000000145, 0.00000000612
313, 50.00000000000, 895.98521603584, 23.81091263992, 4.12500003222, 0.00000000000, 0.00000000047, 0.00000000020
314, 50.00000000000, 904.66345854337, 28.81602049360, 4.12500003222, 0.00000000000, -0.00000000124, 0.00000000118
315, 50.00000000000, 911.57155274030, 65.78514046239, 4.12500003222, 0.00000000000, 0.00000000002, -0.00000000719
316, 50.00000000000, 928.57939224137, 64.36530404760, 4.12500003222, 0.00000000000, -0.00000000141, -0.00000000283
317, 50.00000000000, 940.87706652673, 52.89594868631, 4.12500003222, 0.00000000000, -0.00000000000, 0.00000000026
318, 50.00000000000, 941.13207830063, 32.28288851333, 4.12500003222, 0.00000000000, 0.00000000046, -0.00000000557
319, 50.00000000000, 963.18731557382, 29.61572698853, 4.12500003222, 0.00000000000, 0.00000000219, -0.00000000303
320, 50.00000000000, 22.57639348835, 40.94904172409, 4.12500003222, 0.00000000000, -0.00000000059, 0.00000000019
321, 50.00000000000, 32.46398203015, 44.82822393967, 4.12500003222, 0.00000000000, 0.00000000028, -0.00000000135
322, 50.00000000000, 50.50785644938, 28.00134561182, 4.12500003222, 0.00000000000, 0.00000000164, 0.00000000275
323, 50.00000000000, 57.11150290105, 70.50914492211, 4.12500003222, 0.00000000000, -0.00000000242, -0.00000000472
324, 50.00000000000, 73.50258825202, 40.13091464073, 4.12500003222, 0.00000000000, 0.00000000009, -0.00000000160
325, 50.00000000000, 81.30023260700, 51.44903436754, 4.12500003222, 0.00000000000, 0.00000000095, -0.00000000501
326, 50.00000000000, 96.38519438717, 49.02569339621, 4.12500003222, 0.00000000000, -0.00000000001, 0.00000000240
327, 50.00000000000, 104.50402851029, 73.76462764466, 4.12500003222, 0.00000000000, -0.00000000011, -0.00000000551
328, 50.00000000000, 106.17664099994, 25.36715303324, 4.12500003222, 0.00000000000, 0.00000000114, 0.00000000395
329, 50.00000000000, 126.93099005559, 55.83951051767, 4.12500003222, 0.00000000000, -0.00000000131, 0.00000000830
330, 50.00000000000, 141.50862293533, 26.46197348139, 4.12500003222, 0.00000000000, -0.00000000112, 0.00000000473
331, 50.00000000000, 139.44369029429, 48.53119950263, 4.12500003222, 0.00000000000, -0.00000000125, -0.00000000502
332, 50.00000000000, 166.39377252206, 24.36999913616, 4.12500003222, 0.00000000000, 0.00000000115, 0.00000000517
333, 50.00000000000, 173.63270550626, 33.82763099435, 4.12500003222, 0.00000000000, -0.00000000164, -0.00000000416
334, 50.00000000000, 186.18926128166, 55.98585611645, 4.12500003222, 0.00000000000, -0.00000000193, -0.00000000536
335, 50.00000000000, 189.32902774093, 64.46519728933, 4.12500003222, 0.00000000000, 0.00000000026, -0.00000000002
336, 50.00000000000, 207.33988672505, 38.42456963850, 4.12500003222, 0.00000000000, -0.00000000057, 0.00000000355
337, 50.00000000000, 220.71174692336, 51.61702275474, 4.12500003222, 0.00000000000, 0.00000000061, 0.00000000275
338, 50.00000000000, 228.15955193191, 46.07954925098, 4.12500003222, 0.00000000000, 0.00000000131, 0.00000000513
339, 50.00000000000, 244.58538655330, 41.04257030662, 4.12500003222, 0.00000000000, -0.00000000185, -0.00000000112
340, 50.00000000000, 260.92835535160, 22.07942095517, 4.12500003222, 0.00000000000, 0.00000000429, 0.00000000282
341, 50.00000000000, 264.22260724329, 58.48522033129, 4.12500003222, 0.00000000000, -0.00000000054, -0.00000000341
342, 50.00000000000, 278.34132565855, 66.10802117272, 4.12500003222, 0.00000000000, 0.00000000021, -0.00000000438
343, 50.00000000000, 290.98623985182, 73.81335105782, 4.12500003222, 0.00000000000, -0.00000000070, -0.00000000026
344, 50.00000000000, 300.84827160955, 62.46074433544, 4.12500003222, 0.00000000000, -0.00000000046, 0.00000000420
345, 50.00000000000, 312.63698462759, 58.30166693108, 4.12500003222, 0.00000000000, -0.00000000027, 0.00000000005
346, 50.00000000000, 327.51928117204, 66.61203913384, 4.12500003222, 0.00000000000, 0.00000000016, -0.00000000075
347, 50.00000000000, 332.59568661392, 50.64248513357, 4.12500003222, 0.00000000000, 0.00000000091, 0.00000000284
348, 50.00000000000, 347.55632231460, 70.07041216220, 4.12500003222, 0.00000000000, -0.00000000077, -0.00000000328
349, 50.00000000000, 364.11753914602, -30000000.00000000000, 0.00000000000, 0.00000000000, 0.00000004287, 0.03299999918
350, 50.00000000000, 378.32539378454, -30000000.00000000000, 0.00000000000, 0.00000000000, -0.00000005854, 0.03299999918
351, 50.00000000000, 389.01676644272, 29.71551136705, 4.12500003222, 0.00000000000, -0.00000000125, -0.00000000342
352, 50.00000000000, 405.94470390101, 64.00393288585, 4.12500003222, 0.00000000000, 0.00000000121, -0.00000000518
353, 50.00000000000, 424.33953431140, 76.41615424831, 4.12500003222, 0.00000000000, 0.00000000089, 0.00000000483
354, 50.00000000000, 426.89863675545, 38.75834929959, 4.12500003222, 0.00000000000, 0.00000000200, -0.00000000493
355, 50.00000000000, 447.77596637406, 67.82952801432, 4.12500003222, 0.00000000000, 0.00000000055, -0.00000000898
356, 50.00000000000, 461.83735554667, 48.03506355139, 4.12500003222, 0.00000000000, -0.00000000185, 0.00000000252
357, 50.00000000000, 470.29733107889, 54.65566735315, 4.12500003222, 0.00000000000, -0.00000000012, 0.00000000145
358, 50.00000000000, 478.31596219349, 48.27040374151, 4.12500003222, 0.00000000000, -0.00000000134, 0.00000000257
359, 50.00000000000, 485.89598311783, 59.72921845558, 4.12500003222, 0.00000000000, -0.00000000089, 0.00000000264
360, 50.00000000000, 489.87449900484, 47.86353098957, 4.12500003222, 0.00000000000, -0.00000000156, -0.00000000171
361, 50.00000000000, 516.84512277239, 47.77846134091, 4.12500003222, 0.00000000000, 0.00000000142, 0.00000000290
362, 50.00000000000, 524.44898198613, 59.13285038207, 4.12500003222, 0.00000000000, 0.00000000025, -0.00000000215
363, 50.00000000000, 535.78787500031, -30000000.00000000000, 0.00000000000, 0.00000000000, -0.00000000152, 0.03299999918
364, 50.00000000000, 548.64137762772, 31.17075383239, 4.12500003222, 0.00000000000, -0.00000000093, 0.00000000038
365, 50.00000000000, 558.76683965978, 70.84096828734, 4.12500003222, 0.00000000000, -0.00000000042, -0.00000000244
366, 50.00000000000, 572.99847034346, 71.10783466957, 4.12500003222, 0.00000000000, 0.00000000175, -0.00000000099
367, 50.00000000000, 591.71879006743, 54.96557299950, 4.12500003222, 0.00000000000, 0.00000000054, 0.00000000657
368, 50.00000000000, 596.60183438904, 25.65480477298, 4.12500003222, 0.00000000000, -0.00000000041, 0.00000000259
369, 50.00000000000, 608.22986384988, 35.79376729280, 4.12500003222, 0.00000000000, 0.00000000088, -0.00000000042
370, 50.00000000000, 622.81961061211, 76.60903858239, 4.12500003222, 0.00000000000, 0.00000000017, -0.00000000004
371, 50.00000000000, 641.69657035734, 62.11841652156, 4.12500003222, 0.00000000000, -0.00000000185, -0.00000000824
372, 50.00000000000, 653.08882178118, 58.00584784182, 4.12500003222, 0.00000000000, -0.00000000149, -0.00000000596
373, 50.00000000000, 667.24499037725, 55.19093766939, 4.12500003222, 0.00000000000, 0.00000000118, -0.00000000297
374, 50.00000000000, 670.66087658602, 28.85764347056, 4.12500003222, 0.00000000000, -0.00000000063, 0.00000000128
375, 50.00000000000, 683.60168192815, 73.61895429664, 4.12500003222, 0.00000000000, -0.00000000058, 0.00000000103
376, 50.00000000000, 696.35673207013, 35.30835094092, 4.12500003222, 0.00000000000, -0.00000000153, 0.00000000595
377, 50.00000000000, 704.29585720199, 27.53324065791, 4.12500003222, 0.00000000000, 0.00000000079, -0.00000000457
378, 50.00000000000, 724.60985285370, 38.35367031281, 4.12500003222, 0.00000000000, -0.00000000083, -0.00000000240
379, 50.00000000000, 749.65669393803, 58.64913120194, 4.12500003222, 0.00000000000, -0.00000000003, 0.00000000001
380, 50.00000000000, 731.51753798535, 25.96572548521, 4.12500003222, 0.00000000000, -0.00000000162, 0.00000000417
381, 50.00000000000, 758.02032840819, 66.76901704500, 4.12500003222, 0.00000000000, -0.00000000106, 0.00000000195
382, 50.00000000000, 769.50163983765, -30000000.00000000000, 0.00000000000, 0.00000000000, 0.00000008905, 0.03299999918
383, 50.00000000000, 788.26843970224, 46.64757673991, 4.12500003222, 0.00000000000, 0.00000000072, 0.00000000602
384, 50.00000000000, 790.37876796969, -30000000.00000000000, 0.00000000000, 0.00000000000, -0.00000008173, 0.03299999918
385, 50.00000000000, 812.06185383878, 55.44167870982, 4.12500003222, 0.00000000000, -0.00000000311, 0.00000000039
386, 50.00000000000, 822.97644745227, 57.27195626680, 4.12500003222, 0.00000000000, -0.00000000056, -0.00000000188
387, 50.00000000000, 836.52118024726, 45.01001732414, 4.12500003222, 0.00000000000, 0.00000000136, 0.00000000829
388, 50.00000000000, 842.69545297689, 41.61476905818, 4.12500003222, 0.00000000000, 0.00000000314, -0.00000000260
389, 50.00000000000, 846.51630259941, 32.62399347151, 4.12500003222, 0.00000000000, 0.00000000164, -0.00000000383
390, 50.00000000000, 861.22975860007, 53.20506156699, 4.12500003222, 0.00000000000, 0.00000000072, 0.00000000316
391, 50.00000000000, 876.24204569404, 41.74484781822, 4.12500003222, 0.00000000000, -0.00000000078, -0.00000000700
392, 50.00000000000, 886.25871551536, 31.43674766506, 4.12500003222, 0.00000000000, -0.00000000084, 0.00000000004
393, 50.00000000000, 892.50702615261, 47.53372358435, 4.12500003222, 0.00000000000, 0.00000000051, 0.00000000446
394, 50.00000000000, 908.26054184870, 44.52028820125, 4.12500003222, 0.00000000000, 0.00000000181, 0.00000000474
395, 50.00000000000, 916.81974550030, 53.23652188551, 4.12500003222, 0.00000000000, 0.00000000166, -0.00000000156
396, 50.00000000000, 926.66284072902, 32.25876639725, 4.12500003222, 0.00000000000, -0.00000000278, 0.00000000047
397, 50.00000000000, 934.75059591646, 27.70326402608, 4.12500003222, 0.00000000000, -0.00000000167, 0.00000000125
398, 50.00000000000, 959.37097450628, 38.14045811976, 4.12500003222, 0.00000000000, -0.00000000110, 0.00000000530
399, 50.00000000000, 958.50717480857, 49.89977553221, 4.12500003222, 0.00000000000, 0.00000000008, 0.00000000439
400, 50.00000000000, 3.01998036309, 55.08887006323, 4.12500003222, 0.00000000000, -0.00000000014, -0.00000000031
401, 50.00000000000, 36.77316081126, 85.63524876829, 4.12500003222, 0.00000000000, -0.00000000078, 0.00000000089
402, 50.00000000000, 48.05418837218, 63.13621886646, 4.12500003222, 0.00000000000, -0.00000000170, 0.00000000106
403, 50.00000000000, 56.60077787072, 53.78286352347, 4.12500003222, 0.00000000000, -0.00000000053, 0.00000000225
404, 50.00000000000, 61.25884838355, 61.16234048364, 4.12500003222, 0.00000000000, -0.00000000202, -0.00000000590
405, 50.00000000000, 79.97536891433, 78.09946960510, 4.12500003222, 0.00000000000, -0.00000000113, 0.00000000060
406, 50.00000000000, 91.41614133166, 72.85234448666, 4.12500003222, 0.00000000000, 0.00000000084, -0.00000000012
407, 50.00000000000, 100.33605017357, 36.14335713384, 4.12500003222, 0.00000000000, -0.00000000097, -0.00000000371
408, 50.00000000000, 114.55828098214, 50.02308590942, 4.12500003222, 0.00000000000, -0.00000000040, 0.00000000013
409, 50.00000000000, 118.77185344831, 58.73702270423, 4.12500003222, 0.00000000000, 0.00000000329, -0.00000000132
410, 50.00000000000, 130.76358579234, 50.66669809271, 4.12500003222, 0.00000000000, 0.00000000165, -0.00000000570
411, 50.00000000000, 144.06309759674, 53.93186437611, 4.12500003222, 0.00000000000, -0.00000000281, -0.00000000022
412, 50.00000000000, 162.61435750884, 57.29763033524, 4.12500003222, 0.00000000000, -0.00000000008, 0.00000000304
413, 50.00000000000, 171.25898760927, 78.18805169709, 4.12500003222, 0.00000000000, -0.00000000039, -0.00000000301
414, 50.00000000000, 181.83682888774, 43.04584560782, 4.12500003222, 0.00000000000, 0.00000000074, 0.00000000431
415, 50.00000000000, 194.23642694342, 49.27098467583, 4.12500003222, 0.00000000000, -0.00000000093, 0.00000000106
416, 50.00000000000, 203.71303924011, 53.66643892549, 4.12500003222, 0.00000000000, -0.00000000029, -0.00000000087
417, 50.00000000000, 217.38230441705, 62.19525876548, 4.12500003222, 0.00000000000, 0.00000000099, -0.00000000712
418, 50.00000000000, 230.41096828797, 60.00898233341, 4.12500003222, 0.00000000000, -0.00000000088, 0.00000000143
419, 50.00000000000, 237.76223251784, 50.85188777795, 4.12500003222, 0.00000000000, 0.00000000130, -0.00000000355
420, 50.00000000000, 258.03948287195, 37.05664239260, 4.12500003222, 0.00000000000, 0.00000000051, -0.00000000652
421, 50.00000000000, 262.30952633312, 47.47676505041, 4.12500003222, 0.00000000000, -0.00000000075, 0.00000000011
422, 50.00000000000, 273.03768535235, 44.45452480859, 4.12500003222, 0.00000000000, 0.00000000101, -0.00000000051
423, 50.00000000000, 286.32422215472, 53.00975830185, 4.12500003222, 0.00000000000, -0.00000000120, -0.00000000311
424, 50.00000000000, 307.34128650768, 41.23308590560, 4.12500003222, 0.00000000000, 0.00000000022, -0.00000000527
425, 50.00000000000, 308.56030780039, 49.48488051042, 4.12500003222, 0.00000000000, -0.00000000069, -0.00000000044
426, 50.00000000000, 323.76840311285, 58.10006338352, 4.12500003222, 0.00000000000, -0.00000000030, -0.00000000230
427, 50.00000000000, 339.10642057942, 59.42811968348, 4.12500003222, 0.00000000000, 0.00000000040, 0.00000000264
428, 50.00000000000, 350.44183104532, 56.82797354652, 4.12500003222, 0.00000000000, 0.00000000108, 0.00000000034
429, 50.00000000000, 364.27676642189, 61.60234146505, 4.12500003222, 0.00000000000, 0.00000000084, -0.00000000164
430, 50.00000000000, 383.82641140022, 77.10086089533, 4.12500003222, 0.00000000000, 0.00000000049, -0.00000000142
431, 50.00000000000, 387.08575143794, 50.47773442977, 4.12500003222, 0.00000000000, 0.00000000137, 0.00000000126
432, 50.00000000000, 397.36527080566, -30000000.00000000000, 0.00000000000, 0.00000000000, -0.00000006663, 0.03299999918
433, 50.00000000000, 409.08776478775, 80.50589491136, 4.12500003222, 0.00000000000, -0.00000000031, 0.00000000143
434, 50.00000000000, 431.35325629984, 68.06898412377, 4.12500003222, 0.00000000000, 0.00000000129, 0.00000000058
435, 50.00000000000, 438.31309993399, 60.42871629859, 4.12500003222, 0.00000000000, 0.00000000197, -0.00000000360
436, 50.00000000000, 453.69385568690, 57.18251919390, 4.12500003222, 0.00000000000, -0.00000000172, -0.00000000568
437, 50.00000000000, 467.51766992005, 73.99893121370, 4.12500003222, 0.00000000000, 0.00000000148, -0.00000000026
438, 50.00000000000, 474.15770021887, 28.14496967961, 4.12500003222, 0.00000000000, 0.00000000008, -0.00000000028
439, 50.00000000000, 501.45064890144, 66.64141571525, 4.12500003222, 0.00000000000, -0.00000000029, -0.00000000219
440, 50.00000000000, 492.39984259025, 68.72203414329, 4.12500003222, 0.00000000000, -0.00000000079, 0.00000000310
441, 50.00000000000, 511.72152656951, 59.20807355886, 4.12500003222, 0.00000000000, 0.00000000136, -0.00000000597
442, 50.00000000000, 530.40795082908, 50.69862203946, 4.12500003222, 0.00000000000, 0.00000000065, -0.00000000288
443, 50.00000000000, 533.93335098098, 67.03833765871, 4.12500003222, 0.00000000000, 0.00000000078, 0.00000000038
444, 50.00000000000, 548.86756975576, 62.11220854868, 4.12500003222, 0.00000000000, 0.00000000009, -0.00000000266
445, 50.00000000000, 564.51491259250, 80.46724231406, 4.12500003222, 0.00000000000, -0.00000000002, 0.00000000367
446, 50.00000000000, 574.57805079762, 52.44284585437, 4.12500003222, 0.00000000000, -0.00000000124, 0.00000000100
447, 50.00000000000, 581.37363132545, 61.09241783576, 4.12500003222, 0.00000000000, -0.00000000026, 0.00000000109
448, 50.00000000000, 601.92000590611, 90.54940236653, 4.12500003222, 0.00000000000, 0.00000000003, 0.00000000473
449, 50.00000000000, 610.55548495493, 70.41806501914, 4.12500003222, 0.00000000000, 0.00000000033, 0.00000000346
450, 50.00000000000, 618.86252182152, 51.53278639709, 4.12500003222, 0.00000000000, 0.00000000200, 0.00000000238
451, 50.00000000000, 631.71633143372, 64.97877703937, 4.12500003222, 0.00000000000, -0.00000000258, -0.00000000809
452, 50.00000000000, 650.64754344859, 93.17724903596, 4.12500003222, 0.00000000000, 0.00000000035, 0.00000000270
453, 50.00000000000, 664.04240190421, 61.74211560900, 4.12500003222, 0.00000000000, -0.00000000023, 0.00000000415
454, 50.00000000000, 671.88424464384, 69.85452403133, 4.12500003222, 0.00000000000, -0.00000000139, -0.00000000103
455, 50.00000000000, 685.75649946645, 49.38972116881, 4.12500003222, 0.00000000000, 0.00000000010, -0.00000000338
456, 50.00000000000, 702.36554626853, 46.99641906109, 4.12500003222, 0.00000000000, 0.00000000122, 0.00000000025
457, 50.00000000000, 705.53686205304, 83.17181113903, 4.12500003222, 0.00000000000, 0.00000000084, 0.00000000030
458, 50.00000000000, 719.31723214804, 74.75978745444, 4.12500003222, 0.00000000000, 0.00000000123, 0.00000000148
459, 50.00000000000, 737.73747283662, 56.18678525974, 4.12500003222, 0.00000000000, -0.00000000158, 0.00000000753
460, 50.00000000000, 742.46685398793, 49.73293675009, 4.12500003222, 0.00000000000, -0.00000000050, -0.00000000572
461, 50.00000000000, 765.85105619735, 43.84086896684, 4.12500003222, 0.00000000000, -0.00000000260, -0.00000000420
462, 50.00000000000, 765.60291702367, 58.73044392224, 4.12500003222, 0.00000000000, 0.00000000163, -0.00000000474
463, 50.00000000000, 774.16921004399, 48.83053004638, 4.12500003222, 0.00000000000, -0.00000000109, 0.00000000097
464, 50.00000000000, 792.18002335432, 61.11371653610, 4.12500003222, 0.00000000000, -0.00000000052, -0.00000000703
465, 50.00000000000, 812.14186187905, 47.32527825465, 4.12500003222, 0.00000000000, 0.00000000008, 0.00000000096
466, 50.00000000000, 826.73875958562, 49.40552840988, 4.12500003222, 0.00000000000, -0.00000000136, 0.00000000173
467, 50.00000000000, 836.13186799636, 54.71558298968, 4.12500003222, 0.00000000000, -0.00000000227, -0.00000000060
468, 50.00000000000, 836.12874278849, 63.15169805584, 4.12500003222, 0.00000000000, -0.00000000002, -0.00000000164
469, 50.00000000000, 852.30061146792, 50.55537804696, 4.12500003222, 0.00000000000, -0.00000000078, -0.00000000309
470, 50.00000000000, 870.42188641741, 62.68847610428, 4.12500003222, 0.00000000000, 0.00000000177, -0.00000000258
471, 50.00000000000, 882.32870686096, 52.49079271429, 4.12500003222, 0.00000000000, 0.00000000225, 0.00000000697
472, 50.00000000000, 886.04312552168, 59.92535904759, 4.12500003222, 0.00000000000, 0.00000000015, -0.00000000730
473, 50.00000000000, 899.34695984416, 55.56341427266, 4.12500003222, 0.00000000000, -0.00000000106, -0.00000000519
474, 50.00000000000, 908.32793260028, 53.23794955038, 4.12500003222, 0.00000000000, -0.00000000141, 0.00000000519
475, 50.00000000000, 928.79957837339, 77.19817997616, 4.12500003222, 0.00000000000, -0.00000000134, -0.00000000076
476, 50.00000000000, 925.06600851029, 53.18241404348, 4.12500003222, 0.00000000000, -0.00000000027, -0.00000000980
477, 50.00000000000, 937.36723979359, 66.34994052297, 4.12500003222, 0.00000000000, 0.00000000126, -0.00000000033
478, 50.00000000000, 949.03833084641, 48.75590507461, 4.12500003222, 0.00000000000, -0.00000000147, 0.00000000521
479, 50.00000000000, 971.93957157181, 60.14952380319, 4.12500003222, 0.00000000000, -0.00000000095, 0.00000000186
480, 50.00000000000, 23.62940723725, 51.71106134274, 4.12500003222, 0.00000000000, 0.00000000086, 0.00000000155
481, 50.00000000000, 35.41383496828, 60.05078569083, 4.12500003222, 0.00000000000, 0.00000000163, 0.00000000088
482, 50.00000000000, 46.93241039447, 53.00097142230, 4.12500003222, 0.00000000000, 0.00000000281, 0.00000000706
483, 50.00000000000, 62.17113800904, 83.79614666343, 4.12500003222, 0.00000000000, 0.00000000089, -0.00000000038
484, 50.00000000000, 70.25189328369, 69.80924223636, 4.12500003222, 0.00000000000, -0.00000000245, 0.00000000713
485, 50.00000000000, 82.05883094981, 38.44439757181, 4.12500003222, 0.00000000000, 0.00000000101, 0.00000000134
486, 50.00000000000, 88.97580392825, 57.28781914401, 4.12500003222, 0.00000000000, -0.00000000115, -0.00000000054
487, 50.00000000000, 105.54203684289, 60.07472526697, 4.12500003222, 0.00000000000, -0.00000000007, -0.00000000069
488, 50.00000000000, 113.48578680438, 65.86654540628, 4.12500003222, 0.00000000000, -0.00000000002, 0.00000000053
489, 50.00000000000, 127.61044528277, 68.43370565468, 4.12500003222, 0.00000000000, 0.00000000095, 0.00000000176
490, 50.00000000000, 137.62079946087, 64.02625124034, 4.12500003222, 0.00000000000, 0.00000000094, -0.00000000497
491, 50.00000000000, 149.27236300793, 67.50431001991, 4.12500003222, 0.00000000000, 0.00000000035, 0.00000000069
492, 50.00000000000, 152.67167042031, 56.63695299645, 4.12500003222, 0.00000000000, 0.00000000078, 0.00000000780
493, 50.00000000000, 172.72635052876, 64.50356691357, 4.12500003222, 0.00000000000, -0.00000000031, 0.00000000220
494, 50.00000000000, 185.73357209628, 82.82022899973, 4.12500003222, 0.00000000000, -0.00000000173, -0.00000000078
495, 50.00000000000, 209.38769758665, 74.95144851295, 4.12500003222, 0.00000000000, -0.00000000073, 0.00000000053
496, 50.00000000000, 209.55423751670, 27.52484591343, 4.12500003222, 0.00000000000, 0.00000000076, 0.00000000225
497, 50.00000000000, 208.18180043739, 62.87790219594, 4.12500003222, 0.00000000000, 0.00000000237, 0.00000000423
498, 50.00000000000, 232.88945348355, 73.25552865863, 4.12500003222, 0.00000000000, -0.00000000018, -0.00000000100
499, 50.00000000000, 242.61801532834, 67.00258208059, 4.12500003222, 0.00000000000, 0.00000000023, 0.00000000230
500, 50.00000000000, 254.60178592289, 70.59928540688, 4.12500003222, 0.00000000000, -0.00000000053, -0.00000000222
501, 50.00000000000, 266.68792345765, 68.09644456663, 4.12500003222, 0.00000000000, -0.00000000009, -0.00000000038
502, 50.00000000000, 275.37454878374, 55.53834234697, 4.12500003222, 0.00000000000, -0.00000000081, 0.00000000069
503, 50.00000000000, 290.08917523632, 61.04531154090, 4.12500003222, 0.00000000000, -0.00000000132, 0.00000000587
504, 50.00000000000, 301.90901206290, 90.49366075933, 4.12500003222, 0.00000000000, 0.00000000042, -0.00000000430
505, 50.00000000000, 314.67020628159, 67.45284821845, 4.12500003222, 0.00000000000, 0.00000000100, 0.00000000666
506, 50.00000000000, 323.99965456556, 77.57290321484, 4.12500003222, 0.00000000000, 0.00000000104, 0.00000000015
507, 50.00000000000, 335.94822887297, 72.57603773937, 4.12500003222, 0.00000000000, 0.00000000054, -0.00000000267
508, 50.00000000000, 349.30233226580, 81.83020869056, 4.12500003222, 0.00000000000, -0.00000000103, -0.00000000199
509, 50.00000000000, 359.58190528502, 73.11725625133, 4.12500003222, 0.00000000000, -0.00000000025, 0.00000000008
510, 50.00000000000, 375.27145217598, 85.79103938355, 4.12500003222, 0.00000000000, 0.00000000028, -0.00000000166
511, 50.00000000000, 394.25527367272, 84.56915238086, 4.12500003222, 0.00000000000, 0.00000000001, 0.00000000143
512, 50.00000000000, 396.54899719225, 59.23102447105, 4.12500003222, 0.00000000000, 0.00000000228, -0.00000000491
513, 50.00000000000, 412.68207197759, 54.32261417131, 4.12500003222, 0.00000000000, 0.00000000234, 0.00000000144
514, 50.00000000000, 429.01537732466, 51.98995625513, 4.12500003222, 0.00000000000, -0.00000000171, 0.00000000071
515, 50.00000000000, 440.58917259401, 75.70576576558, 4.12500003222, 0.00000000000, -0.00000000035, -0.00000000044
516, 50.00000000000, 445.34041515258, 48.95204775818, 4.12500003222, 0.00000000000, -0.00000000031, 0.00000000567
517, 50.00000000000, 461.35774295680, 64.21994247635, 4.12500003222, 0.00000000000, 0.00000000148, -0.00000000248
518, 50.00000000000, 474.88014633085, 64.89079815765, 4.12500003222, 0.00000000000, -0.00000000116, 0.00000000019
519, 50.00000000000, 482.03066291688, 72.44915518905, 4.12500003222, 0.00000000000, -0.00000000039, 0.00000000525
520, 50.00000000000, 500.88584535149, 82.41588161162, 4.12500003222, 0.00000000000, -0.00000000041, -0.00000000246
521, 50.00000000000, 514.13738743161, 82.27803755580, 4.12500003222, 0.00000000000, -0.00000000182, 0.00000000403
522, 50.00000000000, 526.64919952238, 76.21892441327, 4.12500003222, 0.00000000000, 0.00000000165, -0.00000000142
523, 50.00000000000, 543.52502855097, 92.19592420705, 4.12500003222, 0.00000000000, 0.00000000140, 0.00000000246
524, 50.00000000000, 551.10510285208, 80.22571188424, 4.12500003222, 0.00000000000, -0.00000000001, 0.00000000206
525, 50.00000000000, 566.38372152340, 62.53506134592, 4.12500003222, 0.00000000000, -0.00000000007, -0.00000000639
526, 50.00000000000, 577.04609693479, 83.10360548084, 4.12500003222, 0.00000000000, 0.00000000037, 0.00000000373
527, 50.00000000000, 590.13979607950, 82.48954774906, 4.12500003222, 0.00000000000, -0.00000000149, -0.00000000120
528, 50.00000000000, 597.02960734508, 66.37569634793, 4.12500003222, 0.00000000000, -0.00000000004, 0.00000000212
529, 50.00000000000, 613.86412202891, 85.45253227462, 4.12500003222, 0.00000000000, 0.00000000141, -0.00000000271
530, 50.00000000000, 622.36749726446, 67.73073642090, 4.12500003222, 0.00000000000, -0.00000000309, -0.00000000281
531, 50.00000000000, 639.13868268116, 87.27876956986, 4.12500003222, 0.00000000000, -0.00000000129, -0.00000000134
532, 50.00000000000, 647.43256397196, 68.97028888686, 4.12500003222, 0.00000000000, -0.00000000134, 0.00000001027
533, 50.00000000000, 661.27283781801, 80.09795500532, 4.12500003222, 0.00000000000, -0.00000000003, -0.00000000107
534, 50.00000000000, 673.20369615394, 82.12217471290, 4.12500003222, 0.00000000000, 0.00000000225, 0.00000000034
535, 50.00000000000, 689.48194496196, 61.70600477027, 4.12500003222, 0.00000000000, 0.00000000122, -0.00000000101
536, 50.00000000000, 701.04384003656, 60.17934442487, 4.12500003222, 0.00000000000, -0.00000000036, -0.00000000454
537, 50.00000000000, 707.05636765211, 69.55738967760, 4.12500003222, 0.00000000000, -0.00000000071, 0.00000000153
538, 50.00000000000, 718.56122172855, 46.93424037419, 4.12500003222, 0.00000000000, -0.00000000005, 0.00000000003
539, 50.00000000000, 730.35210104556, 77.15026057994, 4.12500003222, 0.00000000000, 0.00000000157, 0.00000000316
540, 50.00000000000, 744.44618073638, 70.35932507541, 4.12500003222, 0.00000000000, 0.00000000080, -0.00000000085
541, 50.00000000000, 753.05990712439, 79.69663804927, 4.12500003222, 0.00000000000, -0.00000000067, 0.00000000079
542, 50.00000000000, 771.70277528893, 68.65898820558, 4.12500003222, 0.00000000000, 0.00000000162, -0.00000000275
543, 50.00000000000, 780.20087116846, 57.92784052392, 4.12500003222, 0.00000000000, 0.00000000109, 0.00000000408
544, 50.00000000000, 800.14582360188, 48.55386018546, 4.12500003222, 0.00000000000, -0.00000000055, 0.00000000620
545, 50.00000000000, 803.40919912656, 62.57819073114, 4.12500003222, 0.00000000000, 0.00000000082, -0.00000000414
546, 50.00000000000, 818.63869046229, 81.06117610725, 4.12500003222, 0.00000000000, 0.00000000002, -0.00000000075
547, 50.00000000000, 826.27034450116, 66.96351513111, 4.12500003222, 0.00000000000, -0.00000000052, 0.00000000306
548, 50.00000000000, 848.93487717907, 63.59683727875, 4.12500003222, 0.00000000000, 0.00000000088, 0.00000000056
549, 50.00000000000, 858.89432637945, 62.76039348701, 4.12500003222, 0.00000000000, 0.00000000107, -0.00000000586
550, 50.00000000000, 863.12384323190, 71.02074954924, 4.12500003222, 0.00000000000, 0.00000000194, -0.00000000128
551, 50.00000000000, 873.10152894447, 52.23345204520, 4.12500003222, 0.00000000000, 0.00000000222, 0.00000000612
552, 50.00000000000, 884.24051373297, 83.76328878569, 4.12500003222, 0.00000000000, 0.00000000102, 0.00000000362
553, 50.00000000000, 895.31311740135, 65.49495289831, 4.12500003222, 0.00000000000, 0.00000000056, -0.00000000349
554, 50.00000000000, 904.08453689640, 67.97250804242, 4.12500003222, 0.00000000000, 0.00000000026, 0.00000000217
555, 50.00000000000, 915.09453932734, 75.49519054250, 4.12500003222, 0.00000000000, 0.00000000058, 0.00000000411
556, 50.00000000000, 924.46249509341, 41.82813727496, 4.12500003222, 0.00000000000, -0.00000000014, -0.00000000080
557, 50.00000000000, 933.02496182445, 43.02707174765, 4.12500003222, 0.00000000000, -0.00000000033, 0.00000000313
558, 50.00000000000, 947.51856386201, 64.01204455724, 4.12500003222, 0.00000000000, -0.00000000011, -0.00000000677
559, 50.00000000000, 958.90301258294, 63.58150752169, 4.12500003222, 0.00000000000, 0.00000000182, -0.00000000376
560, 50.00000000000, 23.87221127514, 66.90847587476, 4.12500003222, 0.00000000000, 0.00000000157, 0.00000000045
561, 50.00000000000, 38.64645679817, 71.85876156244, 4.12500003222, 0.00000000000, -0.00000000072, -0.00000000210
562, 50.00000000000, 48.45424126096, 79.52112396181, 4.12500003222, 0.00000000000, -0.00000000064, -0.00000000296
563, 50.00000000000, 66.08478042211, 47.30562711592, 4.12500003222, 0.00000000000, -0.00000000097, -0.00000000076
564, 50.00000000000, 71.03180400014, 60.64608876115, 4.12500003222, 0.00000000000, 0.00000000067, -0.00000000913
565, 50.00000000000, 81.34811839284, 64.76172469082, 4.12500003222, 0.00000000000, 0.00000000018, -0.00000000020
566, 50.00000000000, 95.78399457834, 61.53386756991, 4.12500003222, 0.00000000000, -0.00000000056, 0.00000000204
567, 50.00000000000, 102.80982915393, 85.50901688780, 4.12500003222, 0.00000000000, -0.00000000102, 0.00000000189
568, 50.00000000000, 116.22097352837, 77.83688418628, 4.12500003222, 0.00000000000, -0.00000000004, -0.00000000058
569, 50.00000000000, 127.65172807510, 83.13026949379, 4.12500003222, 0.00000000000, -0.00000000007, 0.00000000053
570, 50.00000000000, 137.73929099188, 75.02285643159, 4.12500003222, 0.00000000000, 0.00000000040, 0.00000000042
571, 50.00000000000, 150.85509487388, 78.92816548111, 4.12500003222, 0.00000000000, 0.00000000112, 0.00000000224
572, 50.00000000000, 162.75411960143, 71.70123880855, 4.12500003222, 0.00000000000, 0.00000000082, -0.00000000667
573, 50.00000000000, 167.66180951128, 50.28124486567, 4.12500003222, 0.00000000000, -0.00000000051, 0.00000000591
574, 50.00000000000, 183.21319249686, 70.42830040123, 4.12500003222, 0.00000000000, 0.00000000075, -0.00000000145
575, 50.00000000000, 196.79228523533, 74.62832503804, 4.12500003222, 0.00000000000, 0.00000000176, -0.00000000303
576, 50.00000000000, 201.70070756185, 87.14556310971, 4.12500003222, 0.00000000000, 0.00000000065, 0.00000000029
577, 50.00000000000, 221.97634316448, 82.94652487276, 4.12500003222, 0.00000000000, -0.00000000018, 0.00000000449
578, 50.00000000000, 221.79270631502, 71.18409246382, 4.12500003222, 0.00000000000, -0.00000000053, -0.00000000193
579, 50.00000000000, 245.02993698192, 81.94667214163, 4.12500003222, 0.00000000000, -0.00000000046, -0.00000000209
580, 50.00000000000, 253.18613110795, 56.05409461528, 4.12500003222, 0.00000000000, -0.00000000080, 0.00000000350
581, 50.00000000000, 264.34253351166, 81.20102257039, 4.12500003222, 0.00000000000, 0.00000000120, -0.00000000125
582, 50.00000000000, 278.93722239996, 77.34016513262, 4.12500003222, 0.00000000000, 0.00000000004, 0.00000000116
583, 50.00000000000, 286.94037004660, 86.61025458559, 4.12500003222, 0.00000000000, 0.00000000130, -0.00000000117
584, 50.00000000000, 302.59205466971, 72.48545887606, 4.12500003222, 0.00000000000, 0.00000000002, 0.00000000162
585, 50.00000000000, 312.13558222087, 80.79013099941, 4.12500003222, 0.00000000000, 0.00000000086, 0.00000000308
586, 50.00000000000, 324.96820300499, 93.07921630303, 4.12500003222, 0.00000000000, -0.00000000069, -0.00000000240
587, 50.00000000000, 336.28987235212, 84.70607247904, 4.12500003222, 0.00000000000, -0.00000000056, -0.00000000117
588, 50.00000000000, 344.71209613460, 95.91145080259, 4.12500003222, 0.00000000000, -0.00000000005, -0.00000000192
589, 50.00000000000, 361.64542439660, 87.13818638550, 4.12500003222, 0.00000000000, 0.00000000003, 0.00000000195
590, 50.00000000000, 372.75668962704, 69.62912662629, 4.12500003222, 0.00000000000, -0.00000000055, 0.00000000296
591, 50.00000000000, 398.88521534984, 73.58282149592, 4.12500003222, 0.00000000000, -0.00000000056, 0.00000000117
592, 50.00000000000, 389.84364114091, 65.30584494873, 4.12500003222, 0.00000000000, -0.00000000137, 0.00000000098
593, 50.00000000000, 419.62337392966, 90.00815827683, 4.12500003222, 0.00000000000, 0.00000000127, -0.00000000079
594, 50.00000000000, 434.22445545342, 86.02479708874, 4.12500003222, 0.00000000000, -0.00000000040, 0.00000000165
595, 50.00000000000, 447.47819167849, 87.07905329139, 4.12500003222, 0.00000000000, -0.00000000080, -0.00000000254
596, 50.00000000000, 455.56977878111, 73.98532879068, 4.12500003222, 0.00000000000, 0.00000000051, 0.00000000092
597, 50.00000000000, 461.59827156956, 86.90588323416, 4.12500003222, 0.00000000000, -0.00000000022, 0.00000000102
598, 50.00000000000, 474.72721527768, 85.29796014062, 4.12500003222, 0.00000000000, 0.00000000134, -0.00000000116
599, 50.00000000000, 488.03869721567, 85.34974918879, 4.12500003222, 0.00000000000, 0.00000000055, -0.00000000018
600, 50.00000000000, 508.58412041732, 71.27335949581, 4.12500003222, 0.00000000000, -0.00000000074, 0.00000000180
601, 50.00000000000, 518.86049255859, 69.84830349170, 4.12500003222, 0.00000000000, -0.00000000017, -0.00000000558
602, 50.00000000000, 526.23234298690, 89.38035146820, 4.12500003222, 0.00000000000, 0.00000000039, 0.00000000072
603, 50.00000000000, 538.30919330030, 82.26473276127, 4.12500003222, 0.00000000000, -0.00000000098, -0.00000000522
604, 50.00000000000, 545.56509096976, 71.25030350600, 4.12500003222, 0.00000000000, -0.00000000207, -0.00000000153
605, 50.00000000000, 559.74026913250, 94.49795809839, 4.12500003222, 0.00000000000, 0.00000000008, -0.00000000288
606, 50.00000000000, 582.44168078870, 96.20668561055, 4.12500003222, 0.00000000000, -0.00000000081, -0.00000000078
607, 50.00000000000, 585.72318953965, 72.05455541255, 4.12500003222, 0.00000000000, 0.00000000014, -0.00000000334
608, 50.00000000000, 599.65217819963, 78.88381020041, 4.12500003222, 0.00000000000, 0.00000000094, -0.00000000825
609, 50.00000000000, 605.81348009270, 61.12066474133, 4.12500003222, 0.00000000000, 0.00000000112, -0.00000000043
610, 50.00000000000, 627.44280438325, 88.30023701900, 4.12500003222, 0.00000000000, 0.00000000037, 0.00000000308
611, 50.00000000000, 635.68166504640, 72.87791061475, 4.12500003222, 0.00000000000, 0.00000000064, 0.00000000734
612, 50.00000000000, 649.25807112380, 81.28262434384, 4.12500003222, 0.00000000000, -0.00000000089, -0.00000000317
613, 50.00000000000, 664.43064627040, 91.61214026268, 4.12500003222, 0.00000000000, -0.00000000018, 0.00000000042
614, 50.00000000000, 679.90843402123, 62.25270059593, 4.12500003222, 0.00000000000, 0.00000000051, 0.00000000060
615, 50.00000000000, 687.24470926055, 86.66513423117, 4.12500003222, 0.00000000000, 0.00000000027, -0.00000000072
616, 50.00000000000, 695.90772974268, 71.98975344868, 4.12500003222, 0.00000000000, -0.00000000068, -0.00000000140
617, 50.00000000000, 713.68038442405, 61.72925735888, 4.12500003222, 0.00000000000, 0.00000000147, -0.00000000475
618, 50.00000000000, 722.36274419023, 63.38135237321, 4.12500003222, 0.00000000000, 0.00000000245, -0.00000000075
619, 50.00000000000, 733.46948665727, 65.00405515040, 4.12500003222, 0.00000000000, 0.00000000183, -0.00000000348
620, 50.00000000000, 741.51512942363, 88.06929157687, 4.12500003222, 0.00000000000, 0.00000000036, -0.00000000078
621, 50.00000000000, 757.19750022270, 50.02324142024, 4.12500003222, 0.00000000000, 0.00000000010, -0.00000000191
622, 50.00000000000, 765.80251364180, 79.18183907021, 4.12500003222, 0.00000000000, -0.00000000134, 0.00000000276
623, 50.00000000000, 779.21019182073, 81.00057644020, 4.12500003222, 0.00000000000, -0.00000000049, 0.00000000027
624, 50.00000000000, 788.81610183443, 70.37188330874, 4.12500003222, 0.00000000000, -0.00000000099, 0.00000000151
625, 50.00000000000, 802.30764325003, 75.75629114908, 4.12500003222, 0.00000000000, 0.00000000004, -0.00000000062
626, 50.00000000000, 814.94517121381, 67.02570473472, 4.12500003222, 0.00000000000, -0.00000000017, 0.00000000822
627, 50.00000000000, 835.31568609407, 85.46396618230, 4.12500003222, 0.00000000000, -0.00000000076, -0.00000000056
628, 50.00000000000, 838.87004838334, 73.30107733578, 4.12500003222, 0.00000000000, -0.00000000266, -0.00000000336
629, 50.00000000000, 850.18134229557, 74.11523826448, 4.12500003222, 0.00000000000, -0.00000000083, 0.00000000585
630, 50.00000000000, 860.23384816958, 83.05878475861, 4.12500003222, 0.00000000000, -0.00000000196, 0.00000000634
631, 50.00000000000, 873.06044682987, 78.21668743303, 4.12500003222, 0.00000000000, -0.00000000047, -0.00000000552
632, 50.00000000000, 879.38594473634, 68.03279321289, 4.12500003222, 0.00000000000, -0.00000000198, -0.00000000264
633, 50.00000000000, 899.39778794702, 79.18576007160, 4.12500003222, 0.00000000000, 0.00000000032, 0.00000000205
634, 50.00000000000, 907.25769881937, 89.66401452437, 4.12500003222, 0.00000000000, -0.00000000088, -0.00000000371
635, 50.00000000000, 920.47795661861, 65.70603985188, 4.12500003222, 0.00000000000, -0.00000000055, 0.00000000076
636, 50.00000000000, 921.68414692332, 87.38700913775, 4.12500003222, 0.00000000000, 0.00000000053, 0.00000000126
637, 50.00000000000, 940.97411520837, 79.33623243044, 4.12500003222, 0.00000000000, -0.00000000123, 0.00000000199
638, 50.00000000000, 952.73000796629, 73.66097303402, 4.12500003222, 0.00000000000, -0.00000000117, 0.00000000039
639, 50.00000000000, 961.75470854742, 85.98132920919, 4.12500003222, 0.00000000000, 0.00000000131, -0.00000000251
