0, 50.00000000000, 18.89735981859, 27.27143202010, 4.12500003222, 0.00000000000, 0.00000000241, -0.00000000310
1, 50.00000000000, 28.50174821693, 2.96338784508, 4.12500003222, 0.00000000000, 0.00000000075, 0.00000000449
2, 50.00000000000, 38.51598954744, 12.23654160948, 4.12500003222, 0.00000000000, 0.00000000061, 0.00000000238
3, 50.00000000000, 50.13606747729, 5.15652402758, 4.12500003222, 0.00000000000, 0.00000000077, -0.00000000249
4, 50.00000000000, 62.58902431552, 11.30158760482, 4.12500003222, 0.00000000000, -0.00000000072, -0.00000000057
5, 50.00000000000, 84.11475913322, 19.25538284011, 4.12500003222, 0.00000000000, -0.00000000124, -0.00000000268
6, 50.00000000000, 87.43303347546, 44.44253856803, 4.12500003222, 0.00000000000, 0.00000000062, -0.00000000051
7, 50.00000000000, 97.55768022610, 14.17736475832, 4.12500003222, 0.00000000000, 0.00000000033, 0.00000000386
8, 50.00000000000, 118.72108040957, 3.27509148252, 4.12500003222, 0.00000000000, 0.00000000119, -0.00000000014
9, 50.00000000000, 129.78796181748, 24.07418290361, 4.12500003222, 0.00000000000, 0.00000000078, 0.00000000226
10, 50.00000000000, 141.03913302246, 3.81850264107, 4.12500003222, 0.00000000000, 0.00000000089, 0.00000000334
11, 50.00000000000, 151.45060635894, 13.66314199984, 4.12500003222, 0.00000000000, 0.00000000011, -0.00000000379
12, 50.00000000000, 161.83645203121, 4.15236168066, 4.12500003222, 0.00000000000, -0.00000000027, -0.00000000174
13, 50.00000000000, 176.07225829411, 8.62703728301, 4.12500003222, 0.00000000000, -0.00000000034, -0.00000000258
14, 50.00000000000, 182.37721693974, 30.66073217049, 4.12500003222, 0.00000000000, -0.00000000120, 0.00000000466
15, 50.00000000000, 200.31877101774, 16.15648233532, 4.12500003222, 0.00000000000, 0.00000000100, -0.00000000252
16, 50.00000000000, 204.71912378185, -30000000.00000000000, 0.00000000000, 0.00000000000, 0.00000009486, 0.03299999918
17, 50.00000000000, 219.09293492740, -30000000.00000000000, 0.00000000000, 0.00000000000, 0.00000008448, 0.03299999918
18, 50.00000000000, 228.78857287060, -30000000.00000000000, 0.00000000000, 0.00000000000, 0.00000001531, 0.03299999918
19, 50.00000000000, 243.31696583898, -30000000.00000000000, 0.00000000000, 0.00000000000, 0.00000002391, 0.03299999918
20, 50.00000000000, 255.43810281775, -30000000.00000000000, 0.00000000000, 0.00000000000, -0.00000000411, 0.03299999918
21, 50.00000000000, 268.50082452287, -30000000.00000000000, 0.00000000000, 0.00000000000, -0.00000004844, 0.03299999918
22, 50.00000000000, 281.57269614084, -30000000.00000000000, 0.00000000000, 0.00000000000, -0.00000007585, 0.03299999918
23, 50.00000000000, 292.26077246215, -30000000.00000000000, 0.00000000000, 0.00000000000, -0.00000005173, 0.03299999918
24, 50.00000000000, 307.50167004334, 22.38170780950, 4.12500003222, 0.00000000000, -0.00000000025, 0.00000000148
25, 50.00000000000, 313.99814093443, -30000000.00000000000, 0.00000000000, 0.00000000000, 0.00000002626, 0.03299999918
26, 50.00000000000, 328.52626138865, -30000000.00000000000, 0.00000000000, 0.00000000000, 0.00000003951, 0.03299999918
27, 50.00000000000, 342.03746696813, 33.71864546270, 4.12500003222, 0.00000000000, -0.00000000041, -0.00000000001
28, 50.00000000000, 354.00748604043, -30000000.00000000000, 0.00000000000, 0.00000000000, 0.00000005919, 0.03299999918
29, 50.00000000000, 364.30591888763, -30000000.00000000000, 0.00000000000, 0.00000000000, 0.00000003861, 0.03299999918
30, 50.00000000000, 376.88758772476, -30000000.00000000000, 0.00000000000, 0.00000000000, -0.00000003531, 0.03299999918
31, 50.00000000000, 391.16405163420, -30000000.00000000000, 0.00000000000, 0.00000000000, -0.00000010932, 0.03299999918
32, 50.00000000000, 393.28811875837, 41.46189314367, 4.12500003222, 0.00000000000, 0.00000000037, 0.00000000173
33, 50.00000000000, 413.12481562178, -30000000.00000000000, 0.00000000000, 0.00000000000, -0.00000003150, 0.03299999918
34, 50.00000000000, 429.73061109473, -30000000.00000000000, 0.00000000000, 0.00000000000, 0.00000007901, 0.03299999918
35, 50.00000000000, 440.52607984046, -30000000.00000000000, 0.00000000000, 0.00000000000, 0.00000001357, 0.03299999918
36, 50.00000000000, 450.32076481376, -30000000.00000000000, 0.00000000000, 0.00000000000, -0.00000000298, 0.03299999918
37, 50.00000000000, 463.26903410759, -30000000.00000000000, 0.00000000000, 0.00000000000, 0.00000006642, 0.03299999918
38, 50.00000000000, 477.03641865617, -30000000.00000000000, 0.00000000000, 0.00000000000, -0.00000000358, 0.03299999918
39, 50.00000000000, 487.56550691550, -30000000.00000000000, 0.00000000000, 0.00000000000, 0.00000002258, 0.03299999918
40, 50.00000000000, 499.55678856819, -30000000.00000000000, 0.00000000000, 0.00000000000, 0.00000002464, 0.03299999918
41, 50.00000000000, 511.50339266680, -30000000.00000000000, 0.00000000000, 0.00000000000, -0.00000002612, 0.03299999918
42, 50.00000000000, 524.06660895846, -30000000.00000000000, 0.00000000000, 0.00000000000, -0.00000000508, 0.03299999918
43, 50.00000000000, 536.44820816830, -30000000.00000000000, 0.00000000000, 0.00000000000, -0.00000001329, 0.03299999918
44, 50.00000000000, 548.14200413581, -30000000.00000000000, 0.00000000000, 0.00000000000, 0.00000004802, 0.03299999918
45, 50.00000000000, 562.70861215722, -30000000.00000000000, 0.00000000000, 0.00000000000, -0.00000004293, 0.03299999918
46, 50.00000000000, 573.53321546941, -30000000.00000000000, 0.00000000000, 0.00000000000, -0.00000000045, 0.03299999918
47, 50.00000000000, 588.29353250769, -30000000.00000000000, 0.00000000000, 0.00000000000, -0.00000003924, 0.03299999918
48, 50.00000000000, 598.51360032447, -30000000.00000000000, 0.00000000000, 0.00000000000, -0.00000005010, 0.03299999918
49, 50.00000000000, 609.19957687096, -30000000.00000000000, 0.00000000000, 0.00000000000, -0.00000001859, 0.03299999918
50, 50.00000000000, 622.44598677824, -30000000.00000000000, 0.00000000000, 0.00000000000, -0.00000000291, 0.03299999918
51, 50.00000000000, 635.07846026535, -30000000.00000000000, 0.00000000000, 0.00000000000, -0.00000000688, 0.03299999918
52, 50.00000000000, 646.17931004209, -30000000.00000000000, 0.00000000000, 0.00000000000, 0.00000000383, 0.03299999918
53, 50.00000000000, 659.28494913315, -30000000.00000000000, 0.00000000000, 0.00000000000, 0.00000004070, 0.03299999918
54, 50.00000000000, 671.43636962384, -30000000.00000000000, 0.00000000000, 0.00000000000, 0.00000005143, 0.03299999918
55, 50.00000000000, 685.30607442787, -30000000.00000000000, 0.00000000000, 0.00000000000, 0.00000001398, 0.03299999918
56, 50.00000000000, 696.60558905238, -30000000.00000000000, 0.00000000000, 0.00000000000, -0.00000001614, 0.03299999918
57, 50.00000000000, 709.08250826185, -30000000.00000000000, 0.00000000000, 0.00000000000, 0.00000001885, 0.03299999918
58, 50.00000000000, 719.03309055089, -30000000.00000000000, 0.00000000000, 0.00000000000, -0.00000006950, 0.03299999918
59, 50.00000000000, 734.11893149716, -30000000.00000000000, 0.00000000000, 0.00000000000, -0.00000004912, 0.03299999918
60, 50.00000000000, 740.55338973700, 14.08372419830, 4.12500003222, 0.00000000000, 0.00000000001, 0.00000000398
61, 50.00000000000, 755.38050452192, -30000000.00000000000, 0.00000000000, 0.00000000000, 0.00000002911, 0.03299999918
62, 50.00000000000, 768.52187005603, -30000000.00000000000, 0.00000000000, 0.00000000000, 0.00000010234, 0.03299999918
63, 50.00000000000, 780.90728870410, -30000000.00000000000, 0.00000000000, 0.00000000000, -0.00000006450, 0.03299999918
64, 50.00000000000, 796.03674497219, -30000000.00000000000, 0.00000000000, 0.00000000000, -0.00000014219, 0.03299999918
65, 50.00000000000, 803.87834517133, 18.22072063255, 4.12500003222, 0.00000000000, 0.00000000072, -0.00000000140
66, 50.00000000000, 817.77734040764, 17.85246240032, 4.12500003222, 0.00000000000, -0.00000000123, 0.00000000082
67, 50.00000000000, 830.21342089290, 17.28264535423, 4.12500003222, 0.00000000000, 0.00000000245, 0.00000000624
68, 50.00000000000, 839.33971910000, 5.46075289782, 4.12500003222, 0.00000000000, -0.00000000020, 0.00000000525
69, 50.00000000000, 851.10518762190, 6.79117306408, 4.12500003222, 0.00000000000, 0.00000000110, -0.00000000398
70, 50.00000000000, 863.50527538802, 17.14116016796, 4.12500003222, 0.00000000000, -0.00000000130, 0.00000000156
71, 50.00000000000, 876.66837818890, 22.36986608771, 4.12500003222, 0.00000000000, 0.00000000063, 0.00000000903
72, 50.00000000000, 887.84967630372, 16.06389102552, 4.12500003222, 0.00000000000, -0.00000000007, 0.00000000520
73, 50.00000000000, 896.06901145848, 37.93735257806, 4.12500003222, 0.00000000000, -0.00000000056, 0.00000000572
74, 50.00000000000, 920.46622489429, 16.72848216691, 4.12500003222, 0.00000000000, 0.00000000218, -0.00000000156
75, 50.00000000000, 918.22279420173, 41.73947952285, 4.12500003222, 0.00000000000, -0.00000000062, -0.00000001005
76, 50.00000000000, 930.41321607731, 17.16893462667, 4.12500003222, 0.00000000000, -0.00000000015, -0.00000000166
77, 50.00000000000, 945.13827527836, 7.02385860231, 4.12500003222, 0.00000000000, -0.00000000034, -0.00000000225
78, 50.00000000000, 956.42897747754, 9.44246317735, 4.12500003222, 0.00000000000, 0.00000000007, 0.00000000196
79, 50.00000000000, 951.62329147200, 35.41198201352, 4.12500003222, 0.00000000000, 0.00000000092, -0.00000000626
80, 50.00000000000, 12.96688011395, 15.22305377625, 4.12500003222, 0.00000000000, -0.00000000055, -0.00000000187
81, 50.00000000000, 35.14875602130, 37.82674494170, 4.12500003222, 0.00000000000, 0.00000000063, -0.00000000001
82, 50.00000000000, 42.67179607306, 37.21734722629, 4.12500003222, 0.00000000000, 0.00000000023, -0.00000000040
83, 50.00000000000, 51.60726014719, 16.12797299011, 4.12500003222, 0.00000000000, -0.00000000215, 0.00000000271
84, 50.00000000000, 75.21011409656, 27.83754019718, 4.12500003222, 0.00000000000, -0.00000000103, -0.00000000019
85, 50.00000000000, 71.91794691124, 16.84214150083, 4.12500003222, 0.00000000000, 0.00000000149, 0.00000000559
86, 50.00000000000, 88.06020605942, 6.85768258946, 4.12500003222, 0.00000000000, -0.00000000145, -0.00000000056
87, 50.00000000000, 102.64562174787, 3.16374475194, 4.12500003222, 0.00000000000, -0.00000000004, -0.00000000242
88, 50.00000000000, 117.15680627774, 24.07606217019, 4.12500003222, 0.00000000000, -0.00000000074, 0.00000000254
89, 50.00000000000, 117.04739018499, 33.75039120748, 4.12500003222, 0.00000000000, -0.00000000095, 0.00000000451
90, 50.00000000000, 127.30303211287, 12.73855045861, 4.12500003222, 0.00000000000, 0.00000000079, 0.00000000022
91, 50.00000000000, 150.57394233346, 25.69724825231, 4.12500003222, 0.00000000000, 0.00000000057, -0.00000000212
92, 50.00000000000, 163.18670783760, 17.44859959208, 4.12500003222, 0.00000000000, -0.00000000025, -0.00000000002
93, 50.00000000000, 175.17726502592, 21.97666032665, 4.12500003222, 0.00000000000, 0.00000000272, -0.00000000036
94, 50.00000000000, 186.79300316605, 14.10576573283, 4.12500003222, 0.00000000000, 0.00000000103, -0.00000000040
95, 50.00000000000, 188.45182777319, 38.62981783815, 4.12500003222, 0.00000000000, -0.00000000242, 0.00000000133
96, 50.00000000000, 206.94617872605, -30000000.00000000000, 0.00000000000, 0.00000000000, 0.00000007650, 0.03299999918
97, 50.00000000000, 218.70370320720, -30000000.00000000000, 0.00000000000, 0.00000000000, 0.00000009006, 0.03299999918
98, 50.00000000000, 230.30830145449, -30000000.00000000000, 0.00000000000, 0.00000000000, -0.00000001429, 0.03299999918
99, 50.00000000000, 242.93042466051, -30000000.00000000000, 0.00000000000, 0.00000000000, 0.00000003087, 0.03299999918
100, 50.00000000000, 253.89683729964, -30000000.00000000000, 0.00000000000, 0.00000000000, 0.00000002423, 0.03299999918
101, 50.00000000000, 264.42375895467, -30000000.00000000000, 0.00000000000, 0.00000000000, 0.00000002752, 0.03299999918
102, 50.00000000000, 278.97678019251, -30000000.00000000000, 0.00000000000, 0.00000000000, -0.00000003711, 0.03299999918
103, 50.00000000000, 291.69060666394, -30000000.00000000000, 0.00000000000, 0.00000000000, -0.00000004257, 0.03299999918
104, 50.00000000000, 303.68448589982, -30000000.00000000000, 0.00000000000, 0.00000000000, -0.00000002665, 0.03299999918
105, 50.00000000000, 317.46338732642, -30000000.00000000000, 0.00000000000, 0.00000000000, 0.00000002010, 0.03299999918
106, 50.00000000000, 333.79427624696, 23.45213805833, 4.12500003222, 0.00000000000, -0.00000000156, 0.00000000094
107, 50.00000000000, 340.91082339979, -30000000.00000000000, 0.00000000000, 0.00000000000, 0.00000004020, 0.03299999918
108, 50.00000000000, 345.84302143461, 46.45551753573, 4.12500003222, 0.00000000000, 0.00000000119, 0.00000000716
109, 50.00000000000, 367.71152783357, 39.20862784027, 4.12500003222, 0.00000000000, -0.00000000077, -0.00000000362
110, 50.00000000000, 379.76014018530, -30000000.00000000000, 0.00000000000, 0.00000000000, -0.00000003562, 0.03299999918
111, 50.00000000000, 389.84297862288, -30000000.00000000000, 0.00000000000, 0.00000000000, -0.00000008950, 0.03299999918
112, 50.00000000000, 401.75250123153, 32.51406361779, 4.12500003222, 0.00000000000, -0.00000000082, -0.00000000521
113, 50.00000000000, 415.17875339687, 29.15876337688, 4.12500003222, 0.00000000000, 0.00000000101, -0.00000000077
114, 50.00000000000, 419.06399149396, 45.13911042766, 4.12500003222, 0.00000000000, -0.00000000044, 0.00000000061
115, 50.00000000000, 435.25395647522, 25.03412025995, 4.12500003222, 0.00000000000, 0.00000000054, 0.00000000520
116, 50.00000000000, 452.90941074056, 41.67205615355, 4.12500003222, 0.00000000000, -0.00000000162, -0.00000000324
117, 50.00000000000, 464.55964283995, -30000000.00000000000, 0.00000000000, 0.00000000000, 0.00000004526, 0.03299999918
118, 50.00000000000, 475.33358816619, -30000000.00000000000, 0.00000000000, 0.00000000000, 0.00000003258, 0.03299999918
119, 50.00000000000, 488.06265798008, -30000000.00000000000, 0.00000000000, 0.00000000000, 0.00000001403, 0.03299999918
120, 50.00000000000, 499.75394785896, -30000000.00000000000, 0.00000000000, 0.00000000000, 0.00000002078, 0.03299999918
121, 50.00000000000, 512.77654479015, -30000000.00000000000, 0.00000000000, 0.00000000000, -0.00000001021, 0.03299999918
122, 50.00000000000, 518.68554665516, -30000000.00000000000, 0.00000000000, 0.00000000000, 0.00000000735, 0.03299999918
123, 50.00000000000, 540.40000994783, -30000000.00000000000, 0.00000000000, 0.00000000000, -0.00000004052, 0.03299999918
124, 50.00000000000, 550.38274235761, -30000000.00000000000, 0.00000000000, 0.00000000000, 0.00000000514, 0.03299999918
125, 50.00000000000, 561.88998898808, 41.38824038347, 4.12500003222, 0.00000000000, 0.00000000204, 0.00000000346
126, 50.00000000000, 573.85806850424, -30000000.00000000000, 0.00000000000, 0.00000000000, -0.00000000550, 0.03299999918
127, 50.00000000000, 585.11328347973, 32.45878188818, 4.12500003222, 0.00000000000, 0.00000000011, 0.00000000115
128, 50.00000000000, 596.97769444749, 41.68878038981, 4.12500003222, 0.00000000000, -0.00000000150, 0.00000000254
129, 50.00000000000, 618.19308329164, 27.32216635406, 4.12500003222, 0.00000000000, -0.00000000036, 0.00000000142
130, 50.00000000000, 622.29399348533, -30000000.00000000000, 0.00000000000, 0.00000000000, -0.00000000100, 0.03299999918
131, 50.00000000000, 632.61343098288, 26.00779436014, 4.12500003222, 0.00000000000, 0.00000000289, 0.00000000532
132, 50.00000000000, 647.40977091523, -30000000.00000000000, 0.00000000000, 0.00000000000, -0.00000001145, 0.03299999918
133, 50.00000000000, 657.36310523834, 37.27404777799, 4.12500003222, 0.00000000000, 0.00000000002, -0.00000000019
134, 50.00000000000, 668.84537742025, -30000000.00000000000, 0.00000000000, 0.00000000000, 0.00000009594, 0.03299999918
135, 50.00000000000, 683.76026310376, 36.74427932244, 4.12500003222, 0.00000000000, 0.00000000020, -0.00000000135
136, 50.00000000000, 696.70151116269, -30000000.00000000000, 0.00000000000, 0.00000000000, -0.00000001758, 0.03299999918
137, 50.00000000000, 710.83126758328, 55.05383542536, 4.12500003222, 0.00000000000, 0.00000000192, -0.00000000787
138, 50.00000000000, 719.88511286716, -30000000.00000000000, 0.00000000000, 0.00000000000, -0.00000008207, 0.03299999918
139, 50.00000000000, 734.24579729043, -30000000.00000000000, 0.00000000000, 0.00000000000, -0.00000005080, 0.03299999918
140, 50.00000000000, 750.84389185050, 45.29476096822, 4.12500003222, 0.00000000000, 0.00000000057, 0.00000000449
141, 50.00000000000, 756.76770196647, -30000000.00000000000, 0.00000000000, 0.00000000000, 0.00000000589, 0.03299999918
142, 50.00000000000, 770.80495853274, 33.22581239272, 4.12500003222, 0.00000000000, 0.00000000013, -0.00000000055
143, 50.00000000000, 787.03257284676, 17.91745998725, 4.12500003222, 0.00000000000, -0.00000000003, -0.00000000285
144, 50.00000000000, 797.46431084293, 29.08486973406, 4.12500003222, 0.00000000000, 0.00000000015, 0.00000000199
145, 50.00000000000, 808.61452393409, 5.42273225653, 4.12500003222, 0.00000000000, -0.00000000065, 0.00000000152
146, 50.00000000000, 822.90563057632, 26.96163280747, 4.12500003222, 0.00000000000, 0.00000000090, 0.00000000112
147, 50.00000000000, 826.17359749073, 8.59240953832, 4.12500003222, 0.00000000000, -0.00000000004, -0.00000000514
148, 50.00000000000, 843.11143425570, 18.74187694931, 4.12500003222, 0.00000000000, 0.00000000021, 0.00000000458
149, 50.00000000000, 853.45365252218, 29.01831162115, 4.12500003222, 0.00000000000, -0.00000000115, -0.00000000490
150, 50.00000000000, 865.43586181528, 27.99182128644, 4.12500003222, 0.00000000000, -0.00000000027, -0.00000000183
151, 50.00000000000, 864.20145737483, 3.99709305046, 4.12500003222, 0.00000000000, 0.00000000078, 0.00000000030
152, 50.00000000000, 887.26093008708, 5.94001973182, 4.12500003222, 0.00000000000, -0.00000000093, -0.00000000526
153, 50.00000000000, 910.33761663440, 16.58946479330, 4.12500003222, 0.00000000000, -0.00000000067, 0.00000000023
154, 50.00000000000, 908.38886441574, 3.81968993788, 4.12500003222, 0.00000000000, -0.00000000031, 0.00000000050
155, 50.00000000000, 911.61169922069, 30.62970752334, 4.12500003222, 0.00000000000, 0.00000000243, 0.00000000184
156, 50.00000000000, 921.33226964555, 4.74234565058, 4.12500003222, 0.00000000000, -0.00000000053, 0.00000000127
157, 50.00000000000, 933.46711322048, 7.25076439741, 4.12500003222, 0.00000000000, -0.00000000059, -0.00000000568
158, 50.00000000000, 942.67602101667, 38.06509174387, 4.12500003222, 0.00000000000, -0.00000000429, 0.00000000446
159, 50.00000000000, 973.80598857509, 42.32613418689, 4.12500003222, 0.00000000000, -0.00000000111, -0.00000000489
160, 50.00000000000, 10.05614693428, 32.96299628072, 4.12500003222, 0.00000000000, 0.00000000039, 0.00000000173
161, 50.00000000000, 28.17913317525, 16.91122933273, 4.12500003222, 0.00000000000, 0.00000000107, 0.00000000050
162, 50.00000000000, 42.21550144258, 25.69260509800, 4.12500003222, 0.00000000000, 0.00000000032, -0.00000000146
163, 50.00000000000, 60.24572261112, 38.38449009137, 4.12500003222, 0.00000000000, 0.00000000156, 0.00000000059
164, 50.00000000000, 59.48720558390, 25.55245606094, 4.12500003222, 0.00000000000, 0.00000000016, -0.00000000359
165, 50.00000000000, 83.33390796264, 32.06467334724, 4.12500003222, 0.00000000000, 0.00000000116, 0.00000000182
166, 50.00000000000, 75.58512927930, 5.21015947993, 4.12500003222, 0.00000000000, -0.00000000129, 0.00000000484
167, 50.00000000000, 92.90356880721, 24.48779010194, 4.12500003222, 0.00000000000, 0.00000000066, 0.00000000233
168, 50.00000000000, 109.11804167731, 36.62319554713, 4.12500003222, 0.00000000000, -0.00000000008, 0.00000000607
169, 50.00000000000, 126.29082150090, 34.18248876451, 4.12500003222, 0.00000000000, -0.00000000166, 0.00000000962
170, 50.00000000000, 139.71696128807, 19.27383886172, 4.12500003222, 0.00000000000, 0.00000000175, -0.00000000450
171, 50.00000000000, 146.38647364389, 45.29614436511, 4.12500003222, 0.00000000000, -0.00000000290, 0.00000000176
172, 50.00000000000, 157.98703344040, 35.64425524259, 4.12500003222, 0.00000000000, 0.00000000204, -0.00000000392
173, 50.00000000000, 162.67229035996, 43.69367410764, 4.12500003222, 0.00000000000, 0.00000000119, 0.00000000196
174, 50.00000000000, 188.62047345774, 26.15830491061, 4.12500003222, 0.00000000000, 0.00000000104, -0.00000000552
175, 50.00000000000, 198.84568584488, 64.49519929206, 4.12500003222, 0.00000000000, 0.00000000103, -0.00000000412
176, 50.00000000000, 207.20458227951, -30000000.00000000000, 0.00000000000, 0.00000000000, 0.00000007450, 0.03299999918
177, 50.00000000000, 212.51449319302, 47.27513515279, 4.12500003222, 0.00000000000, -0.00000000011, -0.00000000161
178, 50.00000000000, 223.52081920804, 24.06477946400, 4.12500003222, 0.00000000000, 0.00000000172, 0.00000000295
179, 50.00000000000, 244.65984944092, -30000000.00000000000, 0.00000000000, 0.00000000000, -0.00000000026, 0.03299999918
180, 50.00000000000, 242.42204619556, 62.73819713569, 4.12500003222, 0.00000000000, 0.00000000091, -0.00000000072
181, 50.00000000000, 269.10845200211, -30000000.00000000000, 0.00000000000, 0.00000000000, -0.00000005971, 0.03299999918
182, 50.00000000000, 282.61140357342, 33.04935874216, 4.12500003222, 0.00000000000, 0.00000000058, -0.00000000571
183, 50.00000000000, 283.36271631061, 14.92432865952, 4.12500003222, 0.00000000000, -0.00000000028, -0.00000000075
184, 50.00000000000, 294.55344247409, 24.16059863322, 4.12500003222, 0.00000000000, -0.00000000321, 0.00000000534
185, 50.00000000000, 319.27561436299, 44.11736880259, 4.12500003222, 0.00000000000, -0.00000000038, -0.00000000239
186, 50.00000000000, 319.18052781169, 14.92769979536, 4.12500003222, 0.00000000000, -0.00000000030, -0.00000000059
187, 50.00000000000, 343.82367767245, -30000000.00000000000, 0.00000000000, 0.00000000000, 0.00000003867, 0.03299999918
188, 50.00000000000, 354.35313295675, 37.70985364108, 4.12500003222, 0.00000000000, 0.00000000164, -0.00000000439
189, 50.00000000000, 368.84347209594, -30000000.00000000000, 0.00000000000, 0.00000000000, 0.00000002560, 0.03299999918
190, 50.00000000000, 373.05670790060, 50.33164639224, 4.12500003222, 0.00000000000, -0.00000000004, 0.00000000232
191, 50.00000000000, 389.13797065634, -30000000.00000000000, 0.00000000000, 0.00000000000, -0.00000007914, 0.03299999918
192, 50.00000000000, 407.25890477536, 39.95649118081, 4.12500003222, 0.00000000000, 0.00000000316, 0.00000000192
193, 50.00000000000, 415.11809328100, 69.08827574754, 4.12500003222, 0.00000000000, -0.00000000040, 0.00000000121
194, 50.00000000000, 423.32086696590, -30000000.00000000000, 0.00000000000, 0.00000000000, 0.00000005755, 0.03299999918
195, 50.00000000000, 438.76327192172, 41.23262255735, 4.12500003222, 0.00000000000, -0.00000000069, -0.00000000433
196, 50.00000000000, 450.58886988162, -30000000.00000000000, 0.00000000000, 0.00000000000, -0.00000000758, 0.03299999918
197, 50.00000000000, 457.43101822316, -30000000.00000000000, 0.00000000000, 0.00000000000, 0.00000002661, 0.03299999918
198, 50.00000000000, 484.21230718036, 34.23382905754, 4.12500003222, 0.00000000000, -0.00000000018, -0.00000000034
199, 50.00000000000, 497.78678496616, 56.91181408455, 4.12500003222, 0.00000000000, -0.00000000129, -0.00000000307
200, 50.00000000000, 503.94495057935, -30000000.00000000000, 0.00000000000, 0.00000000000, -0.00000006215, 0.03299999918
201, 50.00000000000, 511.10423968247, 33.83380495233, 4.12500003222, 0.00000000000, 0.00000000008, 0.00000000202
202, 50.00000000000, 526.12302968527, -30000000.00000000000, 0.00000000000, 0.00000000000, -0.00000004692, 0.03299999918
203, 50.00000000000, 537.09808685632, 36.88284992342, 4.12500003222, 0.00000000000, -0.00000000046, -0.00000000135
204, 50.00000000000, 547.19742428711, 44.58204873582, 4.12500003222, 0.00000000000, -0.00000000181, 0.00000000209
205, 50.00000000000, 558.94771264613, -30000000.00000000000, 0.00000000000, 0.00000000000, -0.00000001469, 0.03299999918
206, 50.00000000000, 573.04863955705, 35.72025751206, 4.12500003222, 0.00000000000, 0.00000000042, -0.00000000041
207, 50.00000000000, 586.02732686258, 46.56022692767, 4.12500003222, 0.00000000000, -0.00000000020, 0.00000000062
208, 50.00000000000, 602.54501717357, 50.57578531093, 4.12500003222, 0.00000000000, -0.00000000329, -0.00000000248
209, 50.00000000000, 612.51734704768, 47.25674466245, 4.12500003222, 0.00000000000, -0.00000000314, 0.00000000054
210, 50.00000000000, 623.78705192425, 40.49926525572, 4.12500003222, 0.00000000000, 0.00000000315, -0.00000000888
211, 50.00000000000, 635.66227756842, 40.97826367604, 4.12500003222, 0.00000000000, 0.00000000234, 0.00000000170
212, 50.00000000000, 645.76850272710, 33.37769016735, 4.12500003222, 0.00000000000, -0.00000000027, -0.00000000061
213, 50.00000000000, 660.99769408119, 47.56776039924, 4.12500003222, 0.00000000000, -0.00000000192, -0.00000000380
214, 50.00000000000, 676.05682889373, 47.38358796410, 4.12500003222, 0.00000000000, 0.00000000220, 0.00000000208
215, 50.00000000000, 686.73572500375, -30000000.00000000000, 0.00000000000, 0.00000000000, -0.00000000669, 0.03299999918
216, 50.00000000000, 695.20104340144, -30000000.00000000000, 0.00000000000, 0.00000000000, 0.00000000497, 0.03299999918
217, 50.00000000000, 705.99048774219, -30000000.00000000000, 0.00000000000, 0.00000000000, 0.00000007785, 0.03299999918
218, 50.00000000000, 720.65948550520, 30.60474821983, 4.12500003222, 0.00000000000, -0.00000000085, 0.00000000217
219, 50.00000000000, 730.94940716283, -30000000.00000000000, 0.00000000000, 0.00000000000, -0.00000000746, 0.03299999918
220, 50.00000000000, 746.70245866307, 27.72907498872, 4.12500003222, 0.00000000000, 0.00000000062, -0.00000000090
221, 50.00000000000, 763.28337538681, 20.60442816524, 4.12500003222, 0.00000000000, 0.00000000025, 0.00000000083
222, 50.00000000000, 780.25356568058, 43.28787682802, 4.12500003222, 0.00000000000, 0.00000000032, -0.00000000130
223, 50.00000000000, 782.03370722991, -30000000.00000000000, 0.00000000000, 0.00000000000, -0.00000007945, 0.03299999918
224, 50.00000000000, 791.97734390351, -30000000.00000000000, 0.00000000000, 0.00000000000, -0.00000009745, 0.03299999918
225, 50.00000000000, 810.47738298476, 28.75638478185, 4.12500003222, 0.00000000000, -0.00000000062, -0.00000000348
226, 50.00000000000, 820.70216000846, 41.06245254688, 4.12500003222, 0.00000000000, -0.00000000118, -0.00000000155
227, 50.00000000000, 831.12631824094, 33.10196994073, 4.12500003222, 0.00000000000, -0.00000000108, -0.00000000079
228, 50.00000000000, 838.71250814837, 27.84373322259, 4.12500003222, 0.00000000000, 0.00000000149, -0.00000000472
229, 50.00000000000, 857.13471263649, 41.93199395047, 4.12500003222, 0.00000000000, 0.00000000055, -0.00000000143
230, 50.00000000000, 868.38488679676, 45.06799798614, 4.12500003222, 0.00000000000, 0.00000000061, 0.00000000005
231, 50.00000000000, 872.51970066319, 36.42243236473, 4.12500003222, 0.00000000000, 0.00000000104, 0.00000000233
232, 50.00000000000, 887.30072576984, 42.85612857729, 4.12500003222, 0.00000000000, -0.00000000152, -0.00000000145
233, 50.00000000000, 898.59921208159, 13.38402547471, 4.12500003222, 0.00000000000, -0.00000000137, 0.00000000006
234, 50.00000000000, 905.11263961671, 35.95387592022, 4.12500003222, 0.00000000000, -0.00000000064, 0.00000000648
235, 50.00000000000, 919.28912768084, 25.88454317767, 4.12500003222, 0.00000000000, -0.00000000048, 0.00000000603
236, 50.00000000000, 944.01905716130, 17.00497318885, 4.12500003222, 0.00000000000, 0.00000000069, -0.00000000132
237, 50.00000000000, 936.00802347974, 54.33212545093, 4.12500003222, 0.00000000000, -0.00000000156, -0.00000000282
238, 50.00000000000, 953.70661896052, 23.44507261406, 4.12500003222, 0.00000000000, -0.00000000083, -0.00000000004
239, 50.00000000000, 969.73221706801, 14.06734342971, 4.12500003222, 0.00000000000, -0.00000000058, 0.00000000391
240, 50.00000000000, 30.49854728634, 29.01073328898, 4.12500003222, 0.00000000000, -0.00000000033, -0.00000000320
241, 50.00000000000, 40.36537678334, 53.25601544949, 4.12500003222, 0.00000000000, 0.00000000012, -0.00000000740
242, 50.00000000000, 47.42842209322, 45.11208272081, 4.12500003222, 0.00000000000, 0.00000000071, 0.00000000417
243, 50.00000000000, 55.72640195792, 47.85179039755, 4.12500003222, 0.00000000000, 0.00000000016, -0.00000000033
244, 50.00000000000, 67.20996508419, 32.13043035590, 4.12500003222, 0.00000000000, 0.00000000037, -0.00000000074
245, 50.00000000000, 70.83225097355, 54.78706568404, 4.12500003222, 0.00000000000, -0.00000000036, 0.00000000212
246, 50.00000000000, 93.29977768476, 32.16694624527, 4.12500003222, 0.00000000000, 0.00000000078, 0.00000000180
247, 50.00000000000, 110.22812369761, 14.01059308808, 4.12500003222, 0.00000000000, -0.00000000113, 0.00000000156
248, 50.00000000000, 104.25621830215, 49.01522679950, 4.12500003222, 0.00000000000, 0.00000000015, -0.00000000725
249, 50.00000000000, 120.54805074754, 46.33525482777, 4.12500003222, 0.00000000000, 0.00000000059, -0.00000000353
250, 50.00000000000, 135.63413962942, 38.91144185816, 4.12500003222, 0.00000000000, -0.00000000438, 0.00000000173
251, 50.00000000000, 149.38848304423, 36.77682874737, 4.12500003222, 0.00000000000, 0.00000000055, -0.00000000220
252, 50.00000000000, 155.23152797773, 47.06402857020, 4.12500003222, 0.00000000000, -0.00000000107, 0.00000001077
253, 50.00000000000, 171.53997431056, 41.68327879115, 4.12500003222, 0.00000000000, 0.00000000084, 0.00000000426
254, 50.00000000000, 178.25802940475, 57.17250952604, 4.12500003222, 0.00000000000, 0.00000000029, -0.00000000163
255, 50.00000000000, 198.48424349929, 29.52165722594, 4.12500003222, 0.00000000000, 0.00000000140, -0.00000000241
256, 50.00000000000, 197.52896796609, 39.49763569455, 4.12500003222, 0.00000000000, -0.00000000262, 0.00000000081
257, 50.00000000000, 220.24708990557, 36.79561653485, 4.12500003222, 0.00000000000, 0.00000000002, 0.00000000299
258, 50.00000000000, 232.20801998564, 39.45209078126, 4.12500003222, 0.00000000000, -0.00000000055, -0.00000000642
259, 50.00000000000, 244.00563036095, 29.95918829664, 4.12500003222, 0.00000000000, -0.00000000077, -0.00000000562
260, 50.00000000000, 251.26591372883, 51.67115938055, 4.12500003222, 0.00000000000, 0.00000000021, 0.00000000037
261, 50.00000000000, 269.68903374387, 32.41395030759, 4.12500003222, 0.00000000000, -0.00000000081, -0.00000000486
262, 50.00000000000, 282.43640697109, 44.39719745061, 4.12500003222, 0.00000000000, 0.00000000146, 0.00000000253
263, 50.00000000000, 294.41318718661, 37.06029811841, 4.12500003222, 0.00000000000, 0.00000000095, 0.00000000213
264, 50.00000000000, 298.90081879496, 47.87694559675, 4.12500003222, 0.00000000000, -0.00000000020, -0.00000000046
265, 50.00000000000, 317.73249132990, 32.10327856420, 4.12500003222, 0.00000000000, 0.00000000022, -0.00000000149
266, 50.00000000000, 328.91243784790, 37.99331043694, 4.12500003222, 0.00000000000, -0.00000000010, -0.00000000327
267, 50.00000000000, 339.31719870963, -30000000.00000000000, 0.00000000000, 0.00000000000, 0.00000002105, 0.03299999918
268, 50.00000000000, 350.22907257610, -30000000.00000000000, 0.00000000000, 0.00000000000, 0.00000008433, 0.03299999918
269, 50.00000000000, 359.72670696915, 49.44017466974, 4.12500003222, 0.00000000000, -0.00000000126, 0.00000000083
270, 50.00000000000, 379.32249632743, 62.32116759730, 4.12500003222, 0.00000000000, -0.00000000007, -0.00000000177
271, 50.00000000000, 380.76299644068, 39.32278607008, 4.12500003222, 0.00000000000, -0.00000000056, 0.00000000123
272, 50.00000000000, 403.63511881512, 50.02400944693, 4.12500003222, 0.00000000000, 0.00000000071, -0.00000000628
273, 50.00000000000, 421.96901715318, 61.57299875673, 4.12500003222, 0.00000000000, 0.00000000095, -0.00000000568
274, 50.00000000000, 426.28745583032, -30000000.00000000000, 0.00000000000, 0.00000000000, 0.00000006788, 0.03299999918
275, 50.00000000000, 431.55067273616, 47.22861422604, 4.12500003222, 0.00000000000, -0.00000000080, 0.00000000169
276, 50.00000000000, 448.77565440012, 27.16109474771, 4.12500003222, 0.00000000000, 0.00000000085, 0.00000000082
277, 50.00000000000, 460.96474024880, 31.53534411958, 4.12500003222, 0.00000000000, -0.00000000093, -0.00000000033
278, 50.00000000000, 470.99666923600, 40.35414601828, 4.12500003222, 0.00000000000, 0.00000000021, -0.00000000429
279, 50.00000000000, 486.20762512158, -30000000.00000000000, 0.00000000000, 0.00000000000, 0.00000000190, 0.03299999918
280, 50.00000000000, 497.52888833091, 31.90901019173, 4.12500003222, 0.00000000000, 0.00000000137, 0.00000000257
281, 50.00000000000, 504.40284120094, 47.54121968057, 4.12500003222, 0.00000000000, -0.00000000127, -0.00000000211
282, 50.00000000000, 524.20241327400, 35.95703382197, 4.12500003222, 0.00000000000, -0.00000000006, -0.00000000097
283, 50.00000000000, 539.10344807804, 55.13404293952, 4.12500003222, 0.00000000000, 0.00000000075, -0.00000000308
284, 50.00000000000, 556.00804128436, 50.60839523448, 4.12500003222, 0.00000000000, -0.00000000042, 0.00000000997
285, 50.00000000000, 560.92674824275, 26.74346394245, 4.12500003222, 0.00000000000, 0.00000000113, -0.00000000261
286, 50.00000000000, 574.22182242399, -30000000.00000000000, 0.00000000000, 0.00000000000, -0.00000001117, 0.03299999918
287, 50.00000000000, 584.20420567108, -30000000.00000000000, 0.00000000000, 0.00000000000, -0.00000002407, 0.03299999918
288, 50.00000000000, 596.85847479660, -30000000.00000000000, 0.00000000000, 0.00000000000, -0.00000002341, 0.03299999918
289, 50.00000000000, 616.45612293139, 56.89621257999, 4.12500003222, 0.00000000000, 0.00000000250, 0.00000000790
290, 50.00000000000, 629.52920867603, 50.65188775487, 4.12500003222, 0.00000000000, 0.00000000109, 0.00000000770
291, 50.00000000000, 639.51369765328, 52.94971613351, 4.12500003222, 0.00000000000, -0.00000000231, -0.00000000726
292, 50.00000000000, 649.31594396711, 45.59552800195, 4.12500003222, 0.00000000000, -0.00000000065, -0.00000000091
293, 50.00000000000, 653.27872110090, 62.24818205072, 4.12500003222, 0.00000000000, -0.00000000229, 0.00000000227
294, 50.00000000000, 671.25316961077, 36.10059733014, 4.12500003222, 0.00000000000, -0.00000000084, 0.00000000300
295, 50.00000000000, 691.69288550377, 48.61304298473, 4.12500003222, 0.00000000000, -0.00000000261, -0.00000000108
296, 50.00000000000, 690.63642538924, 23.45860423740, 4.12500003222, 0.00000000000, -0.00000000255, 0.00000000127
297, 50.00000000000, 709.30179338859, 41.43295450818, 4.12500003222, 0.00000000000, -0.00000000047, -0.00000000068
298, 50.00000000000, 726.14621952555, 55.55809423046, 4.12500003222, 0.00000000000, 0.00000000149, -0.00000000357
299, 50.00000000000, 733.63123098416, 40.18377361243, 4.12500003222, 0.00000000000, -0.00000000235, 0.00000000170
300, 50.00000000000, 744.05097184342, 36.55136024431, 4.12500003222, 0.00000000000, 0.00000000187, -0.00000000520
301, 50.00000000000, 757.33964452715, 35.94287734585, 4.12500003222, 0.00000000000, -0.00000000071, -0.00000000356
302, 50.00000000000, 771.87134874826, -30000000.00000000000, 0.00000000000, 0.00000000000, 0.00000005740, 0.03299999918
303, 50.00000000000, 783.86622528138, 32.29162602937, 4.12500003222, 0.00000000000, 0.00000000050, -0.00000000368
304, 50.00000000000, 793.04267872322, 41.86654274430, 4.12500003222, 0.00000000000, -0.00000000010, -0.00000000100
305, 50.00000000000, 805.23838759925, 41.47578686744, 4.12500003222, 0.00000000000, 0.00000000085, -0.00000000401
306, 50.00000000000, 814.72737843334, 37.42777291441, 4.12500003222, 0.00000000000, 0.00000000043, -0.00000000323
307, 50.00000000000, 831.48090437873, 42.98805535882, 4.12500003222, 0.00000000000, 0.00000000010, -0.00000000516
308, 50.00000000000, 845.99109192053, 52.21132834565, 4.12500003222, 0.00000000000, -0.00000000128, 0.00000000171
309, 50.00000000000, 852.39620183894, 18.17848679982, 4.12500003222, 0.00000000000, 0.00000000066, 0.00000000577
310, 50.00000000000, 862.76123225438, 35.43405437113, 4.12500003222, 0.00000000000, 0.00000000044, 0.00000000096
311, 50.00000000000, 874.78147803775, 14.05603016903, 4.12500003222, 0.00000000000, -0.00000000221, -0.00000000642
312, 50.00000000000, 893.67163065088, 65.91766599760, 4.12500003222, 0.00000000000, -0.00000000028, 0.00000000484
313, 50.00000000000, 895.96216369290, 26.86430735448, 4.12500003222, 0.00000000000, -0.00000000189, 0.00000000073
314, 50.00000000000, 903.95686725631, 25.44052025735, 4.12500003222, 0.00000000000, 0.00000000073, -0.00000000687
315, 50.00000000000, 916.25433844564, 57.83646350456, 4.12500003222, 0.00000000000, -0.00000000190, 0.00000000115
316, 50.00000000000, 932.04407671444, 62.71649766861, 4.12500003222, 0.00000000000, -0.00000000133, -0.00000000023
317, 50.00000000000, 942.41721135411, 51.75040575257, 4.12500003222, 0.00000000000, -0.00000000030, -0.00000000491
318, 50.00000000000, 942.42066464691, 29.82254345060, 4.12500003222, 0.00000000000, -0.00000000007, -0.00000000014
319, 50.00000000000, 964.33951558068, 25.22422117772, 4.12500003222, 0.00000000000, 0.00000000016, -0.00000000160
320, 50.00000000000, 21.87520094152, 40.33319815760, 4.12500003222, 0.00000000000, -0.00000000057, -0.00000000196
321, 50.00000000000, 31.50467460684, 48.89836797959, 4.12500003222, 0.00000000000, 0.00000000007, -0.00000000109
322, 50.00000000000, 51.13139494876, 33.20776875382, 4.12500003222, 0.00000000000, 0.00000000015, -0.00000000618
323, 50.00000000000, 55.19695051922, 73.90258647362, 4.12500003222, 0.00000000000, 0.00000000079, -0.00000000287
324, 50.00000000000, 72.29467512081, 41.67742989796, 4.12500003222, 0.00000000000, -0.00000000047, -0.00000000488
325, 50.00000000000, 80.59395519413, 53.24620482662, 4.12500003222, 0.00000000000, 0.00000000078, 0.00000000962
326, 50.00000000000, 95.81787009896, 49.90929224385, 4.12500003222, 0.00000000000, 0.00000000073, -0.00000000072
327, 50.00000000000, 101.84642515243, 71.99743527758, 4.12500003222, 0.00000000000, -0.00000000102, 0.00000000322
328, 50.00000000000, 105.48450373129, 25.49453041017, 4.12500003222, 0.00000000000, -0.00000000086, 0.00000000406
329, 50.00000000000, 125.60914916420, 58.62085066015, 4.12500003222, 0.00000000000, 0.00000000031, 0.00000000267
330, 50.00000000000, 140.65858745463, 31.49670713088, 4.12500003222, 0.00000000000, 0.00000000049, -0.00000000803
331, 50.00000000000, 137.60661954841, 48.70398096875, 4.12500003222, 0.00000000000, 0.00000000041, 0.00000000295
332, 50.00000000000, 164.51821307069, 27.15022921362, 4.12500003222, 0.00000000000, 0.00000000022, 0.00000000161
333, 50.00000000000, 173.43467961068, 33.95628535438, 4.12500003222, 0.00000000000, 0.00000000207, -0.00000000247
334, 50.00000000000, 187.00490376571, 50.90286081532, 4.12500003222, 0.00000000000, 0.00000000183, 0.00000000110
335, 50.00000000000, 189.96033676989, 61.31083901037, 4.12500003222, 0.00000000000, 0.00000000156, -0.00000000261
336, 50.00000000000, 206.57091883391, 40.79379457617, 4.12500003222, 0.00000000000, 0.00000000015, -0.00000000424
337, 50.00000000000, 221.18539960529, 49.62161861912, 4.12500003222, 0.00000000000, 0.00000000043, -0.00000000278
338, 50.00000000000, 230.44252707706, 50.78338959864, 4.12500003222, 0.00000000000, 0.00000000035, 0.00000000077
339, 50.00000000000, 245.33128961508, 40.51361516991, 4.12500003222, 0.00000000000, 0.00000000084, -0.00000000082
340, 50.00000000000, 260.94736225324, 18.81219622293, 4.12500003222, 0.00000000000, 0.00000000061, 0.00000000252
341, 50.00000000000, 264.65438774872, 56.45099363119, 4.12500003222, 0.00000000000, -0.00000000054, 0.00000000186
342, 50.00000000000, 280.39944752237, 64.88681852480, 4.12500003222, 0.00000000000, 0.00000000002, -0.00000000347
343, 50.00000000000, 291.87129261090, 70.88845754232, 4.12500003222, 0.00000000000, 0.00000000096, -0.00000000279
344, 50.00000000000, 301.83534146869, 59.89232835130, 4.12500003222, 0.00000000000, -0.00000000126, 0.00000000427
345, 50.00000000000, 312.80531464055, 58.90726444546, 4.12500003222, 0.00000000000, 0.00000000102, -0.00000000782
346, 50.00000000000, 327.14196686192, 63.87839572375, 4.12500003222, 0.00000000000, -0.00000000142, -0.00000000280
347, 50.00000000000, 333.86156331073, 48.41563980188, 4.12500003222, 0.00000000000, -0.00000000134, -0.00000000138
348, 50.00000000000, 345.82383395043, 69.21633455615, 4.12500003222, 0.00000000000, -0.00000000076, 0.00000000047
349, 50.00000000000, 364.11753914602, -30000000.00000000000, 0.00000000000, 0.00000000000, 0.00000004287, 0.03299999918
350, 50.00000000000, 378.32539378454, -30000000.00000000000, 0.00000000000, 0.00000000000, -0.00000005854, 0.03299999918
351, 50.00000000000, 388.79981181840, 28.64421271494, 4.12500003222, 0.00000000000, 0.00000000017, 0.00000000207
352, 50.00000000000, 405.74184462466, 61.86220489656, 4.12500003222, 0.00000000000, 0.00000000029, 0.00000001012
353, 50.00000000000, 424.92331637633, 73.37454120315, 4.12500003222, 0.00000000000, 0.00000000001, 0.00000000001
354, 50.00000000000, 426.18803898989, 35.58083759845, 4.12500003222, 0.00000000000, 0.00000000157, 0.00000000085
355, 50.00000000000, 447.40084294016, 63.17711264120, 4.12500003222, 0.00000000000, -0.00000000051, 0.00000000405
356, 50.00000000000, 462.45589183912, 47.91947654149, 4.12500003222, 0.00000000000, -0.00000000142, -0.00000000134
357, 50.00000000000, 470.95624334613, 54.14066282711, 4.12500003222, 0.00000000000, 0.00000000002, 0.00000000499
358, 50.00000000000, 478.55146193419, 48.90912508381, 4.12500003222, 0.00000000000, 0.00000000084, -0.00000000217
359, 50.00000000000, 487.06959574190, 53.46250681168, 4.12500003222, 0.00000000000, -0.00000000108, 0.00000000501
360, 50.00000000000, 492.35213177612, 42.86627826528, 4.12500003222, 0.00000000000, 0.00000000056, 0.00000000417
361, 50.00000000000, 516.25802794728, 48.24320324825, 4.12500003222, 0.00000000000, 0.00000000008, -0.00000000502
362, 50.00000000000, 524.20549821582, 56.01051971900, 4.12500003222, 0.00000000000, -0.00000000251, 0.00000000766
363, 50.00000000000, 535.78787500031, -30000000.00000000000, 0.00000000000, 0.00000000000, -0.00000000152, 0.03299999918
364, 50.00000000000, 549.73691582982, 33.22096909759, 4.12500003222, 0.00000000000, -0.00000000104, -0.00000000004
365, 50.00000000000, 558.78486462504, 66.55448033668, 4.12500003222, 0.00000000000, -0.00000000057, 0.00000000488
366, 50.00000000000, 573.34386565651, 67.98981275945, 4.12500003222, 0.00000000000, -0.00000000100, -0.00000000549
367, 50.00000000000, 592.07946043255, 57.59355470465, 4.12500003222, 0.00000000000, -0.00000000173, -0.00000000433
368, 50.00000000000, 599.21484512764, 32.43328901802, 4.12500003222, 0.00000000000, 0.00000000146, -0.00000000395
369, 50.00000000000, 609.68895572032, 38.45856515057, 4.12500003222, 0.00000000000, 0.00000000152, -0.00000000409
370, 50.00000000000, 624.02265843449, 76.76806859922, 4.12500003222, 0.00000000000, 0.00000000209, -0.00000000370
371, 50.00000000000, 642.20977548362, 60.47313480493, 4.12500003222, 0.00000000000, 0.00000000056, -0.00000000209
372, 50.00000000000, 654.16385706483, 57.11542221186, 4.12500003222, 0.00000000000, 0.00000000319, -0.00000001199
373, 50.00000000000, 666.59496639069, 52.02760656550, 4.12500003222, 0.00000000000, 0.00000000209, 0.00000000567
374, 50.00000000000, 666.70039005081, 24.90758763214, 4.12500003222, 0.00000000000, -0.00000000159, 0.00000000026
375, 50.00000000000, 685.89033769412, 70.87024712917, 4.12500003222, 0.00000000000, 0.00000000077, 0.00000000049
376, 50.00000000000, 697.24706148764, 37.02131677755, 4.12500003222, 0.00000000000, 0.00000000148, 0.00000000043
377, 50.00000000000, 707.02599927185, 27.64150619039, 4.12500003222, 0.00000000000, -0.00000000010, 0.00000000196
378, 50.00000000000, 724.00307465697, 41.32707931267, 4.12500003222, 0.00000000000, -0.00000000243, 0.00000000073
379, 50.00000000000, 747.71843220713, 59.41224696820, 4.12500003222, 0.00000000000, 0.00000000015, 0.00000000128
380, 50.00000000000, 731.80579435506, 29.39198546658, 4.12500003222, 0.00000000000, 0.00000000059, -0.00000000358
381, 50.00000000000, 756.20046047100, 68.47208752974, 4.12500003222, 0.00000000000, -0.00000000088, -0.00000000308
382, 50.00000000000, 769.50163983765, -30000000.00000000000, 0.00000000000, 0.00000000000, 0.00000008905, 0.03299999918
383, 50.00000000000, 787.86354824878, 54.34276941730, 4.12500003222, 0.00000000000, -0.00000000009, 0.00000000167
384, 50.00000000000, 790.37876796969, -30000000.00000000000, 0.00000000000, 0.00000000000, -0.00000008173, 0.03299999918
385, 50.00000000000, 811.93287431922, 60.82760898950, 4.12500003222, 0.00000000000, -0.00000000032, 0.00000000066
386, 50.00000000000, 822.95437606001, 58.97350651202, 4.12500003222, 0.00000000000, 0.00000000085, -0.00000000279
387, 50.00000000000, 835.74791078647, 50.86540257362, 4.12500003222, 0.00000000000, 0.00000000042, -0.00000000062
388, 50.00000000000, 841.27356126873, 39.28364094609, 4.12500003222, 0.00000000000, -0.00000000100, 0.00000001164
389, 50.00000000000, 847.02757800096, 36.88965080465, 4.12500003222, 0.00000000000, 0.00000000175, -0.00000000323
390, 50.00000000000, 862.12428452568, 54.54103404318, 4.12500003222, 0.00000000000, -0.00000000028, -0.00000000966
391, 50.00000000000, 880.47536493579, 35.06905994095, 4.12500003222, 0.00000000000, 0.00000000114, 0.00000000161
392, 50.00000000000, 886.70645823705, 28.02628413256, 4.12500003222, 0.00000000000, -0.00000000092, 0.00000000122
393, 50.00000000000, 894.13902730533, 49.96424269295, 4.12500003222, 0.00000000000, 0.00000000065, -0.00000000080
394, 50.00000000000, 911.02728600188, 48.65896418212, 4.12500003222, 0.00000000000, -0.00000000152, -0.00000000373
395, 50.00000000000, 920.72573151815, 51.21535301505, 4.12500003222, 0.00000000000, -0.00000000100, -0.00000000499
396, 50.00000000000, 929.03982083054, 28.43305243201, 4.12500003222, 0.00000000000, 0.00000000173, 0.00000000793
397, 50.00000000000, 936.67867104800, 23.96436795197, 4.12500003222, 0.00000000000, 0.00000000291, 0.00000000556
398, 50.00000000000, 961.35992124309, 34.97699976584, 4.12500003222, 0.00000000000, -0.00000000075, -0.00000000003
399, 50.00000000000, 960.46895645550, 47.25637280376, 4.12500003222, 0.00000000000, 0.00000000072, 0.00000000120
400, 50.00000000000, 6.15904991149, 48.73034885475, 4.12500003222, 0.00000000000, 0.00000000003, 0.00000000045
401, 50.00000000000, 32.00784780727, 84.12428279850, 4.12500003222, 0.00000000000, -0.00000000006, 0.00000000164
402, 50.00000000000, 45.54496111797, 60.39012514382, 4.12500003222, 0.00000000000, 0.00000000082, 0.00000000178
403, 50.00000000000, 55.15357367127, 57.60450517827, 4.12500003222, 0.00000000000, 0.00000000028, -0.00000000310
404, 50.00000000000, 59.51328756708, 63.11089205055, 4.12500003222, 0.00000000000, 0.00000000059, 0.00000000291
405, 50.00000000000, 78.19270322482, 79.56038143873, 4.12500003222, 0.00000000000, -0.00000000095, 0.00000000401
406, 50.00000000000, 90.16648966120, 79.54471726407, 4.12500003222, 0.00000000000, -0.00000000035, 0.00000000016
407, 50.00000000000, 99.24566797664, 39.53101187895, 4.12500003222, 0.00000000000, 0.00000000073, -0.00000000379
408, 50.00000000000, 112.44019349618, 50.52990316767, 4.12500003222, 0.00000000000, 0.00000000042, -0.00000000272
409, 50.00000000000, 116.19237162165, 60.78222368405, 4.12500003222, 0.00000000000, -0.00000000268, -0.00000000387
410, 50.00000000000, 128.75509892237, 49.68102559533, 4.12500003222, 0.00000000000, -0.00000000244, -0.00000000110
411, 50.00000000000, 143.02503400686, 57.35296339233, 4.12500003222, 0.00000000000, -0.00000000235, -0.00000000342
412, 50.00000000000, 162.22387270139, 57.21864228602, 4.12500003222, 0.00000000000, -0.00000000096, 0.00000000529
413, 50.00000000000, 171.16141192556, 77.61564910918, 4.12500003222, 0.00000000000, -0.00000000013, 0.00000000384
414, 50.00000000000, 180.60013410056, 45.96435141670, 4.12500003222, 0.00000000000, -0.00000000066, -0.00000000312
415, 50.00000000000, 195.82091286598, 49.47640583099, 4.12500003222, 0.00000000000, -0.00000000242, -0.00000000009
416, 50.00000000000, 204.61929727738, 54.10000044967, 4.12500003222, 0.00000000000, -0.00000000174, -0.00000000108
417, 50.00000000000, 217.40995366269, 58.74490072861, 4.12500003222, 0.00000000000, -0.00000000101, 0.00000000757
418, 50.00000000000, 230.11368361622, 61.84831645734, 4.12500003222, 0.00000000000, 0.00000000056, 0.00000000376
419, 50.00000000000, 239.64577263178, 51.56935317387, 4.12500003222, 0.00000000000, 0.00000000057, 0.00000000295
420, 50.00000000000, 257.60139899850, 36.43771374881, 4.12500003222, 0.00000000000, -0.00000000031, -0.00000000185
421, 50.00000000000, 262.00295818540, 45.40593329002, 4.12500003222, 0.00000000000, 0.00000000040, 0.00000000519
422, 50.00000000000, 272.23920519521, 41.79689732368, 4.12500003222, 0.00000000000, 0.00000000198, 0.00000000363
423, 50.00000000000, 287.94329990794, 50.98066418954, 4.12500003222, 0.00000000000, -0.00000000195, -0.00000000242
424, 50.00000000000, 305.61800697329, 34.43766585329, 4.12500003222, 0.00000000000, -0.00000000044, 0.00000000622
425, 50.00000000000, 308.26139993911, 47.89613255733, 4.12500003222, 0.00000000000, -0.00000000031, -0.00000000003
426, 50.00000000000, 323.60755354594, 52.88143061463, 4.12500003222, 0.00000000000, -0.00000000020, 0.00000000250
427, 50.00000000000, 339.13470265653, 56.42671799581, 4.12500003222, 0.00000000000, 0.00000000077, 0.00000000625
428, 50.00000000000, 352.52593748024, 60.99432433638, 4.12500003222, 0.00000000000, 0.00000000087, -0.00000000415
429, 50.00000000000, 365.34029551934, 60.31944759542, 4.12500003222, 0.00000000000, -0.00000000012, 0.00000000478
430, 50.00000000000, 384.05322073128, 75.57465715261, 4.12500003222, 0.00000000000, -0.00000000007, -0.00000000163
431, 50.00000000000, 386.13856694859, 51.51923733856, 4.12500003222, 0.00000000000, -0.00000000013, -0.00000000058
432, 50.00000000000, 397.36527080566, -30000000.00000000000, 0.00000000000, 0.00000000000, -0.00000006663, 0.03299999918
433, 50.00000000000, 409.10925258514, 78.96898514594, 4.12500003222, 0.00000000000, 0.00000000028, 0.00000000081
434, 50.00000000000, 431.69745761778, 66.48023231356, 4.12500003222, 0.00000000000, 0.00000000164, -0.00000000111
435, 50.00000000000, 438.71155352938, 58.27001387708, 4.12500003222, 0.00000000000, -0.00000000126, 0.00000000310
436, 50.00000000000, 454.97977168454, 57.25037513005, 4.12500003222, 0.00000000000, 0.00000000001, 0.00000000130
437, 50.00000000000, 469.24976731411, 73.29493624736, 4.12500003222, 0.00000000000, 0.00000000044, -0.00000000127
438, 50.00000000000, 473.75142115378, 24.17020010586, 4.12500003222, 0.00000000000, -0.00000000107, 0.00000000316
439, 50.00000000000, 501.65090136425, 68.26134986911, 4.12500003222, 0.00000000000, 0.00000000102, -0.00000000762
440, 50.00000000000, 491.04094872036, 69.10942242684, 4.12500003222, 0.00000000000, -0.00000000208, -0.00000000169
441, 50.00000000000, 511.28588278582, 57.39665459397, 4.12500003222, 0.00000000000, -0.00000000124, 0.00000000154
442, 50.00000000000, 530.62345906640, 49.75328172299, 4.12500003222, 0.00000000000, 0.00000000076, -0.00000000587
443, 50.00000000000, 532.91439779019, 65.44299041683, 4.12500003222, 0.00000000000, -0.00000000097, -0.00000000016
444, 50.00000000000, 548.92600329812, 59.79491239672, 4.12500003222, 0.00000000000, 0.00000000065, -0.00000000323
445, 50.00000000000, 564.58278280047, 77.23074508973, 4.12500003222, 0.00000000000, -0.00000000154, -0.00000000186
446, 50.00000000000, 571.88936564289, 49.77021626907, 4.12500003222, 0.00000000000, 0.00000000093, 0.00000000076
447, 50.00000000000, 580.72405775591, 58.10773019915, 4.12500003222, 0.00000000000, -0.00000000009, 0.00000000010
448, 50.00000000000, 601.88407032704, 90.90921829131, 4.12500003222, 0.00000000000, 0.00000000019, 0.00000000027
449, 50.00000000000, 611.88948982438, 71.03582079183, 4.12500003222, 0.00000000000, 0.00000000015, -0.00000000029
450, 50.00000000000, 620.08659524171, 47.16986423390, 4.12500003222, 0.00000000000, 0.00000000026, 0.00000000420
451, 50.00000000000, 632.28201831473, 63.18350280501, 4.12500003222, 0.00000000000, -0.00000000132, 0.00000000058
452, 50.00000000000, 652.57348711322, 93.51506358565, 4.12500003222, 0.00000000000, 0.00000000010, 0.00000000133
453, 50.00000000000, 667.92005189799, 62.33143715784, 4.12500003222, 0.00000000000, -0.00000000088, -0.00000000663
454, 50.00000000000, 674.48005182156, 69.54246468316, 4.12500003222, 0.00000000000, 0.00000000038, -0.00000000202
455, 50.00000000000, 686.05250589271, 54.56352106998, 4.12500003222, 0.00000000000, -0.00000000301, 0.00000000167
456, 50.00000000000, 701.47755679430, 50.38751108613, 4.12500003222, 0.00000000000, 0.00000000184, -0.00000000226
457, 50.00000000000, 707.76719069191, 86.90501809747, 4.12500003222, 0.00000000000, -0.00000000020, -0.00000000182
458, 50.00000000000, 721.50236448480, 76.12182387449, 4.12500003222, 0.00000000000, 0.00000000072, -0.00000000016
459, 50.00000000000, 734.48557777247, 52.08462313621, 4.12500003222, 0.00000000000, 0.00000000145, 0.00000000354
460, 50.00000000000, 742.04758321521, 46.29969876170, 4.12500003222, 0.00000000000, -0.00000000039, 0.00000001013
461, 50.00000000000, 766.43516946754, 44.42200476074, 4.12500003222, 0.00000000000, -0.00000000013, 0.00000000403
462, 50.00000000000, 765.54432301574, 59.85281023389, 4.12500003222, 0.00000000000, -0.00000000029, 0.00000000170
463, 50.00000000000, 774.69945632489, 53.47528092444, 4.12500003222, 0.00000000000, -0.00000000044, -0.00000000029
464, 50.00000000000, 792.35483431089, 65.04843641853, 4.12500003222, 0.00000000000, 0.00000000178, 0.00000000452
465, 50.00000000000, 812.10103035964, 50.70074414348, 4.12500003222, 0.00000000000, 0.00000000131, 0.00000000110
466, 50.00000000000, 825.00675123490, 48.82255529237, 4.12500003222, 0.00000000000, -0.00000000017, 0.00000000712
467, 50.00000000000, 836.76103498559, 57.97653457262, 4.12500003222, 0.00000000000, 0.00000000062, 0.00000000249
468, 50.00000000000, 838.48896291453, 67.03556256231, 4.12500003222, 0.00000000000, -0.00000000056, -0.00000000330
469, 50.00000000000, 851.77531390780, 46.30344529201, 4.12500003222, 0.00000000000, 0.00000000091, 0.00000000247
470, 50.00000000000, 871.73408504541, 61.45557348753, 4.12500003222, 0.00000000000, -0.00000000001, -0.00000000377
471, 50.00000000000, 880.32031941475, 49.44524612649, 4.12500003222, 0.00000000000, 0.00000000418, -0.00000001153
472, 50.00000000000, 885.37840819000, 59.29666755438, 4.12500003222, 0.00000000000, -0.00000000054, -0.00000000049
473, 50.00000000000, 903.27337985439, 46.81724681051, 4.12500003222, 0.00000000000, -0.00000000064, 0.00000000268
474, 50.00000000000, 907.94349310759, 60.02560799807, 4.12500003222, 0.00000000000, -0.00000000057, 0.00000000482
475, 50.00000000000, 930.79671655685, 72.54571642429, 4.12500003222, 0.00000000000, 0.00000000018, 0.00000000361
476, 50.00000000000, 928.59732851981, 47.18463447503, 4.12500003222, 0.00000000000, -0.00000000113, 0.00000000141
477, 50.00000000000, 942.41949902365, 65.07763500280, 4.12500003222, 0.00000000000, 0.00000000050, 0.00000000127
478, 50.00000000000, 950.24393866600, 45.82203844917, 4.12500003222, 0.00000000000, -0.00000000096, -0.00000000211
479, 50.00000000000, 977.55204947280, 63.24790314963, 4.12500003222, 0.00000000000, -0.00000000085, 0.00000000024
480, 50.00000000000, 21.55289636188, 49.89023656525, 4.12500003222, 0.00000000000, -0.00000000054, 0.00000000661
481, 50.00000000000, 33.00160947804, 61.53207285603, 4.12500003222, 0.00000000000, 0.00000000185, 0.00000000213
482, 50.00000000000, 46.48464374334, 69.61363158299, 4.12500003222, 0.00000000000, 0.00000000093, -0.00000000335
483, 50.00000000000, 58.39931432604, 84.61661631064, 4.12500003222, 0.00000000000, 0.00000000069, -0.00000000118
484, 50.00000000000, 67.67086004486, 72.71143966116, 4.12500003222, 0.00000000000, -0.00000000143, 0.00000000373
485, 50.00000000000, 78.72108756476, 42.94211709565, 4.12500003222, 0.00000000000, 0.00000000043, 0.00000000356
486, 50.00000000000, 89.11415134997, 58.26336538085, 4.12500003222, 0.00000000000, -0.00000000018, -0.00000000013
487, 50.00000000000, 103.86337015979, 62.27465807133, 4.12500003222, 0.00000000000, 0.00000000039, -0.00000000845
488, 50.00000000000, 112.32965244610, 70.63579266121, 4.12500003222, 0.00000000000, 0.00000000157, -0.00000000330
489, 50.00000000000, 124.77700531094, 72.12827052106, 4.12500003222, 0.00000000000, 0.00000000060, -0.00000000182
490, 50.00000000000, 135.39603273745, 63.49427662791, 4.12500003222, 0.00000000000, 0.00000000210, 0.00000000113
491, 50.00000000000, 148.37824525398, 72.36581230212, 4.12500003222, 0.00000000000, -0.00000000002, -0.00000000633
492, 50.00000000000, 152.19747971373, 59.75996278448, 4.12500003222, 0.00000000000, 0.00000000013, 0.00000000267
493, 50.00000000000, 173.50914935978, 66.86164645029, 4.12500003222, 0.00000000000, -0.00000000143, -0.00000000192
494, 50.00000000000, 186.90452284485, 85.85538892000, 4.12500003222, 0.00000000000, -0.00000000089, -0.00000000049
495, 50.00000000000, 209.17227798855, 77.10535791758, 4.12500003222, 0.00000000000, 0.00000000049, -0.00000000349
496, 50.00000000000, 209.17702620259, 28.83651760127, 4.12500003222, 0.00000000000, 0.00000000104, -0.00000000157
497, 50.00000000000, 209.37808359203, 62.47208919120, 4.12500003222, 0.00000000000, 0.00000000101, 0.00000000582
498, 50.00000000000, 232.54590181278, 72.96824821731, 4.12500003222, 0.00000000000, 0.00000000109, -0.00000000101
499, 50.00000000000, 244.75894258458, 74.93020142661, 4.12500003222, 0.00000000000, 0.00000000040, -0.00000000432
500, 50.00000000000, 256.18966693804, 71.85845608245, 4.12500003222, 0.00000000000, 0.00000000006, 0.00000000052
501, 50.00000000000, 268.38617892232, 67.91739376022, 4.12500003222, 0.00000000000, -0.00000000057, -0.00000000314
502, 50.00000000000, 275.63967405019, 54.58073825707, 4.12500003222, 0.00000000000, -0.00000000016, -0.00000000232
503, 50.00000000000, 291.34722583234, 58.40541992102, 4.12500003222, 0.00000000000, -0.00000000024, 0.00000000398
504, 50.00000000000, 299.42982300031, 84.44346625845, 4.12500003222, 0.00000000000, -0.00000000011, -0.00000000139
505, 50.00000000000, 315.87629964084, 69.78992971248, 4.12500003222, 0.00000000000, -0.00000000138, -0.00000000794
506, 50.00000000000, 323.89059761726, 75.97914967950, 4.12500003222, 0.00000000000, 0.00000000122, 0.00000000503
507, 50.00000000000, 334.59254555029, 70.30118196871, 4.12500003222, 0.00000000000, 0.00000000155, -0.00000000051
508, 50.00000000000, 349.36757687492, 83.98697281580, 4.12500003222, 0.00000000000, 0.00000000425, -0.00000000430
509, 50.00000000000, 358.29402339111, 71.15006234676, 4.12500003222, 0.00000000000, -0.00000000059, 0.00000000083
510, 50.00000000000, 375.59969700560, 85.09675134935, 4.12500003222, 0.00000000000, 0.00000000097, 0.00000000124
511, 50.00000000000, 394.22382313023, 84.03826073185, 4.12500003222, 0.00000000000, 0.00000000086, -0.00000000042
512, 50.00000000000, 396.07058301377, 56.07946251301, 4.12500003222, 0.00000000000, -0.00000000198, 0.00000000059
513, 50.00000000000, 413.33283991070, 54.37610233019, 4.12500003222, 0.00000000000, 0.00000000184, -0.00000000122
514, 50.00000000000, 428.32327922033, 52.06384700509, 4.12500003222, 0.00000000000, -0.00000000119, 0.00000000308
515, 50.00000000000, 441.24819925411, 73.92473202537, 4.12500003222, 0.00000000000, 0.00000000051, -0.00000000484
516, 50.00000000000, 445.72865331307, 50.21356789058, 4.12500003222, 0.00000000000, 0.00000000001, -0.00000000525
517, 50.00000000000, 464.38468921224, 64.79654676070, 4.12500003222, 0.00000000000, 0.00000000109, 0.00000000082
518, 50.00000000000, 478.99983564042, 64.40720321715, 4.12500003222, 0.00000000000, -0.00000000056, 0.00000000292
519, 50.00000000000, 481.84145539628, 76.18024294559, 4.12500003222, 0.00000000000, -0.00000000038, -0.00000000339
520, 50.00000000000, 500.09302074651, 79.31315365956, 4.12500003222, 0.00000000000, -0.00000000137, 0.00000000898
521, 50.00000000000, 513.71905560869, 82.89743840310, 4.12500003222, 0.00000000000, 0.00000000075, -0.00000000126
522, 50.00000000000, 526.58107044287, 77.33373654445, 4.12500003222, 0.00000000000, -0.00000000064, -0.00000000912
523, 50.00000000000, 545.76358844283, 91.93360737069, 4.12500003222, 0.00000000000, 0.00000000148, -0.00000000164
524, 50.00000000000, 551.73276082292, 77.32674766644, 4.12500003222, 0.00000000000, -0.00000000029, 0.00000000185
525, 50.00000000000, 565.40062921841, 58.73391981052, 4.12500003222, 0.00000000000, 0.00000000196, -0.00000000049
526, 50.00000000000, 577.54161299145, 77.66329406420, 4.12500003222, 0.00000000000, -0.00000000033, 0.00000000200
527, 50.00000000000, 589.38298212987, 83.41072713866, 4.12500003222, 0.00000000000, -0.00000000186, -0.00000000064
528, 50.00000000000, 599.11378596198, 65.68652947208, 4.12500003222, 0.00000000000, 0.00000000294, 0.00000000003
529, 50.00000000000, 614.30418860722, 82.63604901824, 4.12500003222, 0.00000000000, -0.00000000024, 0.00000000209
530, 50.00000000000, 622.94806866515, 63.73034375188, 4.12500003222, 0.00000000000, -0.00000000295, 0.00000000054
531, 50.00000000000, 638.45303432941, 85.13714516642, 4.12500003222, 0.00000000000, -0.00000000007, -0.00000000147
532, 50.00000000000, 647.43842351271, 70.29814405126, 4.12500003222, 0.00000000000, -0.00000000010, 0.00000000111
533, 50.00000000000, 659.22819226986, 68.55584700477, 4.12500003222, 0.00000000000, 0.00000000060, 0.00000000439
534, 50.00000000000, 672.03415376503, 77.71443978230, 4.12500003222, 0.00000000000, 0.00000000011, 0.00000000230
535, 50.00000000000, 691.35502506724, 61.09177190433, 4.12500003222, 0.00000000000, 0.00000000288, -0.00000000041
536, 50.00000000000, 700.17993284908, 62.49853316866, 4.12500003222, 0.00000000000, -0.00000000155, 0.00000000307
537, 50.00000000000, 709.91743188975, 73.77644199617, 4.12500003222, 0.00000000000, -0.00000000015, 0.00000000110
538, 50.00000000000, 717.60914836852, 49.80415089881, 4.12500003222, 0.00000000000, -0.00000000361, -0.00000000275
539, 50.00000000000, 732.30775737836, 79.91211685381, 4.12500003222, 0.00000000000, -0.00000000007, -0.00000000449
540, 50.00000000000, 745.17274101942, 72.18020926428, 4.12500003222, 0.00000000000, -0.00000000030, -0.00000000106
541, 50.00000000000, 755.04464241991, 83.21909825878, 4.12500003222, 0.00000000000, 0.00000000017, -0.00000000391
542, 50.00000000000, 769.23931892760, 70.66828637437, 4.12500003222, 0.00000000000, -0.00000000111, 0.00000000247
543, 50.00000000000, 780.41436477668, 64.89299468673, 4.12500003222, 0.00000000000, -0.00000000083, -0.00000000124
544, 50.00000000000, 799.66950379061, 50.44620957393, 4.12500003222, 0.00000000000, 0.00000000032, 0.00000000140
545, 50.00000000000, 801.45583856627, 59.48814155116, 4.12500003222, 0.00000000000, 0.00000000057, 0.00000000503
546, 50.00000000000, 812.60566813772, 84.39947075786, 4.12500003222, 0.00000000000, 0.00000000057, -0.00000000365
547, 50.00000000000, 826.72026239372, 66.88774298319, 4.12500003222, 0.00000000000, -0.00000000073, 0.00000000342
548, 50.00000000000, 848.86278536800, 61.97837417215, 4.12500003222, 0.00000000000, 0.00000000109, -0.00000000259
549, 50.00000000000, 858.22941147870, 61.00142366135, 4.12500003222, 0.00000000000, -0.00000000060, -0.00000000626
550, 50.00000000000, 862.40439436349, 69.16421968198, 4.12500003222, 0.00000000000, 0.00000000036, -0.00000000472
551, 50.00000000000, 875.25278006494, 52.02551523022, 4.12500003222, 0.00000000000, -0.00000000505, 0.00000000338
552, 50.00000000000, 883.52222269407, 82.44969926596, 4.12500003222, 0.00000000000, 0.00000000237, 0.00000000029
553, 50.00000000000, 898.85923895419, 59.12593080552, 4.12500003222, 0.00000000000, -0.00000000125, 0.00000000305
554, 50.00000000000, 905.87727602788, 72.08463946638, 4.12500003222, 0.00000000000, 0.00000000050, -0.00000000507
555, 50.00000000000, 917.31090695367, 71.18246661237, 4.12500003222, 0.00000000000, 0.00000000061, -0.00000000222
556, 50.00000000000, 926.21850292028, 36.74779215039, 4.12500003222, 0.00000000000, -0.00000000022, -0.00000000014
557, 50.00000000000, 935.14116623272, 41.51846616645, 4.12500003222, 0.00000000000, 0.00000000055, -0.00000000672
558, 50.00000000000, 951.94479086048, 57.41246775369, 4.12500003222, 0.00000000000, 0.00000000077, 0.00000000435
559, 50.00000000000, 963.75028135949, 58.17051957879, 4.12500003222, 0.00000000000, 0.00000000124, 0.00000000087
560, 50.00000000000, 20.88587906263, 65.32288065774, 4.12500003222, 0.00000000000, -0.00000000140, 0.00000000128
561, 50.00000000000, 35.60971576975, 73.26506119820, 4.12500003222, 0.00000000000, -0.00000000135, -0.00000000355
562, 50.00000000000, 45.56023303686, 84.14549335215, 4.12500003222, 0.00000000000, 0.00000000101, -0.00000000193
563, 50.00000000000, 64.67495638614, 48.54296885514, 4.12500003222, 0.00000000000, -0.00000000084, 0.00000000539
564, 50.00000000000, 69.38987391795, 63.70504323762, 4.12500003222, 0.00000000000, 0.00000000203, -0.00000000477
565, 50.00000000000, 79.39240720575, 69.75375860923, 4.12500003222, 0.00000000000, 0.00000000515, -0.00000000849
566, 50.00000000000, 92.40073074158, 66.20110400510, 4.12500003222, 0.00000000000, -0.00000000174, -0.00000000112
567, 50.00000000000, 102.81671416572, 85.75088425460, 4.12500003222, 0.00000000000, -0.00000000234, -0.00000000294
568, 50.00000000000, 114.19415506854, 81.02512179458, 4.12500003222, 0.00000000000, 0.00000000037, 0.00000000181
569, 50.00000000000, 125.91445505925, 84.26704461924, 4.12500003222, 0.00000000000, 0.00000000107, 0.00000000233
570, 50.00000000000, 136.10918078288, 74.31032523211, 4.12500003222, 0.00000000000, 0.00000000104, 0.00000000227
571, 50.00000000000, 147.00603704981, 86.98383653472, 4.12500003222, 0.00000000000, -0.00000000030, -0.00000000357
572, 50.00000000000, 159.67509917377, 72.05437860047, 4.12500003222, 0.00000000000, 0.00000000121, -0.00000000299
573, 50.00000000000, 169.09480849977, 53.63897126033, 4.12500003222, 0.00000000000, -0.00000000018, -0.00000000305
574, 50.00000000000, 184.98102840378, 68.39786087926, 4.12500003222, 0.00000000000, -0.00000000113, 0.00000001037
575, 50.00000000000, 196.42471374060, 74.24448973066, 4.12500003222, 0.00000000000, 0.00000000020, 0.00000000307
576, 50.00000000000, 203.19297895876, 86.71723204083, 4.12500003222, 0.00000000000, -0.00000000174, 0.00000000415
577, 50.00000000000, 221.09038170371, 85.52239032459, 4.12500003222, 0.00000000000, 0.00000000048, -0.00000000297
578, 50.00000000000, 220.88955838790, 71.87102025936, 4.12500003222, 0.00000000000, 0.00000000069, -0.00000000359
579, 50.00000000000, 242.13452898162, 84.83062585810, 4.12500003222, 0.00000000000, -0.00000000042, 0.00000000268
580, 50.00000000000, 254.66528518167, 62.02330506490, 4.12500003222, 0.00000000000, 0.00000000035, -0.00000000090
581, 50.00000000000, 266.84275174835, 83.21606684774, 4.12500003222, 0.00000000000, 0.00000000032, -0.00000000120
582, 50.00000000000, 278.72363101792, 73.63434846884, 4.12500003222, 0.00000000000, 0.00000000010, 0.00000000379
583, 50.00000000000, 286.94823616277, 83.26906038682, 4.12500003222, 0.00000000000, 0.00000000015, 0.00000000197
584, 50.00000000000, 304.45088362180, 71.44982143953, 4.12500003222, 0.00000000000, -0.00000000101, 0.00000000027
585, 50.00000000000, 312.15538010815, 83.82339706662, 4.12500003222, 0.00000000000, 0.00000000032, -0.00000000120
586, 50.00000000000, 323.95862189757, 90.28455430575, 4.12500003222, 0.00000000000, 0.00000000079, 0.00000000009
587, 50.00000000000, 337.05729670909, 81.16178690189, 4.12500003222, 0.00000000000, 0.00000000006, 0.00000000307
588, 50.00000000000, 343.43966894114, 94.77706586814, 4.12500003222, 0.00000000000, -0.00000000173, -0.00000000247
589, 50.00000000000, 362.59338263729, 82.60014699417, 4.12500003222, 0.00000000000, -0.00000000036, 0.00000000189
590, 50.00000000000, 372.32802911121, 71.41599189804, 4.12500003222, 0.00000000000, 0.00000000004, -0.00000000068
591, 50.00000000000, 398.92587372985, 73.44422577671, 4.12500003222, 0.00000000000, 0.00000000038, -0.00000000240
592, 50.00000000000, 390.65413256108, 64.00583499721, 4.12500003222, 0.00000000000, -0.00000000175, 0.00000000105
593, 50.00000000000, 420.03619506767, 85.70953369041, 4.12500003222, 0.00000000000, -0.00000000044, 0.00000000005
594, 50.00000000000, 434.37590246780, 83.55756698250, 4.12500003222, 0.00000000000, -0.00000000035, 0.00000000129
595, 50.00000000000, 447.74462578319, 83.98322634524, 4.12500003222, 0.00000000000, 0.00000000101, -0.00000000207
596, 50.00000000000, 455.84419201690, 71.51786776378, 4.12500003222, 0.00000000000, 0.00000000054, 0.00000000289
597, 50.00000000000, 461.59129251191, 82.91363735747, 4.12500003222, 0.00000000000, -0.00000000016, 0.00000000239
598, 50.00000000000, 473.87066945750, 90.81293325058, 4.12500003222, 0.00000000000, 0.00000000078, -0.00000000993
599, 50.00000000000, 488.38392079221, 86.67115558263, 4.12500003222, 0.00000000000, 0.00000000117, 0.00000000274
600, 50.00000000000, 509.15872176183, 72.39041988735, 4.12500003222, 0.00000000000, 0.00000000252, -0.00000000064
601, 50.00000000000, 518.58172248560, 66.42556069370, 4.12500003222, 0.00000000000, 0.00000000062, 0.00000000205
602, 50.00000000000, 527.25298701117, 88.17633717838, 4.12500003222, 0.00000000000, -0.00000000000, 0.00000000206
603, 50.00000000000, 538.86105194661, 78.64552919867, 4.12500003222, 0.00000000000, 0.00000000075, 0.00000000336
604, 50.00000000000, 543.89289912277, 68.00640698953, 4.12500003222, 0.00000000000, -0.00000000247, 0.00000000331
605, 50.00000000000, 562.72651040766, 90.54288037764, 4.12500003222, 0.00000000000, 0.00000000119, 0.00000000055
606, 50.00000000000, 579.87520264994, 92.34117457730, 4.12500003222, 0.00000000000, -0.00000000103, 0.00000000248
607, 50.00000000000, 586.06126223942, 70.98736697584, 4.12500003222, 0.00000000000, 0.00000000202, -0.00000000509
608, 50.00000000000, 599.20493774244, 76.40614027588, 4.12500003222, 0.00000000000, 0.00000000192, -0.00000000312
609, 50.00000000000, 606.66903279827, 58.16691134070, 4.12500003222, 0.00000000000, 0.00000000033, 0.00000000593
610, 50.00000000000, 627.18926478059, 94.38919666049, 4.12500003222, 0.00000000000, -0.00000000126, -0.00000000216
611, 50.00000000000, 636.01773564225, 73.47132746194, 4.12500003222, 0.00000000000, 0.00000000083, 0.00000000272
612, 50.00000000000, 649.96986203351, 81.10179213414, 4.12500003222, 0.00000000000, -0.00000000061, -0.00000000107
613, 50.00000000000, 661.53113875068, 79.19687251213, 4.12500003222, 0.00000000000, -0.00000000075, 0.00000000110
614, 50.00000000000, 678.23510221120, 60.76319863192, 4.12500003222, 0.00000000000, -0.00000000150, -0.00000000293
615, 50.00000000000, 685.83678128570, 82.68620015628, 4.12500003222, 0.00000000000, 0.00000000020, -0.00000000045
616, 50.00000000000, 697.52429957781, 74.53290031267, 4.12500003222, 0.00000000000, 0.00000000055, -0.00000000004
617, 50.00000000000, 710.78337790209, 63.39606746322, 4.12500003222, 0.00000000000, 0.00000000125, 0.00000000385
618, 50.00000000000, 722.09207932818, 64.34552493770, 4.12500003222, 0.00000000000, 0.00000000136, 0.00000000260
619, 50.00000000000, 734.75172765330, 64.76797520281, 4.12500003222, 0.00000000000, 0.00000000190, 0.00000000328
620, 50.00000000000, 742.34262172232, 89.07747529568, 4.12500003222, 0.00000000000, 0.00000000016, 0.00000000150
621, 50.00000000000, 757.17144109760, 53.03610050329, 4.12500003222, 0.00000000000, -0.00000000007, -0.00000000169
622, 50.00000000000, 767.76435982246, 87.72432678522, 4.12500003222, 0.00000000000, 0.00000000060, -0.00000000537
623, 50.00000000000, 780.08877102333, 76.00694155730, 4.12500003222, 0.00000000000, 0.00000000066, 0.00000000437
624, 50.00000000000, 792.59352580437, 81.92064526404, 4.12500003222, 0.00000000000, -0.00000000022, -0.00000000456
625, 50.00000000000, 803.64981111470, 76.30707594956, 4.12500003222, 0.00000000000, -0.00000000036, -0.00000000916
626, 50.00000000000, 816.15510567319, 70.56414628266, 4.12500003222, 0.00000000000, -0.00000000079, 0.00000000300
627, 50.00000000000, 827.14459288629, 89.41136585512, 4.12500003222, 0.00000000000, 0.00000000108, -0.00000000218
628, 50.00000000000, 837.89185125709, 77.81589629148, 4.12500003222, 0.00000000000, -0.00000000117, 0.00000000129
629, 50.00000000000, 849.32612179036, 73.89863482854, 4.12500003222, 0.00000000000, -0.00000000216, 0.00000000027
630, 50.00000000000, 859.45716882820, 78.97660100029, 4.12500003222, 0.00000000000, -0.00000000065, 0.00000000803
631, 50.00000000000, 871.48662756954, 78.72379612396, 4.12500003222, 0.00000000000, 0.00000000048, -0.00000000329
632, 50.00000000000, 881.42270711928, 68.80488680456, 4.12500003222, 0.00000000000, 0.00000000040, -0.00000000151
633, 50.00000000000, 896.01448596195, 81.40706373433, 4.12500003222, 0.00000000000, 0.00000000038, 0.00000000053
634, 50.00000000000, 909.07700872552, 83.96227921572, 4.12500003222, 0.00000000000, 0.00000000044, -0.00000000087
635, 50.00000000000, 924.21997376676, 62.05161993543, 4.12500003222, 0.00000000000, -0.00000000163, 0.00000000339
636, 50.00000000000, 922.35339955202, 81.50156000621, 4.12500003222, 0.00000000000, 0.00000000063, 0.00000000361
637, 50.00000000000, 942.22379017209, 77.85424458405, 4.12500003222, 0.00000000000, -0.00000000016, 0.00000000232
638, 50.00000000000, 955.40202393493, 69.98664073207, 4.12500003222, 0.00000000000, -0.00000000053, 0.00000000094
639, 50.00000000000, 963.80467465947, 81.10745762275, 4.12500003222, 0.00000000000, -0.00000000106, -0.00000000158
