0, 50.00000000000, 15.41441509114, 17.83168407767, 4.12500003222, 0.00000000000, 0.00000000043, 0.00000000224
1, 50.00000000000, 24.57072336185, 6.07759733639, 4.12500003222, 0.00000000000, 0.00000000065, 0.00000000365
2, 50.00000000000, 36.58919388322, 6.67969538203, 4.12500003222, 0.00000000000, 0.00000000002, 0.00000000500
3, 50.00000000000, 50.77098775955, 3.49282112233, 4.12500003222, 0.00000000000, 0.00000000116, 0.00000000463
4, 50.00000000000, 59.10157800108, 16.85291738959, 4.12500003222, 0.00000000000, -0.00000000092, -0.00000000578
5, 50.00000000000, 80.21163790944, 25.15429430829, 4.12500003222, 0.00000000000, 0.00000000028, -0.00000000532
6, 50.00000000000, 83.86977546366, 41.62480218638, 4.12500003222, 0.00000000000, -0.00000000138, 0.00000000904
7, 50.00000000000, 93.62991614636, 16.25810845323, 4.12500003222, 0.00000000000, -0.00000000080, 0.00000000257
8, 50.00000000000, 115.09954091917, 6.54846636531, 4.12500003222, 0.00000000000, -0.00000000029, -0.00000000217
9, 50.00000000000, 128.95983111215, 24.33542997406, 4.12500003222, 0.00000000000, 0.00000000025, 0.00000000184
10, 50.00000000000, 136.88162399475, 3.08394758201, 4.12500003222, 0.00000000000, 0.00000000008, 0.00000000121
11, 50.00000000000, 149.52829240281, 11.02796524445, 4.12500003222, 0.00000000000, 0.00000000072, 0.00000000259
12, 50.00000000000, 160.82325023411, 4.86405299680, 4.12500003222, 0.00000000000, 0.00000000105, -0.00000000050
13, 50.00000000000, 174.27989275802, 10.50342093316, 4.12500003222, 0.00000000000, -0.00000000197, 0.00000000078
14, 50.00000000000, 183.27648925316, 40.00752467781, 4.12500003222, 0.00000000000, -0.00000000094, -0.00000000345
15, 50.00000000000, 196.00783057902, 15.39561892035, 4.12500003222, 0.00000000000, -0.00000000047, 0.00000000278
16, 50.00000000000, 204.71912378185, -30000000.00000000000, 0.00000000000, 0.00000000000, 0.00000009486, 0.03299999918
17, 50.00000000000, 219.09293492740, -30000000.00000000000, 0.00000000000, 0.00000000000, 0.00000008448, 0.03299999918
18, 50.00000000000, 228.78857287060, -30000000.00000000000, 0.00000000000, 0.00000000000, 0.00000001531, 0.03299999918
19, 50.00000000000, 243.31696583898, -30000000.00000000000, 0.00000000000, 0.00000000000, 0.00000002391, 0.03299999918
20, 50.00000000000, 255.43810281775, -30000000.00000000000, 0.00000000000, 0.00000000000, -0.00000000411, 0.03299999918
21, 50.00000000000, 268.50082452287, -30000000.00000000000, 0.00000000000, 0.00000000000, -0.00000004844, 0.03299999918
22, 50.00000000000, 281.57269614084, -30000000.00000000000, 0.00000000000, 0.00000000000, -0.00000007585, 0.03299999918
23, 50.00000000000, 292.26077246215, -30000000.00000000000, 0.00000000000, 0.00000000000, -0.00000005173, 0.03299999918
24, 50.00000000000, 312.32698238517, 17.67560827210, 4.12500003222, 0.00000000000, 0.00000000137, 0.00000000037
25, 50.00000000000, 313.99814093443, -30000000.00000000000, 0.00000000000, 0.00000000000, 0.00000002626, 0.03299999918
26, 50.00000000000, 328.52626138865, -30000000.00000000000, 0.00000000000, 0.00000000000, 0.00000003951, 0.03299999918
27, 50.00000000000, 341.85951858754, 41.32838897836, 4.12500003222, 0.00000000000, -0.00000000063, -0.00000000410
28, 50.00000000000, 354.00748604043, -30000000.00000000000, 0.00000000000, 0.00000000000, 0.00000005919, 0.03299999918
29, 50.00000000000, 364.30591888763, -30000000.00000000000, 0.00000000000, 0.00000000000, 0.00000003861, 0.03299999918
30, 50.00000000000, 376.88758772476, -30000000.00000000000, 0.00000000000, 0.00000000000, -0.00000003531, 0.03299999918
31, 50.00000000000, 391.16405163420, -30000000.00000000000, 0.00000000000, 0.00000000000, -0.00000010932, 0.03299999918
32, 50.00000000000, 391.69017388051, 38.91788538134, 4.12500003222, 0.00000000000, -0.00000000021, 0.00000000260
33, 50.00000000000, 413.12481562178, -30000000.00000000000, 0.00000000000, 0.00000000000, -0.00000003150, 0.03299999918
34, 50.00000000000, 429.73061109473, -30000000.00000000000, 0.00000000000, 0.00000000000, 0.00000007901, 0.03299999918
35, 50.00000000000, 440.52607984046, -30000000.00000000000, 0.00000000000, 0.00000000000, 0.00000001357, 0.03299999918
36, 50.00000000000, 450.32076481376, -30000000.00000000000, 0.00000000000, 0.00000000000, -0.00000000298, 0.03299999918
37, 50.00000000000, 463.26903410759, -30000000.00000000000, 0.00000000000, 0.00000000000, 0.00000006642, 0.03299999918
38, 50.00000000000, 477.03641865617, -30000000.00000000000, 0.00000000000, 0.00000000000, -0.00000000358, 0.03299999918
39, 50.00000000000, 487.56550691550, -30000000.00000000000, 0.00000000000, 0.00000000000, 0.00000002258, 0.03299999918
40, 50.00000000000, 499.55678856819, -30000000.00000000000, 0.00000000000, 0.00000000000, 0.00000002464, 0.03299999918
41, 50.00000000000, 511.50339266680, -30000000.00000000000, 0.00000000000, 0.00000000000, -0.00000002612, 0.03299999918
42, 50.00000000000, 524.06660895846, -30000000.00000000000, 0.00000000000, 0.00000000000, -0.00000000508, 0.03299999918
43, 50.00000000000, 536.44820816830, -30000000.00000000000, 0.00000000000, 0.00000000000, -0.00000001329, 0.03299999918
44, 50.00000000000, 548.14200413581, -30000000.00000000000, 0.00000000000, 0.00000000000, 0.00000004802, 0.03299999918
45, 50.00000000000, 562.70861215722, -30000000.00000000000, 0.00000000000, 0.00000000000, -0.00000004293, 0.03299999918
46, 50.00000000000, 573.53321546941, -30000000.00000000000, 0.00000000000, 0.00000000000, -0.00000000045, 0.03299999918
47, 50.00000000000, 588.29353250769, -30000000.00000000000, 0.00000000000, 0.00000000000, -0.00000003924, 0.03299999918
48, 50.00000000000, 598.51360032447, -30000000.00000000000, 0.00000000000, 0.00000000000, -0.00000005010, 0.03299999918
49, 50.00000000000, 609.19957687096, -30000000.00000000000, 0.00000000000, 0.00000000000, -0.00000001859, 0.03299999918
50, 50.00000000000, 622.44598677824, -30000000.00000000000, 0.00000000000, 0.00000000000, -0.00000000291, 0.03299999918
51, 50.00000000000, 635.07846026535, -30000000.00000000000, 0.00000000000, 0.00000000000, -0.00000000688, 0.03299999918
52, 50.00000000000, 646.17931004209, -30000000.00000000000, 0.00000000000, 0.00000000000, 0.00000000383, 0.03299999918
53, 50.00000000000, 659.28494913315, -30000000.00000000000, 0.00000000000, 0.00000000000, 0.00000004070, 0.03299999918
54, 50.00000000000, 671.43636962384, -30000000.00000000000, 0.00000000000, 0.00000000000, 0.00000005143, 0.03299999918
55, 50.00000000000, 685.30607442787, -30000000.00000000000, 0.00000000000, 0.00000000000, 0.00000001398, 0.03299999918
56, 50.00000000000, 696.60558905238, -30000000.00000000000, 0.00000000000, 0.00000000000, -0.00000001614, 0.03299999918
57, 50.00000000000, 709.08250826185, -30000000.00000000000, 0.00000000000, 0.00000000000, 0.00000001885, 0.03299999918
58, 50.00000000000, 719.03309055089, -30000000.00000000000, 0.00000000000, 0.00000000000, -0.00000006950, 0.03299999918
59, 50.00000000000, 734.11893149716, -30000000.00000000000, 0.00000000000, 0.00000000000, -0.00000004912, 0.03299999918
60, 50.00000000000, 740.05579787966, 16.79755641014, 4.12500003222, 0.00000000000, 0.00000000016, -0.00000000038
61, 50.00000000000, 755.38050452192, -30000000.00000000000, 0.00000000000, 0.00000000000, 0.00000002911, 0.03299999918
62, 50.00000000000, 768.52187005603, -30000000.00000000000, 0.00000000000, 0.00000000000, 0.00000010234, 0.03299999918
63, 50.00000000000, 780.90728870410, -30000000.00000000000, 0.00000000000, 0.00000000000, -0.00000006450, 0.03299999918
64, 50.00000000000, 796.03674497219, -30000000.00000000000, 0.00000000000, 0.00000000000, -0.00000014219, 0.03299999918
65, 50.00000000000, 803.45556805975, 17.12796741879, 4.12500003222, 0.00000000000, -0.00000000263, 0.00000000029
66, 50.00000000000, 818.18820016991, 15.09752073916, 4.12500003222, 0.00000000000, 0.00000000116, 0.00000000474
67, 50.00000000000, 830.98409322320, 17.19922511055, 4.12500003222, 0.00000000000, -0.00000000007, 0.00000000640
68, 50.00000000000, 843.01344219779, 13.44175205110, 4.12500003222, 0.00000000000, 0.00000000057, 0.00000000218
69, 50.00000000000, 852.63954400375, 5.50663871318, 4.12500003222, 0.00000000000, 0.00000000068, -0.00000000212
70, 50.00000000000, 864.84533876284, 17.56619374597, 4.12500003222, 0.00000000000, -0.00000000054, -0.00000000735
71, 50.00000000000, 877.19780113389, 27.50846724985, 4.12500003222, 0.00000000000, -0.00000000066, 0.00000000074
72, 50.00000000000, 887.74238260871, 18.82613057775, 4.12500003222, 0.00000000000, 0.00000000040, -0.00000000547
73, 50.00000000000, 898.23532733746, 37.40665088390, 4.12500003222, 0.00000000000, -0.00000000042, 0.00000001321
74, 50.00000000000, 921.91341287880, 17.66290550703, 4.12500003222, 0.00000000000, 0.00000000019, -0.00000000535
75, 50.00000000000, 929.27234383696, 37.50129644370, 4.12500003222, 0.00000000000, -0.00000000078, -0.00000000716
76, 50.00000000000, 934.60713036869, 13.61940446768, 4.12500003222, 0.00000000000, -0.00000000084, 0.00000000184
77, 50.00000000000, 953.09553709942, 6.57820661955, 4.12500003222, 0.00000000000, -0.00000000089, 0.00000000136
78, 50.00000000000, 966.66414509206, 5.27963466694, 4.12500003222, 0.00000000000, -0.00000000106, 0.00000000039
79, 50.00000000000, 958.51582144505, 31.33541661815, 4.12500003222, 0.00000000000, 0.00000000091, -0.00000000110
80, 50.00000000000, 10.07431188018, 6.98035569144, 4.12500003222, 0.00000000000, 0.00000000006, -0.00000000213
81, 50.00000000000, 31.30090114727, 33.12598767222, 4.12500003222, 0.00000000000, 0.00000000046, -0.00000000270
82, 50.00000000000, 34.83679869907, 42.06801619173, 4.12500003222, 0.00000000000, 0.00000000024, -0.00000000425
83, 50.00000000000, 45.69210752726, 15.70447568790, 4.12500003222, 0.00000000000, -0.00000000022, 0.00000000574
84, 50.00000000000, 69.05915315257, 39.02169469712, 4.12500003222, 0.00000000000, -0.00000000075, -0.00000000179
85, 50.00000000000, 68.07427523413, 26.06083947778, 4.12500003222, 0.00000000000, -0.00000000136, -0.00000000457
86, 50.00000000000, 82.95637548841, 11.09798447490, 4.12500003222, 0.00000000000, -0.00000000026, -0.00000000123
87, 50.00000000000, 95.32649336038, 2.26092368336, 4.12500003222, 0.00000000000, -0.00000000001, 0.00000000634
88, 50.00000000000, 115.19302143003, 20.09634077644, 4.12500003222, 0.00000000000, 0.00000000323, 0.00000000006
89, 50.00000000000, 114.03491194028, 31.87675744489, 4.12500003222, 0.00000000000, 0.00000000081, 0.00000000112
90, 50.00000000000, 125.59725838061, 13.53170724318, 4.12500003222, 0.00000000000, 0.00000000151, 0.00000000058
91, 50.00000000000, 146.99221320430, 24.99795134266, 4.12500003222, 0.00000000000, -0.00000000058, 0.00000000077
92, 50.00000000000, 158.94267474892, 19.09421749782, 4.12500003222, 0.00000000000, -0.00000000063, -0.00000000448
93, 50.00000000000, 172.25160689147, 25.75573371541, 4.12500003222, 0.00000000000, -0.00000000018, -0.00000000836
94, 50.00000000000, 182.91246878514, 18.48283541199, 4.12500003222, 0.00000000000, 0.00000000135, -0.00000000062
95, 50.00000000000, 189.62396882101, 44.72305131739, 4.12500003222, 0.00000000000, -0.00000000132, 0.00000000054
96, 50.00000000000, 206.94617872605, -30000000.00000000000, 0.00000000000, 0.00000000000, 0.00000007650, 0.03299999918
97, 50.00000000000, 218.70370320720, -30000000.00000000000, 0.00000000000, 0.00000000000, 0.00000009006, 0.03299999918
98, 50.00000000000, 230.30830145449, -30000000.00000000000, 0.00000000000, 0.00000000000, -0.00000001429, 0.03299999918
99, 50.00000000000, 242.93042466051, -30000000.00000000000, 0.00000000000, 0.00000000000, 0.00000003087, 0.03299999918
100, 50.00000000000, 253.89683729964, -30000000.00000000000, 0.00000000000, 0.00000000000, 0.00000002423, 0.03299999918
101, 50.00000000000, 264.42375895467, -30000000.00000000000, 0.00000000000, 0.00000000000, 0.00000002752, 0.03299999918
102, 50.00000000000, 278.97678019251, -30000000.00000000000, 0.00000000000, 0.00000000000, -0.00000003711, 0.03299999918
103, 50.00000000000, 291.69060666394, -30000000.00000000000, 0.00000000000, 0.00000000000, -0.00000004257, 0.03299999918
104, 50.00000000000, 303.68448589982, -30000000.00000000000, 0.00000000000, 0.00000000000, -0.00000002665, 0.03299999918
105, 50.00000000000, 317.46338732642, -30000000.00000000000, 0.00000000000, 0.00000000000, 0.00000002010, 0.03299999918
106, 50.00000000000, 335.86502367826, 27.57298169442, 4.12500003222, 0.00000000000, 0.00000000103, 0.00000000252
107, 50.00000000000, 340.91082339979, -30000000.00000000000, 0.00000000000, 0.00000000000, 0.00000004020, 0.03299999918
108, 50.00000000000, 346.26433363439, 51.29375960660, 4.12500003222, 0.00000000000, 0.00000000107, 0.00000000597
109, 50.00000000000, 367.29468940327, 29.96760989588, 4.12500003222, 0.00000000000, -0.00000000121, 0.00000000150
110, 50.00000000000, 379.76014018530, -30000000.00000000000, 0.00000000000, 0.00000000000, -0.00000003562, 0.03299999918
111, 50.00000000000, 389.84297862288, -30000000.00000000000, 0.00000000000, 0.00000000000, -0.00000008950, 0.03299999918
112, 50.00000000000, 401.42812964179, 30.00797014064, 4.12500003222, 0.00000000000, 0.00000000030, 0.00000000040
113, 50.00000000000, 413.90826814703, 32.00904788321, 4.12500003222, 0.00000000000, 0.00000000075, -0.00000000003
114, 50.00000000000, 419.19699288781, 42.89369763350, 4.12500003222, 0.00000000000, -0.00000000177, 0.00000000431
115, 50.00000000000, 438.85931738470, 25.91532277291, 4.12500003222, 0.00000000000, -0.00000000114, 0.00000000095
116, 50.00000000000, 453.30239917086, 52.01931891019, 4.12500003222, 0.00000000000, -0.00000000012, 0.00000000243
117, 50.00000000000, 464.55964283995, -30000000.00000000000, 0.00000000000, 0.00000000000, 0.00000004526, 0.03299999918
118, 50.00000000000, 475.33358816619, -30000000.00000000000, 0.00000000000, 0.00000000000, 0.00000003258, 0.03299999918
119, 50.00000000000, 488.06265798008, -30000000.00000000000, 0.00000000000, 0.00000000000, 0.00000001403, 0.03299999918
120, 50.00000000000, 499.75394785896, -30000000.00000000000, 0.00000000000, 0.00000000000, 0.00000002078, 0.03299999918
121, 50.00000000000, 512.77654479015, -30000000.00000000000, 0.00000000000, 0.00000000000, -0.00000001021, 0.03299999918
122, 50.00000000000, 518.68554665516, -30000000.00000000000, 0.00000000000, 0.00000000000, 0.00000000735, 0.03299999918
123, 50.00000000000, 540.40000994783, -30000000.00000000000, 0.00000000000, 0.00000000000, -0.00000004052, 0.03299999918
124, 50.00000000000, 550.38274235761, -30000000.00000000000, 0.00000000000, 0.00000000000, 0.00000000514, 0.03299999918
125, 50.00000000000, 559.63926386177, 39.17057929777, 4.12500003222, 0.00000000000, -0.00000000254, 0.00000000131
126, 50.00000000000, 573.85806850424, -30000000.00000000000, 0.00000000000, 0.00000000000, -0.00000000550, 0.03299999918
127, 50.00000000000, 582.77993940434, 28.15382122773, 4.12500003222, 0.00000000000, 0.00000000064, -0.00000000437
128, 50.00000000000, 596.44128177406, 45.41408051993, 4.12500003222, 0.00000000000, 0.00000000034, 0.00000000197
129, 50.00000000000, 619.16183982031, 25.72566058979, 4.12500003222, 0.00000000000, -0.00000000059, 0.00000000425
130, 50.00000000000, 622.29399348533, -30000000.00000000000, 0.00000000000, 0.00000000000, -0.00000000100, 0.03299999918
131, 50.00000000000, 632.41493966403, 24.78442850902, 4.12500003222, 0.00000000000, -0.00000000003, 0.00000000366
132, 50.00000000000, 647.40977091523, -30000000.00000000000, 0.00000000000, 0.00000000000, -0.00000001145, 0.03299999918
133, 50.00000000000, 657.82861278483, 31.08336153132, 4.12500003222, 0.00000000000, 0.00000000096, -0.00000000261
134, 50.00000000000, 668.84537742025, -30000000.00000000000, 0.00000000000, 0.00000000000, 0.00000009594, 0.03299999918
135, 50.00000000000, 682.94553622244, 34.96304288146, 4.12500003222, 0.00000000000, -0.00000000035, -0.00000000407
136, 50.00000000000, 696.70151116269, -30000000.00000000000, 0.00000000000, 0.00000000000, -0.00000001758, 0.03299999918
137, 50.00000000000, 708.20503192936, 54.50410010397, 4.12500003222, 0.00000000000, 0.00000000223, -0.00000000752
138, 50.00000000000, 719.88511286716, -30000000.00000000000, 0.00000000000, 0.00000000000, -0.00000008207, 0.03299999918
139, 50.00000000000, 734.24579729043, -30000000.00000000000, 0.00000000000, 0.00000000000, -0.00000005080, 0.03299999918
140, 50.00000000000, 749.32169219016, 48.32677627334, 4.12500003222, 0.00000000000, 0.00000000029, -0.00000000139
141, 50.00000000000, 756.76770196647, -30000000.00000000000, 0.00000000000, 0.00000000000, 0.00000000589, 0.03299999918
142, 50.00000000000, 768.51913978964, 37.91605476142, 4.12500003222, 0.00000000000, 0.00000000053, 0.00000000278
143, 50.00000000000, 787.31091822848, 14.83536925906, 4.12500003222, 0.00000000000, -0.00000000074, 0.00000000186
144, 50.00000000000, 798.34285986347, 30.99209412318, 4.12500003222, 0.00000000000, 0.00000000085, -0.00000000689
145, 50.00000000000, 809.26837644999, 6.44904303315, 4.12500003222, 0.00000000000, -0.00000000082, -0.00000000360
146, 50.00000000000, 822.71771785233, 27.15074773021, 4.12500003222, 0.00000000000, 0.00000000190, -0.00000000124
147, 50.00000000000, 828.41934293186, 4.89201100139, 4.12500003222, 0.00000000000, -0.00000000024, 0.00000000214
148, 50.00000000000, 843.59121920747, 34.13376380712, 4.12500003222, 0.00000000000, 0.00000000008, 0.00000000017
149, 50.00000000000, 854.31369112586, 29.56354012703, 4.12500003222, 0.00000000000, -0.00000000046, 0.00000000120
150, 50.00000000000, 865.51124830560, 25.44252375328, 4.12500003222, 0.00000000000, -0.00000000022, 0.00000000939
151, 50.00000000000, 868.01219856778, 2.86090403151, 4.12500003222, 0.00000000000, -0.00000000007, 0.00000000180
152, 50.00000000000, 888.75267631226, 6.53445499684, 4.12500003222, 0.00000000000, -0.00000000002, -0.00000000207
153, 50.00000000000, 911.43883343190, 16.68090814137, 4.12500003222, 0.00000000000, 0.00000000102, 0.00000000064
154, 50.00000000000, 909.97227634567, 4.10930068510, 4.12500003222, 0.00000000000, -0.00000000075, 0.00000000196
155, 50.00000000000, 920.21758915255, 34.64961903564, 4.12500003222, 0.00000000000, 0.00000000115, -0.00000000620
156, 50.00000000000, 925.57910574815, 4.75449692179, 4.12500003222, 0.00000000000, -0.00000000090, -0.00000000079
157, 50.00000000000, 941.62675581688, 3.69582597461, 4.12500003222, 0.00000000000, -0.00000000110, 0.00000000024
158, 50.00000000000, 953.30499344753, 44.49207148338, 4.12500003222, 0.00000000000, 0.00000000148, -0.00000000756
159, 50.00000000000, 978.16371700904, 34.79053580102, 4.12500003222, 0.00000000000, -0.00000000039, -0.00000000067
160, 50.00000000000, 10.98229993936, 29.49791920331, 4.12500003222, 0.00000000000, 0.00000000058, 0.00000000210
161, 50.00000000000, 32.25188678469, 19.49393408188, 4.12500003222, 0.00000000000, 0.00000000081, -0.00000000469
162, 50.00000000000, 37.76086527951, 27.04240110640, 4.12500003222, 0.00000000000, 0.00000000235, -0.00000000004
163, 50.00000000000, 52.68092391749, 38.56881324153, 4.12500003222, 0.00000000000, 0.00000000254, 0.00000000077
164, 50.00000000000, 54.54725519492, 26.46038233582, 4.12500003222, 0.00000000000, -0.00000000320, -0.00000000455
165, 50.00000000000, 77.16530414854, 34.48490931539, 4.12500003222, 0.00000000000, -0.00000000087, 0.00000000334
166, 50.00000000000, 71.04336277245, 11.22771830528, 4.12500003222, 0.00000000000, -0.00000000155, 0.00000000083
167, 50.00000000000, 90.62177561884, 25.43337679572, 4.12500003222, 0.00000000000, -0.00000000021, 0.00000000129
168, 50.00000000000, 108.01329959033, 38.61966816508, 4.12500003222, 0.00000000000, 0.00000000031, 0.00000000938
169, 50.00000000000, 123.52742143139, 32.13310570405, 4.12500003222, 0.00000000000, 0.00000000080, 0.00000000352
170, 50.00000000000, 138.18999915196, 17.29879777725, 4.12500003222, 0.00000000000, 0.00000000083, 0.00000000227
171, 50.00000000000, 144.28411936813, 46.93720228584, 4.12500003222, 0.00000000000, -0.00000000158, -0.00000000014
172, 50.00000000000, 156.24002876202, 35.62486167983, 4.12500003222, 0.00000000000, -0.00000000225, 0.00000000133
173, 50.00000000000, 167.84547765727, 38.18888371672, 4.12500003222, 0.00000000000, 0.00000000113, 0.00000000343
174, 50.00000000000, 188.13655424745, 30.67886748615, 4.12500003222, 0.00000000000, 0.00000000154, 0.00000000144
175, 50.00000000000, 198.79519603896, 66.66489353641, 4.12500003222, 0.00000000000, 0.00000000185, -0.00000000411
176, 50.00000000000, 207.20458227951, -30000000.00000000000, 0.00000000000, 0.00000000000, 0.00000007450, 0.03299999918
177, 50.00000000000, 213.62559918098, 50.09950488195, 4.12500003222, 0.00000000000, 0.00000000001, -0.00000000176
178, 50.00000000000, 230.77060038556, 30.42776511313, 4.12500003222, 0.00000000000, -0.00000000137, 0.00000000295
179, 50.00000000000, 244.65984944092, -30000000.00000000000, 0.00000000000, 0.00000000000, -0.00000000026, 0.03299999918
180, 50.00000000000, 243.62019699488, 64.30543984625, 4.12500003222, 0.00000000000, 0.00000000113, 0.00000000421
181, 50.00000000000, 269.10845200211, -30000000.00000000000, 0.00000000000, 0.00000000000, -0.00000005971, 0.03299999918
182, 50.00000000000, 281.13227257642, 34.09510796573, 4.12500003222, 0.00000000000, -0.00000000013, 0.00000000372
183, 50.00000000000, 287.76933877455, 21.91024303092, 4.12500003222, 0.00000000000, 0.00000000024, 0.00000000250
184, 50.00000000000, 302.82324347287, 30.80412361683, 4.12500003222, 0.00000000000, -0.00000000005, -0.00000000224
185, 50.00000000000, 320.11252408632, 50.48332558328, 4.12500003222, 0.00000000000, -0.00000000103, -0.00000000262
186, 50.00000000000, 322.65384557256, 28.43170142189, 4.12500003222, 0.00000000000, -0.00000000016, -0.00000000040
187, 50.00000000000, 343.82367767245, -30000000.00000000000, 0.00000000000, 0.00000000000, 0.00000003867, 0.03299999918
188, 50.00000000000, 354.87608947260, 41.31704139307, 4.12500003222, 0.00000000000, 0.00000000043, -0.00000000321
189, 50.00000000000, 368.84347209594, -30000000.00000000000, 0.00000000000, 0.00000000000, 0.00000002560, 0.03299999918
190, 50.00000000000, 371.96107073584, 52.06390288572, 4.12500003222, 0.00000000000, -0.00000000050, -0.00000000060
191, 50.00000000000, 389.13797065634, -30000000.00000000000, 0.00000000000, 0.00000000000, -0.00000007914, 0.03299999918
192, 50.00000000000, 404.72236303469, 43.12794222734, 4.12500003222, 0.00000000000, 0.00000000075, -0.00000000131
193, 50.00000000000, 415.83589340172, 66.49598052464, 4.12500003222, 0.00000000000, 0.00000000119, 0.00000000121
194, 50.00000000000, 423.32086696590, -30000000.00000000000, 0.00000000000, 0.00000000000, 0.00000005755, 0.03299999918
195, 50.00000000000, 437.69404053778, 45.20750121621, 4.12500003222, 0.00000000000, -0.00000000087, -0.00000000948
196, 50.00000000000, 450.58886988162, -30000000.00000000000, 0.00000000000, 0.00000000000, -0.00000000758, 0.03299999918
197, 50.00000000000, 457.43101822316, -30000000.00000000000, 0.00000000000, 0.00000000000, 0.00000002661, 0.03299999918
198, 50.00000000000, 483.81151074227, 36.81660753047, 4.12500003222, 0.00000000000, 0.00000000164, 0.00000000584
199, 50.00000000000, 488.86893013955, 50.81904067450, 4.12500003222, 0.00000000000, 0.00000000177, -0.00000000887
200, 50.00000000000, 503.94495057935, -30000000.00000000000, 0.00000000000, 0.00000000000, -0.00000006215, 0.03299999918
201, 50.00000000000, 509.13812529687, 32.89050445749, 4.12500003222, 0.00000000000, 0.00000000122, 0.00000000097
202, 50.00000000000, 526.12302968527, -30000000.00000000000, 0.00000000000, 0.00000000000, -0.00000004692, 0.03299999918
203, 50.00000000000, 534.64282735703, 31.20401203444, 4.12500003222, 0.00000000000, -0.00000000018, 0.00000000283
204, 50.00000000000, 545.60560900135, 42.85235382682, 4.12500003222, 0.00000000000, 0.00000000024, -0.00000000380
205, 50.00000000000, 558.94771264613, -30000000.00000000000, 0.00000000000, 0.00000000000, -0.00000001469, 0.03299999918
206, 50.00000000000, 571.00124199406, 36.22417636341, 4.12500003222, 0.00000000000, -0.00000000187, 0.00000000025
207, 50.00000000000, 583.37286593056, 40.45392256232, 4.12500003222, 0.00000000000, -0.00000000330, -0.00000000459
208, 50.00000000000, 604.95666929680, 44.03176638335, 4.12500003222, 0.00000000000, 0.00000000096, 0.00000000396
209, 50.00000000000, 615.07882317237, 43.68831892469, 4.12500003222, 0.00000000000, -0.00000000035, -0.00000000663
210, 50.00000000000, 626.65287327211, 38.89718509586, 4.12500003222, 0.00000000000, -0.00000000228, -0.00000000366
211, 50.00000000000, 637.23101013947, 38.37734309994, 4.12500003222, 0.00000000000, -0.00000000142, 0.00000000136
212, 50.00000000000, 646.04307738989, 29.58427483557, 4.12500003222, 0.00000000000, 0.00000000034, -0.00000000248
213, 50.00000000000, 660.86182690579, 42.62248257677, 4.12500003222, 0.00000000000, 0.00000000305, 0.00000000275
214, 50.00000000000, 675.53279587881, 47.78255777208, 4.12500003222, 0.00000000000, -0.00000000315, 0.00000000192
215, 50.00000000000, 686.73572500375, -30000000.00000000000, 0.00000000000, 0.00000000000, -0.00000000669, 0.03299999918
216, 50.00000000000, 695.20104340144, -30000000.00000000000, 0.00000000000, 0.00000000000, 0.00000000497, 0.03299999918
217, 50.00000000000, 705.99048774219, -30000000.00000000000, 0.00000000000, 0.00000000000, 0.00000007785, 0.03299999918
218, 50.00000000000, 719.48706865122, 28.75962064854, 4.12500003222, 0.00000000000, -0.00000000102, 0.00000000250
219, 50.00000000000, 730.94940716283, -30000000.00000000000, 0.00000000000, 0.00000000000, -0.00000000746, 0.03299999918
220, 50.00000000000, 746.39360332665, 29.82648664891, 4.12500003222, 0.00000000000, -0.00000000042, -0.00000000300
221, 50.00000000000, 763.11600045280, 23.04583382212, 4.12500003222, 0.00000000000, -0.00000000031, 0.00000000636
222, 50.00000000000, 779.36362135466, 45.68727719907, 4.12500003222, 0.00000000000, 0.00000000078, -0.00000000264
223, 50.00000000000, 782.03370722991, -30000000.00000000000, 0.00000000000, 0.00000000000, -0.00000007945, 0.03299999918
224, 50.00000000000, 791.97734390351, -30000000.00000000000, 0.00000000000, 0.00000000000, -0.00000009745, 0.03299999918
225, 50.00000000000, 809.80304031432, 25.71176806386, 4.12500003222, 0.00000000000, -0.00000000039, 0.00000000366
226, 50.00000000000, 817.03130896225, 35.89571260006, 4.12500003222, 0.00000000000, -0.00000000088, -0.00000000064
227, 50.00000000000, 831.31960049592, 33.58042415216, 4.12500003222, 0.00000000000, -0.00000000121, -0.00000000013
228, 50.00000000000, 840.83931987415, 27.90160031924, 4.12500003222, 0.00000000000, -0.00000000391, -0.00000000936
229, 50.00000000000, 856.40823952908, 38.56292099389, 4.12500003222, 0.00000000000, -0.00000000004, -0.00000000210
230, 50.00000000000, 869.69613647155, 52.22695484912, 4.12500003222, 0.00000000000, 0.00000000026, -0.00000000572
231, 50.00000000000, 875.84497273303, 38.70358477734, 4.12500003222, 0.00000000000, 0.00000000053, -0.00000000057
232, 50.00000000000, 888.23048133125, 51.53542766961, 4.12500003222, 0.00000000000, 0.00000000002, -0.00000000258
233, 50.00000000000, 900.70616625415, 16.16661894793, 4.12500003222, 0.00000000000, 0.00000000076, -0.00000000160
234, 50.00000000000, 910.90049972501, 38.85748091859, 4.12500003222, 0.00000000000, -0.00000000112, 0.00000000815
235, 50.00000000000, 926.29424641774, 23.91191752080, 4.12500003222, 0.00000000000, 0.00000000003, 0.00000000522
236, 50.00000000000, 947.49152661111, 17.82093288425, 4.12500003222, 0.00000000000, -0.00000000115, -0.00000000266
237, 50.00000000000, 946.14778617591, 50.58837355650, 4.12500003222, 0.00000000000, -0.00000000029, 0.00000000410
238, 50.00000000000, 959.91865271408, 17.75412288093, 4.12500003222, 0.00000000000, -0.00000000057, -0.00000000370
239, 50.00000000000, 975.17368236142, 15.72941455439, 4.12500003222, 0.00000000000, 0.00000000045, -0.00000000096
240, 50.00000000000, 22.59818992716, 29.05319269832, 4.12500003222, 0.00000000000, 0.00000000136, -0.00000000138
241, 50.00000000000, 34.34034061982, 54.36889739334, 4.12500003222, 0.00000000000, -0.00000000052, -0.00000000218
242, 50.00000000000, 43.14557308728, 42.04958886895, 4.12500003222, 0.00000000000, -0.00000000112, 0.00000000700
243, 50.00000000000, 50.38357708360, 46.86742490764, 4.12500003222, 0.00000000000, 0.00000000312, 0.00000000882
244, 50.00000000000, 59.70716279217, 34.36371620314, 4.12500003222, 0.00000000000, -0.00000000117, 0.00000000409
245, 50.00000000000, 66.08376919217, 58.45312164621, 4.12500003222, 0.00000000000, 0.00000000124, 0.00000000126
246, 50.00000000000, 90.32645165420, 35.72008137037, 4.12500003222, 0.00000000000, 0.00000000015, -0.00000000110
247, 50.00000000000, 104.93889123442, 16.30261328400, 4.12500003222, 0.00000000000, -0.00000000140, -0.00000000267
248, 50.00000000000, 100.60100975524, 54.07963146264, 4.12500003222, 0.00000000000, 0.00000000056, -0.00000000184
249, 50.00000000000, 118.88056700081, 44.75718624599, 4.12500003222, 0.00000000000, -0.00000000157, 0.00000000258
250, 50.00000000000, 131.71014997698, 41.14012977731, 4.12500003222, 0.00000000000, -0.00000000096, -0.00000000846
251, 50.00000000000, 149.08137975932, 35.67519573385, 4.12500003222, 0.00000000000, -0.00000000345, 0.00000000094
252, 50.00000000000, 158.65138526336, 44.54443800290, 4.12500003222, 0.00000000000, -0.00000000157, 0.00000000022
253, 50.00000000000, 170.57471310339, 48.44036340180, 4.12500003222, 0.00000000000, 0.00000000034, 0.00000000036
254, 50.00000000000, 179.66177214823, 57.17418916749, 4.12500003222, 0.00000000000, 0.00000000080, 0.00000000181
255, 50.00000000000, 198.91415901107, 29.48367085542, 4.12500003222, 0.00000000000, -0.00000000015, 0.00000000110
256, 50.00000000000, 199.49804059081, 39.74266245048, 4.12500003222, 0.00000000000, 0.00000000123, -0.00000000128
257, 50.00000000000, 221.85789537320, 43.29055460352, 4.12500003222, 0.00000000000, 0.00000000065, -0.00000000390
258, 50.00000000000, 233.82390981937, 41.73576769132, 4.12500003222, 0.00000000000, 0.00000000093, -0.00000000121
259, 50.00000000000, 245.90549480889, 31.45301204384, 4.12500003222, 0.00000000000, -0.00000000037, 0.00000000353
260, 50.00000000000, 254.01439236757, 54.88363803123, 4.12500003222, 0.00000000000, 0.00000000076, -0.00000000209
261, 50.00000000000, 269.65201315555, 41.64672767124, 4.12500003222, 0.00000000000, 0.00000000001, -0.00000000086
262, 50.00000000000, 283.69919595700, 48.48861171969, 4.12500003222, 0.00000000000, -0.00000000183, -0.00000000985
263, 50.00000000000, 294.06461600278, 43.82638088594, 4.12500003222, 0.00000000000, 0.00000000033, 0.00000000015
264, 50.00000000000, 297.86324766953, 55.41571026718, 4.12500003222, 0.00000000000, 0.00000000161, -0.00000000051
265, 50.00000000000, 316.01474121316, 38.72214808615, 4.12500003222, 0.00000000000, -0.00000000020, 0.00000000159
266, 50.00000000000, 327.98966748291, 41.05153271419, 4.12500003222, 0.00000000000, -0.00000000004, 0.00000000026
267, 50.00000000000, 339.31719870963, -30000000.00000000000, 0.00000000000, 0.00000000000, 0.00000002105, 0.03299999918
268, 50.00000000000, 350.22907257610, -30000000.00000000000, 0.00000000000, 0.00000000000, 0.00000008433, 0.03299999918
269, 50.00000000000, 360.16959987872, 52.71038121803, 4.12500003222, 0.00000000000, -0.00000000053, -0.00000000022
270, 50.00000000000, 379.90105571584, 63.84210302621, 4.12500003222, 0.00000000000, 0.00000000045, -0.00000000145
271, 50.00000000000, 379.57951287506, 42.68126316386, 4.12500003222, 0.00000000000, 0.00000000079, -0.00000000189
272, 50.00000000000, 404.29140711618, 56.35655859645, 4.12500003222, 0.00000000000, -0.00000000196, -0.00000000245
273, 50.00000000000, 418.98880174477, 57.69054614677, 4.12500003222, 0.00000000000, 0.00000000129, 0.00000000282
274, 50.00000000000, 426.28745583032, -30000000.00000000000, 0.00000000000, 0.00000000000, 0.00000006788, 0.03299999918
275, 50.00000000000, 429.03113392101, 47.84675348626, 4.12500003222, 0.00000000000, -0.00000000145, 0.00000000303
276, 50.00000000000, 451.70736354139, 38.37122655704, 4.12500003222, 0.00000000000, 0.00000000023, 0.00000000330
277, 50.00000000000, 460.14745526187, 31.92974092069, 4.12500003222, 0.00000000000, -0.00000000007, -0.00000000108
278, 50.00000000000, 469.08812326566, 40.44691625291, 4.12500003222, 0.00000000000, 0.00000000049, 0.00000000669
279, 50.00000000000, 486.20762512158, -30000000.00000000000, 0.00000000000, 0.00000000000, 0.00000000190, 0.03299999918
280, 50.00000000000, 497.75106034813, 27.88801507079, 4.12500003222, 0.00000000000, -0.00000000061, -0.00000000285
281, 50.00000000000, 503.17390965434, 50.86347707563, 4.12500003222, 0.00000000000, -0.00000000080, -0.00000000183
282, 50.00000000000, 521.75012231063, 37.79708543538, 4.12500003222, 0.00000000000, 0.00000000080, -0.00000000405
283, 50.00000000000, 539.43347580454, 52.40413096667, 4.12500003222, 0.00000000000, 0.00000000027, 0.00000000119
284, 50.00000000000, 553.62257781300, 50.14112801445, 4.12500003222, 0.00000000000, -0.00000000170, -0.00000000557
285, 50.00000000000, 560.26980390547, 27.07128729555, 4.12500003222, 0.00000000000, 0.00000000189, -0.00000000018
286, 50.00000000000, 574.22182242399, -30000000.00000000000, 0.00000000000, 0.00000000000, -0.00000001117, 0.03299999918
287, 50.00000000000, 584.20420567108, -30000000.00000000000, 0.00000000000, 0.00000000000, -0.00000002407, 0.03299999918
288, 50.00000000000, 596.85847479660, -30000000.00000000000, 0.00000000000, 0.00000000000, -0.00000002341, 0.03299999918
289, 50.00000000000, 614.03224984678, 54.16391463244, 4.12500003222, 0.00000000000, 0.00000000194, -0.00000000326
290, 50.00000000000, 630.81685013702, 49.36720502348, 4.12500003222, 0.00000000000, 0.00000000060, 0.00000000015
291, 50.00000000000, 640.03723732362, 51.41370712319, 4.12500003222, 0.00000000000, 0.00000000019, -0.00000000381
292, 50.00000000000, 649.67876126137, 41.58134509275, 4.12500003222, 0.00000000000, 0.00000000008, 0.00000000294
293, 50.00000000000, 655.41848670151, 54.91823775640, 4.12500003222, 0.00000000000, 0.00000000140, 0.00000000454
294, 50.00000000000, 671.42642918161, 39.20887811976, 4.12500003222, 0.00000000000, -0.00000000006, -0.00000000413
295, 50.00000000000, 686.37040497943, 46.04698447876, 4.12500003222, 0.00000000000, -0.00000000072, -0.00000000304
296, 50.00000000000, 694.00544580939, 28.36977920227, 4.12500003222, 0.00000000000, -0.00000000047, -0.00000000043
297, 50.00000000000, 707.69092987056, 40.38332446506, 4.12500003222, 0.00000000000, -0.00000000122, -0.00000000021
298, 50.00000000000, 724.01149978073, 54.81938180053, 4.12500003222, 0.00000000000, -0.00000000025, -0.00000000097
299, 50.00000000000, 730.06271853790, 40.99612799497, 4.12500003222, 0.00000000000, 0.00000000054, -0.00000000151
300, 50.00000000000, 741.64131121451, 39.35976897197, 4.12500003222, 0.00000000000, 0.00000000137, 0.00000000286
301, 50.00000000000, 755.29233367908, 37.42011533792, 4.12500003222, 0.00000000000, 0.00000000215, 0.00000000165
302, 50.00000000000, 771.87134874826, -30000000.00000000000, 0.00000000000, 0.00000000000, 0.00000005740, 0.03299999918
303, 50.00000000000, 783.10580942748, 35.28179480520, 4.12500003222, 0.00000000000, -0.00000000091, -0.00000000646
304, 50.00000000000, 793.59338891726, 40.28120848152, 4.12500003222, 0.00000000000, -0.00000000260, 0.00000000045
305, 50.00000000000, 805.86864958189, 40.72618031714, 4.12500003222, 0.00000000000, 0.00000000256, -0.00000000110
306, 50.00000000000, 821.13085858315, 42.36169394805, 4.12500003222, 0.00000000000, -0.00000000299, -0.00000000132
307, 50.00000000000, 831.67265674074, 42.85135763928, 4.12500003222, 0.00000000000, -0.00000000098, -0.00000000081
308, 50.00000000000, 844.96764055830, 53.76701402292, 4.12500003222, 0.00000000000, 0.00000000065, -0.00000000553
309, 50.00000000000, 852.57960411738, 19.06197900433, 4.12500003222, 0.00000000000, -0.00000000179, -0.00000000167
310, 50.00000000000, 866.59481830695, 37.73084115757, 4.12500003222, 0.00000000000, 0.00000000194, -0.00000000015
311, 50.00000000000, 876.58481337078, 15.14197833459, 4.12500003222, 0.00000000000, -0.00000000033, -0.00000000098
312, 50.00000000000, 893.36949414787, 65.31951770260, 4.12500003222, 0.00000000000, -0.00000000008, -0.00000000887
313, 50.00000000000, 900.22711129789, 28.46501999767, 4.12500003222, 0.00000000000, -0.00000000020, -0.00000000214
314, 50.00000000000, 911.99122875548, 27.37640220516, 4.12500003222, 0.00000000000, 0.00000000184, 0.00000000262
315, 50.00000000000, 918.50411337262, 64.74943113104, 4.12500003222, 0.00000000000, -0.00000000024, 0.00000000222
316, 50.00000000000, 937.89972108818, 59.78308153213, 4.12500003222, 0.00000000000, 0.00000000133, 0.00000000296
317, 50.00000000000, 951.59620219936, 61.06221785738, 4.12500003222, 0.00000000000, -0.00000000079, -0.00000000091
318, 50.00000000000, 952.59907626962, 26.66126281502, 4.12500003222, 0.00000000000, -0.00000000041, 0.00000000195
319, 50.00000000000, 968.59013458868, 25.71801558803, 4.12500003222, 0.00000000000, 0.00000000026, 0.00000000302
320, 50.00000000000, 20.94799744849, 41.21816097578, 4.12500003222, 0.00000000000, -0.00000000056, -0.00000000043
321, 50.00000000000, 27.66413738190, 49.23490182392, 4.12500003222, 0.00000000000, 0.00000000042, 0.00000000135
322, 50.00000000000, 45.51264195999, 32.83028961937, 4.12500003222, 0.00000000000, -0.00000000132, -0.00000000573
323, 50.00000000000, 50.59489575728, 74.02939292134, 4.12500003222, 0.00000000000, -0.00000000056, 0.00000000379
324, 50.00000000000, 67.25537093927, 48.27355479498, 4.12500003222, 0.00000000000, 0.00000000012, -0.00000000603
325, 50.00000000000, 78.28123685801, 60.85815411032, 4.12500003222, 0.00000000000, -0.00000000049, -0.00000000454
326, 50.00000000000, 91.77209549201, 48.48920067004, 4.12500003222, 0.00000000000, 0.00000000073, 0.00000000723
327, 50.00000000000, 97.86880220239, 76.25813558161, 4.12500003222, 0.00000000000, -0.00000000126, -0.00000000870
328, 50.00000000000, 102.66625225853, 27.85938072356, 4.12500003222, 0.00000000000, -0.00000000003, -0.00000000329
329, 50.00000000000, 124.47496792835, 56.72916955001, 4.12500003222, 0.00000000000, -0.00000000079, -0.00000000464
330, 50.00000000000, 138.20826043281, 33.78677911115, 4.12500003222, 0.00000000000, -0.00000000028, -0.00000000188
331, 50.00000000000, 139.95892857530, 57.47136568817, 4.12500003222, 0.00000000000, 0.00000000105, -0.00000000304
332, 50.00000000000, 162.42340239293, 29.85701507284, 4.12500003222, 0.00000000000, -0.00000000112, -0.00000000879
333, 50.00000000000, 176.32052052022, 34.07068730780, 4.12500003222, 0.00000000000, 0.00000000096, 0.00000000095
334, 50.00000000000, 188.96536262548, 54.71616664118, 4.12500003222, 0.00000000000, 0.00000000309, 0.00000000087
335, 50.00000000000, 191.40497438555, 64.71990057417, 4.12500003222, 0.00000000000, -0.00000000177, -0.00000000674
336, 50.00000000000, 209.62580577424, 38.62875657616, 4.12500003222, 0.00000000000, 0.00000000260, -0.00000000228
337, 50.00000000000, 221.41027657951, 56.51581457140, 4.12500003222, 0.00000000000, -0.00000000025, -0.00000000109
338, 50.00000000000, 230.88334129404, 53.71165027658, 4.12500003222, 0.00000000000, 0.00000000093, -0.00000000225
339, 50.00000000000, 245.79002317024, 47.51584434888, 4.12500003222, 0.00000000000, 0.00000000411, 0.00000000085
340, 50.00000000000, 265.06766032703, 30.13383845098, 4.12500003222, 0.00000000000, 0.00000000000, 0.00000000084
341, 50.00000000000, 265.16076815860, 64.54539307671, 4.12500003222, 0.00000000000, 0.00000000067, 0.00000000117
342, 50.00000000000, 279.93850242389, 73.98714712209, 4.12500003222, 0.00000000000, -0.00000000057, -0.00000000338
343, 50.00000000000, 293.29792593101, 81.87208253240, 4.12500003222, 0.00000000000, -0.00000000038, -0.00000000310
344, 50.00000000000, 303.15969457846, 63.34959243122, 4.12500003222, 0.00000000000, -0.00000000045, -0.00000000329
345, 50.00000000000, 313.50693107415, 62.57908996998, 4.12500003222, 0.00000000000, -0.00000000105, -0.00000000306
346, 50.00000000000, 328.24037221092, 69.47705659887, 4.12500003222, 0.00000000000, 0.00000000117, -0.00000000340
347, 50.00000000000, 333.72675528403, 53.36999210668, 4.12500003222, 0.00000000000, -0.00000000019, -0.00000000422
348, 50.00000000000, 347.64938993753, 72.46621152482, 4.12500003222, 0.00000000000, -0.00000000104, 0.00000000287
349, 50.00000000000, 364.11753914602, -30000000.00000000000, 0.00000000000, 0.00000000000, 0.00000004287, 0.03299999918
350, 50.00000000000, 378.32539378454, -30000000.00000000000, 0.00000000000, 0.00000000000, -0.00000005854, 0.03299999918
351, 50.00000000000, 387.42509928032, 27.35492603005, 4.12500003222, 0.00000000000, -0.00000000063, -0.00000000228
352, 50.00000000000, 406.20899653998, 66.29484941755, 4.12500003222, 0.00000000000, 0.00000000165, 0.00000000380
353, 50.00000000000, 417.35848004074, 77.34690286787, 4.12500003222, 0.00000000000, -0.00000000071, -0.00000000428
354, 50.00000000000, 427.53526872911, 35.60427999087, 4.12500003222, 0.00000000000, 0.00000000086, -0.00000000472
355, 50.00000000000, 442.71737826595, 69.31441533490, 4.12500003222, 0.00000000000, 0.00000000058, -0.00000000950
356, 50.00000000000, 462.41530696160, 49.60501036255, 4.12500003222, 0.00000000000, -0.00000000067, 0.00000000095
357, 50.00000000000, 468.66842326501, 58.85695730869, 4.12500003222, 0.00000000000, -0.00000000053, -0.00000000271
358, 50.00000000000, 475.92911584193, 50.25468341919, 4.12500003222, 0.00000000000, -0.00000000005, -0.00000000148
359, 50.00000000000, 483.80979379116, 58.89700848000, 4.12500003222, 0.00000000000, 0.00000000007, 0.00000000614
360, 50.00000000000, 496.66606516814, 40.53312482862, 4.12500003222, 0.00000000000, 0.00000000034, -0.00000000033
361, 50.00000000000, 513.60706560090, 46.41755160283, 4.12500003222, 0.00000000000, 0.00000000095, 0.00000000119
362, 50.00000000000, 522.13948842155, 53.46342195981, 4.12500003222, 0.00000000000, 0.00000000053, -0.00000000288
363, 50.00000000000, 535.78787500031, -30000000.00000000000, 0.00000000000, 0.00000000000, -0.00000000152, 0.03299999918
364, 50.00000000000, 546.07888544526, 25.30064869977, 4.12500003222, 0.00000000000, -0.00000000013, 0.00000000542
365, 50.00000000000, 557.46177445911, 60.64769484824, 4.12500003222, 0.00000000000, 0.00000000113, 0.00000000156
366, 50.00000000000, 574.60854996120, 59.52377907139, 4.12500003222, 0.00000000000, 0.00000000017, 0.00000001233
367, 50.00000000000, 589.62919604045, 50.53833551303, 4.12500003222, 0.00000000000, 0.00000000303, 0.00000000694
368, 50.00000000000, 594.98647814604, 34.96483559647, 4.12500003222, 0.00000000000, 0.00000000030, -0.00000000324
369, 50.00000000000, 606.59293970500, 31.64964164162, 4.12500003222, 0.00000000000, 0.00000000087, -0.00000000013
370, 50.00000000000, 624.92527622967, 72.80643796890, 4.12500003222, 0.00000000000, -0.00000000051, 0.00000000046
371, 50.00000000000, 642.81959799809, 59.76948039849, 4.12500003222, 0.00000000000, 0.00000000459, 0.00000000506
372, 50.00000000000, 648.78983650420, 50.39558828670, 4.12500003222, 0.00000000000, -0.00000000137, 0.00000000107
373, 50.00000000000, 665.87725733841, 52.32828719544, 4.12500003222, 0.00000000000, 0.00000000092, -0.00000000025
374, 50.00000000000, 670.29803977273, 23.21159876666, 4.12500003222, 0.00000000000, 0.00000000086, 0.00000000361
375, 50.00000000000, 685.31280114553, 67.06474368415, 4.12500003222, 0.00000000000, 0.00000000132, 0.00000000622
376, 50.00000000000, 696.48552806297, 42.23551233164, 4.12500003222, 0.00000000000, -0.00000000032, -0.00000000350
377, 50.00000000000, 706.60834753536, 28.05426193186, 4.12500003222, 0.00000000000, 0.00000000014, 0.00000000176
378, 50.00000000000, 718.79187674402, 41.03548268055, 4.12500003222, 0.00000000000, 0.00000000100, -0.00000000595
379, 50.00000000000, 746.85638159116, 63.48561634965, 4.12500003222, 0.00000000000, -0.00000000053, -0.00000000061
380, 50.00000000000, 731.37905528580, 29.95513012594, 4.12500003222, 0.00000000000, 0.00000000061, 0.00000000051
381, 50.00000000000, 756.55290691871, 72.64007957869, 4.12500003222, 0.00000000000, -0.00000000021, 0.00000000328
382, 50.00000000000, 769.50163983765, -30000000.00000000000, 0.00000000000, 0.00000000000, 0.00000008905, 0.03299999918
383, 50.00000000000, 787.92562085978, 53.64138022570, 4.12500003222, 0.00000000000, -0.00000000016, 0.00000000181
384, 50.00000000000, 790.37876796969, -30000000.00000000000, 0.00000000000, 0.00000000000, -0.00000008173, 0.03299999918
385, 50.00000000000, 813.11683888352, 62.10071700624, 4.12500003222, 0.00000000000, 0.00000000182, -0.00000000050
386, 50.00000000000, 821.84746859531, 59.36095696195, 4.12500003222, 0.00000000000, 0.00000000003, -0.00000000080
387, 50.00000000000, 837.21057569491, 48.86370354200, 4.12500003222, 0.00000000000, 0.00000000117, 0.00000000604
388, 50.00000000000, 844.29119937654, 40.57233202642, 4.12500003222, 0.00000000000, 0.00000000008, 0.00000000236
389, 50.00000000000, 852.48439211841, 46.47638489169, 4.12500003222, 0.00000000000, -0.00000000173, -0.00000000280
390, 50.00000000000, 862.97800456040, 49.22916104209, 4.12500003222, 0.00000000000, 0.00000000091, -0.00000000754
391, 50.00000000000, 887.22705478940, 39.71985664158, 4.12500003222, 0.00000000000, 0.00000000092, -0.00000000356
392, 50.00000000000, 889.08622522998, 28.21686796602, 4.12500003222, 0.00000000000, -0.00000000114, 0.00000000366
393, 50.00000000000, 895.96958103832, 52.82258960959, 4.12500003222, 0.00000000000, 0.00000000135, 0.00000000519
394, 50.00000000000, 920.54356473497, 43.06493956460, 4.12500003222, 0.00000000000, -0.00000000134, 0.00000000160
395, 50.00000000000, 927.98340435240, 50.20687879685, 4.12500003222, 0.00000000000, -0.00000000015, -0.00000000221
396, 50.00000000000, 936.01824476563, 24.58426726268, 4.12500003222, 0.00000000000, 0.00000000072, 0.00000000548
397, 50.00000000000, 942.88735525908, 29.16793990955, 4.12500003222, 0.00000000000, 0.00000000020, -0.00000000019
398, 50.00000000000, 963.18760139506, 38.28123453056, 4.12500003222, 0.00000000000, -0.00000000007, 0.00000000218
399, 50.00000000000, 971.29171719995, 46.63227751515, 4.12500003222, 0.00000000000, -0.00000000070, -0.00000000114
400, 50.00000000000, 10.04631171371, 45.59018466530, 4.12500003222, 0.00000000000, 0.00000000019, -0.00000000152
401, 50.00000000000, 27.94861913021, 89.21112088080, 4.12500003222, 0.00000000000, 0.00000000187, -0.00000000016
402, 50.00000000000, 42.73448831332, 55.31066314630, 4.12500003222, 0.00000000000, 0.00000000211, -0.00000000514
403, 50.00000000000, 52.27119795530, 58.01617251729, 4.12500003222, 0.00000000000, 0.00000000302, 0.00000000137
404, 50.00000000000, 54.98189888262, 67.05805243536, 4.12500003222, 0.00000000000, 0.00000000046, -0.00000000916
405, 50.00000000000, 74.47370959164, 83.96744106289, 4.12500003222, 0.00000000000, -0.00000000191, -0.00000000105
406, 50.00000000000, 86.24699209082, 85.05114398180, 4.12500003222, 0.00000000000, 0.00000000026, -0.00000000175
407, 50.00000000000, 99.43788621380, 40.54710744187, 4.12500003222, 0.00000000000, 0.00000000218, -0.00000000002
408, 50.00000000000, 109.13840558023, 51.57408056046, 4.12500003222, 0.00000000000, -0.00000000085, -0.00000000279
409, 50.00000000000, 115.46601984944, 57.73329423379, 4.12500003222, 0.00000000000, -0.00000000144, -0.00000000050
410, 50.00000000000, 132.76919482425, 48.06467440441, 4.12500003222, 0.00000000000, 0.00000000343, 0.00000000108
411, 50.00000000000, 148.80118971476, 57.88404465626, 4.12500003222, 0.00000000000, 0.00000000009, -0.00000000016
412, 50.00000000000, 157.51275565721, 60.52862470903, 4.12500003222, 0.00000000000, 0.00000000105, 0.00000000438
413, 50.00000000000, 169.08226759098, 72.87453201903, 4.12500003222, 0.00000000000, -0.00000000009, 0.00000000002
414, 50.00000000000, 179.13972967482, 47.90548607936, 4.12500003222, 0.00000000000, -0.00000000031, -0.00000000026
415, 50.00000000000, 197.81168192144, 47.74536749162, 4.12500003222, 0.00000000000, 0.00000000156, 0.00000000663
416, 50.00000000000, 203.85629440624, 53.59905401567, 4.12500003222, 0.00000000000, -0.00000000400, 0.00000000098
417, 50.00000000000, 218.14479164229, 69.29299315549, 4.12500003222, 0.00000000000, -0.00000000171, -0.00000001115
418, 50.00000000000, 231.67214572128, 66.87424981822, 4.12500003222, 0.00000000000, 0.00000000038, 0.00000000170
419, 50.00000000000, 239.74082003948, 56.27103431020, 4.12500003222, 0.00000000000, -0.00000000098, -0.00000000101
420, 50.00000000000, 254.96718336153, 40.06737402789, 4.12500003222, 0.00000000000, -0.00000000049, 0.00000000578
421, 50.00000000000, 263.63851704901, 51.69036969818, 4.12500003222, 0.00000000000, -0.00000000128, 0.00000000092
422, 50.00000000000, 273.41314713818, 54.92721144248, 4.12500003222, 0.00000000000, -0.00000000604, -0.00000000277
423, 50.00000000000, 287.27418331785, 56.15683003051, 4.12500003222, 0.00000000000, 0.00000000124, 0.00000001041
424, 50.00000000000, 304.63438555401, 40.43977425956, 4.12500003222, 0.00000000000, 0.00000000028, 0.00000000107
425, 50.00000000000, 309.27796289102, 50.42476625831, 4.12500003222, 0.00000000000, 0.00000000008, 0.00000000480
426, 50.00000000000, 324.42495507603, 60.40073766474, 4.12500003222, 0.00000000000, -0.00000000082, 0.00000000217
427, 50.00000000000, 340.02512858214, 62.24800844220, 4.12500003222, 0.00000000000, 0.00000000035, 0.00000000197
428, 50.00000000000, 353.93260550850, 64.25819329331, 4.12500003222, 0.00000000000, 0.00000000043, -0.00000000448
429, 50.00000000000, 366.64257421956, 63.55652631397, 4.12500003222, 0.00000000000, -0.00000000029, 0.00000000170
430, 50.00000000000, 384.45722424563, 72.97367016356, 4.12500003222, 0.00000000000, 0.00000000091, 0.00000000325
431, 50.00000000000, 386.07737314174, 52.58355226338, 4.12500003222, 0.00000000000, -0.00000000042, -0.00000000110
432, 50.00000000000, 397.36527080566, -30000000.00000000000, 0.00000000000, 0.00000000000, -0.00000006663, 0.03299999918
433, 50.00000000000, 405.77473729167, 82.47044162932, 4.12500003222, 0.00000000000, -0.00000000133, -0.00000000067
434, 50.00000000000, 427.09335143644, 69.75944901171, 4.12500003222, 0.00000000000, 0.00000000099, -0.00000000899
435, 50.00000000000, 437.59929442899, 58.25151191870, 4.12500003222, 0.00000000000, -0.00000000013, 0.00000001045
436, 50.00000000000, 451.60682941935, 61.03660364493, 4.12500003222, 0.00000000000, -0.00000000253, 0.00000000422
437, 50.00000000000, 466.26305924979, 75.93811027564, 4.12500003222, 0.00000000000, 0.00000000039, -0.00000000320
438, 50.00000000000, 475.14618381442, 28.47588123583, 4.12500003222, 0.00000000000, -0.00000000010, -0.00000000234
439, 50.00000000000, 496.39695276987, 60.46948607806, 4.12500003222, 0.00000000000, 0.00000000015, -0.00000000041
440, 50.00000000000, 491.66783819073, 70.61281673044, 4.12500003222, 0.00000000000, -0.00000000109, 0.00000000178
441, 50.00000000000, 509.87473101454, 58.33416675630, 4.12500003222, 0.00000000000, 0.00000000024, 0.00000000248
442, 50.00000000000, 530.27103415126, 45.28835508842, 4.12500003222, 0.00000000000, 0.00000000093, 0.00000000044
443, 50.00000000000, 532.00311626293, 62.09491769520, 4.12500003222, 0.00000000000, -0.00000000086, -0.00000000140
444, 50.00000000000, 547.70272268454, 62.12885721453, 4.12500003222, 0.00000000000, 0.00000000123, -0.00000000501
445, 50.00000000000, 565.59024531681, 68.18710360290, 4.12500003222, 0.00000000000, 0.00000000008, 0.00000000688
446, 50.00000000000, 571.85980211105, 47.72989780328, 4.12500003222, 0.00000000000, -0.00000000107, -0.00000000290
447, 50.00000000000, 580.85256642452, 52.06931767263, 4.12500003222, 0.00000000000, 0.00000000124, 0.00000000430
448, 50.00000000000, 602.03842770307, 83.34655065557, 4.12500003222, 0.00000000000, -0.00000000171, 0.00000000177
449, 50.00000000000, 611.84728103672, 67.95748472038, 4.12500003222, 0.00000000000, -0.00000000010, -0.00000000397
450, 50.00000000000, 622.77929775017, 49.00189454584, 4.12500003222, 0.00000000000, 0.00000000058, -0.00000000047
451, 50.00000000000, 632.45170718736, 61.04090731715, 4.12500003222, 0.00000000000, 0.00000000055, 0.00000000439
452, 50.00000000000, 652.46316607223, 92.12666869168, 4.12500003222, 0.00000000000, -0.00000000111, -0.00000000209
453, 50.00000000000, 665.73114825226, 60.13762361077, 4.12500003222, 0.00000000000, -0.00000000090, 0.00000000489
454, 50.00000000000, 673.31795613248, 75.08832911680, 4.12500003222, 0.00000000000, 0.00000000069, -0.00000000242
455, 50.00000000000, 680.99054750546, 57.91977510437, 4.12500003222, 0.00000000000, -0.00000000215, -0.00000000048
456, 50.00000000000, 698.41130047408, 51.87168208321, 4.12500003222, 0.00000000000, -0.00000000145, 0.00000000032
457, 50.00000000000, 710.10554081984, 85.56928230473, 4.12500003222, 0.00000000000, 0.00000000046, 0.00000000322
458, 50.00000000000, 723.73523797987, 74.58349723164, 4.12500003222, 0.00000000000, 0.00000000033, -0.00000000138
459, 50.00000000000, 732.20746090944, 49.40539213983, 4.12500003222, 0.00000000000, 0.00000000023, 0.00000000497
460, 50.00000000000, 740.64008020724, 54.94215173318, 4.12500003222, 0.00000000000, -0.00000000136, -0.00000000355
461, 50.00000000000, 762.99823942936, 49.39008022379, 4.12500003222, 0.00000000000, -0.00000000005, -0.00000000346
462, 50.00000000000, 765.52753712191, 65.03544477441, 4.12500003222, 0.00000000000, 0.00000000031, -0.00000000243
463, 50.00000000000, 772.40112804900, 53.68412744687, 4.12500003222, 0.00000000000, 0.00000000030, 0.00000000329
464, 50.00000000000, 792.29192826405, 64.41890825185, 4.12500003222, 0.00000000000, 0.00000000005, 0.00000000228
465, 50.00000000000, 812.04555608916, 50.45629359540, 4.12500003222, 0.00000000000, 0.00000000084, -0.00000000179
466, 50.00000000000, 825.99753940109, 51.21865374936, 4.12500003222, 0.00000000000, 0.00000000167, 0.00000000369
467, 50.00000000000, 835.11945041619, 60.54007272839, 4.12500003222, 0.00000000000, 0.00000000275, -0.00000000394
468, 50.00000000000, 837.87430562708, 72.31211993739, 4.12500003222, 0.00000000000, 0.00000000078, 0.00000000330
469, 50.00000000000, 855.34978868466, 54.81936688379, 4.12500003222, 0.00000000000, -0.00000000205, -0.00000000105
470, 50.00000000000, 871.13068935254, 59.15843965873, 4.12500003222, 0.00000000000, 0.00000000190, 0.00000000490
471, 50.00000000000, 878.34122961910, 48.52619595590, 4.12500003222, 0.00000000000, 0.00000000006, -0.00000000002
472, 50.00000000000, 882.60110133956, 61.09514019293, 4.12500003222, 0.00000000000, -0.00000000049, -0.00000000584
473, 50.00000000000, 904.64284130548, 48.83034228881, 4.12500003222, 0.00000000000, 0.00000000070, 0.00000000503
474, 50.00000000000, 914.45056311095, 53.62545297429, 4.12500003222, 0.00000000000, -0.00000000150, 0.00000000436
475, 50.00000000000, 931.64484392871, 72.17634613144, 4.12500003222, 0.00000000000, -0.00000000044, -0.00000000103
476, 50.00000000000, 937.87248457447, 48.17928180210, 4.12500003222, 0.00000000000, 0.00000000000, 0.00000000067
477, 50.00000000000, 944.03840339372, 69.66194413295, 4.12500003222, 0.00000000000, -0.00000000015, -0.00000000013
478, 50.00000000000, 959.96722598716, 50.29989096275, 4.12500003222, 0.00000000000, 0.00000000077, -0.00000000053
479, 50.00000000000, 976.25299089029, 58.30709650982, 4.12500003222, 0.00000000000, -0.00000000035, 0.00000000215
480, 50.00000000000, 18.60416272727, 54.46344993137, 4.12500003222, 0.00000000000, 0.00000000004, 0.00000000176
481, 50.00000000000, 29.14255459629, 64.64762048569, 4.12500003222, 0.00000000000, 0.00000000023, -0.00000000389
482, 50.00000000000, 41.10972301968, 66.74420504488, 4.12500003222, 0.00000000000, -0.00000000042, -0.00000000195
483, 50.00000000000, 50.48902313403, 89.38527588825, 4.12500003222, 0.00000000000, -0.00000000088, 0.00000000217
484, 50.00000000000, 62.51911070713, 80.38798215136, 4.12500003222, 0.00000000000, 0.00000000050, 0.00000000556
485, 50.00000000000, 76.63843161119, 49.41833740523, 4.12500003222, 0.00000000000, 0.00000000064, 0.00000000172
486, 50.00000000000, 88.38178620657, 59.02020956958, 4.12500003222, 0.00000000000, 0.00000000199, -0.00000000313
487, 50.00000000000, 98.87289907102, 63.96400508301, 4.12500003222, 0.00000000000, -0.00000000054, -0.00000000458
488, 50.00000000000, 109.74001988928, 65.66104006864, 4.12500003222, 0.00000000000, -0.00000000273, -0.00000000392
489, 50.00000000000, 121.11430636131, 69.49151416159, 4.12500003222, 0.00000000000, 0.00000000172, 0.00000000620
490, 50.00000000000, 132.63071957307, 62.41863857709, 4.12500003222, 0.00000000000, -0.00000000095, 0.00000000376
491, 50.00000000000, 145.91983599001, 69.08228486251, 4.12500003222, 0.00000000000, 0.00000000093, 0.00000000168
492, 50.00000000000, 154.71868402444, 50.70513049699, 4.12500003222, 0.00000000000, 0.00000000024, -0.00000000184
493, 50.00000000000, 172.92656696030, 63.20872986416, 4.12500003222, 0.00000000000, -0.00000000194, 0.00000000176
494, 50.00000000000, 181.06987476831, 81.48581529742, 4.12500003222, 0.00000000000, 0.00000000065, 0.00000000291
495, 50.00000000000, 206.82718884691, 73.79691414335, 4.12500003222, 0.00000000000, -0.00000000078, -0.00000000264
496, 50.00000000000, 213.61624769249, 25.92022961875, 4.12500003222, 0.00000000000, 0.00000000058, 0.00000000000
497, 50.00000000000, 209.22437685174, 61.78461048171, 4.12500003222, 0.00000000000, 0.00000000098, 0.00000000467
498, 50.00000000000, 230.80159013178, 78.78768563250, 4.12500003222, 0.00000000000, 0.00000000055, -0.00000000088
499, 50.00000000000, 243.15622464329, 76.15288963428, 4.12500003222, 0.00000000000, 0.00000000110, -0.00000000288
500, 50.00000000000, 255.99363305481, 77.62547446680, 4.12500003222, 0.00000000000, 0.00000000034, -0.00000000448
501, 50.00000000000, 267.90255053247, 77.39641551093, 4.12500003222, 0.00000000000, 0.00000000198, -0.00000000380
502, 50.00000000000, 277.79952343344, 63.85520477994, 4.12500003222, 0.00000000000, 0.00000000195, 0.00000000641
503, 50.00000000000, 291.92641894535, 69.93803222095, 4.12500003222, 0.00000000000, -0.00000000147, 0.00000000009
504, 50.00000000000, 304.39949943167, 93.71278011430, 4.12500003222, 0.00000000000, -0.00000000037, 0.00000000003
505, 50.00000000000, 317.01371101011, 73.49784776330, 4.12500003222, 0.00000000000, -0.00000000040, -0.00000000063
506, 50.00000000000, 326.72518331684, 84.01054850986, 4.12500003222, 0.00000000000, -0.00000000049, -0.00000000133
507, 50.00000000000, 336.14322643245, 75.23881606537, 4.12500003222, 0.00000000000, -0.00000000125, -0.00000000210
508, 50.00000000000, 352.59261749488, 85.04774919092, 4.12500003222, 0.00000000000, -0.00000000379, 0.00000000124
509, 50.00000000000, 359.86653909528, 75.45937397412, 4.12500003222, 0.00000000000, 0.00000000113, 0.00000000096
510, 50.00000000000, 379.59839592331, 88.65933709399, 4.12500003222, 0.00000000000, 0.00000000049, -0.00000000658
511, 50.00000000000, 392.76165843819, 84.56687584625, 4.12500003222, 0.00000000000, -0.00000000064, 0.00000000352
512, 50.00000000000, 396.17606046675, 50.19260048538, 4.12500003222, 0.00000000000, 0.00000000040, -0.00000000077
513, 50.00000000000, 412.45539796638, 50.83952154792, 4.12500003222, 0.00000000000, 0.00000000049, 0.00000000189
514, 50.00000000000, 429.32104610475, 57.96728756270, 4.12500003222, 0.00000000000, -0.00000000123, 0.00000000689
515, 50.00000000000, 436.18991897557, 74.84084248041, 4.12500003222, 0.00000000000, 0.00000000103, -0.00000000444
516, 50.00000000000, 444.21086795949, 50.28276581335, 4.12500003222, 0.00000000000, 0.00000000151, 0.00000000053
517, 50.00000000000, 460.11124662997, 64.90492606210, 4.12500003222, 0.00000000000, -0.00000000111, 0.00000000274
518, 50.00000000000, 473.82905888554, 66.51721418858, 4.12500003222, 0.00000000000, 0.00000000065, 0.00000000163
519, 50.00000000000, 481.92569509267, 74.32449572443, 4.12500003222, 0.00000000000, -0.00000000187, 0.00000000200
520, 50.00000000000, 505.49826748327, 83.51002520864, 4.12500003222, 0.00000000000, -0.00000000006, 0.00000000047
521, 50.00000000000, 515.58020110813, 74.92999530129, 4.12500003222, 0.00000000000, -0.00000000037, -0.00000000382
522, 50.00000000000, 528.46788703709, 74.11886071540, 4.12500003222, 0.00000000000, -0.00000000001, 0.00000000394
523, 50.00000000000, 542.39358284980, 93.50798295586, 4.12500003222, 0.00000000000, -0.00000000002, 0.00000000051
524, 50.00000000000, 552.93228221696, 75.11344168465, 4.12500003222, 0.00000000000, 0.00000000141, -0.00000000330
525, 50.00000000000, 564.36450545127, 53.94746068520, 4.12500003222, 0.00000000000, -0.00000000096, -0.00000000086
526, 50.00000000000, 577.74523144746, 73.20685259166, 4.12500003222, 0.00000000000, -0.00000000210, -0.00000000177
527, 50.00000000000, 590.07728908963, 74.90408166857, 4.12500003222, 0.00000000000, -0.00000000080, 0.00000000518
528, 50.00000000000, 597.49357586087, 58.06475736161, 4.12500003222, 0.00000000000, 0.00000000013, -0.00000000310
529, 50.00000000000, 613.49869454736, 78.58547348570, 4.12500003222, 0.00000000000, -0.00000000060, 0.00000000031
530, 50.00000000000, 623.23620656735, 60.64390810466, 4.12500003222, 0.00000000000, 0.00000000118, 0.00000000389
531, 50.00000000000, 638.50168389851, 81.77747604253, 4.12500003222, 0.00000000000, -0.00000000048, 0.00000000555
532, 50.00000000000, 648.83910059041, 68.96702110946, 4.12500003222, 0.00000000000, -0.00000000579, -0.00000000524
533, 50.00000000000, 658.92255706760, 67.80670659225, 4.12500003222, 0.00000000000, -0.00000000045, -0.00000000696
534, 50.00000000000, 673.25737277812, 86.28037168442, 4.12500003222, 0.00000000000, -0.00000000014, 0.00000000253
535, 50.00000000000, 690.56085267130, 58.12115628327, 4.12500003222, 0.00000000000, 0.00000000065, -0.00000000487
536, 50.00000000000, 698.36752581135, 65.69093242403, 4.12500003222, 0.00000000000, 0.00000000341, -0.00000000065
537, 50.00000000000, 710.26522962018, 72.37846787243, 4.12500003222, 0.00000000000, -0.00000000008, 0.00000000359
538, 50.00000000000, 716.48969658292, 48.03257328248, 4.12500003222, 0.00000000000, -0.00000000080, 0.00000000907
539, 50.00000000000, 733.55564620436, 85.29736318183, 4.12500003222, 0.00000000000, -0.00000000094, -0.00000000064
540, 50.00000000000, 740.94329944286, 73.36264466867, 4.12500003222, 0.00000000000, 0.00000000046, -0.00000000183
541, 50.00000000000, 759.61223426599, 87.79818739429, 4.12500003222, 0.00000000000, 0.00000000003, -0.00000000164
542, 50.00000000000, 771.07114840380, 74.09681850105, 4.12500003222, 0.00000000000, -0.00000000049, 0.00000000110
543, 50.00000000000, 780.29436508615, 62.41624973893, 4.12500003222, 0.00000000000, -0.00000000177, 0.00000000298
544, 50.00000000000, 799.50430670267, 50.08226455502, 4.12500003222, 0.00000000000, 0.00000000139, 0.00000000343
545, 50.00000000000, 803.16738012351, 60.47315790718, 4.12500003222, 0.00000000000, -0.00000000253, 0.00000000428
546, 50.00000000000, 814.85801781376, 84.17032494594, 4.12500003222, 0.00000000000, 0.00000000198, 0.00000000347
547, 50.00000000000, 826.57130782471, 67.35648128958, 4.12500003222, 0.00000000000, -0.00000000153, 0.00000000114
548, 50.00000000000, 846.58655295537, 63.67374763850, 4.12500003222, 0.00000000000, 0.00000000211, -0.00000000089
549, 50.00000000000, 860.43966722439, 60.13999947404, 4.12500003222, 0.00000000000, -0.00000000096, 0.00000000365
550, 50.00000000000, 860.95496781496, 68.74980185477, 4.12500003222, 0.00000000000, -0.00000000128, 0.00000000853
551, 50.00000000000, 873.20548744721, 69.41468529431, 4.12500003222, 0.00000000000, 0.00000000067, 0.00000000039
552, 50.00000000000, 889.03874382711, 85.87369104968, 4.12500003222, 0.00000000000, -0.00000000021, 0.00000000137
553, 50.00000000000, 906.59653063558, 64.95693210306, 4.12500003222, 0.00000000000, -0.00000000091, -0.00000000996
554, 50.00000000000, 909.68916659525, 75.97823119452, 4.12500003222, 0.00000000000, 0.00000000065, -0.00000000053
555, 50.00000000000, 922.80095165227, 79.48656122197, 4.12500003222, 0.00000000000, -0.00000000047, -0.00000000169
556, 50.00000000000, 936.36728110059, 39.67940909933, 4.12500003222, 0.00000000000, 0.00000000053, -0.00000000524
557, 50.00000000000, 946.03860415356, 38.38018538688, 4.12500003222, 0.00000000000, 0.00000000137, 0.00000000094
558, 50.00000000000, 962.06063959615, 60.97389194704, 4.12500003222, 0.00000000000, -0.00000000122, 0.00000000128
559, 50.00000000000, 973.15764592765, 70.74613656279, 4.12500003222, 0.00000000000, -0.00000000073, 0.00000000203
560, 50.00000000000, 16.22559154230, 68.11771494527, 4.12500003222, 0.00000000000, -0.00000000079, 0.00000000128
561, 50.00000000000, 30.49627229364, 76.75152953556, 4.12500003222, 0.00000000000, -0.00000000442, -0.00000000350
562, 50.00000000000, 40.68709105157, 76.19235079258, 4.12500003222, 0.00000000000, -0.00000000135, 0.00000000758
563, 50.00000000000, 59.14659927836, 51.36467062609, 4.12500003222, 0.00000000000, 0.00000000039, -0.00000000391
564, 50.00000000000, 64.51329984498, 71.34828449084, 4.12500003222, 0.00000000000, 0.00000000153, -0.00000000649
565, 50.00000000000, 74.85340380073, 68.61354079023, 4.12500003222, 0.00000000000, 0.00000000169, -0.00000000083
566, 50.00000000000, 86.29354955720, 70.85438414449, 4.12500003222, 0.00000000000, 0.00000000077, 0.00000000435
567, 50.00000000000, 101.35168183898, 87.03329158157, 4.12500003222, 0.00000000000, 0.00000000086, 0.00000000501
568, 50.00000000000, 109.74001747884, 76.59750546897, 4.12500003222, 0.00000000000, 0.00000000171, 0.00000000028
569, 50.00000000000, 122.79564027831, 84.12480769907, 4.12500003222, 0.00000000000, 0.00000000114, -0.00000000412
570, 50.00000000000, 133.94946383650, 73.35711141844, 4.12500003222, 0.00000000000, 0.00000000083, 0.00000000033
571, 50.00000000000, 145.25733285660, 82.59296865510, 4.12500003222, 0.00000000000, -0.00000000003, -0.00000000080
572, 50.00000000000, 158.06212041696, 70.35821335620, 4.12500003222, 0.00000000000, -0.00000000043, -0.00000000011
573, 50.00000000000, 166.10844275255, 54.68740223783, 4.12500003222, 0.00000000000, -0.00000000065, 0.00000000380
574, 50.00000000000, 183.47368284682, 69.85763695607, 4.12500003222, 0.00000000000, -0.00000000111, -0.00000000351
575, 50.00000000000, 194.11366192418, 78.19865400704, 4.12500003222, 0.00000000000, -0.00000000108, 0.00000000221
576, 50.00000000000, 205.02539869187, 84.26569336269, 4.12500003222, 0.00000000000, 0.00000000131, 0.00000000574
577, 50.00000000000, 223.61074691901, 90.87474491782, 4.12500003222, 0.00000000000, -0.00000000035, 0.00000000000
578, 50.00000000000, 220.40842932746, 74.29210085968, 4.12500003222, 0.00000000000, 0.00000000383, 0.00000000856
579, 50.00000000000, 243.86724349063, 89.41817431939, 4.12500003222, 0.00000000000, -0.00000000019, -0.00000000306
580, 50.00000000000, 254.45727084364, 66.08606641854, 4.12500003222, 0.00000000000, 0.00000000067, 0.00000000123
581, 50.00000000000, 266.12921004473, 89.47827726333, 4.12500003222, 0.00000000000, 0.00000000087, -0.00000000162
582, 50.00000000000, 279.98328083723, 86.76180296997, 4.12500003222, 0.00000000000, 0.00000000020, -0.00000000014
583, 50.00000000000, 289.77455943571, 95.76556869898, 4.12500003222, 0.00000000000, -0.00000000157, -0.00000000242
584, 50.00000000000, 303.57395438429, 73.50934596768, 4.12500003222, 0.00000000000, -0.00000000041, 0.00000000595
585, 50.00000000000, 313.59943783766, 84.88752727409, 4.12500003222, 0.00000000000, -0.00000000089, -0.00000000021
586, 50.00000000000, 328.55062481358, 95.24811512730, 4.12500003222, 0.00000000000, 0.00000000082, 0.00000000256
587, 50.00000000000, 340.16809205857, 82.77159972146, 4.12500003222, 0.00000000000, -0.00000000067, 0.00000000714
588, 50.00000000000, 346.45314336680, 99.64280333912, 4.12500003222, 0.00000000000, -0.00000000005, -0.00000000637
589, 50.00000000000, 366.22633083624, 89.00368594189, 4.12500003222, 0.00000000000, -0.00000000002, -0.00000000534
590, 50.00000000000, 372.36181306602, 73.31057869814, 4.12500003222, 0.00000000000, 0.00000000033, 0.00000000417
591, 50.00000000000, 397.37265084601, 71.94110452822, 4.12500003222, 0.00000000000, 0.00000000240, 0.00000000489
592, 50.00000000000, 393.02199972170, 63.55040329297, 4.12500003222, 0.00000000000, -0.00000000149, -0.00000000044
593, 50.00000000000, 416.45489928757, 90.66037740265, 4.12500003222, 0.00000000000, -0.00000000093, -0.00000000019
594, 50.00000000000, 427.63009371314, 83.52058478051, 4.12500003222, 0.00000000000, 0.00000000100, -0.00000000310
595, 50.00000000000, 442.25901138632, 85.02794652772, 4.12500003222, 0.00000000000, 0.00000000108, 0.00000000011
596, 50.00000000000, 451.55791619909, 74.53166269529, 4.12500003222, 0.00000000000, 0.00000000105, -0.00000000047
597, 50.00000000000, 458.44706611137, 86.82943961635, 4.12500003222, 0.00000000000, -0.00000000011, -0.00000000109
598, 50.00000000000, 474.13503766682, 86.38813093218, 4.12500003222, 0.00000000000, -0.00000000119, -0.00000000098
599, 50.00000000000, 490.91893722457, 84.02829281947, 4.12500003222, 0.00000000000, -0.00000000011, 0.00000000062
600, 50.00000000000, 505.83204414660, 69.54754556632, 4.12500003222, 0.00000000000, -0.00000000010, 0.00000000027
601, 50.00000000000, 521.04919077173, 64.16356809084, 4.12500003222, 0.00000000000, -0.00000000027, 0.00000000192
602, 50.00000000000, 524.38852996120, 87.43985556294, 4.12500003222, 0.00000000000, 0.00000000018, -0.00000000105
603, 50.00000000000, 540.85923310841, 79.43963579081, 4.12500003222, 0.00000000000, -0.00000000027, 0.00000000004
604, 50.00000000000, 540.98599357864, 68.64334739079, 4.12500003222, 0.00000000000, -0.00000000042, -0.00000000008
605, 50.00000000000, 561.22317779487, 82.99572994174, 4.12500003222, 0.00000000000, 0.00000000271, 0.00000000094
606, 50.00000000000, 581.77294914134, 86.10322581632, 4.12500003222, 0.00000000000, -0.00000000102, 0.00000000031
607, 50.00000000000, 588.93876863419, 64.79653138727, 4.12500003222, 0.00000000000, -0.00000000175, -0.00000000721
608, 50.00000000000, 600.04277980972, 69.38880704396, 4.12500003222, 0.00000000000, -0.00000000029, 0.00000000118
609, 50.00000000000, 606.42353032568, 58.47723340461, 4.12500003222, 0.00000000000, 0.00000000320, -0.00000000703
610, 50.00000000000, 626.53125838264, 86.02710708605, 4.12500003222, 0.00000000000, 0.00000000361, -0.00000000064
611, 50.00000000000, 636.47792034142, 71.25328950233, 4.12500003222, 0.00000000000, -0.00000000150, -0.00000000175
612, 50.00000000000, 650.00049113882, 77.27645188608, 4.12500003222, 0.00000000000, -0.00000000035, 0.00000000039
613, 50.00000000000, 662.24749579103, 78.70982215827, 4.12500003222, 0.00000000000, -0.00000000006, -0.00000000319
614, 50.00000000000, 673.93756036055, 65.52182884937, 4.12500003222, 0.00000000000, 0.00000000014, -0.00000000360
615, 50.00000000000, 687.43782726664, 83.29523201822, 4.12500003222, 0.00000000000, -0.00000000025, -0.00000000035
616, 50.00000000000, 696.94463255641, 75.56767789487, 4.12500003222, 0.00000000000, 0.00000000061, 0.00000000468
617, 50.00000000000, 707.78336380647, 61.54220084019, 4.12500003222, 0.00000000000, 0.00000000104, 0.00000000423
618, 50.00000000000, 719.91279470858, 63.92751350752, 4.12500003222, 0.00000000000, 0.00000000036, -0.00000000081
619, 50.00000000000, 732.44018373668, 64.43576048734, 4.12500003222, 0.00000000000, 0.00000000077, -0.00000000090
620, 50.00000000000, 748.15122348157, 85.82212764035, 4.12500003222, 0.00000000000, -0.00000000003, -0.00000000688
621, 50.00000000000, 756.19994716333, 58.53423559530, 4.12500003222, 0.00000000000, -0.00000000008, 0.00000000234
622, 50.00000000000, 773.33522472894, 90.15330504316, 4.12500003222, 0.00000000000, 0.00000000028, -0.00000000401
623, 50.00000000000, 782.97301649841, 77.58249700753, 4.12500003222, 0.00000000000, -0.00000000102, -0.00000000345
624, 50.00000000000, 793.90103361606, 85.35267679409, 4.12500003222, 0.00000000000, -0.00000000038, 0.00000000004
625, 50.00000000000, 802.56401415013, 74.89362769851, 4.12500003222, 0.00000000000, -0.00000000125, -0.00000000540
626, 50.00000000000, 814.38283240680, 73.67194180696, 4.12500003222, 0.00000000000, -0.00000000154, -0.00000000610
627, 50.00000000000, 827.53312973375, 78.85015485732, 4.12500003222, 0.00000000000, 0.00000000022, 0.00000000288
628, 50.00000000000, 840.86052826202, 86.97233282796, 4.12500003222, 0.00000000000, 0.00000000080, -0.00000000156
629, 50.00000000000, 850.73472214676, 72.08337288844, 4.12500003222, 0.00000000000, 0.00000000164, 0.00000000077
630, 50.00000000000, 861.05355385133, 83.37513506226, 4.12500003222, 0.00000000000, 0.00000000116, 0.00000000068
631, 50.00000000000, 874.18718929307, 80.85868917623, 4.12500003222, 0.00000000000, -0.00000000087, 0.00000000524
632, 50.00000000000, 884.06435652236, 73.68155588727, 4.12500003222, 0.00000000000, -0.00000000070, -0.00000000183
633, 50.00000000000, 898.23347427313, 74.80145174594, 4.12500003222, 0.00000000000, -0.00000000042, 0.00000000027
634, 50.00000000000, 912.83977613515, 89.21414205865, 4.12500003222, 0.00000000000, -0.00000000101, 0.00000000175
635, 50.00000000000, 927.05542035407, 58.77143261026, 4.12500003222, 0.00000000000, 0.00000000081, -0.00000000135
636, 50.00000000000, 934.45960226333, 85.44169436455, 4.12500003222, 0.00000000000, -0.00000000090, -0.00000000142
637, 50.00000000000, 948.93108208286, 82.73867433007, 4.12500003222, 0.00000000000, -0.00000000001, 0.00000000142
638, 50.00000000000, 957.27418813270, 73.75626786479, 4.12500003222, 0.00000000000, -0.00000000068, -0.00000000129
639, 50.00000000000, 965.71282245020, 84.51401173053, 4.12500003222, 0.00000000000, 0.00000000010, -0.00000000373
