0, 50.00000000000, -12.30281952500, 50.00000000000, 4.12500003222, 0.00000000000, -0.00000000000, 0.00000000000
1, 50.00000000000, 0.63915485671, 50.00000000000, 4.12500003222, 0.00000000000, -0.00000000000, 0.00000000000
2, 50.00000000000, 8.87276456746, 50.00000000000, 4.12500003222, 0.00000000000, -0.00000000000, 0.00000000000
3, 50.00000000000, 15.72938922518, 50.00000000000, 4.12500003222, 0.00000000000, 0.00000000000, 0.00000000000
4, 50.00000000000, 23.85986688424, 50.00000000000, 4.12500003222, 0.00000000000, 0.00000000000, 0.00000000000
5, 50.00000000000, 28.94013353152, 50.00000000000, 4.12500003222, 0.00000000000, 0.00000000000, 0.00000000000
6, 50.00000000000, 37.07061120669, 50.00000000000, 4.12500003222, 0.00000000000, 0.00000000000, 0.00000000000
7, 50.00000000000, 43.92723583344, 50.00000000000, 4.12500003222, 0.00000000000, -0.00000000000, 0.00000000000
8, 50.00000000000, 52.16084555322, 50.00000000000, 4.12500003222, 0.00000000000, -0.00000000000, 0.00000000000
9, 50.00000000000, 65.10281992850, 50.00000000000, 4.12500003222, 0.00000000000, -0.00000000000, 0.00000000000
