0, 50.00000000000, 51.00576308167, 79.88047568355, 4.12500003222, 0.00000000000, 0.00000000412, -0.00000000494
1, 50.00000000000, 31.17842742412, 204.05093622008, 4.12500003222, 0.00000000000, 0.00000000000, 0.00000000000
2, 50.00000000000, 81.32945783610, 7.53004653817, 4.12500003222, 0.00000000000, -0.00000000384, -0.00000002988
3, 50.00000000000, 109.58202151055, 77.14836111806, 4.12500003222, 0.00000000000, -0.00000000397, -0.00000003436
4, 50.00000000000, 121.00351880868, 25.36561096361, 4.12500003222, 0.00000000000, 0.00000000954, -0.00000000689
5, 50.00000000000, 133.29807633820, 40.35746710958, 4.12500003222, 0.00000000000, 0.00000001080, -0.00000001955
6, 50.00000000000, 152.15481577831, 25.05647117377, 4.12500003222, 0.00000000000, 0.00000000916, 0.00000001411
7, 50.00000000000, 157.80675324189, 12.98176358112, 4.12500003222, 0.00000000000, -0.00000000794, 0.00000003766
8, 50.00000000000, 181.94277098558, 8.88132753228, 4.12500003222, 0.00000000000, -0.00000000332, 0.00000000442
9, 50.00000000000, 183.40693733236, 49.02444157487, 4.12500003222, 0.00000000000, -0.00000000488, 0.00000005562
10, 50.00000000000, 202.58474405264, 4.94187754209, 4.12500003222, 0.00000000000, 0.00000000570, 0.00000003535
11, 50.00000000000, 239.22420257199, 21.49706402249, 4.12500003222, 0.00000000000, -0.00000000180, -0.00000002310
12, 50.00000000000, 237.24997665012, 8.97001782193, 4.12500003222, 0.00000000000, 0.00000000101, 0.00000002463
13, 50.00000000000, 273.71306128678, 25.05826591044, 4.12500003222, 0.00000000000, -0.00000000956, 0.00000000904
14, 50.00000000000, 284.86829414675, 28.95444998049, 4.12500003222, 0.00000000000, -0.00000000507, 0.00000001070
15, 50.00000000000, 303.75053308945, 38.25878271445, 4.12500003222, 0.00000000000, -0.00000000263, 0.00000002078
16, 50.00000000000, 306.36237998720, 3.71575865292, 4.12500003222, 0.00000000000, 0.00000000486, -0.00000001649
17, 50.00000000000, 324.27629294653, 42.53777748026, 4.12500003222, 0.00000000000, -0.00000000327, 0.00000001184
18, 50.00000000000, 320.77220573898, -30000000.00000000000, 0.00000000000, 0.00000000000, 0.00000086896, 0.66000001198
19, 50.00000000000, 377.50067896470, 85.45693077162, 4.12500003222, 0.00000000000, 0.00000000885, -0.00000000143
20, 50.00000000000, 354.78505746845, -30000000.00000000000, 0.00000000000, 0.00000000000, -0.00000024838, 0.66000001198
21, 50.00000000000, 399.59626679896, 34.64504764921, 4.12500003222, 0.00000000000, -0.00000000285, 0.00000000704
22, 50.00000000000, 414.81109004597, 116.53725292874, 4.12500003222, 0.00000000000, -0.00000000324, 0.00000000446
23, 50.00000000000, 421.58225968437, 56.84824200503, 4.12500003222, 0.00000000000, 0.00000000327, 0.00000003109
24, 50.00000000000, 432.27415748936, -30000000.00000000000, 0.00000000000, 0.00000000000, -0.00000154884, 0.66000001198
25, 50.00000000000, 446.27011761690, 63.84812667575, 4.12500003222, 0.00000000000, 0.00000000093, -0.00000001563
26, 50.00000000000, 473.21404807329, 47.76035692764, 4.12500003222, 0.00000000000, -0.00000000341, -0.00000001223
27, 50.00000000000, 489.70860211365, 45.46421955465, 4.12500003222, 0.00000000000, -0.00000000262, -0.00000001246
28, 50.00000000000, 490.80233750401, -30000000.00000000000, 0.00000000000, 0.00000000000, 0.00000049650, 0.66000001198
29, 50.00000000000, 541.46511966075, 138.01784496094, 4.12500003222, 0.00000000000, -0.00000000139, -0.00000000090
30, 50.00000000000, 543.29608889488, 63.02021425673, 4.12500003222, 0.00000000000, -0.00000000526, -0.00000000732
31, 50.00000000000, 543.19691392511, -30000000.00000000000, 0.00000000000, 0.00000000000, -0.00000031239, 0.66000001198
32, 50.00000000000, 553.51083804229, -30000000.00000000000, 0.00000000000, 0.00000000000, -0.00000083369, 0.66000001198
33, 50.00000000000, 579.37083240396, -30000000.00000000000, 0.00000000000, 0.00000000000, -0.00000082370, 0.66000001198
34, 50.00000000000, 603.56168570700, 66.04259842833, 4.12500003222, 0.00000000000, 0.00000000445, 0.00000001166
35, 50.00000000000, 626.11421153309, 103.91672182216, 4.12500003222, 0.00000000000, -0.00000000463, -0.00000000321
36, 50.00000000000, 634.34508717800, -30000000.00000000000, 0.00000000000, 0.00000000000, 0.00000103929, 0.66000001198
37, 50.00000000000, 652.04110327195, -30000000.00000000000, 0.00000000000, 0.00000000000, 0.00000034749, 0.66000001198
38, 50.00000000000, 665.81883992390, -30000000.00000000000, 0.00000000000, 0.00000000000, -0.00000046471, 0.66000001198
39, 50.00000000000, 689.62023614904, -30000000.00000000000, 0.00000000000, 0.00000000000, -0.00000146193, 0.66000001198
40, 50.00000000000, 700.00972289972, -30000000.00000000000, 0.00000000000, 0.00000000000, -0.00000081334, 0.66000001198
41, 50.00000000000, 719.85141430925, -30000000.00000000000, 0.00000000000, 0.00000000000, -0.00000036030, 0.66000001198
42, 50.00000000000, 734.74850963746, 72.99209037534, 4.12500003222, 0.00000000000, -0.00000000893, 0.00000002477
43, 50.00000000000, 750.64451752108, 101.38814747801, 4.12500003222, 0.00000000000, -0.00000000176, -0.00000003181
44, 50.00000000000, 768.63934697562, 102.27402425503, 4.12500003222, 0.00000000000, -0.00000000419, -0.00000000697
45, 50.00000000000, 785.39871402538, -30000000.00000000000, 0.00000000000, 0.00000000000, 0.00000067281, 0.66000001198
46, 50.00000000000, 802.72063867561, -30000000.00000000000, 0.00000000000, 0.00000000000, -0.00000020174, 0.66000001198
47, 50.00000000000, 821.86992796889, -30000000.00000000000, 0.00000000000, 0.00000000000, -0.00000056600, 0.66000001198
48, 50.00000000000, 835.05849387833, -30000000.00000000000, 0.00000000000, 0.00000000000, -0.00000162012, 0.66000001198
49, 50.00000000000, 840.75087419096, 87.26189043944, 4.12500003222, 0.00000000000, -0.00000000202, -0.00000001123
50, 50.00000000000, 877.38136137834, -30000000.00000000000, 0.00000000000, 0.00000000000, 0.00000194555, 0.66000001198
51, 50.00000000000, 893.77444871763, -30000000.00000000000, 0.00000000000, 0.00000000000, 0.00000027232, 0.66000001198
52, 50.00000000000, 869.69696260720, 189.66931488356, 4.12500003222, 0.00000000000, -0.00000000396, -0.00000000473
53, 50.00000000000, 929.93711020118, -30000000.00000000000, 0.00000000000, 0.00000000000, -0.00000148395, 0.66000001198
54, 50.00000000000, 942.00735429253, -30000000.00000000000, 0.00000000000, 0.00000000000, -0.00000026674, 0.66000001198
55, 50.00000000000, 956.53609056131, -30000000.00000000000, 0.00000000000, 0.00000000000, 0.00000118068, 0.66000001198
56, 50.00000000000, 977.98592740005, -30000000.00000000000, 0.00000000000, 0.00000000000, -0.00000065949, 0.66000001198
57, 50.00000000000, 977.95259972155, 47.72933269934, 4.12500003222, 0.00000000000, 0.00000000639, -0.00000002169
58, 50.00000000000, 1013.21777405636, -30000000.00000000000, 0.00000000000, 0.00000000000, 0.00000144585, 0.66000001198
59, 50.00000000000, 1016.90621884216, 47.73798225045, 4.12500003222, 0.00000000000, 0.00000000419, -0.00000001892
60, 50.00000000000, 1025.56842341829, 114.08730285005, 4.12500003222, 0.00000000000, -0.00000000372, -0.00000001689
61, 50.00000000000, 1061.90329918524, -30000000.00000000000, 0.00000000000, 0.00000000000, 0.00000017793, 0.66000001198
62, 50.00000000000, 1072.90617315572, -30000000.00000000000, 0.00000000000, 0.00000000000, 0.00000042735, 0.66000001198
63, 50.00000000000, 1103.11362449263, 100.33385009234, 4.12500003222, 0.00000000000, -0.00000000020, -0.00000000026
64, 50.00000000000, 1094.57302753588, 1.68074575271, 4.12500003222, 0.00000000000, 0.00000000088, 0.00000000078
65, 50.00000000000, 1122.22268526279, 74.42770205819, 4.12500003222, 0.00000000000, -0.00000000326, -0.00000000189
66, 50.00000000000, 1118.00665643453, 29.50037596750, 4.12500003222, 0.00000000000, 0.00000000994, 0.00000001516
67, 50.00000000000, 1154.10646942339, 65.40860524564, 4.12500003222, 0.00000000000, 0.00000000264, -0.00000002609
68, 50.00000000000, 1172.45318396932, 39.87983541649, 4.12500003222, 0.00000000000, 0.00000000843, -0.00000006403
69, 50.00000000000, 1176.85543997964, 5.72613485757, 4.12500003222, 0.00000000000, -0.00000000133, -0.00000006539
70, 50.00000000000, 1189.13785118560, 24.76320107175, 4.12500003222, 0.00000000000, 0.00000000015, 0.00000005165
71, 50.00000000000, 1206.97623463959, 31.92257943080, 4.12500003222, 0.00000000000, 0.00000000372, 0.00000003239
72, 50.00000000000, 1235.17215112882, 45.56102672214, 4.12500003222, 0.00000000000, -0.00000000090, 0.00000001196
73, 50.00000000000, 1207.08750819700, 111.87812576433, 4.12500003222, 0.00000000000, 0.00000000279, -0.00000000654
74, 50.00000000000, 1260.17270875198, 11.47773711105, 4.12500003222, 0.00000000000, -0.00000000431, -0.00000003135
75, 50.00000000000, 1273.60796542738, 5.18922510009, 4.12500003222, 0.00000000000, -0.00000000554, -0.00000002040
76, 50.00000000000, 1278.81204964195, 25.57577171678, 4.12500003222, 0.00000000000, 0.00000000111, 0.00000000766
77, 50.00000000000, 1283.98297072096, 36.99659259364, 4.12500003222, 0.00000000000, -0.00000000368, -0.00000004985
78, 50.00000000000, 1315.49089208584, 12.98103152050, 4.12500003222, 0.00000000000, -0.00000000280, 0.00000000538
79, 50.00000000000, 1300.82078034719, 86.12414069717, 4.12500003222, 0.00000000000, 0.00000000007, 0.00000001564
80, 50.00000000000, 46.28158714111, 13.89020212399, 4.12500003222, 0.00000000000, 0.00000000440, 0.00000002056
81, 50.00000000000, 67.50708678444, 28.83988810456, 4.12500003222, 0.00000000000, -0.00000000458, 0.00000000124
82, 50.00000000000, 89.53407328469, 27.31092637196, 4.12500003222, 0.00000000000, 0.00000001078, 0.00000002874
83, 50.00000000000, 102.45145220363, 14.64367924856, 4.12500003222, 0.00000000000, 0.00000000937, 0.00000001092
84, 50.00000000000, 109.38481029611, 37.77040034707, 4.12500003222, 0.00000000000, -0.00000002080, -0.00000000887
85, 50.00000000000, 135.32050959838, 6.71459658431, 4.12500003222, 0.00000000000, -0.00000000296, 0.00000003857
86, 50.00000000000, 149.43521325975, 4.81172139914, 4.12500003222, 0.00000000000, -0.00000001099, 0.00000002011
87, 50.00000000000, 167.22155921511, 31.36090342310, 4.12500003222, 0.00000000000, -0.00000000365, -0.00000006630
88, 50.00000000000, 162.88520292120, 55.74227828607, 4.12500003222, 0.00000000000, 0.00000002180, 0.00000004991
89, 50.00000000000, 185.28933832366, 31.92259786965, 4.12500003222, 0.00000000000, 0.00000000787, -0.00000000925
90, 50.00000000000, 221.76746190071, 15.42413682154, 4.12500003222, 0.00000000000, -0.00000000143, 0.00000002705
91, 50.00000000000, 218.58833217107, 26.75330850445, 4.12500003222, 0.00000000000, -0.00000001420, -0.00000003030
92, 50.00000000000, 259.79167566855, 31.82826222362, 4.12500003222, 0.00000000000, 0.00000000369, -0.00000000320
93, 50.00000000000, 254.55161559525, 20.74972495293, 4.12500003222, 0.00000000000, -0.00000000182, 0.00000000409
94, 50.00000000000, 280.63462081293, 44.99552528428, 4.12500003222, 0.00000000000, -0.00000000019, 0.00000001732
95, 50.00000000000, 300.02832698286, 61.06318115450, 4.12500003222, 0.00000000000, 0.00000000167, 0.00000000670
96, 50.00000000000, 322.88576064250, 9.46974545716, 4.12500003222, 0.00000000000, 0.00000000865, -0.00000001709
97, 50.00000000000, 322.18925479461, 65.31338340455, 4.12500003222, 0.00000000000, -0.00000000234, -0.00000000690
98, 50.00000000000, 347.13670233256, 39.88606252680, 4.12500003222, 0.00000000000, 0.00000000875, 0.00000000144
99, 50.00000000000, 369.35592537536, 66.28061929197, 4.12500003222, 0.00000000000, -0.00000001724, 0.00000006761
100, 50.00000000000, 354.50184675772, -30000000.00000000000, 0.00000000000, 0.00000000000, -0.00000022625, 0.66000001198
101, 50.00000000000, 373.64157133848, -30000000.00000000000, 0.00000000000, 0.00000000000, -0.00000009073, 0.66000001198
102, 50.00000000000, 392.21622457898, -30000000.00000000000, 0.00000000000, 0.00000000000, 0.00000085312, 0.66000001198
103, 50.00000000000, 416.86688133052, 91.96617913496, 4.12500003222, 0.00000000000, 0.00000000016, -0.00000003698
104, 50.00000000000, 438.21106534486, 41.01462852028, 4.12500003222, 0.00000000000, 0.00000000073, -0.00000000207
105, 50.00000000000, 454.56736308263, 49.66719183163, 4.12500003222, 0.00000000000, 0.00000000343, 0.00000000394
106, 50.00000000000, 477.65489405567, 103.28421897274, 4.12500003222, 0.00000000000, -0.00000000506, -0.00000000611
107, 50.00000000000, 478.68647748534, -30000000.00000000000, 0.00000000000, 0.00000000000, 0.00000090104, 0.66000001198
108, 50.00000000000, 512.93828604714, 93.88816550708, 4.12500003222, 0.00000000000, 0.00000000083, -0.00000000968
109, 50.00000000000, 523.55329966034, 93.93942066526, 4.12500003222, 0.00000000000, 0.00000000371, -0.00000002332
110, 50.00000000000, 539.05201668111, -30000000.00000000000, 0.00000000000, 0.00000000000, 0.00000041767, 0.66000001198
111, 50.00000000000, 545.77179603882, -30000000.00000000000, 0.00000000000, 0.00000000000, -0.00000076431, 0.66000001198
112, 50.00000000000, 578.40436643107, 96.77868098412, 4.12500003222, 0.00000000000, -0.00000000209, -0.00000000654
113, 50.00000000000, 590.92876949283, 113.31892310086, 4.12500003222, 0.00000000000, 0.00000001612, -0.00000002231
114, 50.00000000000, 615.77148801821, 119.04289425919, 4.12500003222, 0.00000000000, -0.00000000181, 0.00000001164
115, 50.00000000000, 617.08287733555, -30000000.00000000000, 0.00000000000, 0.00000000000, 0.00000207609, 0.66000001198
116, 50.00000000000, 621.15503974163, -30000000.00000000000, 0.00000000000, 0.00000000000, 0.00000135948, 0.66000001198
117, 50.00000000000, 643.59352930570, -30000000.00000000000, 0.00000000000, 0.00000000000, 0.00000028890, 0.66000001198
118, 50.00000000000, 661.93821782888, -30000000.00000000000, 0.00000000000, 0.00000000000, -0.00000066518, 0.66000001198
119, 50.00000000000, 677.80786175520, -30000000.00000000000, 0.00000000000, 0.00000000000, -0.00000008347, 0.66000001198
120, 50.00000000000, 732.13022584140, 117.45307917188, 4.12500003222, 0.00000000000, -0.00000000911, 0.00000002375
121, 50.00000000000, 721.49371542873, 66.13248879090, 4.12500003222, 0.00000000000, -0.00000000697, 0.00000001743
122, 50.00000000000, 739.40988127993, 81.92446208390, 4.12500003222, 0.00000000000, -0.00000000248, 0.00000003553
123, 50.00000000000, 752.22759272297, -30000000.00000000000, 0.00000000000, 0.00000000000, 0.00000049558, 0.66000001198
124, 50.00000000000, 780.27940310345, 48.64602814225, 4.12500003222, 0.00000000000, 0.00000000685, 0.00000000304
125, 50.00000000000, 802.27259684481, 58.12903903894, 4.12500003222, 0.00000000000, -0.00000001080, -0.00000003826
126, 50.00000000000, 796.92100672307, -30000000.00000000000, 0.00000000000, 0.00000000000, 0.00000094659, 0.66000001198
127, 50.00000000000, 822.03916367755, -30000000.00000000000, 0.00000000000, 0.00000000000, -0.00000059331, 0.66000001198
128, 50.00000000000, 851.20911780922, 70.11024892038, 4.12500003222, 0.00000000000, -0.00000000948, -0.00000001791
129, 50.00000000000, 844.70633884245, 106.66987111781, 4.12500003222, 0.00000000000, -0.00000000285, 0.00000002580
130, 50.00000000000, 894.90581613725, 72.22114804363, 4.12500003222, 0.00000000000, -0.00000000369, -0.00000002342
131, 50.00000000000, 881.29162901969, -30000000.00000000000, 0.00000000000, 0.00000000000, 0.00000181700, 0.66000001198
132, 50.00000000000, 901.95507911787, -30000000.00000000000, 0.00000000000, 0.00000000000, -0.00000031456, 0.66000001198
133, 50.00000000000, 904.02129470531, 180.47436385275, 4.12500003222, 0.00000000000, 0.00000000150, -0.00000001122
134, 50.00000000000, 944.43258983589, 67.11480073663, 4.12500003222, 0.00000000000, 0.00000000731, -0.00000002382
135, 50.00000000000, 960.93506532832, 50.85348081778, 4.12500003222, 0.00000000000, 0.00000000095, -0.00000000645
136, 50.00000000000, 972.40402886907, -30000000.00000000000, 0.00000000000, 0.00000000000, -0.00000035837, 0.66000001198
137, 50.00000000000, 995.72955736069, 62.02436972960, 4.12500003222, 0.00000000000, 0.00000000311, -0.00000000155
138, 50.00000000000, 992.59982576198, 102.12892769215, 4.12500003222, 0.00000000000, -0.00000000359, 0.00000003732
139, 50.00000000000, 1031.32907735432, -30000000.00000000000, 0.00000000000, 0.00000000000, -0.00000093901, 0.66000001198
140, 50.00000000000, 1040.42099259026, -30000000.00000000000, 0.00000000000, 0.00000000000, -0.00000085620, 0.66000001198
141, 50.00000000000, 1045.85702421523, 57.30879048349, 4.12500003222, 0.00000000000, -0.00000000408, 0.00000000917
142, 50.00000000000, 1080.47056507641, -30000000.00000000000, 0.00000000000, 0.00000000000, -0.00000023831, 0.66000001198
143, 50.00000000000, 1082.75916666584, 51.34906756364, 4.12500003222, 0.00000000000, -0.00000000682, 0.00000000926
144, 50.00000000000, 1079.62806408652, 14.81088412833, 4.12500003222, 0.00000000000, 0.00000000118, 0.00000000113
145, 50.00000000000, 1104.60004000358, 12.46959445483, 4.12500003222, 0.00000000000, -0.00000000728, 0.00000001613
146, 50.00000000000, 1136.10786571909, 34.83908252546, 4.12500003222, 0.00000000000, -0.00000000678, 0.00000000330
147, 50.00000000000, 1154.57663284561, 28.32109636351, 4.12500003222, 0.00000000000, 0.00000000082, -0.00000001167
148, 50.00000000000, 1169.75999414755, 129.92050343400, 4.12500003222, 0.00000000000, -0.00000000707, -0.00000001219
149, 50.00000000000, 1171.37397476412, 26.91908174151, 4.12500003222, 0.00000000000, -0.00000000353, 0.00000005370
150, 50.00000000000, 1189.48662378656, 39.86110854333, 4.12500003222, 0.00000000000, -0.00000000360, -0.00000001545
151, 50.00000000000, 1211.10559123859, 13.61390538387, 4.12500003222, 0.00000000000, 0.00000000611, -0.00000000581
152, 50.00000000000, 1206.22852023758, 134.14405970997, 4.12500003222, 0.00000000000, 0.00000000111, -0.00000003373
153, 50.00000000000, 1243.52711120763, 14.16679119378, 4.12500003222, 0.00000000000, -0.00000000162, -0.00000002787
154, 50.00000000000, 1263.84816759845, 25.68635483765, 4.12500003222, 0.00000000000, 0.00000000844, -0.00000000084
155, 50.00000000000, 1263.05121111053, 63.90395939406, 4.12500003222, 0.00000000000, 0.00000001718, -0.00000004889
156, 50.00000000000, 1271.19676632099, 103.13455615853, 4.12500003222, 0.00000000000, -0.00000000929, 0.00000003700
157, 50.00000000000, 1280.05098900142, 60.38798062179, 4.12500003222, 0.00000000000, 0.00000000147, 0.00000003351
158, 50.00000000000, 1286.30294691046, 115.75504755431, 4.12500003222, 0.00000000000, 0.00000000818, -0.00000001911
159, 50.00000000000, 1298.55482240229, 64.18707797758, 4.12500003222, 0.00000000000, 0.00000000092, -0.00000005432
160, 50.00000000000, 56.72416672919, 26.43320581300, 4.12500003222, 0.00000000000, 0.00000000125, 0.00000000851
161, 50.00000000000, 76.04073001311, 79.47650401733, 4.12500003222, 0.00000000000, -0.00000000244, 0.00000000426
162, 50.00000000000, 94.16841376210, 7.45844294112, 4.12500003222, 0.00000000000, -0.00000000676, 0.00000000509
163, 50.00000000000, 103.53354337822, 29.59916028273, 4.12500003222, 0.00000000000, -0.00000000677, 0.00000002176
164, 50.00000000000, 115.77781298190, 58.44934173907, 4.12500003222, 0.00000000000, 0.00000000644, 0.00000004742
165, 50.00000000000, 119.18029746754, 46.48424122791, 4.12500003222, 0.00000000000, 0.00000001152, -0.00000001244
166, 50.00000000000, 151.57777121651, 39.14062498222, 4.12500003222, 0.00000000000, 0.00000000110, -0.00000000834
167, 50.00000000000, 166.30859061378, 22.11451940124, 4.12500003222, 0.00000000000, -0.00000000797, 0.00000000134
168, 50.00000000000, 172.26551866181, 63.64656185548, 4.12500003222, 0.00000000000, -0.00000000769, -0.00000002353
169, 50.00000000000, 200.25334463325, 15.53293904270, 4.12500003222, 0.00000000000, 0.00000000790, 0.00000003126
170, 50.00000000000, 218.86353717412, 5.93995435671, 4.12500003222, 0.00000000000, -0.00000000162, -0.00000001161
171, 50.00000000000, 236.33383167971, 34.08362033240, 4.12500003222, 0.00000000000, 0.00000000148, -0.00000000638
172, 50.00000000000, 256.89637277895, 8.16074443056, 4.12500003222, 0.00000000000, -0.00000000570, -0.00000000191
173, 50.00000000000, 268.81813651640, 48.37055807018, 4.12500003222, 0.00000000000, 0.00000000090, 0.00000000604
174, 50.00000000000, 287.51950876620, 7.97383621433, 4.12500003222, 0.00000000000, -0.00000000894, -0.00000003409
175, 50.00000000000, 296.12430597745, 13.67278240054, 4.12500003222, 0.00000000000, 0.00000000975, 0.00000000838
176, 50.00000000000, 316.28575713970, 24.91180263346, 4.12500003222, 0.00000000000, 0.00000000769, 0.00000002195
177, 50.00000000000, 336.62601762971, 49.07597389522, 4.12500003222, 0.00000000000, -0.00000000557, -0.00000000164
178, 50.00000000000, 356.04309438590, 86.57888741400, 4.12500003222, 0.00000000000, 0.00000000401, -0.00000004380
179, 50.00000000000, 363.78848934878, 98.91558407042, 4.12500003222, 0.00000000000, 0.00000001020, 0.00000000984
180, 50.00000000000, 382.41817938432, 103.30870777019, 4.12500003222, 0.00000000000, -0.00000000705, 0.00000000305
181, 50.00000000000, 398.55677281239, 89.34884709984, 4.12500003222, 0.00000000000, -0.00000000342, -0.00000003752
182, 50.00000000000, 417.74650648939, 105.98438330745, 4.12500003222, 0.00000000000, -0.00000000318, 0.00000004191
183, 50.00000000000, 418.78159388362, 38.49754382081, 4.12500003222, 0.00000000000, 0.00000000268, -0.00000002389
184, 50.00000000000, 419.54036532895, -30000000.00000000000, 0.00000000000, 0.00000000000, 0.00000008439, 0.66000001198
185, 50.00000000000, 448.91488298780, 121.78894460797, 4.12500003222, 0.00000000000, 0.00000000217, 0.00000000408
186, 50.00000000000, 468.49302331582, 85.86584299764, 4.12500003222, 0.00000000000, 0.00000000868, -0.00000001935
187, 50.00000000000, 482.57662434402, 81.44516346472, 4.12500003222, 0.00000000000, 0.00000000863, -0.00000000916
188, 50.00000000000, 506.72199495785, 61.53889597260, 4.12500003222, 0.00000000000, 0.00000000925, -0.00000002819
189, 50.00000000000, 525.81858707775, 46.62961101636, 4.12500003222, 0.00000000000, -0.00000000786, 0.00000005085
190, 50.00000000000, 520.58267380689, -30000000.00000000000, 0.00000000000, 0.00000000000, 0.00000135806, 0.66000001198
191, 50.00000000000, 555.48536352989, 82.14416725893, 4.12500003222, 0.00000000000, -0.00000000590, 0.00000001736
192, 50.00000000000, 571.24070007047, 150.19298981338, 4.12500003222, 0.00000000000, -0.00000000168, -0.00000000945
193, 50.00000000000, 580.33519649742, 183.90599340356, 4.12500003222, 0.00000000000, 0.00000000193, -0.00000000844
194, 50.00000000000, 596.60652023368, 169.01253785380, 4.12500003222, 0.00000000000, -0.00000000458, 0.00000001567
195, 50.00000000000, 612.28101428985, -30000000.00000000000, 0.00000000000, 0.00000000000, 0.00000223237, 0.66000001198
196, 50.00000000000, 639.89820585641, -30000000.00000000000, 0.00000000000, 0.00000000000, 0.00000073799, 0.66000001198
197, 50.00000000000, 653.53228575771, -30000000.00000000000, 0.00000000000, 0.00000000000, -0.00000007266, 0.66000001198
198, 50.00000000000, 678.23487862710, 58.94556115456, 4.12500003222, 0.00000000000, 0.00000000440, -0.00000003223
199, 50.00000000000, 673.06020826581, -30000000.00000000000, 0.00000000000, 0.00000000000, 0.00000070719, 0.66000001198
200, 50.00000000000, 712.84972247151, 101.09039908690, 4.12500003222, 0.00000000000, 0.00000000144, 0.00000002496
201, 50.00000000000, 728.73034472529, 104.77002392392, 4.12500003222, 0.00000000000, -0.00000000042, -0.00000001473
202, 50.00000000000, 731.13974764881, 49.74050529679, 4.12500003222, 0.00000000000, 0.00000001161, -0.00000000195
203, 50.00000000000, 756.44150424276, -30000000.00000000000, 0.00000000000, 0.00000000000, -0.00000024601, 0.66000001198
204, 50.00000000000, 765.68247227427, -30000000.00000000000, 0.00000000000, 0.00000000000, -0.00000020833, 0.66000001198
205, 50.00000000000, 799.22954750665, 42.92885392883, 4.12500003222, 0.00000000000, -0.00000000319, 0.00000000390
206, 50.00000000000, 818.78086828952, 38.76003391764, 4.12500003222, 0.00000000000, -0.00000001089, 0.00000000632
207, 50.00000000000, 811.43886323137, 71.48076389175, 4.12500003222, 0.00000000000, 0.00000001296, 0.00000001598
208, 50.00000000000, 828.80837514319, 102.75369635533, 4.12500003222, 0.00000000000, 0.00000000480, 0.00000000467
209, 50.00000000000, 830.99720012778, 70.96092778319, 4.12500003222, 0.00000000000, 0.00000000523, -0.00000001420
210, 50.00000000000, 866.59283745094, -30000000.00000000000, 0.00000000000, 0.00000000000, 0.00000161984, 0.66000001198
211, 50.00000000000, 890.63605409679, -30000000.00000000000, 0.00000000000, 0.00000000000, 0.00000103109, 0.66000001198
212, 50.00000000000, 902.10067861420, 50.53625115933, 4.12500003222, 0.00000000000, 0.00000000049, 0.00000000782
213, 50.00000000000, 915.76837511254, -30000000.00000000000, 0.00000000000, 0.00000000000, -0.00000147500, 0.66000001198
214, 50.00000000000, 937.85615281823, 110.47106523360, 4.12500003222, 0.00000000000, 0.00000000135, -0.00000001142
215, 50.00000000000, 959.44861739117, 62.23174496223, 4.12500003222, 0.00000000000, 0.00000000244, 0.00000002380
216, 50.00000000000, 980.75594585802, 60.74391873850, 4.12500003222, 0.00000000000, -0.00000000268, -0.00000000358
217, 50.00000000000, 984.27381532761, -30000000.00000000000, 0.00000000000, 0.00000000000, -0.00000176700, 0.66000001198
218, 50.00000000000, 1003.32229807529, -30000000.00000000000, 0.00000000000, 0.00000000000, 0.00000034875, 0.66000001198
219, 50.00000000000, 1025.88273151686, -30000000.00000000000, 0.00000000000, 0.00000000000, -0.00000022594, 0.66000001198
220, 50.00000000000, 1004.22330014277, 139.80770636224, 4.12500003222, 0.00000000000, 0.00000000143, 0.00000002459
221, 50.00000000000, 1053.00123589055, 51.86520993262, 4.12500003222, 0.00000000000, -0.00000000221, 0.00000000024
222, 50.00000000000, 1070.56770117253, 58.90537877573, 4.12500003222, 0.00000000000, 0.00000000249, 0.00000003189
223, 50.00000000000, 1081.12970942203, 35.78725460817, 4.12500003222, 0.00000000000, -0.00000000512, -0.00000004166
224, 50.00000000000, 1090.77218426695, 14.61611232204, 4.12500003222, 0.00000000000, 0.00000000370, 0.00000001066
225, 50.00000000000, 1123.33670408670, 20.98092728663, 4.12500003222, 0.00000000000, 0.00000000433, 0.00000003211
226, 50.00000000000, 1122.27818229326, 92.96258812662, 4.12500003222, 0.00000000000, 0.00000000153, 0.00000000085
227, 50.00000000000, 1148.46169847023, 47.24054382772, 4.12500003222, 0.00000000000, 0.00000001054, -0.00000002474
228, 50.00000000000, 1155.89849674216, 9.64837480732, 4.12500003222, 0.00000000000, -0.00000000325, -0.00000000410
229, 50.00000000000, 1172.62999256928, 14.90126988582, 4.12500003222, 0.00000000000, -0.00000000813, -0.00000001037
230, 50.00000000000, 1192.50505901332, 16.00781928058, 4.12500003222, 0.00000000000, 0.00000000746, -0.00000001296
231, 50.00000000000, 1214.40124358661, 70.68544911259, 4.12500003222, 0.00000000000, -0.00000001442, -0.00000002678
232, 50.00000000000, 1230.02091212772, 32.03739027137, 4.12500003222, 0.00000000000, -0.00000000642, -0.00000002323
233, 50.00000000000, 1228.10691726613, 63.19465132514, 4.12500003222, 0.00000000000, -0.00000000191, 0.00000000731
234, 50.00000000000, 1237.72509579000, 67.47704706324, 4.12500003222, 0.00000000000, -0.00000001144, -0.00000002018
235, 50.00000000000, 1255.93877948801, 84.58457199972, 4.12500003222, 0.00000000000, -0.00000000997, -0.00000005325
236, 50.00000000000, 1295.38909171655, 7.90580720235, 4.12500003222, 0.00000000000, 0.00000000104, -0.00000002488
237, 50.00000000000, 1280.42652400258, 79.23929025794, 4.12500003222, 0.00000000000, -0.00000000513, 0.00000003077
238, 50.00000000000, 1287.92331439639, 93.56128009709, 4.12500003222, 0.00000000000, 0.00000000191, -0.00000000148
239, 50.00000000000, 1312.83887067000, 90.91046746755, 4.12500003222, 0.00000000000, -0.00000000275, 0.00000002551
240, 50.00000000000, 63.78819407101, 47.43667441920, 4.12500003222, 0.00000000000, -0.00000000783, 0.00000000500
241, 50.00000000000, 60.15808344148, 7.60507302852, 4.12500003222, 0.00000000000, 0.00000001590, -0.00000000551
242, 50.00000000000, 80.18530591714, 22.35922217217, 4.12500003222, 0.00000000000, 0.00000000355, 0.00000002102
243, 50.00000000000, 107.91169527970, 91.82066994038, 4.12500003222, 0.00000000000, -0.00000000610, 0.00000000783
244, 50.00000000000, 125.67546397622, 89.32639838940, 4.12500003222, 0.00000000000, 0.00000000857, 0.00000000401
245, 50.00000000000, 132.00443646525, 66.77787949141, 4.12500003222, 0.00000000000, -0.00000002599, 0.00000003186
246, 50.00000000000, 144.79083890711, 20.82695174487, 4.12500003222, 0.00000000000, -0.00000000181, -0.00000001158
247, 50.00000000000, 136.68146254249, 122.33309597654, 4.12500003222, 0.00000000000, -0.00000000085, -0.00000000954
248, 50.00000000000, 140.98366643233, 80.60136708169, 4.12500003222, 0.00000000000, 0.00000000645, 0.00000001801
249, 50.00000000000, 155.11962608848, 94.54440674939, 4.12500003222, 0.00000000000, -0.00000000987, 0.00000001265
250, 50.00000000000, 202.03667988252, 24.50144339499, 4.12500003222, 0.00000000000, -0.00000000227, 0.00000000184
251, 50.00000000000, 193.44959504746, 112.28639495397, 4.12500003222, 0.00000000000, -0.00000000394, 0.00000002052
252, 50.00000000000, 245.37703594251, 52.83695318746, 4.12500003222, 0.00000000000, -0.00000000246, -0.00000000047
253, 50.00000000000, 272.28308561893, 36.19829281886, 4.12500003222, 0.00000000000, 0.00000000063, 0.00000001054
254, 50.00000000000, 234.76959380166, 158.07285709034, 4.12500003222, 0.00000000000, 0.00000001050, 0.00000000986
255, 50.00000000000, 255.66038208496, 159.54040742326, 4.12500003222, 0.00000000000, -0.00000000204, -0.00000000084
256, 50.00000000000, 288.45197017491, 163.27243952859, 4.12500003222, 0.00000000000, -0.00000000366, 0.00000001635
257, 50.00000000000, 334.77008201499, 59.54958361014, 4.12500003222, 0.00000000000, -0.00000000719, 0.00000000044
258, 50.00000000000, 355.30665344837, 75.03087398935, 4.12500003222, 0.00000000000, 0.00000000609, -0.00000001525
259, 50.00000000000, 364.58624387427, 33.51077020212, 4.12500003222, 0.00000000000, -0.00000000479, 0.00000002104
260, 50.00000000000, 381.28285187664, 47.81683455359, 4.12500003222, 0.00000000000, -0.00000000759, -0.00000001796
261, 50.00000000000, 389.06029883844, 56.17869559352, 4.12500003222, 0.00000000000, -0.00000000015, -0.00000005581
262, 50.00000000000, 388.93887788843, -30000000.00000000000, 0.00000000000, 0.00000000000, 0.00000061209, 0.66000001198
263, 50.00000000000, 433.43390507053, 90.99334926557, 4.12500003222, 0.00000000000, 0.00000000532, 0.00000001718
264, 50.00000000000, 432.09787693580, 56.39707797986, 4.12500003222, 0.00000000000, 0.00000000111, 0.00000000507
265, 50.00000000000, 449.47418898925, 85.12215980607, 4.12500003222, 0.00000000000, -0.00000000604, -0.00000000317
266, 50.00000000000, 468.12671410787, 120.95194151169, 4.12500003222, 0.00000000000, -0.00000000382, 0.00000000097
267, 50.00000000000, 489.45449275980, 91.58717318030, 4.12500003222, 0.00000000000, 0.00000000230, -0.00000001903
268, 50.00000000000, 500.81527695709, 81.97598560788, 4.12500003222, 0.00000000000, -0.00000000339, -0.00000002142
269, 50.00000000000, 525.31611865671, 61.52180501935, 4.12500003222, 0.00000000000, -0.00000000520, -0.00000003017
270, 50.00000000000, 531.84524923006, -30000000.00000000000, 0.00000000000, 0.00000000000, -0.00000014633, 0.66000001198
271, 50.00000000000, 561.54099231610, 102.64390890082, 4.12500003222, 0.00000000000, 0.00000000003, 0.00000000078
272, 50.00000000000, 564.84394991368, 64.45685629823, 4.12500003222, 0.00000000000, -0.00000000174, -0.00000000674
273, 50.00000000000, 602.31723703498, 135.56211075011, 4.12500003222, 0.00000000000, 0.00000000744, -0.00000000081
274, 50.00000000000, 610.65422401823, 103.13251177987, 4.12500003222, 0.00000000000, -0.00000001446, 0.00000004881
275, 50.00000000000, 616.24810948657, 83.94806863008, 4.12500003222, 0.00000000000, 0.00000000327, -0.00000000214
276, 50.00000000000, 629.15038711257, -30000000.00000000000, 0.00000000000, 0.00000000000, 0.00000099221, 0.66000001198
277, 50.00000000000, 666.01470489552, 73.40394509352, 4.12500003222, 0.00000000000, -0.00000000595, 0.00000004126
278, 50.00000000000, 660.57065993030, -30000000.00000000000, 0.00000000000, 0.00000000000, -0.00000089032, 0.66000001198
279, 50.00000000000, 681.85244022883, 42.74369661946, 4.12500003222, 0.00000000000, -0.00000001461, 0.00000003054
280, 50.00000000000, 694.87787975621, -30000000.00000000000, 0.00000000000, 0.00000000000, -0.00000029079, 0.66000001198
281, 50.00000000000, 720.19070928720, 84.77129475913, 4.12500003222, 0.00000000000, 0.00000000975, -0.00000001725
282, 50.00000000000, 745.01697509145, -30000000.00000000000, 0.00000000000, 0.00000000000, -0.00000014535, 0.66000001198
283, 50.00000000000, 765.39084113833, 120.95232754519, 4.12500003222, 0.00000000000, 0.00000000714, -0.00000000636
284, 50.00000000000, 776.76783063474, 83.00487612253, 4.12500003222, 0.00000000000, -0.00000000377, -0.00000000867
285, 50.00000000000, 786.29845201467, -30000000.00000000000, 0.00000000000, 0.00000000000, 0.00000050588, 0.66000001198
286, 50.00000000000, 819.64242583629, 55.03466285244, 4.12500003222, 0.00000000000, 0.00000001193, 0.00000000730
287, 50.00000000000, 838.93392428315, 50.89026388541, 4.12500003222, 0.00000000000, 0.00000000794, 0.00000002429
288, 50.00000000000, 839.46921890601, -30000000.00000000000, 0.00000000000, 0.00000000000, -0.00000101373, 0.66000001198
289, 50.00000000000, 871.48679139325, 70.59330928973, 4.12500003222, 0.00000000000, 0.00000000205, -0.00000002825
290, 50.00000000000, 861.14028534893, 90.36210820876, 4.12500003222, 0.00000000000, 0.00000000109, 0.00000002071
291, 50.00000000000, 882.26606233890, 54.35600186754, 4.12500003222, 0.00000000000, -0.00000000087, 0.00000000791
292, 50.00000000000, 905.22338823391, -30000000.00000000000, 0.00000000000, 0.00000000000, -0.00000110819, 0.66000001198
293, 50.00000000000, 919.32256605516, 101.88947953699, 4.12500003222, 0.00000000000, 0.00000000259, -0.00000001241
294, 50.00000000000, 925.03936594949, 49.31507354200, 4.12500003222, 0.00000000000, -0.00000000382, -0.00000002571
295, 50.00000000000, 946.40379422433, 42.50120908160, 4.12500003222, 0.00000000000, -0.00000001140, 0.00000002082
296, 50.00000000000, 972.53902261019, 93.50029120015, 4.12500003222, 0.00000000000, -0.00000000604, 0.00000001790
297, 50.00000000000, 983.77306151316, 82.86448536916, 4.12500003222, 0.00000000000, 0.00000000270, -0.00000000839
298, 50.00000000000, 1003.11655503240, 84.29155241489, 4.12500003222, 0.00000000000, -0.00000000371, -0.00000001105
299, 50.00000000000, 1030.85399897460, -30000000.00000000000, 0.00000000000, 0.00000000000, -0.00000088796, 0.66000001198
300, 50.00000000000, 1034.52709440865, 64.38983920130, 4.12500003222, 0.00000000000, -0.00000000774, -0.00000001586
301, 50.00000000000, 1051.95983894436, 94.53774784357, 4.12500003222, 0.00000000000, 0.00000000030, 0.00000002069
302, 50.00000000000, 1058.54918320098, 73.95652567534, 4.12500003222, 0.00000000000, 0.00000001226, -0.00000000911
303, 50.00000000000, 1095.76986868288, -30000000.00000000000, 0.00000000000, 0.00000000000, -0.00000083959, 0.66000001198
304, 50.00000000000, 1094.01591809783, 56.34073165531, 4.12500003222, 0.00000000000, -0.00000000130, 0.00000005336
305, 50.00000000000, 1123.69054696108, 52.56251775056, 4.12500003222, 0.00000000000, -0.00000001137, 0.00000002040
306, 50.00000000000, 1115.34240487314, 6.99583589789, 4.12500003222, 0.00000000000, -0.00000000911, 0.00000000561
307, 50.00000000000, 1135.75631666527, 75.84390399673, 4.12500003222, 0.00000000000, 0.00000000401, 0.00000003083
308, 50.00000000000, 1167.04056998793, 49.95947513728, 4.12500003222, 0.00000000000, -0.00000001111, 0.00000000876
309, 50.00000000000, 1189.25539810682, 70.64330434951, 4.12500003222, 0.00000000000, -0.00000001199, -0.00000001509
310, 50.00000000000, 1194.32622761491, 3.97852198533, 4.12500003222, 0.00000000000, -0.00000000256, -0.00000001042
311, 50.00000000000, 1197.02043840995, 78.40578131148, 4.12500003222, 0.00000000000, 0.00000001376, 0.00000004372
312, 50.00000000000, 1229.60322143057, 10.01370566386, 4.12500003222, 0.00000000000, 0.00000000453, 0.00000001316
313, 50.00000000000, 1223.38070818781, 26.36174574178, 4.12500003222, 0.00000000000, 0.00000000226, -0.00000000178
314, 50.00000000000, 1231.38399184386, 84.65149191531, 4.12500003222, 0.00000000000, 0.00000000271, 0.00000000303
315, 50.00000000000, 1246.45634781290, 51.57576148280, 4.12500003222, 0.00000000000, -0.00000000507, -0.00000000040
316, 50.00000000000, 1264.33561650591, 88.23815082052, 4.12500003222, 0.00000000000, 0.00000001157, -0.00000001688
317, 50.00000000000, 1283.13760458920, 48.36225120984, 4.12500003222, 0.00000000000, -0.00000000225, 0.00000001763
318, 50.00000000000, 1297.36159079219, 30.06160324572, 4.12500003222, 0.00000000000, 0.00000000366, -0.00000000451
319, 50.00000000000, 1319.75258831824, 54.41056800325, 4.12500003222, 0.00000000000, 0.00000000082, -0.00000001225
320, 50.00000000000, -15.81525601760, 88.63419828383, 4.12500003222, 0.00000000000, -0.00000000000, 0.00000000000
321, 50.00000000000, 70.46982405150, 11.66887113035, 4.12500003222, 0.00000000000, -0.00000001250, -0.00000000662
322, 50.00000000000, 81.11070409505, 59.94765199971, 4.12500003222, 0.00000000000, -0.00000001217, 0.00000002562
323, 50.00000000000, 96.25961834384, 48.03064050798, 4.12500003222, 0.00000000000, -0.00000000192, -0.00000004812
324, 50.00000000000, 73.44495054972, 252.90030052823, 4.12500003222, 0.00000000000, 0.00000000000, 0.00000000000
325, 50.00000000000, 132.91839211093, 14.90760242775, 4.12500003222, 0.00000000000, 0.00000000269, 0.00000001083
326, 50.00000000000, 144.85864743741, 45.14873068161, 4.12500003222, 0.00000000000, -0.00000000539, 0.00000000500
327, 50.00000000000, 165.48271449489, 42.92502727304, 4.12500003222, 0.00000000000, 0.00000000409, 0.00000000900
328, 50.00000000000, 182.37077341438, 16.77984475741, 4.12500003222, 0.00000000000, -0.00000000378, -0.00000001574
329, 50.00000000000, 175.88808376865, 85.07144998829, 4.12500003222, 0.00000000000, -0.00000000813, 0.00000000946
330, 50.00000000000, 189.08645312182, 129.40278491732, 4.12500003222, 0.00000000000, 0.00000000165, -0.00000000340
331, 50.00000000000, 191.22972139606, 93.10342953488, 4.12500003222, 0.00000000000, 0.00000000604, -0.00000001461
332, 50.00000000000, 261.39797507759, 55.56152132673, 4.12500003222, 0.00000000000, 0.00000000280, -0.00000000182
333, 50.00000000000, 273.30310554366, 83.63009920243, 4.12500003222, 0.00000000000, -0.00000000279, 0.00000001506
334, 50.00000000000, 292.48564415898, 79.37156753199, 4.12500003222, 0.00000000000, 0.00000000115, 0.00000000692
335, 50.00000000000, 273.67378880836, 149.09649593364, 4.12500003222, 0.00000000000, -0.00000000078, -0.00000000048
336, 50.00000000000, 314.19084797167, 48.76020999211, 4.12500003222, 0.00000000000, 0.00000000062, -0.00000000329
337, 50.00000000000, 344.72402316931, 90.92816920928, 4.12500003222, 0.00000000000, 0.00000000082, -0.00000000866
338, 50.00000000000, 348.21545258380, 63.89247512180, 4.12500003222, 0.00000000000, -0.00000001213, 0.00000000866
339, 50.00000000000, 340.00595498222, -30000000.00000000000, 0.00000000000, 0.00000000000, -0.00000017105, 0.66000001198
340, 50.00000000000, 368.06538322432, 52.82753478588, 4.12500003222, 0.00000000000, -0.00000000215, -0.00000000633
341, 50.00000000000, 400.26225240601, 48.40500475440, 4.12500003222, 0.00000000000, -0.00000001138, -0.00000000499
342, 50.00000000000, 405.46407318928, 71.67555329116, 4.12500003222, 0.00000000000, 0.00000000517, 0.00000001544
343, 50.00000000000, 411.95594727245, -30000000.00000000000, 0.00000000000, 0.00000000000, 0.00000040949, 0.66000001198
344, 50.00000000000, 421.63645327278, -30000000.00000000000, 0.00000000000, 0.00000000000, 0.00000031613, 0.66000001198
345, 50.00000000000, 452.94157921206, 101.19459283051, 4.12500003222, 0.00000000000, 0.00000000968, 0.00000001544
346, 50.00000000000, 464.51608947180, 69.53930769703, 4.12500003222, 0.00000000000, 0.00000000765, -0.00000000412
347, 50.00000000000, 486.23194685750, 68.27125372882, 4.12500003222, 0.00000000000, -0.00000000275, 0.00000006767
348, 50.00000000000, 506.66740895298, 51.24182480972, 4.12500003222, 0.00000000000, 0.00000000792, 0.00000004791
349, 50.00000000000, 508.76185780467, -30000000.00000000000, 0.00000000000, 0.00000000000, 0.00000080948, 0.66000001198
350, 50.00000000000, 560.96128376187, 134.97243671522, 4.12500003222, 0.00000000000, 0.00000000406, 0.00000000768
351, 50.00000000000, 569.29709201834, 85.03568128807, 4.12500003222, 0.00000000000, -0.00000000094, 0.00000000886
352, 50.00000000000, 572.87746795014, 117.66716927855, 4.12500003222, 0.00000000000, 0.00000000103, -0.00000000337
353, 50.00000000000, 583.87792666280, 73.64594689314, 4.12500003222, 0.00000000000, 0.00000000867, -0.00000001457
354, 50.00000000000, 600.35394329966, 101.89218242750, 4.12500003222, 0.00000000000, -0.00000001015, 0.00000002106
355, 50.00000000000, 617.92223997827, 95.63785583184, 4.12500003222, 0.00000000000, 0.00000001129, -0.00000000047
356, 50.00000000000, 616.48247717360, 174.41688805365, 4.12500003222, 0.00000000000, 0.00000000053, -0.00000000010
357, 50.00000000000, 647.84828761553, 106.63147751424, 4.12500003222, 0.00000000000, -0.00000000060, 0.00000001762
358, 50.00000000000, 661.03088529471, 170.36660409838, 4.12500003222, 0.00000000000, -0.00000001071, -0.00000001604
359, 50.00000000000, 683.79355610753, -30000000.00000000000, 0.00000000000, 0.00000000000, -0.00000056277, 0.66000001198
360, 50.00000000000, 713.61744236269, 120.78345336528, 4.12500003222, 0.00000000000, 0.00000000036, -0.00000001326
361, 50.00000000000, 727.93590932222, 33.32601890069, 4.12500003222, 0.00000000000, 0.00000000922, 0.00000001880
362, 50.00000000000, 748.67437615959, 114.87897338600, 4.12500003222, 0.00000000000, -0.00000000092, 0.00000000001
363, 50.00000000000, 746.34727807117, 38.41548344362, 4.12500003222, 0.00000000000, -0.00000000005, 0.00000000511
364, 50.00000000000, 756.26439592099, 83.43582960249, 4.12500003222, 0.00000000000, -0.00000000030, 0.00000000671
365, 50.00000000000, 799.10129960426, 216.20852150435, 4.12500003222, 0.00000000000, 0.00000000038, -0.00000000083
366, 50.00000000000, 807.98956735489, -30000000.00000000000, 0.00000000000, 0.00000000000, -0.00000008405, 0.66000001198
367, 50.00000000000, 811.47827788867, -30000000.00000000000, 0.00000000000, 0.00000000000, 0.00000036708, 0.66000001198
368, 50.00000000000, 833.69649444093, -30000000.00000000000, 0.00000000000, 0.00000000000, -0.00000141773, 0.66000001198
369, 50.00000000000, 828.95112695357, 125.99223597404, 4.12500003222, 0.00000000000, -0.00000000235, 0.00000001608
370, 50.00000000000, 862.06884126054, 112.18763030753, 4.12500003222, 0.00000000000, -0.00000000144, 0.00000000334
371, 50.00000000000, 890.63339669740, -30000000.00000000000, 0.00000000000, 0.00000000000, 0.00000103162, 0.66000001198
372, 50.00000000000, 898.68905612662, 94.57388531484, 4.12500003222, 0.00000000000, 0.00000000481, -0.00000001397
373, 50.00000000000, 914.23977892948, 63.59368985839, 4.12500003222, 0.00000000000, -0.00000000528, -0.00000000467
374, 50.00000000000, 938.21032532528, 55.70771199942, 4.12500003222, 0.00000000000, 0.00000000408, 0.00000000861
375, 50.00000000000, 963.24966930524, -30000000.00000000000, 0.00000000000, 0.00000000000, 0.00000058485, 0.66000001198
376, 50.00000000000, 975.56517072570, -30000000.00000000000, 0.00000000000, 0.00000000000, -0.00000023486, 0.66000001198
377, 50.00000000000, 986.44735818611, 29.87902066444, 4.12500003222, 0.00000000000, -0.00000000252, -0.00000001098
378, 50.00000000000, 998.35429093309, 47.80952320710, 4.12500003222, 0.00000000000, 0.00000000143, 0.00000003298
379, 50.00000000000, 1013.82953579932, 98.82289532910, 4.12500003222, 0.00000000000, -0.00000000019, 0.00000000919
380, 50.00000000000, 1035.58631992968, 77.90065601201, 4.12500003222, 0.00000000000, -0.00000000674, -0.00000001329
381, 50.00000000000, 1042.19947810748, 114.14222904153, 4.12500003222, 0.00000000000, 0.00000000539, 0.00000000423
382, 50.00000000000, 1067.95976561283, 82.33271869624, 4.12500003222, 0.00000000000, 0.00000000089, 0.00000000517
383, 50.00000000000, 1083.42594211116, 73.19728567361, 4.12500003222, 0.00000000000, 0.00000000607, -0.00000004679
384, 50.00000000000, 1094.60797993433, 33.18957221692, 4.12500003222, 0.00000000000, -0.00000000125, 0.00000000650
385, 50.00000000000, 1114.23126833283, 42.67012315935, 4.12500003222, 0.00000000000, 0.00000001450, 0.00000001097
386, 50.00000000000, 1132.21970137826, 41.71664575576, 4.12500003222, 0.00000000000, -0.00000000809, 0.00000001396
387, 50.00000000000, 1136.21640090847, 11.67937494585, 4.12500003222, 0.00000000000, 0.00000000290, -0.00000002021
388, 50.00000000000, 1154.37644523869, 42.16652870907, 4.12500003222, 0.00000000000, -0.00000000937, 0.00000002451
389, 50.00000000000, 1166.09926740591, 95.29455567161, 4.12500003222, 0.00000000000, 0.00000000256, 0.00000002345
390, 50.00000000000, 1191.01436271942, 101.56520299746, 4.12500003222, 0.00000000000, -0.00000000211, -0.00000000818
391, 50.00000000000, 1205.07014244669, 87.35095360417, 4.12500003222, 0.00000000000, -0.00000001468, -0.00000001954
392, 50.00000000000, 1222.52635964487, 50.66967504952, 4.12500003222, 0.00000000000, -0.00000000366, -0.00000001236
393, 50.00000000000, 1246.42361218004, 29.78828070541, 4.12500003222, 0.00000000000, 0.00000000274, 0.00000000936
394, 50.00000000000, 1241.08512647476, 91.70004198574, 4.12500003222, 0.00000000000, -0.00000000664, 0.00000000259
395, 50.00000000000, 1251.35722936472, 71.05561811207, 4.12500003222, 0.00000000000, 0.00000000313, 0.00000001760
396, 50.00000000000, 1264.69995917230, 43.80839664794, 4.12500003222, 0.00000000000, -0.00000000732, 0.00000000611
397, 50.00000000000, 1276.57254298300, 94.87763636513, 4.12500003222, 0.00000000000, 0.00000001574, -0.00000004070
398, 50.00000000000, 1306.61881003228, 108.79968644348, 4.12500003222, 0.00000000000, -0.00000000371, -0.00000001305
399, 50.00000000000, 1304.19744593431, 42.41565399043, 4.12500003222, 0.00000000000, 0.00000000653, 0.00000002420
400, 50.00000000000, 45.32433747547, 37.33585969287, 4.12500003222, 0.00000000000, -0.00000000334, -0.00000000323
401, 50.00000000000, 63.24576840884, 67.52480412244, 4.12500003222, 0.00000000000, 0.00000000059, -0.00000001931
402, 50.00000000000, 97.98558963327, 108.54083257122, 4.12500003222, 0.00000000000, 0.00000000161, 0.00000000496
403, 50.00000000000, 96.47355248086, 71.03395233371, 4.12500003222, 0.00000000000, -0.00000000065, 0.00000003221
404, 50.00000000000, 120.19762492673, 71.50149383076, 4.12500003222, 0.00000000000, -0.00000000416, -0.00000002690
405, 50.00000000000, 115.93572717403, 9.14225366839, 4.12500003222, 0.00000000000, 0.00000001076, 0.00000000972
406, 50.00000000000, 143.66927377933, 28.98327805267, 4.12500003222, 0.00000000000, 0.00000001536, -0.00000001277
407, 50.00000000000, 138.29686525764, 102.99898198252, 4.12500003222, 0.00000000000, -0.00000000184, -0.00000001392
408, 50.00000000000, 163.15815024628, 77.52837450379, 4.12500003222, 0.00000000000, -0.00000001004, -0.00000002963
409, 50.00000000000, 181.16712825258, 72.55176617745, 4.12500003222, 0.00000000000, -0.00000000423, -0.00000002571
410, 50.00000000000, 169.03557722483, 94.81742886176, 4.12500003222, 0.00000000000, 0.00000000046, -0.00000003135
411, 50.00000000000, 204.71418049420, 253.04500808899, 4.12500003222, 0.00000000000, 0.00000000000, 0.00000000000
412, 50.00000000000, 214.41138395913, 161.26532078292, 4.12500003222, 0.00000000000, 0.00000000017, 0.00000000079
413, 50.00000000000, 234.67611552191, 218.54814568613, 4.12500003222, 0.00000000000, 0.00000000000, 0.00000000000
414, 50.00000000000, 279.18760808753, 67.60445001598, 4.12500003222, 0.00000000000, -0.00000000099, 0.00000000766
415, 50.00000000000, 311.40816051810, 81.05869775438, 4.12500003222, 0.00000000000, -0.00000000338, -0.00000003484
416, 50.00000000000, 307.94463578830, 15.13259097664, 4.12500003222, 0.00000000000, 0.00000000417, 0.00000001386
417, 50.00000000000, 327.88423591679, 29.54627851998, 4.12500003222, 0.00000000000, -0.00000000153, -0.00000004325
418, 50.00000000000, 322.42956292726, -30000000.00000000000, 0.00000000000, 0.00000000000, 0.00000072823, 0.66000001198
419, 50.00000000000, 339.49563006144, -30000000.00000000000, 0.00000000000, 0.00000000000, -0.00000011559, 0.66000001198
420, 50.00000000000, 353.13639307633, 197.77185243908, 4.12500003222, 0.00000000000, 0.00000000000, 0.00000000000
421, 50.00000000000, 394.79713193832, 112.42894198741, 4.12500003222, 0.00000000000, -0.00000000179, 0.00000001956
422, 50.00000000000, 408.79032427345, 128.91488059560, 4.12500003222, 0.00000000000, 0.00000000226, -0.00000002109
423, 50.00000000000, 405.77340567594, -30000000.00000000000, 0.00000000000, 0.00000000000, 0.00000163363, 0.66000001198
424, 50.00000000000, 429.82175219312, 125.29818866374, 4.12500003222, 0.00000000000, -0.00000000217, 0.00000000273
425, 50.00000000000, 431.99413008865, -30000000.00000000000, 0.00000000000, 0.00000000000, -0.00000150851, 0.66000001198
426, 50.00000000000, 470.73484707688, 61.77670008077, 4.12500003222, 0.00000000000, -0.00000001434, 0.00000001424
427, 50.00000000000, 465.61834883757, 223.64285087607, 4.12500003222, 0.00000000000, 0.00000000866, 0.00000000445
428, 50.00000000000, 517.30378629425, 81.23170065342, 4.12500003222, 0.00000000000, 0.00000000294, 0.00000003608
429, 50.00000000000, 507.52694227155, -30000000.00000000000, 0.00000000000, 0.00000000000, 0.00000032952, 0.66000001198
430, 50.00000000000, 550.55193412766, 118.43421217659, 4.12500003222, 0.00000000000, -0.00000000528, -0.00000000721
431, 50.00000000000, 545.54898695900, 97.60041030629, 4.12500003222, 0.00000000000, -0.00000000237, -0.00000003628
432, 50.00000000000, 567.79009194951, -30000000.00000000000, 0.00000000000, 0.00000000000, -0.00000171706, 0.66000001198
433, 50.00000000000, 593.68834889458, 88.94468144273, 4.12500003222, 0.00000000000, -0.00000001831, 0.00000003591
434, 50.00000000000, 591.31657295919, 149.17805177507, 4.12500003222, 0.00000000000, -0.00000000523, 0.00000000577
435, 50.00000000000, 624.77535251445, 72.33955585283, 4.12500003222, 0.00000000000, -0.00000000161, -0.00000001652
436, 50.00000000000, 638.01250664425, 84.95242407951, 4.12500003222, 0.00000000000, 0.00000001068, -0.00000002106
437, 50.00000000000, 657.45225428481, 89.67577270010, 4.12500003222, 0.00000000000, 0.00000001517, -0.00000002574
438, 50.00000000000, 664.99964136090, 58.81509797942, 4.12500003222, 0.00000000000, 0.00000000676, -0.00000004577
439, 50.00000000000, 689.05541714615, 64.63525223399, 4.12500003222, 0.00000000000, 0.00000000592, 0.00000000610
440, 50.00000000000, 702.20657888109, 80.08132799001, 4.12500003222, 0.00000000000, -0.00000000406, 0.00000000075
441, 50.00000000000, 718.97314057585, -30000000.00000000000, 0.00000000000, 0.00000000000, -0.00000019778, 0.66000001198
442, 50.00000000000, 730.38082713688, -30000000.00000000000, 0.00000000000, 0.00000000000, 0.00000005238, 0.66000001198
443, 50.00000000000, 758.01391230426, 49.78455008648, 4.12500003222, 0.00000000000, -0.00000000502, -0.00000002529
444, 50.00000000000, 747.26322515427, 133.28168671989, 4.12500003222, 0.00000000000, -0.00000000526, 0.00000002073
445, 50.00000000000, 788.80333823510, 65.35700822164, 4.12500003222, 0.00000000000, -0.00000001039, -0.00000001693
446, 50.00000000000, 805.19465577296, 103.22939136944, 4.12500003222, 0.00000000000, 0.00000000050, -0.00000000143
447, 50.00000000000, 798.12217659520, 81.65224243565, 4.12500003222, 0.00000000000, 0.00000001189, 0.00000004650
448, 50.00000000000, 820.89624949775, 112.24229310447, 4.12500003222, 0.00000000000, 0.00000000031, -0.00000000840
449, 50.00000000000, 860.78143913995, 51.95119008055, 4.12500003222, 0.00000000000, 0.00000000323, 0.00000002050
450, 50.00000000000, 843.71628707520, 162.90523007654, 4.12500003222, 0.00000000000, -0.00000000443, 0.00000000691
451, 50.00000000000, 881.35541318339, 86.04309138432, 4.12500003222, 0.00000000000, 0.00000000241, 0.00000000644
452, 50.00000000000, 906.72404817217, -30000000.00000000000, 0.00000000000, 0.00000000000, -0.00000081974, 0.66000001198
453, 50.00000000000, 889.39199434086, 194.60848778929, 4.12500003222, 0.00000000000, -0.00000000192, 0.00000000902
454, 50.00000000000, 936.36193416887, 87.89090916010, 4.12500003222, 0.00000000000, 0.00000000096, 0.00000002233
455, 50.00000000000, 960.53549386189, -30000000.00000000000, 0.00000000000, 0.00000000000, 0.00000106156, 0.66000001198
456, 50.00000000000, 959.30653948628, 82.28104384171, 4.12500003222, 0.00000000000, -0.00000000190, 0.00000002125
457, 50.00000000000, 993.12444048294, 186.53215980450, 4.12500003222, 0.00000000000, 0.00000000000, 0.00000000000
458, 50.00000000000, 981.09836072903, 116.78110302160, 4.12500003222, 0.00000000000, 0.00000000906, -0.00000002110
459, 50.00000000000, 1005.59872769413, 116.14923593633, 4.12500003222, 0.00000000000, -0.00000000435, -0.00000003760
460, 50.00000000000, 1019.96310710199, 128.52392889045, 4.12500003222, 0.00000000000, 0.00000000070, 0.00000002470
461, 50.00000000000, 1045.44523979726, 76.89169027696, 4.12500003222, 0.00000000000, 0.00000000112, -0.00000003135
462, 50.00000000000, 1038.18777376015, 132.97557638545, 4.12500003222, 0.00000000000, 0.00000000211, -0.00000000380
463, 50.00000000000, 1073.10398367031, 142.06459927829, 4.12500003222, 0.00000000000, 0.00000000237, -0.00000000092
464, 50.00000000000, 1101.92190735914, 24.88457775662, 4.12500003222, 0.00000000000, -0.00000000523, -0.00000002786
465, 50.00000000000, 1117.44034983139, 62.20282196111, 4.12500003222, 0.00000000000, -0.00000000171, -0.00000006435
466, 50.00000000000, 1134.18806905283, 56.41493591030, 4.12500003222, 0.00000000000, -0.00000000985, -0.00000000404
467, 50.00000000000, 1143.06755787416, 60.11698704795, 4.12500003222, 0.00000000000, 0.00000001402, 0.00000000003
468, 50.00000000000, 1154.54304165735, 80.46056214611, 4.12500003222, 0.00000000000, -0.00000000430, 0.00000000553
469, 50.00000000000, 1174.67982319965, 111.02593684933, 4.12500003222, 0.00000000000, -0.00000000467, -0.00000002181
470, 50.00000000000, 1182.69999574147, 89.49373232290, 4.12500003222, 0.00000000000, 0.00000000690, 0.00000000425
471, 50.00000000000, 1212.83933207347, 45.91130336659, 4.12500003222, 0.00000000000, 0.00000000401, 0.00000001435
472, 50.00000000000, 1186.90761818124, 142.65630083176, 4.12500003222, 0.00000000000, -0.00000000118, -0.00000000287
473, 50.00000000000, 1222.19558229068, 101.90702210954, 4.12500003222, 0.00000000000, -0.00000001149, -0.00000000005
474, 50.00000000000, 1244.85670612686, 76.34010557673, 4.12500003222, 0.00000000000, 0.00000000674, 0.00000003271
475, 50.00000000000, 1282.66519060056, 14.00573266500, 4.12500003222, 0.00000000000, 0.00000000101, 0.00000001062
476, 50.00000000000, 1252.18473879818, 95.99711631874, 4.12500003222, 0.00000000000, -0.00000001142, 0.00000002145
477, 50.00000000000, 1286.29082942840, 137.04325364517, 4.12500003222, 0.00000000000, -0.00000000929, -0.00000001744
478, 50.00000000000, 1293.14987704796, 76.83168814954, 4.12500003222, 0.00000000000, -0.00000001506, -0.00000001184
479, 50.00000000000, 1314.43815835858, 71.59240851977, 4.12500003222, 0.00000000000, 0.00000000405, 0.00000000460
480, 50.00000000000, 45.76302788876, 58.93552664612, 4.12500003222, 0.00000000000, -0.00000000063, -0.00000000399
481, 50.00000000000, 78.46607287182, 103.69621216845, 4.12500003222, 0.00000000000, 0.00000000363, 0.00000001017
482, 50.00000000000, 84.59225411961, 41.41946498498, 4.12500003222, 0.00000000000, 0.00000000305, -0.00000003304
483, 50.00000000000, 103.70063161123, 55.89136117616, 4.12500003222, 0.00000000000, 0.00000001253, -0.00000000751
484, 50.00000000000, 106.32551540567, 126.86009407142, 4.12500003222, 0.00000000000, -0.00000000132, -0.00000000562
485, 50.00000000000, 128.87328487743, 48.97056957362, 4.12500003222, 0.00000000000, 0.00000000312, -0.00000002876
486, 50.00000000000, 150.31334771082, 59.68520651691, 4.12500003222, 0.00000000000, 0.00000001913, 0.00000000060
487, 50.00000000000, 166.34101662948, 6.59130148782, 4.12500003222, 0.00000000000, 0.00000000308, 0.00000002733
488, 50.00000000000, 153.62572508816, 134.51386859755, 4.12500003222, 0.00000000000, 0.00000000092, -0.00000000277
489, 50.00000000000, 155.18552531262, 74.62393848818, 4.12500003222, 0.00000000000, 0.00000002874, 0.00000001096
490, 50.00000000000, 202.96509348396, 40.78915245854, 4.12500003222, 0.00000000000, -0.00000000202, -0.00000002212
491, 50.00000000000, 202.16170346527, 144.86384782980, 4.12500003222, 0.00000000000, 0.00000000110, 0.00000000234
492, 50.00000000000, 209.37357658988, 125.90576063257, 4.12500003222, 0.00000000000, 0.00000000100, -0.00000000466
493, 50.00000000000, 259.56621579995, 70.19446764463, 4.12500003222, 0.00000000000, 0.00000000166, 0.00000000522
494, 50.00000000000, 273.41367939592, 12.47054999036, 4.12500003222, 0.00000000000, -0.00000000249, 0.00000000527
495, 50.00000000000, 291.47036564667, 45.10715168921, 4.12500003222, 0.00000000000, -0.00000000078, -0.00000000365
496, 50.00000000000, 306.14643486993, 27.32840001869, 4.12500003222, 0.00000000000, 0.00000000170, 0.00000001674
497, 50.00000000000, 343.42586893432, 71.91143907583, 4.12500003222, 0.00000000000, 0.00000000236, -0.00000000582
498, 50.00000000000, 356.39631473356, 53.62164363972, 4.12500003222, 0.00000000000, 0.00000000165, -0.00000001962
499, 50.00000000000, 365.88321935466, 75.53759705349, 4.12500003222, 0.00000000000, 0.00000000175, 0.00000002223
500, 50.00000000000, 382.62326878820, 34.29235314032, 4.12500003222, 0.00000000000, 0.00000000193, -0.00000000238
501, 50.00000000000, 402.39076786577, 105.39575187107, 4.12500003222, 0.00000000000, 0.00000000521, -0.00000000773
502, 50.00000000000, 406.98078105030, 56.10320548821, 4.12500003222, 0.00000000000, 0.00000001117, 0.00000002188
503, 50.00000000000, 430.75524537276, 74.47336839359, 4.12500003222, 0.00000000000, -0.00000000436, -0.00000000545
504, 50.00000000000, 421.88715905444, -30000000.00000000000, 0.00000000000, 0.00000000000, 0.00000027989, 0.66000001198
505, 50.00000000000, 450.12733355667, 211.49737704954, 4.12500003222, 0.00000000000, -0.00000000204, -0.00000001063
506, 50.00000000000, 469.71975404541, 203.38053236852, 4.12500003222, 0.00000000000, -0.00000000700, 0.00000000768
507, 50.00000000000, 488.95868473731, 60.88806847106, 4.12500003222, 0.00000000000, 0.00000000947, -0.00000002877
508, 50.00000000000, 500.47571134783, 99.13424662282, 4.12500003222, 0.00000000000, 0.00000000669, -0.00000001279
509, 50.00000000000, 489.67468156114, 198.07763348549, 4.12500003222, 0.00000000000, 0.00000000087, -0.00000000358
510, 50.00000000000, 529.65376166794, -30000000.00000000000, 0.00000000000, 0.00000000000, 0.00000028521, 0.66000001198
511, 50.00000000000, 554.55479668945, 154.82891266177, 4.12500003222, 0.00000000000, 0.00000000133, 0.00000001348
512, 50.00000000000, 577.44706404396, 164.57493981514, 4.12500003222, 0.00000000000, 0.00000000163, 0.00000001536
513, 50.00000000000, 596.22465806428, 124.48598475623, 4.12500003222, 0.00000000000, 0.00000000826, -0.00000001785
514, 50.00000000000, 608.41699036944, 117.41101405597, 4.12500003222, 0.00000000000, -0.00000000042, -0.00000003284
515, 50.00000000000, 619.67840822841, 135.33857191032, 4.12500003222, 0.00000000000, 0.00000000561, 0.00000000589
516, 50.00000000000, 633.52634916971, -30000000.00000000000, 0.00000000000, 0.00000000000, 0.00000124373, 0.66000001198
517, 50.00000000000, 646.49425371976, 71.17518254689, 4.12500003222, 0.00000000000, -0.00000000846, 0.00000002338
518, 50.00000000000, 672.01070585042, 187.60731103105, 4.12500003222, 0.00000000000, 0.00000000106, 0.00000000132
519, 50.00000000000, 679.40313231404, 80.70891452443, 4.12500003222, 0.00000000000, -0.00000000153, 0.00000000481
520, 50.00000000000, 701.66737116100, -30000000.00000000000, 0.00000000000, 0.00000000000, -0.00000054288, 0.66000001198
521, 50.00000000000, 736.42663158166, 95.28282502864, 4.12500003222, 0.00000000000, 0.00000000964, -0.00000001886
522, 50.00000000000, 748.58547684841, 64.05670903909, 4.12500003222, 0.00000000000, 0.00000000545, 0.00000000485
523, 50.00000000000, 747.66260697377, -30000000.00000000000, 0.00000000000, 0.00000000000, -0.00000066804, 0.66000001198
524, 50.00000000000, 778.67863130993, 217.36159235945, 4.12500003222, 0.00000000000, -0.00000000243, 0.00000000310
525, 50.00000000000, 780.60005647343, -30000000.00000000000, 0.00000000000, 0.00000000000, -0.00000020647, 0.66000001198
526, 50.00000000000, 786.54039844002, 115.86106685966, 4.12500003222, 0.00000000000, 0.00000000714, 0.00000001529
527, 50.00000000000, 818.79011173582, 88.69140813698, 4.12500003222, 0.00000000000, -0.00000001088, -0.00000000350
528, 50.00000000000, 817.59274600675, 143.32801874419, 4.12500003222, 0.00000000000, 0.00000000491, -0.00000000604
529, 50.00000000000, 838.78265449939, 142.69933105211, 4.12500003222, 0.00000000000, -0.00000000388, -0.00000000297
530, 50.00000000000, 858.52783861554, 149.42280438078, 4.12500003222, 0.00000000000, 0.00000000236, -0.00000001446
531, 50.00000000000, 879.43628654181, 104.24861493168, 4.12500003222, 0.00000000000, -0.00000000851, 0.00000000608
532, 50.00000000000, 913.89300562644, -30000000.00000000000, 0.00000000000, 0.00000000000, -0.00000106621, 0.66000001198
533, 50.00000000000, 928.16378313155, 71.25451056320, 4.12500003222, 0.00000000000, 0.00000000273, 0.00000001835
534, 50.00000000000, 923.84601244301, 184.81981498617, 4.12500003222, 0.00000000000, 0.00000000011, 0.00000000397
535, 50.00000000000, 952.19192234272, 98.34983441921, 4.12500003222, 0.00000000000, -0.00000000018, 0.00000001130
536, 50.00000000000, 971.11438623643, 103.48339645999, 4.12500003222, 0.00000000000, 0.00000000167, -0.00000001866
537, 50.00000000000, 965.17426895894, 32.01431309010, 4.12500003222, 0.00000000000, 0.00000000351, -0.00000001421
538, 50.00000000000, 997.64586256673, 72.03223622751, 4.12500003222, 0.00000000000, 0.00000000171, 0.00000000668
539, 50.00000000000, 1014.23513210007, 65.21263533854, 4.12500003222, 0.00000000000, 0.00000000081, -0.00000000989
540, 50.00000000000, 1030.61843042233, 57.06842856552, 4.12500003222, 0.00000000000, 0.00000000979, 0.00000002500
541, 50.00000000000, 1053.80088315006, 63.57309486715, 4.12500003222, 0.00000000000, -0.00000001053, -0.00000002201
542, 50.00000000000, 1062.23215231636, 41.35954192473, 4.12500003222, 0.00000000000, -0.00000000162, -0.00000001673
543, 50.00000000000, 1098.15561847898, 219.17057587132, 4.12500003222, 0.00000000000, 0.00000000000, 0.00000000000
544, 50.00000000000, 1103.51536634536, 63.22833827480, 4.12500003222, 0.00000000000, -0.00000000073, 0.00000002551
545, 50.00000000000, 1138.91275620092, 161.76828747779, 4.12500003222, 0.00000000000, 0.00000000020, 0.00000000172
546, 50.00000000000, 1141.26717293320, 182.81733665861, 4.12500003222, 0.00000000000, -0.00000000020, -0.00000000172
547, 50.00000000000, 1141.67190249120, 24.80946241432, 4.12500003222, 0.00000000000, -0.00000000474, 0.00000000446
548, 50.00000000000, 1154.67468134008, 113.09785931238, 4.12500003222, 0.00000000000, 0.00000000967, 0.00000001514
549, 50.00000000000, 1184.43856142846, 57.64710777758, 4.12500003222, 0.00000000000, 0.00000000856, 0.00000000067
550, 50.00000000000, 1206.59201046561, 64.09925302138, 4.12500003222, 0.00000000000, 0.00000000067, 0.00000002645
551, 50.00000000000, 1190.03708237976, 122.14362872558, 4.12500003222, 0.00000000000, -0.00000000050, 0.00000003506
552, 50.00000000000, 1221.44496082720, 82.05237721301, 4.12500003222, 0.00000000000, 0.00000000458, -0.00000001765
553, 50.00000000000, 1232.09051493488, 104.20473466679, 4.12500003222, 0.00000000000, -0.00000000275, -0.00000000112
554, 50.00000000000, 1240.41664845785, 114.87416726111, 4.12500003222, 0.00000000000, 0.00000001373, 0.00000002321
555, 50.00000000000, 1255.98207397564, 108.59062947395, 4.12500003222, 0.00000000000, -0.00000000483, 0.00000004043
556, 50.00000000000, 1269.44771547844, 123.90187427320, 4.12500003222, 0.00000000000, -0.00000000254, 0.00000001747
557, 50.00000000000, 1284.55480035388, 157.19786031254, 4.12500003222, 0.00000000000, -0.00000000160, -0.00000000335
558, 50.00000000000, 1293.86214473845, 100.62586434989, 4.12500003222, 0.00000000000, 0.00000001218, 0.00000001010
559, 50.00000000000, 1300.79636876866, 52.98642736314, 4.12500003222, 0.00000000000, -0.00000000288, 0.00000002887
560, 50.00000000000, 65.64270864940, 91.10433646404, 4.12500003222, 0.00000000000, -0.00000000096, -0.00000000302
561, 50.00000000000, 27.40234885013, 273.35732029169, 4.12500003222, 0.00000000000, 0.00000000000, 0.00000000000
562, 50.00000000000, 89.89541884584, 89.50409005322, 4.12500003222, 0.00000000000, 0.00000000218, -0.00000000288
563, 50.00000000000, 119.18077641183, 109.67269480763, 4.12500003222, 0.00000000000, 0.00000000609, 0.00000000371
564, 50.00000000000, 85.13169555573, 123.64216583921, 4.12500003222, 0.00000000000, 0.00000000255, -0.00000000537
565, 50.00000000000, 128.83801264107, 29.35085361450, 4.12500003222, 0.00000000000, -0.00000000359, -0.00000002578
566, 50.00000000000, 139.16257325516, 59.32312007342, 4.12500003222, 0.00000000000, -0.00000000619, -0.00000000953
567, 50.00000000000, 135.05563610987, 143.36046451170, 4.12500003222, 0.00000000000, 0.00000000048, -0.00000000094
568, 50.00000000000, 156.35969651881, 113.69324904716, 4.12500003222, 0.00000000000, -0.00000000947, 0.00000001224
569, 50.00000000000, 175.92071371684, 108.39849415267, 4.12500003222, 0.00000000000, 0.00000000772, 0.00000001482
570, 50.00000000000, 172.30722965213, 125.13518474813, 4.12500003222, 0.00000000000, 0.00000000364, 0.00000000716
571, 50.00000000000, 193.73050779787, 162.86237597307, 4.12500003222, 0.00000000000, -0.00000000083, 0.00000000293
572, 50.00000000000, 254.02163787844, 39.51609369152, 4.12500003222, 0.00000000000, 0.00000000082, 0.00000000158
573, 50.00000000000, 222.72574459466, 142.07514636864, 4.12500003222, 0.00000000000, -0.00000000962, -0.00000001129
574, 50.00000000000, 280.31162931267, 59.74773576536, 4.12500003222, 0.00000000000, 0.00000000233, -0.00000002688
575, 50.00000000000, 292.65062397865, 25.51449224196, 4.12500003222, 0.00000000000, 0.00000000956, -0.00000001084
576, 50.00000000000, 293.98603564913, 143.65102522799, 4.12500003222, 0.00000000000, 0.00000000338, -0.00000001526
577, 50.00000000000, 332.45753599702, 80.80126233525, 4.12500003222, 0.00000000000, 0.00000000369, 0.00000001523
578, 50.00000000000, 320.24312966861, 197.01596997034, 4.12500003222, 0.00000000000, 0.00000000000, 0.00000000000
579, 50.00000000000, 372.65378623643, 118.95041658927, 4.12500003222, 0.00000000000, -0.00000000012, -0.00000001175
580, 50.00000000000, 387.27042402922, 69.04274990212, 4.12500003222, 0.00000000000, 0.00000000264, 0.00000005059
581, 50.00000000000, 391.22383216542, 125.59014157800, 4.12500003222, 0.00000000000, 0.00000000514, 0.00000000983
582, 50.00000000000, 390.77758831900, 191.26108009354, 4.12500003222, 0.00000000000, 0.00000000000, 0.00000000000
583, 50.00000000000, 417.63055274881, 75.47400956019, 4.12500003222, 0.00000000000, -0.00000000811, -0.00000001841
584, 50.00000000000, 436.35220930877, 106.43215433942, 4.12500003222, 0.00000000000, 0.00000000478, -0.00000000410
585, 50.00000000000, 442.52616531724, -30000000.00000000000, 0.00000000000, 0.00000000000, -0.00000187657, 0.66000001198
586, 50.00000000000, 460.72324557162, 105.72063714561, 4.12500003222, 0.00000000000, -0.00000000405, 0.00000000521
587, 50.00000000000, 484.93745637362, 217.62415922416, 4.12500003222, 0.00000000000, -0.00000000049, 0.00000000208
588, 50.00000000000, 504.62518873332, 74.51278798030, 4.12500003222, 0.00000000000, -0.00000000976, 0.00000001550
589, 50.00000000000, 521.48204096008, 70.93007049398, 4.12500003222, 0.00000000000, 0.00000000124, -0.00000002407
590, 50.00000000000, 535.65596208968, 81.09995124752, 4.12500003222, 0.00000000000, 0.00000000585, 0.00000003812
591, 50.00000000000, 561.68935845528, 172.36508927510, 4.12500003222, 0.00000000000, 0.00000000164, -0.00000000450
592, 50.00000000000, 580.94003791764, 133.50245016656, 4.12500003222, 0.00000000000, -0.00000000575, -0.00000000206
593, 50.00000000000, 604.01018353849, 81.68894378777, 4.12500003222, 0.00000000000, -0.00000000534, -0.00000005561
594, 50.00000000000, 611.13572957963, 153.93585924147, 4.12500003222, 0.00000000000, 0.00000000107, 0.00000000124
595, 50.00000000000, 631.03586028640, 116.21950592421, 4.12500003222, 0.00000000000, -0.00000000163, 0.00000003402
596, 50.00000000000, 634.91592891911, 93.74166821145, 4.12500003222, 0.00000000000, 0.00000000110, -0.00000002432
597, 50.00000000000, 649.05629368072, 152.35456831291, 4.12500003222, 0.00000000000, 0.00000000976, 0.00000001453
598, 50.00000000000, 667.19049989530, -30000000.00000000000, 0.00000000000, 0.00000000000, -0.00000021048, 0.66000001198
599, 50.00000000000, 681.69729311940, 169.11561359823, 4.12500003222, 0.00000000000, -0.00000000011, 0.00000000019
600, 50.00000000000, 703.58707089712, -30000000.00000000000, 0.00000000000, 0.00000000000, -0.00000033473, 0.66000001198
601, 50.00000000000, 726.84985105835, 137.94304790500, 4.12500003222, 0.00000000000, -0.00000000055, -0.00000000756
602, 50.00000000000, 738.96506430277, 56.33961490289, 4.12500003222, 0.00000000000, -0.00000000850, -0.00000005363
603, 50.00000000000, 762.33613964542, -30000000.00000000000, 0.00000000000, 0.00000000000, 0.00000045388, 0.66000001198
604, 50.00000000000, 768.48511962343, 65.84069815769, 4.12500003222, 0.00000000000, 0.00000000177, -0.00000000242
605, 50.00000000000, 787.41986957720, 97.75994625305, 4.12500003222, 0.00000000000, 0.00000000156, -0.00000000057
606, 50.00000000000, 787.68146431304, 198.82220189196, 4.12500003222, 0.00000000000, 0.00000000204, -0.00000000227
607, 50.00000000000, 806.51999957122, 125.31691984292, 4.12500003222, 0.00000000000, -0.00000000252, -0.00000001664
608, 50.00000000000, 841.25826898250, 120.45941853883, 4.12500003222, 0.00000000000, -0.00000000007, -0.00000002240
609, 50.00000000000, 853.05053235846, 129.20935778886, 4.12500003222, 0.00000000000, 0.00000000354, 0.00000001325
610, 50.00000000000, 863.70417586757, 169.67295606158, 4.12500003222, 0.00000000000, 0.00000000194, 0.00000000385
611, 50.00000000000, 878.17987741745, 154.93444890924, 4.12500003222, 0.00000000000, 0.00000000253, 0.00000000302
612, 50.00000000000, 884.06507240776, 174.77119044796, 4.12500003222, 0.00000000000, -0.00000000432, -0.00000000476
613, 50.00000000000, 914.07891292841, 83.15086115139, 4.12500003222, 0.00000000000, -0.00000000181, 0.00000001526
614, 50.00000000000, 909.47681359988, 200.37210887835, 4.12500003222, 0.00000000000, 0.00000000262, 0.00000000021
615, 50.00000000000, 959.47859351316, 115.67182261229, 4.12500003222, 0.00000000000, -0.00000000342, 0.00000000178
616, 50.00000000000, 974.38508249479, 70.91971973619, 4.12500003222, 0.00000000000, -0.00000000414, -0.00000003689
617, 50.00000000000, 982.23012114427, 138.09214411748, 4.12500003222, 0.00000000000, -0.00000000503, 0.00000002624
618, 50.00000000000, 996.02409025731, 125.34149767773, 4.12500003222, 0.00000000000, -0.00000000100, -0.00000002243
619, 50.00000000000, 1020.88481701973, 79.22975964234, 4.12500003222, 0.00000000000, -0.00000000121, -0.00000000083
620, 50.00000000000, 1033.15633374488, 96.01600966204, 4.12500003222, 0.00000000000, -0.00000000458, 0.00000002079
621, 50.00000000000, 1039.12084304955, 41.36838061866, 4.12500003222, 0.00000000000, 0.00000000506, 0.00000002919
622, 50.00000000000, 1053.38301237490, 146.61364925787, 4.12500003222, 0.00000000000, -0.00000000400, 0.00000000949
623, 50.00000000000, 1058.29504714313, 127.49304849994, 4.12500003222, 0.00000000000, 0.00000000057, -0.00000000738
624, 50.00000000000, 1102.54881984956, 45.33391656849, 4.12500003222, 0.00000000000, 0.00000001513, -0.00000004399
625, 50.00000000000, 1103.48833285044, 80.03901360686, 4.12500003222, 0.00000000000, -0.00000000148, 0.00000000026
626, 50.00000000000, 1133.01572129489, 111.84380431347, 4.12500003222, 0.00000000000, -0.00000000204, 0.00000001120
627, 50.00000000000, 1143.85407728014, 95.88915891055, 4.12500003222, 0.00000000000, -0.00000000403, -0.00000000593
628, 50.00000000000, 1166.45950295991, 61.67277307016, 4.12500003222, 0.00000000000, -0.00000000140, 0.00000001607
629, 50.00000000000, 1173.07074510236, 75.01839728109, 4.12500003222, 0.00000000000, -0.00000000415, -0.00000002993
630, 50.00000000000, 1200.20909458252, 53.36883154213, 4.12500003222, 0.00000000000, 0.00000000235, 0.00000002185
631, 50.00000000000, 1203.72436645592, 154.71864268690, 4.12500003222, 0.00000000000, -0.00000000094, -0.00000000057
632, 50.00000000000, 1211.93339137192, 96.15379137903, 4.12500003222, 0.00000000000, 0.00000000691, 0.00000001624
633, 50.00000000000, 1221.52126302915, 120.26203450280, 4.12500003222, 0.00000000000, 0.00000000178, -0.00000001175
634, 50.00000000000, 1266.26336181055, 165.80195782292, 4.12500003222, 0.00000000000, -0.00000000448, -0.00000000013
635, 50.00000000000, 1251.56112204777, 130.46431120975, 4.12500003222, 0.00000000000, 0.00000000080, -0.00000000929
636, 50.00000000000, 1269.60510900879, 77.99556372281, 4.12500003222, 0.00000000000, 0.00000000502, -0.00000000301
637, 50.00000000000, 1267.39487432243, 144.41102142562, 4.12500003222, 0.00000000000, 0.00000000070, -0.00000000125
638, 50.00000000000, 1301.15370181806, 21.54566733013, 4.12500003222, 0.00000000000, 0.00000000047, 0.00000000633
639, 50.00000000000, 1318.11590947913, 34.33067149244, 4.12500003222, 0.00000000000, -0.00000000238, 0.00000000203
