0, 50.00000000000, 73.98094485177, 65.25530037852, 4.12500003222, 0.00000000000, 0.00000000004, 0.00000000298
1, 50.00000000000, 31.17842742412, 216.21889513397, 4.12500003222, 0.00000000000, 0.00000000000, 0.00000000000
2, 50.00000000000, 110.62593757607, 11.03116311247, 4.12500003222, 0.00000000000, 0.00000000328, -0.00000000062
3, 50.00000000000, 127.00108543926, 58.89514890466, 4.12500003222, 0.00000000000, -0.00000000775, -0.00000000024
4, 50.00000000000, 139.85946770681, 28.48413165380, 4.12500003222, 0.00000000000, -0.00000001107, 0.00000004030
5, 50.00000000000, 155.02959794819, 42.51711756860, 4.12500003222, 0.00000000000, -0.00000002980, 0.00000003657
6, 50.00000000000, 171.39253081552, 26.69296610005, 4.12500003222, 0.00000000000, -0.00000000878, -0.00000003596
7, 50.00000000000, 174.39864750613, 12.83925903314, 4.12500003222, 0.00000000000, -0.00000000307, -0.00000002892
8, 50.00000000000, 198.31677857702, 11.57631399129, 4.12500003222, 0.00000000000, -0.00000000208, 0.00000001483
9, 50.00000000000, 204.10955759651, 48.35903625762, 4.12500003222, 0.00000000000, 0.00000001089, -0.00000005911
10, 50.00000000000, 213.92572103178, 9.78510920764, 4.12500003222, 0.00000000000, -0.00000000333, -0.00000005050
11, 50.00000000000, 253.80400776657, 21.94748465719, 4.12500003222, 0.00000000000, -0.00000001147, -0.00000002312
12, 50.00000000000, 251.71068309529, 8.96454283357, 4.12500003222, 0.00000000000, -0.00000000425, 0.00000001695
13, 50.00000000000, 288.76556167634, 24.65411245312, 4.12500003222, 0.00000000000, 0.00000000082, -0.00000000268
14, 50.00000000000, 299.93142979059, 28.68334902571, 4.12500003222, 0.00000000000, -0.00000000992, 0.00000001662
15, 50.00000000000, 318.70817567133, 38.35893106594, 4.12500003222, 0.00000000000, 0.00000000147, 0.00000003483
16, 50.00000000000, 321.66245708668, 4.18125916226, 4.12500003222, 0.00000000000, -0.00000000112, 0.00000004345
17, 50.00000000000, 339.31901711366, 42.67199264149, 4.12500003222, 0.00000000000, 0.00000000370, -0.00000001264
18, 50.00000000000, 320.77220573898, -30000000.00000000000, 0.00000000000, 0.00000000000, 0.00000086896, 0.66000001198
19, 50.00000000000, 393.44753489444, 84.57466505343, 4.12500003222, 0.00000000000, 0.00000000629, 0.00000000271
20, 50.00000000000, 354.78505746845, -30000000.00000000000, 0.00000000000, 0.00000000000, -0.00000024838, 0.66000001198
21, 50.00000000000, 413.05104026629, 32.76369386232, 4.12500003222, 0.00000000000, 0.00000001066, -0.00000000862
22, 50.00000000000, 432.59805837212, 114.01691220075, 4.12500003222, 0.00000000000, -0.00000000162, -0.00000000221
23, 50.00000000000, 435.31598521241, 54.15410039236, 4.12500003222, 0.00000000000, -0.00000000058, -0.00000000337
24, 50.00000000000, 432.27415748936, -30000000.00000000000, 0.00000000000, 0.00000000000, -0.00000154884, 0.66000001198
25, 50.00000000000, 457.62813869458, 63.25681900907, 4.12500003222, 0.00000000000, -0.00000000268, 0.00000001485
26, 50.00000000000, 484.71785742996, 46.49432154378, 4.12500003222, 0.00000000000, 0.00000000216, -0.00000000045
27, 50.00000000000, 500.63930983816, 44.30532786977, 4.12500003222, 0.00000000000, -0.00000000586, -0.00000004690
28, 50.00000000000, 490.80233750401, -30000000.00000000000, 0.00000000000, 0.00000000000, 0.00000049650, 0.66000001198
29, 50.00000000000, 548.33231710877, 134.98347653730, 4.12500003222, 0.00000000000, 0.00000000123, 0.00000002424
30, 50.00000000000, 554.78775684691, 59.43519048258, 4.12500003222, 0.00000000000, 0.00000000242, -0.00000001120
31, 50.00000000000, 543.19691392511, -30000000.00000000000, 0.00000000000, 0.00000000000, -0.00000031239, 0.66000001198
32, 50.00000000000, 553.51083804229, -30000000.00000000000, 0.00000000000, 0.00000000000, -0.00000083369, 0.66000001198
33, 50.00000000000, 579.37083240396, -30000000.00000000000, 0.00000000000, 0.00000000000, -0.00000082370, 0.66000001198
34, 50.00000000000, 608.91063061827, 66.84886278900, 4.12500003222, 0.00000000000, 0.00000000086, 0.00000000552
35, 50.00000000000, 633.41346827108, 103.72169210462, 4.12500003222, 0.00000000000, -0.00000001020, 0.00000001424
36, 50.00000000000, 634.34508717800, -30000000.00000000000, 0.00000000000, 0.00000000000, 0.00000103929, 0.66000001198
37, 50.00000000000, 652.04110327195, -30000000.00000000000, 0.00000000000, 0.00000000000, 0.00000034749, 0.66000001198
38, 50.00000000000, 665.81883992390, -30000000.00000000000, 0.00000000000, 0.00000000000, -0.00000046471, 0.66000001198
39, 50.00000000000, 689.62023614904, -30000000.00000000000, 0.00000000000, 0.00000000000, -0.00000146193, 0.66000001198
40, 50.00000000000, 700.00972289972, -30000000.00000000000, 0.00000000000, 0.00000000000, -0.00000081334, 0.66000001198
41, 50.00000000000, 719.85141430925, -30000000.00000000000, 0.00000000000, 0.00000000000, -0.00000036030, 0.66000001198
42, 50.00000000000, 733.56323427730, 62.87125473092, 4.12500003222, 0.00000000000, 0.00000000343, -0.00000001950
43, 50.00000000000, 750.11737962245, 91.13992099110, 4.12500003222, 0.00000000000, 0.00000000060, 0.00000000098
44, 50.00000000000, 767.72719288108, 91.66243676459, 4.12500003222, 0.00000000000, 0.00000000409, 0.00000000238
45, 50.00000000000, 785.39871402538, -30000000.00000000000, 0.00000000000, 0.00000000000, 0.00000067281, 0.66000001198
46, 50.00000000000, 802.72063867561, -30000000.00000000000, 0.00000000000, 0.00000000000, -0.00000020174, 0.66000001198
47, 50.00000000000, 821.86992796889, -30000000.00000000000, 0.00000000000, 0.00000000000, -0.00000056600, 0.66000001198
48, 50.00000000000, 835.05849387833, -30000000.00000000000, 0.00000000000, 0.00000000000, -0.00000162012, 0.66000001198
49, 50.00000000000, 838.93170732856, 76.79283287005, 4.12500003222, 0.00000000000, 0.00000000404, -0.00000003511
50, 50.00000000000, 877.38136137834, -30000000.00000000000, 0.00000000000, 0.00000000000, 0.00000194555, 0.66000001198
51, 50.00000000000, 893.77444871763, -30000000.00000000000, 0.00000000000, 0.00000000000, 0.00000027232, 0.66000001198
52, 50.00000000000, 864.19022862092, 178.24613549773, 4.12500003222, 0.00000000000, 0.00000000114, 0.00000000008
53, 50.00000000000, 929.93711020118, -30000000.00000000000, 0.00000000000, 0.00000000000, -0.00000148395, 0.66000001198
54, 50.00000000000, 942.00735429253, -30000000.00000000000, 0.00000000000, 0.00000000000, -0.00000026674, 0.66000001198
55, 50.00000000000, 956.53609056131, -30000000.00000000000, 0.00000000000, 0.00000000000, 0.00000118068, 0.66000001198
56, 50.00000000000, 977.98592740005, -30000000.00000000000, 0.00000000000, 0.00000000000, -0.00000065949, 0.66000001198
57, 50.00000000000, 970.76688349904, 27.30222237134, 4.12500003222, 0.00000000000, 0.00000000132, 0.00000001342
58, 50.00000000000, 1013.21777405636, -30000000.00000000000, 0.00000000000, 0.00000000000, 0.00000144585, 0.66000001198
59, 50.00000000000, 1010.33188637313, 27.80478847236, 4.12500003222, 0.00000000000, -0.00000001793, -0.00000003395
60, 50.00000000000, 1022.39757576633, 80.46601022277, 4.12500003222, 0.00000000000, 0.00000000190, -0.00000002190
61, 50.00000000000, 1061.90329918524, -30000000.00000000000, 0.00000000000, 0.00000000000, 0.00000017793, 0.66000001198
62, 50.00000000000, 1072.90617315572, -30000000.00000000000, 0.00000000000, 0.00000000000, 0.00000042735, 0.66000001198
63, 50.00000000000, 1092.31830962319, 95.77150868255, 4.12500003222, 0.00000000000, 0.00000000122, -0.00000000720
64, 50.00000000000, 1073.02369670513, 1.61523860504, 4.12500003222, 0.00000000000, -0.00000000580, 0.00000000499
65, 50.00000000000, 1103.06196827723, 73.47925895859, 4.12500003222, 0.00000000000, 0.00000000570, 0.00000002512
66, 50.00000000000, 1095.88801054152, 28.84938514057, 4.12500003222, 0.00000000000, -0.00000001909, 0.00000002522
67, 50.00000000000, 1134.84065220161, 66.31627441700, 4.12500003222, 0.00000000000, -0.00000000789, -0.00000001565
68, 50.00000000000, 1150.40430288209, 38.97933873785, 4.12500003222, 0.00000000000, -0.00000000153, -0.00000001682
69, 50.00000000000, 1157.38844444375, 5.27036668731, 4.12500003222, 0.00000000000, 0.00000000190, 0.00000002038
70, 50.00000000000, 1171.76937572880, 26.70379735540, 4.12500003222, 0.00000000000, -0.00000000626, 0.00000003535
71, 50.00000000000, 1186.85870941822, 26.53841206587, 4.12500003222, 0.00000000000, -0.00000000983, -0.00000001084
72, 50.00000000000, 1217.13810090195, 44.91290489916, 4.12500003222, 0.00000000000, 0.00000001638, 0.00000001540
73, 50.00000000000, 1180.50941074346, 100.21694090401, 4.12500003222, 0.00000000000, 0.00000000163, 0.00000002654
74, 50.00000000000, 1237.80183042019, 11.66837294936, 4.12500003222, 0.00000000000, 0.00000000536, -0.00000000349
75, 50.00000000000, 1248.82124241068, 6.15050298172, 4.12500003222, 0.00000000000, -0.00000000268, 0.00000003056
76, 50.00000000000, 1256.73281930808, 25.52809435661, 4.12500003222, 0.00000000000, -0.00000000022, -0.00000000738
77, 50.00000000000, 1261.84756161074, 37.25958984323, 4.12500003222, 0.00000000000, 0.00000000366, -0.00000004688
78, 50.00000000000, 1292.57733315856, 12.22411842382, 4.12500003222, 0.00000000000, 0.00000000182, -0.00000000463
79, 50.00000000000, 1273.72033158682, 84.78629213634, 4.12500003222, 0.00000000000, -0.00000000368, -0.00000002776
80, 50.00000000000, 75.60909188927, 12.32440703723, 4.12500003222, 0.00000000000, -0.00000000139, -0.00000001609
81, 50.00000000000, 96.77839180737, 27.14713735941, 4.12500003222, 0.00000000000, -0.00000000426, -0.00000002511
82, 50.00000000000, 118.59340851765, 21.11652924548, 4.12500003222, 0.00000000000, -0.00000000250, -0.00000003677
83, 50.00000000000, 130.69841381990, 14.19551813155, 4.12500003222, 0.00000000000, -0.00000001255, -0.00000001208
84, 50.00000000000, 131.74456393770, 35.80677856946, 4.12500003222, 0.00000000000, 0.00000002075, -0.00000006393
85, 50.00000000000, 151.28904104345, 11.26492110930, 4.12500003222, 0.00000000000, 0.00000000486, 0.00000000284
86, 50.00000000000, 162.72440637624, 7.69073728042, 4.12500003222, 0.00000000000, 0.00000000407, 0.00000002701
87, 50.00000000000, 185.12541598821, 32.27979794666, 4.12500003222, 0.00000000000, 0.00000000412, 0.00000002829
88, 50.00000000000, 180.81825517828, 44.80746390724, 4.12500003222, 0.00000000000, 0.00000002573, -0.00000001639
89, 50.00000000000, 203.59641185045, 32.62815752675, 4.12500003222, 0.00000000000, 0.00000000155, 0.00000004230
90, 50.00000000000, 236.27021810138, 15.08294626599, 4.12500003222, 0.00000000000, 0.00000001028, 0.00000003153
91, 50.00000000000, 234.30154307235, 27.08813245336, 4.12500003222, 0.00000000000, 0.00000000807, -0.00000001292
92, 50.00000000000, 274.87213105285, 31.85144801167, 4.12500003222, 0.00000000000, -0.00000000536, 0.00000001001
93, 50.00000000000, 269.40981169147, 20.83888443726, 4.12500003222, 0.00000000000, -0.00000001159, -0.00000000329
94, 50.00000000000, 295.63793584399, 45.18203925482, 4.12500003222, 0.00000000000, -0.00000000768, 0.00000004649
95, 50.00000000000, 314.99311674671, 61.49112997521, 4.12500003222, 0.00000000000, -0.00000000412, -0.00000003575
96, 50.00000000000, 338.00218608204, 10.12271105641, 4.12500003222, 0.00000000000, -0.00000000608, -0.00000000345
97, 50.00000000000, 337.26645764488, 65.02177898758, 4.12500003222, 0.00000000000, -0.00000000994, 0.00000000646
98, 50.00000000000, 361.87256492317, 40.25089723004, 4.12500003222, 0.00000000000, -0.00000000664, 0.00000000269
99, 50.00000000000, 384.82340134969, 66.36908929421, 4.12500003222, 0.00000000000, 0.00000001040, -0.00000002369
100, 50.00000000000, 354.50184675772, -30000000.00000000000, 0.00000000000, 0.00000000000, -0.00000022625, 0.66000001198
101, 50.00000000000, 373.64157133848, -30000000.00000000000, 0.00000000000, 0.00000000000, -0.00000009073, 0.66000001198
102, 50.00000000000, 392.21622457898, -30000000.00000000000, 0.00000000000, 0.00000000000, 0.00000085312, 0.66000001198
103, 50.00000000000, 433.49767351913, 89.29220071194, 4.12500003222, 0.00000000000, -0.00000000189, -0.00000001217
104, 50.00000000000, 451.91056128077, 38.57253511337, 4.12500003222, 0.00000000000, -0.00000000118, -0.00000001975
105, 50.00000000000, 467.05331756628, 48.11136566725, 4.12500003222, 0.00000000000, 0.00000001280, 0.00000001009
106, 50.00000000000, 494.61643536447, 102.44262021801, 4.12500003222, 0.00000000000, 0.00000000247, 0.00000000256
107, 50.00000000000, 478.68647748534, -30000000.00000000000, 0.00000000000, 0.00000000000, 0.00000090104, 0.66000001198
108, 50.00000000000, 529.66956484944, 92.97890865131, 4.12500003222, 0.00000000000, 0.00000000172, -0.00000002296
109, 50.00000000000, 536.20346104671, 84.39322345059, 4.12500003222, 0.00000000000, -0.00000000768, -0.00000000095
110, 50.00000000000, 539.05201668111, -30000000.00000000000, 0.00000000000, 0.00000000000, 0.00000041767, 0.66000001198
111, 50.00000000000, 545.77179603882, -30000000.00000000000, 0.00000000000, 0.00000000000, -0.00000076431, 0.66000001198
112, 50.00000000000, 587.28789455472, 95.55832375746, 4.12500003222, 0.00000000000, -0.00000000264, 0.00000000499
113, 50.00000000000, 598.17473725861, 113.09484853907, 4.12500003222, 0.00000000000, -0.00000000815, 0.00000003554
114, 50.00000000000, 623.19686898229, 119.26682784440, 4.12500003222, 0.00000000000, 0.00000001244, 0.00000001907
115, 50.00000000000, 617.08287733555, -30000000.00000000000, 0.00000000000, 0.00000000000, 0.00000207609, 0.66000001198
116, 50.00000000000, 621.15503974163, -30000000.00000000000, 0.00000000000, 0.00000000000, 0.00000135948, 0.66000001198
117, 50.00000000000, 643.59352930570, -30000000.00000000000, 0.00000000000, 0.00000000000, 0.00000028890, 0.66000001198
118, 50.00000000000, 661.93821782888, -30000000.00000000000, 0.00000000000, 0.00000000000, -0.00000066518, 0.66000001198
119, 50.00000000000, 677.80786175520, -30000000.00000000000, 0.00000000000, 0.00000000000, -0.00000008347, 0.66000001198
120, 50.00000000000, 732.08242650728, 108.04632674495, 4.12500003222, 0.00000000000, 0.00000001286, 0.00000001569
121, 50.00000000000, 720.18739322937, 57.86171347314, 4.12500003222, 0.00000000000, 0.00000000487, -0.00000004137
122, 50.00000000000, 738.63881095493, 71.89407417700, 4.12500003222, 0.00000000000, 0.00000000494, -0.00000000965
123, 50.00000000000, 752.22759272297, -30000000.00000000000, 0.00000000000, 0.00000000000, 0.00000049558, 0.66000001198
124, 50.00000000000, 777.82077635047, 37.64209639440, 4.12500003222, 0.00000000000, 0.00000000427, -0.00000001126
125, 50.00000000000, 799.82318745115, 46.73039274782, 4.12500003222, 0.00000000000, 0.00000000351, -0.00000002960
126, 50.00000000000, 796.92100672307, -30000000.00000000000, 0.00000000000, 0.00000000000, 0.00000094659, 0.66000001198
127, 50.00000000000, 822.03916367755, -30000000.00000000000, 0.00000000000, 0.00000000000, -0.00000059331, 0.66000001198
128, 50.00000000000, 848.64806948644, 58.09145010406, 4.12500003222, 0.00000000000, 0.00000000091, 0.00000000817
129, 50.00000000000, 843.50854197583, 95.39070089729, 4.12500003222, 0.00000000000, 0.00000000515, 0.00000000693
130, 50.00000000000, 891.11592990081, 56.95930852886, 4.12500003222, 0.00000000000, -0.00000000670, 0.00000002337
131, 50.00000000000, 881.29162901969, -30000000.00000000000, 0.00000000000, 0.00000000000, 0.00000181700, 0.66000001198
132, 50.00000000000, 901.95507911787, -30000000.00000000000, 0.00000000000, 0.00000000000, -0.00000031456, 0.66000001198
133, 50.00000000000, 899.26420635971, 172.55794132574, 4.12500003222, 0.00000000000, -0.00000000534, 0.00000000001
134, 50.00000000000, 941.24532589129, 49.93262627548, 4.12500003222, 0.00000000000, 0.00000000526, -0.00000001059
135, 50.00000000000, 954.00146059079, 30.90212006212, 4.12500003222, 0.00000000000, 0.00000000170, 0.00000001442
136, 50.00000000000, 972.40402886907, -30000000.00000000000, 0.00000000000, 0.00000000000, -0.00000035837, 0.66000001198
137, 50.00000000000, 989.14182455326, 41.46035188485, 4.12500003222, 0.00000000000, -0.00000001061, 0.00000000690
138, 50.00000000000, 987.93431560532, 75.23715088591, 4.12500003222, 0.00000000000, 0.00000001376, -0.00000004689
139, 50.00000000000, 1031.32907735432, -30000000.00000000000, 0.00000000000, 0.00000000000, -0.00000093901, 0.66000001198
140, 50.00000000000, 1040.42099259026, -30000000.00000000000, 0.00000000000, 0.00000000000, -0.00000085620, 0.66000001198
141, 50.00000000000, 1031.66097751299, 41.15500178805, 4.12500003222, 0.00000000000, 0.00000001243, 0.00000003274
142, 50.00000000000, 1080.47056507641, -30000000.00000000000, 0.00000000000, 0.00000000000, -0.00000023831, 0.66000001198
143, 50.00000000000, 1064.45320364221, 51.01107444936, 4.12500003222, 0.00000000000, -0.00000001207, -0.00000000081
144, 50.00000000000, 1056.55753608094, 14.99417916098, 4.12500003222, 0.00000000000, 0.00000000462, 0.00000003447
145, 50.00000000000, 1082.72744330735, 12.40421722698, 4.12500003222, 0.00000000000, -0.00000000813, 0.00000003843
146, 50.00000000000, 1114.12837042183, 35.44031150756, 4.12500003222, 0.00000000000, -0.00000000661, 0.00000000768
147, 50.00000000000, 1133.77099327870, 27.59213164195, 4.12500003222, 0.00000000000, 0.00000000106, 0.00000000051
148, 50.00000000000, 1143.51266789175, 117.93975940717, 4.12500003222, 0.00000000000, -0.00000000690, -0.00000000138
149, 50.00000000000, 1150.88317722290, 27.55830723801, 4.12500003222, 0.00000000000, 0.00000000439, -0.00000001147
150, 50.00000000000, 1167.22382455782, 35.97639691273, 4.12500003222, 0.00000000000, 0.00000000212, -0.00000004076
151, 50.00000000000, 1192.66887837509, 12.99678300429, 4.12500003222, 0.00000000000, 0.00000000060, -0.00000002025
152, 50.00000000000, 1179.39586817028, 122.48356661451, 4.12500003222, 0.00000000000, -0.00000000053, 0.00000000384
153, 50.00000000000, 1225.64094736547, 11.46944038729, 4.12500003222, 0.00000000000, 0.00000000124, 0.00000001411
154, 50.00000000000, 1242.06997538729, 27.90697224342, 4.12500003222, 0.00000000000, 0.00000000610, -0.00000000705
155, 50.00000000000, 1237.86955447802, 59.89744853186, 4.12500003222, 0.00000000000, -0.00000000367, -0.00000001205
156, 50.00000000000, 1242.49508223751, 98.78502239465, 4.12500003222, 0.00000000000, 0.00000000683, 0.00000002201
157, 50.00000000000, 1256.62545733319, 58.66378684292, 4.12500003222, 0.00000000000, -0.00000000433, 0.00000002596
158, 50.00000000000, 1258.09299072567, 113.55063536104, 4.12500003222, 0.00000000000, -0.00000000411, -0.00000000856
159, 50.00000000000, 1271.30634290783, 61.89567855714, 4.12500003222, 0.00000000000, -0.00000000108, 0.00000001780
160, 50.00000000000, 87.82336053171, 30.65864598764, 4.12500003222, 0.00000000000, 0.00000000246, -0.00000000590
161, 50.00000000000, 97.34865812798, 64.33585607332, 4.12500003222, 0.00000000000, 0.00000000681, -0.00000001454
162, 50.00000000000, 120.83096893162, 3.71490435053, 4.12500003222, 0.00000000000, -0.00000000084, 0.00000001767
163, 50.00000000000, 129.28847564605, 24.96969186770, 4.12500003222, 0.00000000000, -0.00000000177, -0.00000001774
164, 50.00000000000, 132.99665595702, 49.33973042845, 4.12500003222, 0.00000000000, 0.00000000984, -0.00000001197
165, 50.00000000000, 140.80645634986, 44.26847143823, 4.12500003222, 0.00000000000, 0.00000000403, 0.00000000288
166, 50.00000000000, 172.12690223763, 36.54223935251, 4.12500003222, 0.00000000000, 0.00000001685, 0.00000003505
167, 50.00000000000, 182.18949755748, 22.64022989615, 4.12500003222, 0.00000000000, -0.00000001404, -0.00000002798
168, 50.00000000000, 182.39775100629, 58.15031244303, 4.12500003222, 0.00000000000, 0.00000000046, -0.00000003962
169, 50.00000000000, 217.34039508379, 17.63793351064, 4.12500003222, 0.00000000000, 0.00000000578, -0.00000000595
170, 50.00000000000, 232.15274780251, 6.17153106741, 4.12500003222, 0.00000000000, -0.00000000346, 0.00000001574
171, 50.00000000000, 251.49983671831, 33.99319323366, 4.12500003222, 0.00000000000, -0.00000000691, -0.00000001148
172, 50.00000000000, 271.61635268881, 8.34450133661, 4.12500003222, 0.00000000000, -0.00000000054, -0.00000004194
173, 50.00000000000, 283.81341830265, 48.26108143929, 4.12500003222, 0.00000000000, 0.00000001109, 0.00000000822
174, 50.00000000000, 302.74115891352, 7.63419417198, 4.12500003222, 0.00000000000, 0.00000000697, -0.00000000031
175, 50.00000000000, 311.34741210686, 14.18248592256, 4.12500003222, 0.00000000000, -0.00000000408, -0.00000002247
176, 50.00000000000, 331.26347066268, 25.90943784675, 4.12500003222, 0.00000000000, 0.00000001106, -0.00000002169
177, 50.00000000000, 351.59910038676, 49.35837173503, 4.12500003222, 0.00000000000, -0.00000000072, -0.00000001524
178, 50.00000000000, 371.52867685698, 86.51066400285, 4.12500003222, 0.00000000000, -0.00000001128, -0.00000000424
179, 50.00000000000, 380.26355634946, 98.25579354958, 4.12500003222, 0.00000000000, 0.00000000832, 0.00000000902
180, 50.00000000000, 399.73161875875, 102.04227529895, 4.12500003222, 0.00000000000, -0.00000000877, 0.00000000736
181, 50.00000000000, 415.33759175965, 87.33293117006, 4.12500003222, 0.00000000000, 0.00000000070, -0.00000002967
182, 50.00000000000, 435.45093716236, 103.24200569057, 4.12500003222, 0.00000000000, -0.00000000143, 0.00000000429
183, 50.00000000000, 432.30427341081, 35.82920481835, 4.12500003222, 0.00000000000, -0.00000000170, -0.00000001379
184, 50.00000000000, 419.54036532895, -30000000.00000000000, 0.00000000000, 0.00000000000, 0.00000008439, 0.66000001198
185, 50.00000000000, 466.99482953196, 118.01229308695, 4.12500003222, 0.00000000000, 0.00000000124, 0.00000000126
186, 50.00000000000, 483.30368132380, 83.25528766581, 4.12500003222, 0.00000000000, -0.00000000648, 0.00000003368
187, 50.00000000000, 495.22943347796, 80.18222480244, 4.12500003222, 0.00000000000, -0.00000000084, 0.00000004829
188, 50.00000000000, 518.00571997032, 58.48463845929, 4.12500003222, 0.00000000000, 0.00000000538, 0.00000002113
189, 50.00000000000, 537.09186975103, 44.72430139127, 4.12500003222, 0.00000000000, -0.00000000023, -0.00000000945
190, 50.00000000000, 520.58267380689, -30000000.00000000000, 0.00000000000, 0.00000000000, 0.00000135806, 0.66000001198
191, 50.00000000000, 566.81952669026, 78.95501999645, 4.12500003222, 0.00000000000, 0.00000000213, 0.00000000462
192, 50.00000000000, 577.42200782186, 149.78442905278, 4.12500003222, 0.00000000000, -0.00000000067, -0.00000001124
193, 50.00000000000, 586.19504946710, 183.00722223332, 4.12500003222, 0.00000000000, 0.00000000313, 0.00000000771
194, 50.00000000000, 603.30937299093, 169.65840882560, 4.12500003222, 0.00000000000, 0.00000000183, -0.00000000260
195, 50.00000000000, 612.28101428985, -30000000.00000000000, 0.00000000000, 0.00000000000, 0.00000223237, 0.66000001198
196, 50.00000000000, 639.89820585641, -30000000.00000000000, 0.00000000000, 0.00000000000, 0.00000073799, 0.66000001198
197, 50.00000000000, 653.53228575771, -30000000.00000000000, 0.00000000000, 0.00000000000, -0.00000007266, 0.66000001198
198, 50.00000000000, 676.35852946267, 54.86717798224, 4.12500003222, 0.00000000000, -0.00000000324, 0.00000000801
199, 50.00000000000, 673.06020826581, -30000000.00000000000, 0.00000000000, 0.00000000000, 0.00000070719, 0.66000001198
200, 50.00000000000, 712.52652861628, 93.02779928943, 4.12500003222, 0.00000000000, 0.00000000008, -0.00000002041
201, 50.00000000000, 728.33086852902, 94.22747670319, 4.12500003222, 0.00000000000, 0.00000000199, 0.00000000108
202, 50.00000000000, 728.62954102617, 40.29156001072, 4.12500003222, 0.00000000000, -0.00000000311, 0.00000004243
203, 50.00000000000, 756.44150424276, -30000000.00000000000, 0.00000000000, 0.00000000000, -0.00000024601, 0.66000001198
204, 50.00000000000, 765.68247227427, -30000000.00000000000, 0.00000000000, 0.00000000000, -0.00000020833, 0.66000001198
205, 50.00000000000, 796.53903692277, 31.35083446115, 4.12500003222, 0.00000000000, 0.00000000355, 0.00000002421
206, 50.00000000000, 815.91885303475, 27.80381367315, 4.12500003222, 0.00000000000, -0.00000000253, 0.00000002055
207, 50.00000000000, 809.35856479098, 61.20665458251, 4.12500003222, 0.00000000000, 0.00000000648, 0.00000001138
208, 50.00000000000, 827.32358611809, 91.53649974806, 4.12500003222, 0.00000000000, -0.00000000759, 0.00000000036
209, 50.00000000000, 828.86783379449, 60.08648626818, 4.12500003222, 0.00000000000, 0.00000000917, 0.00000000914
210, 50.00000000000, 866.59283745094, -30000000.00000000000, 0.00000000000, 0.00000000000, 0.00000161984, 0.66000001198
211, 50.00000000000, 890.63605409679, -30000000.00000000000, 0.00000000000, 0.00000000000, 0.00000103109, 0.66000001198
212, 50.00000000000, 897.19262373782, 34.97866916691, 4.12500003222, 0.00000000000, 0.00000000714, 0.00000000205
213, 50.00000000000, 915.76837511254, -30000000.00000000000, 0.00000000000, 0.00000000000, -0.00000147500, 0.66000001198
214, 50.00000000000, 935.82983752350, 94.77504574879, 4.12500003222, 0.00000000000, 0.00000000145, -0.00000002826
215, 50.00000000000, 953.57082491637, 42.39005751584, 4.12500003222, 0.00000000000, 0.00000000571, 0.00000002398
216, 50.00000000000, 973.89905353114, 40.29465787200, 4.12500003222, 0.00000000000, -0.00000000911, 0.00000000224
217, 50.00000000000, 984.27381532761, -30000000.00000000000, 0.00000000000, 0.00000000000, -0.00000176700, 0.66000001198
218, 50.00000000000, 1003.32229807529, -30000000.00000000000, 0.00000000000, 0.00000000000, 0.00000034875, 0.66000001198
219, 50.00000000000, 1025.88273151686, -30000000.00000000000, 0.00000000000, 0.00000000000, -0.00000022594, 0.66000001198
220, 50.00000000000, 997.02525506134, 108.82715370380, 4.12500003222, 0.00000000000, -0.00000000330, -0.00000000423
221, 50.00000000000, 1044.10258946091, 34.67379691169, 4.12500003222, 0.00000000000, 0.00000001617, 0.00000005192
222, 50.00000000000, 1055.61178814574, 50.83939269938, 4.12500003222, 0.00000000000, -0.00000001344, -0.00000001372
223, 50.00000000000, 1062.26695433889, 36.52753438730, 4.12500003222, 0.00000000000, -0.00000001056, -0.00000001725
224, 50.00000000000, 1068.35813937056, 14.31789672137, 4.12500003222, 0.00000000000, -0.00000000044, 0.00000002109
225, 50.00000000000, 1102.34383106168, 24.03080618601, 4.12500003222, 0.00000000000, -0.00000000950, -0.00000001167
226, 50.00000000000, 1099.57226510965, 81.92249699397, 4.12500003222, 0.00000000000, 0.00000000182, -0.00000001647
227, 50.00000000000, 1127.17788684809, 48.49603112936, 4.12500003222, 0.00000000000, 0.00000001213, -0.00000002361
228, 50.00000000000, 1136.09048943572, 9.79390790465, 4.12500003222, 0.00000000000, -0.00000000594, 0.00000001081
229, 50.00000000000, 1154.16334298052, 15.73236534455, 4.12500003222, 0.00000000000, -0.00000000747, 0.00000003160
230, 50.00000000000, 1170.54434767502, 15.04408198325, 4.12500003222, 0.00000000000, -0.00000000206, -0.00000001935
231, 50.00000000000, 1189.92864290211, 60.51904324054, 4.12500003222, 0.00000000000, -0.00000000568, -0.00000002109
232, 50.00000000000, 1210.10480795132, 30.52954097100, 4.12500003222, 0.00000000000, 0.00000000136, -0.00000000140
233, 50.00000000000, 1204.23579357323, 53.84286146446, 4.12500003222, 0.00000000000, 0.00000000470, 0.00000002347
234, 50.00000000000, 1213.28201908816, 61.36225822317, 4.12500003222, 0.00000000000, -0.00000000426, 0.00000001576
235, 50.00000000000, 1228.37811529687, 80.10530797739, 4.12500003222, 0.00000000000, 0.00000000664, -0.00000002241
236, 50.00000000000, 1271.65608208944, 6.86739992944, 4.12500003222, 0.00000000000, 0.00000000039, -0.00000001493
237, 50.00000000000, 1253.90716661545, 77.20036147946, 4.12500003222, 0.00000000000, 0.00000000431, -0.00000000389
238, 50.00000000000, 1260.36864340531, 91.16054712907, 4.12500003222, 0.00000000000, 0.00000000493, -0.00000001878
239, 50.00000000000, 1285.56607011768, 90.94824685614, 4.12500003222, 0.00000000000, 0.00000000074, -0.00000002086
240, 50.00000000000, 97.67203377658, 43.85113179190, 4.12500003222, 0.00000000000, 0.00000000187, 0.00000000591
241, 50.00000000000, 88.52798391423, 11.83708271576, 4.12500003222, 0.00000000000, 0.00000000154, -0.00000000236
242, 50.00000000000, 108.86682545952, 24.87035656756, 4.12500003222, 0.00000000000, -0.00000000242, -0.00000001043
243, 50.00000000000, 127.30799834593, 74.11718755644, 4.12500003222, 0.00000000000, 0.00000001104, -0.00000005412
244, 50.00000000000, 140.95104514221, 70.03486063858, 4.12500003222, 0.00000000000, -0.00000000280, 0.00000000911
245, 50.00000000000, 150.56193621176, 63.28855660942, 4.12500003222, 0.00000000000, 0.00000000806, 0.00000003293
246, 50.00000000000, 162.82260257799, 19.93282806798, 4.12500003222, 0.00000000000, 0.00000001779, 0.00000000813
247, 50.00000000000, 147.02167575488, 102.44886602785, 4.12500003222, 0.00000000000, 0.00000001008, 0.00000000792
248, 50.00000000000, 159.80027092602, 67.52187281206, 4.12500003222, 0.00000000000, 0.00000000227, -0.00000003044
249, 50.00000000000, 166.13036967045, 76.04186143719, 4.12500003222, 0.00000000000, 0.00000000609, 0.00000000461
250, 50.00000000000, 217.12073077638, 28.07064590228, 4.12500003222, 0.00000000000, -0.00000000321, 0.00000003314
251, 50.00000000000, 199.14537018572, 87.17538835927, 4.12500003222, 0.00000000000, -0.00000000033, 0.00000000515
252, 50.00000000000, 260.47648747159, 52.66416863650, 4.12500003222, 0.00000000000, -0.00000000285, 0.00000000936
253, 50.00000000000, 287.36271120210, 35.80849202816, 4.12500003222, 0.00000000000, -0.00000000938, 0.00000004472
254, 50.00000000000, 254.90446777563, 108.83091300209, 4.12500003222, 0.00000000000, 0.00000000609, 0.00000000751
255, 50.00000000000, 255.84010657183, 129.98757498061, 4.12500003222, 0.00000000000, -0.00000000267, -0.00000001235
256, 50.00000000000, 275.00607649002, 160.34311543463, 4.12500003222, 0.00000000000, 0.00000000036, -0.00000000494
257, 50.00000000000, 349.74592420989, 59.78528966900, 4.12500003222, 0.00000000000, -0.00000000868, -0.00000001075
258, 50.00000000000, 370.75475602616, 73.93992016184, 4.12500003222, 0.00000000000, 0.00000000352, 0.00000004626
259, 50.00000000000, 378.50986822057, 34.09391633909, 4.12500003222, 0.00000000000, -0.00000000703, -0.00000002468
260, 50.00000000000, 395.44893221308, 47.76990620357, 4.12500003222, 0.00000000000, -0.00000000232, 0.00000004750
261, 50.00000000000, 403.45240601620, 55.01623200653, 4.12500003222, 0.00000000000, -0.00000001195, -0.00000000407
262, 50.00000000000, 388.93887788843, -30000000.00000000000, 0.00000000000, 0.00000000000, 0.00000061209, 0.66000001198
263, 50.00000000000, 450.92002768199, 86.62546416210, 4.12500003222, 0.00000000000, 0.00000000387, -0.00000000248
264, 50.00000000000, 445.80670503218, 53.04327340982, 4.12500003222, 0.00000000000, -0.00000000356, 0.00000000989
265, 50.00000000000, 466.00221454360, 81.87788555655, 4.12500003222, 0.00000000000, -0.00000000246, 0.00000000189
266, 50.00000000000, 484.86274873220, 118.05832453215, 4.12500003222, 0.00000000000, 0.00000000178, 0.00000000581
267, 50.00000000000, 504.14140445446, 89.54541776336, 4.12500003222, 0.00000000000, 0.00000000019, 0.00000002864
268, 50.00000000000, 512.66831663865, 79.08561044349, 4.12500003222, 0.00000000000, 0.00000000315, 0.00000002265
269, 50.00000000000, 537.08483567540, 59.96791141340, 4.12500003222, 0.00000000000, 0.00000000273, 0.00000001851
270, 50.00000000000, 531.84524923006, -30000000.00000000000, 0.00000000000, 0.00000000000, -0.00000014633, 0.66000001198
271, 50.00000000000, 569.23366370334, 100.68602413492, 4.12500003222, 0.00000000000, 0.00000000203, 0.00000000551
272, 50.00000000000, 574.73414581137, 62.40604280968, 4.12500003222, 0.00000000000, -0.00000000065, -0.00000001753
273, 50.00000000000, 609.12154916743, 135.61799199620, 4.12500003222, 0.00000000000, 0.00000000169, 0.00000001613
274, 50.00000000000, 617.83681954839, 103.73242640113, 4.12500003222, 0.00000000000, 0.00000000964, -0.00000000320
275, 50.00000000000, 622.27021865210, 84.08219974748, 4.12500003222, 0.00000000000, -0.00000000752, -0.00000002735
276, 50.00000000000, 629.15038711257, -30000000.00000000000, 0.00000000000, 0.00000000000, 0.00000099221, 0.66000001198
277, 50.00000000000, 665.54389306153, 70.97398932931, 4.12500003222, 0.00000000000, 0.00000000377, -0.00000001620
278, 50.00000000000, 660.57065993030, -30000000.00000000000, 0.00000000000, 0.00000000000, -0.00000089032, 0.66000001198
279, 50.00000000000, 679.22428912546, 37.81037128833, 4.12500003222, 0.00000000000, -0.00000000389, -0.00000000882
280, 50.00000000000, 694.87787975621, -30000000.00000000000, 0.00000000000, 0.00000000000, -0.00000029079, 0.66000001198
281, 50.00000000000, 719.65582172331, 76.11448296537, 4.12500003222, 0.00000000000, -0.00000000651, -0.00000000424
282, 50.00000000000, 745.01697509145, -30000000.00000000000, 0.00000000000, 0.00000000000, -0.00000014535, 0.66000001198
283, 50.00000000000, 764.87281261241, 110.42747833261, 4.12500003222, 0.00000000000, -0.00000000775, -0.00000000407
284, 50.00000000000, 775.33097443066, 71.80894465221, 4.12500003222, 0.00000000000, 0.00000000730, -0.00000000198
285, 50.00000000000, 786.29845201467, -30000000.00000000000, 0.00000000000, 0.00000000000, 0.00000050588, 0.66000001198
286, 50.00000000000, 817.04629900037, 43.91407053246, 4.12500003222, 0.00000000000, -0.00000000338, -0.00000002593
287, 50.00000000000, 835.96950134552, 39.87043421816, 4.12500003222, 0.00000000000, -0.00000000446, 0.00000000185
288, 50.00000000000, 839.46921890601, -30000000.00000000000, 0.00000000000, 0.00000000000, -0.00000101373, 0.66000001198
289, 50.00000000000, 868.34119057319, 57.41474496453, 4.12500003222, 0.00000000000, -0.00000000365, -0.00000001885
290, 50.00000000000, 859.20338872488, 78.63246018432, 4.12500003222, 0.00000000000, -0.00000000275, -0.00000002557
291, 50.00000000000, 877.95912739272, 39.91816411289, 4.12500003222, 0.00000000000, -0.00000000372, 0.00000001076
292, 50.00000000000, 905.22338823391, -30000000.00000000000, 0.00000000000, 0.00000000000, -0.00000110819, 0.66000001198
293, 50.00000000000, 916.87080589257, 85.97542200704, 4.12500003222, 0.00000000000, 0.00000000042, 0.00000001698
294, 50.00000000000, 919.44374401440, 34.03667691120, 4.12500003222, 0.00000000000, 0.00000000250, 0.00000002195
295, 50.00000000000, 939.07117093700, 24.81519936742, 4.12500003222, 0.00000000000, -0.00000000191, -0.00000001207
296, 50.00000000000, 966.19297875214, 74.52238114697, 4.12500003222, 0.00000000000, -0.00000000331, -0.00000003220
297, 50.00000000000, 976.40334671072, 61.98616299602, 4.12500003222, 0.00000000000, 0.00000000572, 0.00000001189
298, 50.00000000000, 998.06150070025, 63.04434498163, 4.12500003222, 0.00000000000, -0.00000000075, 0.00000001326
299, 50.00000000000, 1030.85399897460, -30000000.00000000000, 0.00000000000, 0.00000000000, -0.00000088796, 0.66000001198
300, 50.00000000000, 1023.51385032487, 45.41061103321, 4.12500003222, 0.00000000000, 0.00000001100, 0.00000007466
301, 50.00000000000, 1041.96988845581, 71.67425849826, 4.12500003222, 0.00000000000, -0.00000000097, -0.00000003196
302, 50.00000000000, 1047.13171766722, 54.98417967373, 4.12500003222, 0.00000000000, -0.00000000868, -0.00000000576
303, 50.00000000000, 1095.76986868288, -30000000.00000000000, 0.00000000000, 0.00000000000, -0.00000083959, 0.66000001198
304, 50.00000000000, 1072.90935864324, 58.14158553602, 4.12500003222, 0.00000000000, 0.00000000413, 0.00000001265
305, 50.00000000000, 1102.79273571419, 48.78991722550, 4.12500003222, 0.00000000000, -0.00000000480, 0.00000000155
306, 50.00000000000, 1093.82033382104, 7.94172612606, 4.12500003222, 0.00000000000, 0.00000000797, -0.00000000730
307, 50.00000000000, 1116.09705154005, 69.19308415280, 4.12500003222, 0.00000000000, 0.00000000599, 0.00000002486
308, 50.00000000000, 1145.75121984595, 48.97608853830, 4.12500003222, 0.00000000000, -0.00000000497, 0.00000000923
309, 50.00000000000, 1165.60281566616, 57.77319760505, 4.12500003222, 0.00000000000, 0.00000000559, 0.00000003159
310, 50.00000000000, 1177.09446691214, 5.68356318186, 4.12500003222, 0.00000000000, 0.00000000063, -0.00000001534
311, 50.00000000000, 1174.45958675342, 66.77713580764, 4.12500003222, 0.00000000000, -0.00000000397, 0.00000003817
312, 50.00000000000, 1213.03500685364, 8.40876342495, 4.12500003222, 0.00000000000, -0.00000000452, -0.00000000268
313, 50.00000000000, 1206.20380317485, 22.24554266812, 4.12500003222, 0.00000000000, 0.00000000287, -0.00000001730
314, 50.00000000000, 1205.21454446955, 75.29599378811, 4.12500003222, 0.00000000000, -0.00000000061, -0.00000001590
315, 50.00000000000, 1225.59140538972, 46.80713928329, 4.12500003222, 0.00000000000, 0.00000000033, -0.00000001316
316, 50.00000000000, 1237.35064572445, 83.60495289137, 4.12500003222, 0.00000000000, -0.00000000107, -0.00000000173
317, 50.00000000000, 1256.11244257895, 45.83299704399, 4.12500003222, 0.00000000000, -0.00000000838, -0.00000001053
318, 50.00000000000, 1274.81968446567, 29.47879357994, 4.12500003222, 0.00000000000, -0.00000000648, 0.00000000607
319, 50.00000000000, 1294.23306929218, 53.96196926886, 4.12500003222, 0.00000000000, 0.00000000300, -0.00000002366
320, 50.00000000000, -15.81525601760, 139.94621190198, 4.12500003222, 0.00000000000, -0.00000000000, 0.00000000000
321, 50.00000000000, 98.82006143712, 8.23468698106, 4.12500003222, 0.00000000000, 0.00000000664, -0.00000000171
322, 50.00000000000, 108.70300482158, 58.75213235901, 4.12500003222, 0.00000000000, -0.00000000001, 0.00000000900
323, 50.00000000000, 117.75352004768, 35.29852616030, 4.12500003222, 0.00000000000, 0.00000000945, 0.00000003236
324, 50.00000000000, 73.44495054972, 186.04813472592, 4.12500003222, 0.00000000000, 0.00000000000, 0.00000000000
325, 50.00000000000, 151.83412051785, 24.20352613206, 4.12500003222, 0.00000000000, 0.00000001543, 0.00000002491
326, 50.00000000000, 166.21685276613, 43.99096404297, 4.12500003222, 0.00000000000, 0.00000000195, 0.00000001928
327, 50.00000000000, 188.10688503687, 41.64153905210, 4.12500003222, 0.00000000000, -0.00000000063, -0.00000001010
328, 50.00000000000, 195.34199027402, 25.95602320103, 4.12500003222, 0.00000000000, 0.00000000033, 0.00000003906
329, 50.00000000000, 190.54149467979, 66.24708120859, 4.12500003222, 0.00000000000, 0.00000000352, 0.00000001055
330, 50.00000000000, 201.84534123464, 104.00224070701, 4.12500003222, 0.00000000000, -0.00000000379, 0.00000000154
331, 50.00000000000, 203.74156474227, 70.25632090911, 4.12500003222, 0.00000000000, 0.00000000227, -0.00000000039
332, 50.00000000000, 276.55331859356, 55.04881854221, 4.12500003222, 0.00000000000, 0.00000000849, -0.00000003410
333, 50.00000000000, 288.37926200286, 83.87573144091, 4.12500003222, 0.00000000000, -0.00000000965, 0.00000000488
334, 50.00000000000, 307.50388136879, 79.54177702742, 4.12500003222, 0.00000000000, -0.00000000317, -0.00000000670
335, 50.00000000000, 256.90974561296, 150.85762355338, 4.12500003222, 0.00000000000, -0.00000000019, -0.00000000055
336, 50.00000000000, 329.18231166832, 48.38653887257, 4.12500003222, 0.00000000000, -0.00000001078, 0.00000003153
337, 50.00000000000, 360.50227074529, 90.92605461555, 4.12500003222, 0.00000000000, 0.00000000434, -0.00000001722
338, 50.00000000000, 363.20081718234, 64.36041578746, 4.12500003222, 0.00000000000, -0.00000000076, -0.00000003194
339, 50.00000000000, 340.00595498222, -30000000.00000000000, 0.00000000000, 0.00000000000, -0.00000017105, 0.66000001198
340, 50.00000000000, 382.90564604346, 52.92679706323, 4.12500003222, 0.00000000000, 0.00000001292, 0.00000001486
341, 50.00000000000, 414.14728601322, 46.85002767810, 4.12500003222, 0.00000000000, 0.00000001411, 0.00000001602
342, 50.00000000000, 420.70459788698, 69.50907941546, 4.12500003222, 0.00000000000, -0.00000000372, 0.00000005962
343, 50.00000000000, 411.95594727245, -30000000.00000000000, 0.00000000000, 0.00000000000, 0.00000040949, 0.66000001198
344, 50.00000000000, 421.63645327278, -30000000.00000000000, 0.00000000000, 0.00000000000, 0.00000031613, 0.66000001198
345, 50.00000000000, 469.80437796991, 100.24194936554, 4.12500003222, 0.00000000000, -0.00000000033, -0.00000000929
346, 50.00000000000, 476.87425647347, 67.62928863021, 4.12500003222, 0.00000000000, -0.00000001519, -0.00000001041
347, 50.00000000000, 498.63303558149, 66.71859242863, 4.12500003222, 0.00000000000, -0.00000000264, 0.00000000687
348, 50.00000000000, 518.12954316205, 48.74655650990, 4.12500003222, 0.00000000000, -0.00000000140, -0.00000003947
349, 50.00000000000, 508.76185780467, -30000000.00000000000, 0.00000000000, 0.00000000000, 0.00000080948, 0.66000001198
350, 50.00000000000, 567.59265040446, 132.94871170543, 4.12500003222, 0.00000000000, -0.00000000009, -0.00000001564
351, 50.00000000000, 577.25055133779, 84.64681475624, 4.12500003222, 0.00000000000, 0.00000000108, -0.00000000138
352, 50.00000000000, 580.15004773836, 116.79721823230, 4.12500003222, 0.00000000000, 0.00000000220, 0.00000000557
353, 50.00000000000, 589.94039505789, 73.39227808879, 4.12500003222, 0.00000000000, 0.00000000222, 0.00000001266
354, 50.00000000000, 607.74959094363, 102.77799139181, 4.12500003222, 0.00000000000, 0.00000000261, -0.00000003018
355, 50.00000000000, 624.59508498732, 95.05903725596, 4.12500003222, 0.00000000000, -0.00000001576, 0.00000005396
356, 50.00000000000, 624.85660403991, 172.25694620067, 4.12500003222, 0.00000000000, 0.00000000167, -0.00000000647
357, 50.00000000000, 654.49322630530, 104.65034656259, 4.12500003222, 0.00000000000, 0.00000000554, 0.00000001877
358, 50.00000000000, 645.68395777960, 171.81480640415, 4.12500003222, 0.00000000000, -0.00000000002, -0.00000000006
359, 50.00000000000, 683.79355610753, -30000000.00000000000, 0.00000000000, 0.00000000000, -0.00000056277, 0.66000001198
360, 50.00000000000, 713.54686416256, 111.63583453637, 4.12500003222, 0.00000000000, 0.00000000221, 0.00000001242
361, 50.00000000000, 725.28223296434, 23.57981924723, 4.12500003222, 0.00000000000, -0.00000000151, -0.00000000970
362, 50.00000000000, 748.24589899646, 104.09848368721, 4.12500003222, 0.00000000000, 0.00000000773, 0.00000004846
363, 50.00000000000, 743.73605733880, 28.54795317266, 4.12500003222, 0.00000000000, 0.00000000077, -0.00000003736
364, 50.00000000000, 755.30970766766, 72.81879405482, 4.12500003222, 0.00000000000, -0.00000000143, -0.00000000505
365, 50.00000000000, 792.28331161835, 243.34204687447, 4.12500003222, 0.00000000000, -0.00000000406, 0.00000000405
366, 50.00000000000, 807.98956735489, -30000000.00000000000, 0.00000000000, 0.00000000000, -0.00000008405, 0.66000001198
367, 50.00000000000, 811.47827788867, -30000000.00000000000, 0.00000000000, 0.00000000000, 0.00000036708, 0.66000001198
368, 50.00000000000, 833.69649444093, -30000000.00000000000, 0.00000000000, 0.00000000000, -0.00000141773, 0.66000001198
369, 50.00000000000, 828.97561132606, 114.41101184547, 4.12500003222, 0.00000000000, -0.00000000260, 0.00000001578
370, 50.00000000000, 861.14509508587, 100.45667130325, 4.12500003222, 0.00000000000, 0.00000000199, 0.00000001252
371, 50.00000000000, 890.63339669740, -30000000.00000000000, 0.00000000000, 0.00000000000, 0.00000103162, 0.66000001198
372, 50.00000000000, 896.08134841170, 79.99167169221, 4.12500003222, 0.00000000000, -0.00000000044, -0.00000000413
373, 50.00000000000, 909.59141257828, 48.76711575893, 4.12500003222, 0.00000000000, 0.00000000723, -0.00000003480
374, 50.00000000000, 932.30469524956, 39.65753315438, 4.12500003222, 0.00000000000, -0.00000000097, 0.00000000117
375, 50.00000000000, 963.24966930524, -30000000.00000000000, 0.00000000000, 0.00000000000, 0.00000058485, 0.66000001198
376, 50.00000000000, 975.56517072570, -30000000.00000000000, 0.00000000000, 0.00000000000, -0.00000023486, 0.66000001198
377, 50.00000000000, 978.44909755069, 10.20306096709, 4.12500003222, 0.00000000000, 0.00000000034, -0.00000003203
378, 50.00000000000, 990.67490630907, 27.49029866325, 4.12500003222, 0.00000000000, 0.00000000482, 0.00000000068
379, 50.00000000000, 1009.95021608807, 66.15308332608, 4.12500003222, 0.00000000000, 0.00000000451, 0.00000000475
380, 50.00000000000, 1021.66370176151, 58.10459668660, 4.12500003222, 0.00000000000, 0.00000000327, -0.00000000337
381, 50.00000000000, 1037.16499639219, 87.49794000640, 4.12500003222, 0.00000000000, -0.00000000331, 0.00000002774
382, 50.00000000000, 1052.18348421174, 68.31391410812, 4.12500003222, 0.00000000000, -0.00000000277, -0.00000000599
383, 50.00000000000, 1064.83716233228, 72.19790362503, 4.12500003222, 0.00000000000, -0.00000000084, -0.00000001329
384, 50.00000000000, 1073.15561970220, 33.57341338508, 4.12500003222, 0.00000000000, 0.00000001185, -0.00000005236
385, 50.00000000000, 1092.36821917423, 42.82658117115, 4.12500003222, 0.00000000000, 0.00000000193, 0.00000000627
386, 50.00000000000, 1113.09573013113, 43.85320618245, 4.12500003222, 0.00000000000, -0.00000000488, -0.00000001263
387, 50.00000000000, 1114.79500922383, 11.96470491783, 4.12500003222, 0.00000000000, -0.00000000541, -0.00000000474
388, 50.00000000000, 1132.73102974741, 42.48364420097, 4.12500003222, 0.00000000000, -0.00000000342, 0.00000000701
389, 50.00000000000, 1144.83545844727, 85.28860509970, 4.12500003222, 0.00000000000, 0.00000000176, 0.00000000476
390, 50.00000000000, 1167.95246116922, 88.99333034889, 4.12500003222, 0.00000000000, -0.00000000890, -0.00000004038
391, 50.00000000000, 1178.63003015710, 76.49572488945, 4.12500003222, 0.00000000000, -0.00000001706, -0.00000002109
392, 50.00000000000, 1200.84813823496, 44.70536797053, 4.12500003222, 0.00000000000, -0.00000001478, -0.00000001963
393, 50.00000000000, 1225.74589127078, 27.37636842868, 4.12500003222, 0.00000000000, 0.00000000797, 0.00000003433
394, 50.00000000000, 1213.21377102295, 84.22554869758, 4.12500003222, 0.00000000000, 0.00000000338, 0.00000000692
395, 50.00000000000, 1226.61504648915, 64.55700019158, 4.12500003222, 0.00000000000, -0.00000001020, -0.00000001029
396, 50.00000000000, 1240.36941703823, 43.37073919221, 4.12500003222, 0.00000000000, -0.00000001179, -0.00000001037
397, 50.00000000000, 1248.75544741155, 92.74615334680, 4.12500003222, 0.00000000000, 0.00000000857, 0.00000001847
398, 50.00000000000, 1278.44071931760, 107.47586626539, 4.12500003222, 0.00000000000, 0.00000000762, 0.00000003245
399, 50.00000000000, 1275.14294020928, 42.10316816172, 4.12500003222, 0.00000000000, 0.00000001029, 0.00000000571
400, 50.00000000000, 75.49853047615, 30.51703242593, 4.12500003222, 0.00000000000, 0.00000000001, 0.00000001284
401, 50.00000000000, 87.64509785403, 49.98283208503, 4.12500003222, 0.00000000000, -0.00000000340, 0.00000001150
402, 50.00000000000, 114.92258816723, 94.13894585237, 4.12500003222, 0.00000000000, -0.00000000831, 0.00000002695
403, 50.00000000000, 118.61279799597, 57.06606759556, 4.12500003222, 0.00000000000, -0.00000000216, 0.00000001256
404, 50.00000000000, 139.19992375987, 60.11137029069, 4.12500003222, 0.00000000000, -0.00000000538, -0.00000001693
405, 50.00000000000, 140.37827383390, 10.39912929347, 4.12500003222, 0.00000000000, -0.00000000838, -0.00000000429
406, 50.00000000000, 162.79058566911, 32.88198411303, 4.12500003222, 0.00000000000, -0.00000001226, -0.00000008273
407, 50.00000000000, 147.85471000895, 82.83234636600, 4.12500003222, 0.00000000000, 0.00000000286, 0.00000002486
408, 50.00000000000, 169.36101791920, 58.10271383488, 4.12500003222, 0.00000000000, 0.00000000197, -0.00000000881
409, 50.00000000000, 191.36555065226, 51.75650254220, 4.12500003222, 0.00000000000, -0.00000000586, 0.00000000765
410, 50.00000000000, 182.38963616190, 75.06895696131, 4.12500003222, 0.00000000000, -0.00000000565, -0.00000001472
411, 50.00000000000, 204.71418049420, 252.52593466009, 4.12500003222, 0.00000000000, 0.00000000000, 0.00000000000
412, 50.00000000000, 237.92882668063, 119.25732692292, 4.12500003222, 0.00000000000, 0.00000000177, 0.00000000937
413, 50.00000000000, 234.67611552191, 223.53419301323, 4.12500003222, 0.00000000000, 0.00000000000, 0.00000000000
414, 50.00000000000, 294.30973050764, 67.35455943647, 4.12500003222, 0.00000000000, 0.00000000472, -0.00000003828
415, 50.00000000000, 326.51402328874, 81.22367941775, 4.12500003222, 0.00000000000, 0.00000000332, -0.00000000951
416, 50.00000000000, 323.15055941610, 15.23632407919, 4.12500003222, 0.00000000000, 0.00000000364, -0.00000003969
417, 50.00000000000, 343.06567570377, 29.58051890729, 4.12500003222, 0.00000000000, 0.00000000414, -0.00000000513
418, 50.00000000000, 322.42956292726, -30000000.00000000000, 0.00000000000, 0.00000000000, 0.00000072823, 0.66000001198
419, 50.00000000000, 339.49563006144, -30000000.00000000000, 0.00000000000, 0.00000000000, -0.00000011559, 0.66000001198
420, 50.00000000000, 353.13639307633, 171.21588366695, 4.12500003222, 0.00000000000, 0.00000000000, 0.00000000000
421, 50.00000000000, 412.73700735471, 111.11282571419, 4.12500003222, 0.00000000000, 0.00000000357, -0.00000000490
422, 50.00000000000, 427.50785013703, 126.50792721650, 4.12500003222, 0.00000000000, 0.00000000074, -0.00000002246
423, 50.00000000000, 405.77340567594, -30000000.00000000000, 0.00000000000, 0.00000000000, 0.00000163363, 0.66000001198
424, 50.00000000000, 448.24618469253, 121.86247861618, 4.12500003222, 0.00000000000, -0.00000000441, 0.00000001556
425, 50.00000000000, 431.99413008865, -30000000.00000000000, 0.00000000000, 0.00000000000, -0.00000150851, 0.66000001198
426, 50.00000000000, 481.75412748008, 61.58944770123, 4.12500003222, 0.00000000000, 0.00000000945, -0.00000003418
427, 50.00000000000, 457.91027909285, 217.90473599621, 4.12500003222, 0.00000000000, 0.00000000188, -0.00000000082
428, 50.00000000000, 525.80439449975, 78.79199480645, 4.12500003222, 0.00000000000, 0.00000000445, 0.00000002639
429, 50.00000000000, 507.52694227155, -30000000.00000000000, 0.00000000000, 0.00000000000, 0.00000032952, 0.66000001198
430, 50.00000000000, 557.63699073319, 115.93063403979, 4.12500003222, 0.00000000000, 0.00000000694, 0.00000001794
431, 50.00000000000, 553.20893423431, 94.17141260204, 4.12500003222, 0.00000000000, -0.00000000382, 0.00000000003
432, 50.00000000000, 567.79009194951, -30000000.00000000000, 0.00000000000, 0.00000000000, -0.00000171706, 0.66000001198
433, 50.00000000000, 600.60649474229, 89.91497521949, 4.12500003222, 0.00000000000, -0.00000000254, -0.00000001632
434, 50.00000000000, 597.38866772265, 148.96124462054, 4.12500003222, 0.00000000000, -0.00000000201, -0.00000000226
435, 50.00000000000, 629.10693588037, 72.54617872673, 4.12500003222, 0.00000000000, 0.00000000640, -0.00000001504
436, 50.00000000000, 645.04023716669, 83.87224499904, 4.12500003222, 0.00000000000, 0.00000000670, -0.00000002315
437, 50.00000000000, 662.52267014471, 87.39490755124, 4.12500003222, 0.00000000000, 0.00000000317, 0.00000000980
438, 50.00000000000, 663.84341431818, 53.93813419328, 4.12500003222, 0.00000000000, -0.00000000539, 0.00000001201
439, 50.00000000000, 687.98129138775, 58.25432850325, 4.12500003222, 0.00000000000, 0.00000000612, 0.00000002118
440, 50.00000000000, 702.04866598135, 72.46193417082, 4.12500003222, 0.00000000000, -0.00000000252, 0.00000000635
441, 50.00000000000, 718.97314057585, -30000000.00000000000, 0.00000000000, 0.00000000000, -0.00000019778, 0.66000001198
442, 50.00000000000, 730.38082713688, -30000000.00000000000, 0.00000000000, 0.00000000000, 0.00000005238, 0.66000001198
443, 50.00000000000, 755.80657037824, 38.44317070924, 4.12500003222, 0.00000000000, 0.00000000945, 0.00000000331
444, 50.00000000000, 747.36566784083, 123.42408058173, 4.12500003222, 0.00000000000, -0.00000000120, -0.00000002440
445, 50.00000000000, 786.84649963773, 54.54355059408, 4.12500003222, 0.00000000000, -0.00000000345, 0.00000000226
446, 50.00000000000, 804.20594568739, 92.06479255565, 4.12500003222, 0.00000000000, 0.00000000222, -0.00000000049
447, 50.00000000000, 796.54318801433, 71.24519748248, 4.12500003222, 0.00000000000, -0.00000000108, 0.00000002079
448, 50.00000000000, 819.83026458709, 102.99572505769, 4.12500003222, 0.00000000000, -0.00000000663, -0.00000001073
449, 50.00000000000, 857.24993254311, 38.95398348504, 4.12500003222, 0.00000000000, 0.00000000169, 0.00000002594
450, 50.00000000000, 842.00641394989, 152.03198854263, 4.12500003222, 0.00000000000, 0.00000000032, -0.00000001359
451, 50.00000000000, 878.46057037133, 72.79854530433, 4.12500003222, 0.00000000000, 0.00000000098, -0.00000000878
452, 50.00000000000, 906.72404817217, -30000000.00000000000, 0.00000000000, 0.00000000000, -0.00000081974, 0.66000001198
453, 50.00000000000, 883.18585660871, 185.02705599743, 4.12500003222, 0.00000000000, 0.00000000176, 0.00000000093
454, 50.00000000000, 933.02546521995, 72.40652428272, 4.12500003222, 0.00000000000, 0.00000000084, 0.00000001169
455, 50.00000000000, 960.53549386189, -30000000.00000000000, 0.00000000000, 0.00000000000, 0.00000106156, 0.66000001198
456, 50.00000000000, 953.82993631873, 64.97467168225, 4.12500003222, 0.00000000000, 0.00000000249, -0.00000002244
457, 50.00000000000, 993.12444048294, 220.23208904311, 4.12500003222, 0.00000000000, 0.00000000000, 0.00000000000
458, 50.00000000000, 980.49505910904, 92.21921733715, 4.12500003222, 0.00000000000, 0.00000001124, 0.00000004659
459, 50.00000000000, 1003.23599792532, 85.08907510974, 4.12500003222, 0.00000000000, 0.00000000896, -0.00000002391
460, 50.00000000000, 1015.53278800063, 99.15631496709, 4.12500003222, 0.00000000000, 0.00000000126, -0.00000001579
461, 50.00000000000, 1032.86787939737, 56.92615608022, 4.12500003222, 0.00000000000, 0.00000000435, -0.00000005730
462, 50.00000000000, 1033.97132689467, 102.18689761363, 4.12500003222, 0.00000000000, 0.00000000099, 0.00000000422
463, 50.00000000000, 1071.14868320041, 94.20851041324, 4.12500003222, 0.00000000000, 0.00000000568, -0.00000001607
464, 50.00000000000, 1078.95408361201, 24.93801913553, 4.12500003222, 0.00000000000, -0.00000001392, 0.00000001531
465, 50.00000000000, 1096.60640671125, 60.98513757425, 4.12500003222, 0.00000000000, -0.00000000566, -0.00000002846
466, 50.00000000000, 1111.00363360331, 58.76093888990, 4.12500003222, 0.00000000000, -0.00000000229, 0.00000001473
467, 50.00000000000, 1122.96668279712, 59.36746237709, 4.12500003222, 0.00000000000, 0.00000000499, 0.00000002640
468, 50.00000000000, 1134.62484838035, 80.54370683380, 4.12500003222, 0.00000000000, 0.00000000044, 0.00000001199
469, 50.00000000000, 1149.73764582322, 98.81143931031, 4.12500003222, 0.00000000000, -0.00000000295, -0.00000003495
470, 50.00000000000, 1156.81856356370, 78.53965991691, 4.12500003222, 0.00000000000, 0.00000000573, 0.00000003128
471, 50.00000000000, 1192.80232276881, 36.10962715949, 4.12500003222, 0.00000000000, -0.00000000248, 0.00000006044
472, 50.00000000000, 1160.02947745021, 131.37980379502, 4.12500003222, 0.00000000000, 0.00000000239, -0.00000001036
473, 50.00000000000, 1193.14826943294, 92.40721630926, 4.12500003222, 0.00000000000, 0.00000000229, 0.00000003124
474, 50.00000000000, 1219.24541474836, 69.99275488945, 4.12500003222, 0.00000000000, -0.00000000369, -0.00000003567
475, 50.00000000000, 1259.49890310411, 13.79252427965, 4.12500003222, 0.00000000000, -0.00000000895, 0.00000001713
476, 50.00000000000, 1224.94808834788, 89.81619061769, 4.12500003222, 0.00000000000, 0.00000000026, 0.00000002923
477, 50.00000000000, 1254.86451673909, 133.11642851551, 4.12500003222, 0.00000000000, -0.00000000446, -0.00000002229
478, 50.00000000000, 1267.20095932601, 75.24978553968, 4.12500003222, 0.00000000000, 0.00000000112, 0.00000001511
479, 50.00000000000, 1288.18635325747, 71.19008746670, 4.12500003222, 0.00000000000, -0.00000000334, 0.00000004460
480, 50.00000000000, 72.42925064246, 46.64046629913, 4.12500003222, 0.00000000000, -0.00000000438, 0.00000000175
481, 50.00000000000, 96.62766305044, 88.45629222929, 4.12500003222, 0.00000000000, -0.00000000237, 0.00000002465
482, 50.00000000000, 109.22612834715, 42.22583325372, 4.12500003222, 0.00000000000, -0.00000000675, 0.00000004594
483, 50.00000000000, 122.51469824021, 43.45309443433, 4.12500003222, 0.00000000000, 0.00000000271, 0.00000000145
484, 50.00000000000, 126.50974422404, 110.86644862821, 4.12500003222, 0.00000000000, 0.00000000293, 0.00000000176
485, 50.00000000000, 148.62296235250, 48.25010499791, 4.12500003222, 0.00000000000, -0.00000000542, -0.00000000542
486, 50.00000000000, 172.17756475648, 52.19058284514, 4.12500003222, 0.00000000000, 0.00000000317, 0.00000001481
487, 50.00000000000, 183.70761772162, 7.42373265012, 4.12500003222, 0.00000000000, -0.00000001653, 0.00000001517
488, 50.00000000000, 163.84435453234, 112.86159045923, 4.12500003222, 0.00000000000, -0.00000000255, 0.00000000170
489, 50.00000000000, 173.79498116997, 67.96295637095, 4.12500003222, 0.00000000000, 0.00000000158, 0.00000004909
490, 50.00000000000, 222.87740666602, 42.90087627710, 4.12500003222, 0.00000000000, -0.00000001241, -0.00000001290
491, 50.00000000000, 220.30903262600, 109.91027986367, 4.12500003222, 0.00000000000, -0.00000000208, 0.00000000818
492, 50.00000000000, 217.66555088849, 88.84565373768, 4.12500003222, 0.00000000000, 0.00000000714, -0.00000000557
493, 50.00000000000, 274.72750656340, 70.05955670967, 4.12500003222, 0.00000000000, -0.00000000483, 0.00000001956
494, 50.00000000000, 288.46081579725, 12.59523002166, 4.12500003222, 0.00000000000, 0.00000000500, -0.00000003560
495, 50.00000000000, 306.45152743171, 45.37528230784, 4.12500003222, 0.00000000000, -0.00000000034, 0.00000003085
496, 50.00000000000, 321.15708210531, 27.90586718691, 4.12500003222, 0.00000000000, 0.00000000818, -0.00000001001
497, 50.00000000000, 358.57007237035, 72.50438007451, 4.12500003222, 0.00000000000, -0.00000000478, 0.00000002827
498, 50.00000000000, 371.30821737779, 53.84754554444, 4.12500003222, 0.00000000000, -0.00000000010, -0.00000001368
499, 50.00000000000, 381.23723302178, 76.31387966322, 4.12500003222, 0.00000000000, -0.00000000365, 0.00000000954
500, 50.00000000000, 396.18858676910, 33.10839267174, 4.12500003222, 0.00000000000, -0.00000000674, -0.00000002165
501, 50.00000000000, 419.68613674568, 103.56703540548, 4.12500003222, 0.00000000000, 0.00000000768, -0.00000000782
502, 50.00000000000, 421.12845098089, 54.65100299339, 4.12500003222, 0.00000000000, -0.00000001698, -0.00000001725
503, 50.00000000000, 445.45806604420, 73.28285510078, 4.12500003222, 0.00000000000, 0.00000000124, -0.00000001110
504, 50.00000000000, 421.88715905444, -30000000.00000000000, 0.00000000000, 0.00000000000, 0.00000027989, 0.66000001198
505, 50.00000000000, 456.95303722836, 197.89150895732, 4.12500003222, 0.00000000000, -0.00000000309, -0.00000000289
506, 50.00000000000, 475.29375047228, 205.95533418154, 4.12500003222, 0.00000000000, -0.00000000152, 0.00000000240
507, 50.00000000000, 499.88168173730, 58.80684659114, 4.12500003222, 0.00000000000, -0.00000000556, -0.00000000920
508, 50.00000000000, 515.28276556746, 96.28125423488, 4.12500003222, 0.00000000000, -0.00000000725, -0.00000002257
509, 50.00000000000, 493.60023069102, 214.43170121134, 4.12500003222, 0.00000000000, 0.00000000027, 0.00000000191
510, 50.00000000000, 529.65376166794, -30000000.00000000000, 0.00000000000, 0.00000000000, 0.00000028521, 0.66000001198
511, 50.00000000000, 560.75904333371, 153.35871688640, 4.12500003222, 0.00000000000, -0.00000000693, -0.00000000333
512, 50.00000000000, 583.82637402516, 163.28195045255, 4.12500003222, 0.00000000000, -0.00000000357, 0.00000001361
513, 50.00000000000, 603.27427395196, 125.11975763731, 4.12500003222, 0.00000000000, -0.00000000732, -0.00000004085
514, 50.00000000000, 615.88192126989, 117.11484050073, 4.12500003222, 0.00000000000, -0.00000000346, 0.00000000466
515, 50.00000000000, 626.67260310948, 135.74485470806, 4.12500003222, 0.00000000000, -0.00000000008, -0.00000002322
516, 50.00000000000, 633.52634916971, -30000000.00000000000, 0.00000000000, 0.00000000000, 0.00000124373, 0.66000001198
517, 50.00000000000, 648.23865506520, 68.95753112209, 4.12500003222, 0.00000000000, -0.00000000247, -0.00000001519
518, 50.00000000000, 666.50739829784, 172.61955999220, 4.12500003222, 0.00000000000, 0.00000000005, 0.00000000172
519, 50.00000000000, 680.56848489966, 74.72825894115, 4.12500003222, 0.00000000000, 0.00000000261, -0.00000002638
520, 50.00000000000, 701.66737116100, -30000000.00000000000, 0.00000000000, 0.00000000000, -0.00000054288, 0.66000001198
521, 50.00000000000, 735.98226608939, 85.23932836434, 4.12500003222, 0.00000000000, -0.00000001340, 0.00000001626
522, 50.00000000000, 746.81725650115, 53.89580689315, 4.12500003222, 0.00000000000, -0.00000000269, 0.00000002223
523, 50.00000000000, 747.66260697377, -30000000.00000000000, 0.00000000000, 0.00000000000, -0.00000066804, 0.66000001198
524, 50.00000000000, 776.81452864313, 228.83110088070, 4.12500003222, 0.00000000000, -0.00000000004, 0.00000000325
525, 50.00000000000, 780.60005647343, -30000000.00000000000, 0.00000000000, 0.00000000000, -0.00000020647, 0.66000001198
526, 50.00000000000, 785.59243994777, 105.00224205996, 4.12500003222, 0.00000000000, -0.00000000571, 0.00000001415
527, 50.00000000000, 817.31311412939, 78.05186648935, 4.12500003222, 0.00000000000, -0.00000000366, 0.00000002957
528, 50.00000000000, 817.08137744724, 127.44961362316, 4.12500003222, 0.00000000000, 0.00000000465, -0.00000001349
529, 50.00000000000, 838.07788627925, 131.53592752935, 4.12500003222, 0.00000000000, -0.00000000242, -0.00000001274
530, 50.00000000000, 857.45392864638, 137.92646377712, 4.12500003222, 0.00000000000, -0.00000000444, 0.00000000623
531, 50.00000000000, 878.12935277881, 91.25277397438, 4.12500003222, 0.00000000000, 0.00000000059, -0.00000000198
532, 50.00000000000, 913.89300562644, -30000000.00000000000, 0.00000000000, 0.00000000000, -0.00000106621, 0.66000001198
533, 50.00000000000, 924.66060798208, 56.20701775056, 4.12500003222, 0.00000000000, 0.00000000363, -0.00000002994
534, 50.00000000000, 918.24703155532, 178.58452749976, 4.12500003222, 0.00000000000, -0.00000000427, 0.00000001338
535, 50.00000000000, 948.97348599333, 82.10867763192, 4.12500003222, 0.00000000000, -0.00000001089, 0.00000001182
536, 50.00000000000, 970.30389375481, 84.72787020097, 4.12500003222, 0.00000000000, -0.00000000149, 0.00000001078
537, 50.00000000000, 956.75510279349, 10.51152453436, 4.12500003222, 0.00000000000, -0.00000000313, 0.00000001855
538, 50.00000000000, 989.23845979351, 53.71267029004, 4.12500003222, 0.00000000000, -0.00000000247, -0.00000002034
539, 50.00000000000, 1005.62665257444, 42.42589613459, 4.12500003222, 0.00000000000, 0.00000000057, -0.00000000320
540, 50.00000000000, 1022.65435284059, 33.59897310785, 4.12500003222, 0.00000000000, 0.00000000883, 0.00000000919
541, 50.00000000000, 1041.75275329469, 46.75364289433, 4.12500003222, 0.00000000000, 0.00000000904, 0.00000001494
542, 50.00000000000, 1053.97932002884, 30.48881371716, 4.12500003222, 0.00000000000, 0.00000002348, 0.00000001159
543, 50.00000000000, 1098.15561847898, 200.53370794943, 4.12500003222, 0.00000000000, 0.00000000000, 0.00000000000
544, 50.00000000000, 1085.82092823745, 63.13255161748, 4.12500003222, 0.00000000000, -0.00000000918, -0.00000000138
545, 50.00000000000, 1130.32658500213, 202.00209393643, 4.12500003222, 0.00000000000, 0.00000000000, -0.00000000000
546, 50.00000000000, 1149.85334413199, 195.53217630129, 4.12500003222, 0.00000000000, -0.00000000000, 0.00000000000
547, 50.00000000000, 1120.69631059728, 25.53749525880, 4.12500003222, 0.00000000000, 0.00000000086, -0.00000002859
548, 50.00000000000, 1130.89189817578, 100.28877155751, 4.12500003222, 0.00000000000, 0.00000001289, 0.00000004496
549, 50.00000000000, 1162.33691707736, 47.71730561015, 4.12500003222, 0.00000000000, -0.00000000815, -0.00000004596
550, 50.00000000000, 1182.15568316094, 51.36736308327, 4.12500003222, 0.00000000000, 0.00000001431, 0.00000002600
551, 50.00000000000, 1163.79967638731, 111.18792901226, 4.12500003222, 0.00000000000, 0.00000000508, 0.00000000246
552, 50.00000000000, 1196.41309335334, 69.82126591119, 4.12500003222, 0.00000000000, 0.00000000637, -0.00000001879
553, 50.00000000000, 1206.33503197702, 92.32464243870, 4.12500003222, 0.00000000000, -0.00000001188, 0.00000003742
554, 50.00000000000, 1211.02812662961, 107.30604855164, 4.12500003222, 0.00000000000, -0.00000000594, -0.00000003992
555, 50.00000000000, 1226.91207043963, 102.64071801749, 4.12500003222, 0.00000000000, 0.00000000066, -0.00000000678
556, 50.00000000000, 1240.46019844031, 116.63635100935, 4.12500003222, 0.00000000000, 0.00000000682, 0.00000001626
557, 50.00000000000, 1250.26599532705, 153.33301410204, 4.12500003222, 0.00000000000, -0.00000000277, -0.00000000268
558, 50.00000000000, 1265.88599141989, 99.08694485637, 4.12500003222, 0.00000000000, -0.00000001071, -0.00000000347
559, 50.00000000000, 1277.87716986088, 52.49859070086, 4.12500003222, 0.00000000000, 0.00000000638, -0.00000001759
560, 50.00000000000, 89.55870221592, 72.69038395532, 4.12500003222, 0.00000000000, 0.00000000142, 0.00000001103
561, 50.00000000000, 27.40234885013, 316.44210826660, 4.12500003222, 0.00000000000, 0.00000000000, 0.00000000000
562, 50.00000000000, 111.66224511129, 76.57991387774, 4.12500003222, 0.00000000000, -0.00000000062, -0.00000000716
563, 50.00000000000, 131.22895071590, 90.92328025557, 4.12500003222, 0.00000000000, 0.00000001226, -0.00000003615
564, 50.00000000000, 104.38804073342, 110.01164031055, 4.12500003222, 0.00000000000, 0.00000000146, -0.00000001866
565, 50.00000000000, 149.36287853409, 31.09839028016, 4.12500003222, 0.00000000000, -0.00000000378, 0.00000001108
566, 50.00000000000, 157.85141168608, 54.36001516021, 4.12500003222, 0.00000000000, -0.00000000309, -0.00000000431
567, 50.00000000000, 144.44247516130, 122.05716982217, 4.12500003222, 0.00000000000, 0.00000000376, -0.00000000077
568, 50.00000000000, 166.35894763366, 91.45446582043, 4.12500003222, 0.00000000000, 0.00000000207, -0.00000004867
569, 50.00000000000, 185.23717057747, 87.03733638111, 4.12500003222, 0.00000000000, -0.00000000362, 0.00000000616
570, 50.00000000000, 182.94462103678, 105.46586978002, 4.12500003222, 0.00000000000, 0.00000000332, -0.00000001613
571, 50.00000000000, 220.56954865285, 130.52671252387, 4.12500003222, 0.00000000000, -0.00000000008, 0.00000000006
572, 50.00000000000, 269.03239260480, 39.49304457375, 4.12500003222, 0.00000000000, 0.00000001200, 0.00000001822
573, 50.00000000000, 236.55470668372, 99.34215577173, 4.12500003222, 0.00000000000, 0.00000000498, -0.00000002102
574, 50.00000000000, 295.43352779253, 60.14887174454, 4.12500003222, 0.00000000000, 0.00000000463, -0.00000000379
575, 50.00000000000, 307.67911277981, 25.15532121448, 4.12500003222, 0.00000000000, 0.00000000449, -0.00000001231
576, 50.00000000000, 274.15706608345, 139.46303082236, 4.12500003222, 0.00000000000, 0.00000000079, 0.00000000596
577, 50.00000000000, 347.76096722378, 80.90621568952, 4.12500003222, 0.00000000000, 0.00000000620, 0.00000002334
578, 50.00000000000, 320.24312966861, 199.27799220352, 4.12500003222, 0.00000000000, 0.00000000000, 0.00000000000
579, 50.00000000000, 390.66153492722, 118.08118183068, 4.12500003222, 0.00000000000, -0.00000000255, -0.00000000762
580, 50.00000000000, 402.59447098985, 68.18009547719, 4.12500003222, 0.00000000000, -0.00000000243, -0.00000004018
581, 50.00000000000, 409.49633400087, 124.03540002332, 4.12500003222, 0.00000000000, 0.00000000435, 0.00000000772
582, 50.00000000000, 390.77758831900, 193.72535410934, 4.12500003222, 0.00000000000, 0.00000000000, 0.00000000000
583, 50.00000000000, 434.15108144480, 71.58723189264, 4.12500003222, 0.00000000000, 0.00000000583, 0.00000004456
584, 50.00000000000, 453.98075162608, 102.58144830791, 4.12500003222, 0.00000000000, 0.00000000209, -0.00000000437
585, 50.00000000000, 442.52616531724, -30000000.00000000000, 0.00000000000, 0.00000000000, -0.00000187657, 0.66000001198
586, 50.00000000000, 480.58104207149, 98.82302301873, 4.12500003222, 0.00000000000, 0.00000000085, -0.00000002914
587, 50.00000000000, 476.32027688989, 226.77277295286, 4.12500003222, 0.00000000000, 0.00000000245, -0.00000000060
588, 50.00000000000, 516.64568513321, 72.17520142510, 4.12500003222, 0.00000000000, 0.00000000730, -0.00000002346
589, 50.00000000000, 532.71682635609, 67.73287514026, 4.12500003222, 0.00000000000, 0.00000000338, 0.00000002182
590, 50.00000000000, 548.21399175573, 76.84069677222, 4.12500003222, 0.00000000000, -0.00000000050, -0.00000000100
591, 50.00000000000, 567.74937736558, 171.75391847529, 4.12500003222, 0.00000000000, -0.00000000086, -0.00000001955
592, 50.00000000000, 587.47750655308, 132.56098797242, 4.12500003222, 0.00000000000, 0.00000000368, 0.00000001995
593, 50.00000000000, 608.59162152357, 82.85242370692, 4.12500003222, 0.00000000000, -0.00000000170, -0.00000001993
594, 50.00000000000, 616.57653520477, 153.95563463923, 4.12500003222, 0.00000000000, -0.00000000078, -0.00000000433
595, 50.00000000000, 638.18212024453, 115.59317802577, 4.12500003222, 0.00000000000, -0.00000000121, 0.00000000526
596, 50.00000000000, 640.40994535008, 92.50959136561, 4.12500003222, 0.00000000000, -0.00000000186, -0.00000000175
597, 50.00000000000, 636.49355998955, 153.64840692744, 4.12500003222, 0.00000000000, -0.00000000307, 0.00000002126
598, 50.00000000000, 667.19049989530, -30000000.00000000000, 0.00000000000, 0.00000000000, -0.00000021048, 0.66000001198
599, 50.00000000000, 656.82658683965, 154.74859781701, 4.12500003222, 0.00000000000, 0.00000000075, -0.00000000157
600, 50.00000000000, 703.58707089712, -30000000.00000000000, 0.00000000000, 0.00000000000, -0.00000033473, 0.66000001198
601, 50.00000000000, 726.94411819438, 127.88553792787, 4.12500003222, 0.00000000000, -0.00000000132, -0.00000000462
602, 50.00000000000, 737.22979199755, 46.35651511631, 4.12500003222, 0.00000000000, -0.00000001170, 0.00000002263
603, 50.00000000000, 762.33613964542, -30000000.00000000000, 0.00000000000, 0.00000000000, 0.00000045388, 0.66000001198
604, 50.00000000000, 766.62043174572, 55.27720234154, 4.12500003222, 0.00000000000, -0.00000000525, -0.00000001685
605, 50.00000000000, 786.18747686763, 86.95889849351, 4.12500003222, 0.00000000000, 0.00000000498, -0.00000001256
606, 50.00000000000, 796.36355496575, 223.89317885011, 4.12500003222, 0.00000000000, 0.00000000410, -0.00000000731
607, 50.00000000000, 805.01290868917, 112.89187600157, 4.12500003222, 0.00000000000, -0.00000000044, 0.00000000136
608, 50.00000000000, 840.92171148600, 108.96125465288, 4.12500003222, 0.00000000000, 0.00000000121, -0.00000000342
609, 50.00000000000, 852.71163419486, 118.19219385236, 4.12500003222, 0.00000000000, 0.00000000003, 0.00000000424
610, 50.00000000000, 861.38865455243, 158.15398385478, 4.12500003222, 0.00000000000, 0.00000000307, -0.00000000333
611, 50.00000000000, 877.08017221336, 144.23033373005, 4.12500003222, 0.00000000000, -0.00000000095, 0.00000000219
612, 50.00000000000, 880.50362150210, 164.79560163330, 4.12500003222, 0.00000000000, -0.00000000285, 0.00000000083
613, 50.00000000000, 910.64810893277, 67.93148534997, 4.12500003222, 0.00000000000, -0.00000000264, 0.00000001678
614, 50.00000000000, 902.29606681473, 192.94660798531, 4.12500003222, 0.00000000000, 0.00000001166, -0.00000001281
615, 50.00000000000, 958.39865978089, 97.67320648476, 4.12500003222, 0.00000000000, 0.00000000507, 0.00000001684
616, 50.00000000000, 965.86723133473, 50.35341452449, 4.12500003222, 0.00000000000, -0.00000000104, -0.00000002530
617, 50.00000000000, 975.33567482485, 108.37738319137, 4.12500003222, 0.00000000000, 0.00000000497, -0.00000001987
618, 50.00000000000, 992.60924309289, 94.62502029709, 4.12500003222, 0.00000000000, -0.00000000421, 0.00000001725
619, 50.00000000000, 1010.74407262932, 50.81573330633, 4.12500003222, 0.00000000000, 0.00000001793, 0.00000000197
620, 50.00000000000, 1029.52871681153, 66.81516567802, 4.12500003222, 0.00000000000, -0.00000000491, 0.00000002298
621, 50.00000000000, 1034.07685114738, 22.86691416651, 4.12500003222, 0.00000000000, 0.00000000526, -0.00000007943
622, 50.00000000000, 1052.50795884720, 105.92228855607, 4.12500003222, 0.00000000000, -0.00000000327, 0.00000001148
623, 50.00000000000, 1053.43301081002, 88.12384375678, 4.12500003222, 0.00000000000, -0.00000000445, -0.00000000886
624, 50.00000000000, 1080.77621558451, 45.16895229038, 4.12500003222, 0.00000000000, 0.00000000667, 0.00000001355
625, 50.00000000000, 1082.05385728006, 78.47766432443, 4.12500003222, 0.00000000000, -0.00000000321, 0.00000002458
626, 50.00000000000, 1113.33966020559, 92.89854808309, 4.12500003222, 0.00000000000, -0.00000000497, -0.00000001018
627, 50.00000000000, 1121.37953060120, 80.86819555675, 4.12500003222, 0.00000000000, -0.00000000929, -0.00000003929
628, 50.00000000000, 1144.94741156363, 61.03390533667, 4.12500003222, 0.00000000000, -0.00000000099, -0.00000001286
629, 50.00000000000, 1156.05641080105, 68.85534806421, 4.12500003222, 0.00000000000, 0.00000001006, -0.00000001183
630, 50.00000000000, 1181.12170959100, 43.83896076389, 4.12500003222, 0.00000000000, 0.00000000511, -0.00000001430
631, 50.00000000000, 1176.82364085253, 143.05193514950, 4.12500003222, 0.00000000000, 0.00000000091, 0.00000000008
632, 50.00000000000, 1189.02529732239, 83.82325485479, 4.12500003222, 0.00000000000, -0.00000000642, -0.00000000938
633, 50.00000000000, 1194.11091535369, 109.71572508309, 4.12500003222, 0.00000000000, -0.00000000152, 0.00000000472
634, 50.00000000000, 1230.58007558845, 158.55584567592, 4.12500003222, 0.00000000000, 0.00000000163, -0.00000000902
635, 50.00000000000, 1221.65447662160, 122.97672009659, 4.12500003222, 0.00000000000, 0.00000000773, 0.00000000678
636, 50.00000000000, 1243.71379862332, 74.46393381372, 4.12500003222, 0.00000000000, -0.00000000579, -0.00000001007
637, 50.00000000000, 1235.67387531438, 137.47175594425, 4.12500003222, 0.00000000000, -0.00000000443, -0.00000000030
638, 50.00000000000, 1278.17002738747, 19.79975460733, 4.12500003222, 0.00000000000, -0.00000000783, 0.00000001130
639, 50.00000000000, 1293.19865685727, 34.16080483991, 4.12500003222, 0.00000000000, -0.00000000190, 0.00000002024
