0, 50.00000000000, 83.41390870343, 66.29793776721, 4.12500003222, 0.00000000000, 0.00000000902, 0.00000001091
1, 50.00000000000, 31.17842742412, 222.00526405139, 4.12500003222, 0.00000000000, 0.00000000000, 0.00000000000
2, 50.00000000000, 116.99673021149, 11.04129092959, 4.12500003222, 0.00000000000, 0.00000000581, -0.00000001136
3, 50.00000000000, 136.06928429101, 58.54588381778, 4.12500003222, 0.00000000000, 0.00000000995, 0.00000000583
4, 50.00000000000, 147.55001768859, 27.10678053666, 4.12500003222, 0.00000000000, -0.00000001354, 0.00000008635
5, 50.00000000000, 162.85090279038, 44.06829655331, 4.12500003222, 0.00000000000, -0.00000002651, -0.00000003619
6, 50.00000000000, 176.88784958154, 26.06978592159, 4.12500003222, 0.00000000000, 0.00000001416, 0.00000001311
7, 50.00000000000, 179.78172296888, 11.71348214428, 4.12500003222, 0.00000000000, -0.00000000390, 0.00000002339
8, 50.00000000000, 203.43335800250, 10.51368557692, 4.12500003222, 0.00000000000, 0.00000000514, -0.00000002584
9, 50.00000000000, 210.96300040684, 45.40233371112, 4.12500003222, 0.00000000000, -0.00000000119, 0.00000000556
10, 50.00000000000, 218.90112750164, 7.78043635691, 4.12500003222, 0.00000000000, 0.00000000621, 0.00000001452
11, 50.00000000000, 258.00849113278, 21.19105896996, 4.12500003222, 0.00000000000, 0.00000000355, -0.00000001062
12, 50.00000000000, 256.04597285268, 8.64078231314, 4.12500003222, 0.00000000000, -0.00000000017, -0.00000000336
13, 50.00000000000, 291.89063366413, 25.08197959199, 4.12500003222, 0.00000000000, 0.00000000931, 0.00000003294
14, 50.00000000000, 303.16363877394, 29.36655505350, 4.12500003222, 0.00000000000, 0.00000001353, -0.00000001862
15, 50.00000000000, 321.80984407714, 38.14317352294, 4.12500003222, 0.00000000000, 0.00000000584, -0.00000001533
16, 50.00000000000, 324.20359405929, 4.22138060324, 4.12500003222, 0.00000000000, -0.00000000422, -0.00000001535
17, 50.00000000000, 342.49296647281, 41.38952826433, 4.12500003222, 0.00000000000, 0.00000000495, 0.00000003696
18, 50.00000000000, 320.77220573898, -30000000.00000000000, 0.00000000000, 0.00000000000, 0.00000086896, 0.66000001198
19, 50.00000000000, 396.04423311396, 83.95776060258, 4.12500003222, 0.00000000000, -0.00000000123, -0.00000001393
20, 50.00000000000, 354.78505746845, -30000000.00000000000, 0.00000000000, 0.00000000000, -0.00000024838, 0.66000001198
21, 50.00000000000, 417.39164962842, 33.35039720003, 4.12500003222, 0.00000000000, -0.00000000190, 0.00000000610
22, 50.00000000000, 435.64233742702, 112.72826756803, 4.12500003222, 0.00000000000, -0.00000000251, 0.00000000819
23, 50.00000000000, 441.62126950925, 54.40328066526, 4.12500003222, 0.00000000000, 0.00000000153, -0.00000003555
24, 50.00000000000, 432.27415748936, -30000000.00000000000, 0.00000000000, 0.00000000000, -0.00000154884, 0.66000001198
25, 50.00000000000, 457.83102785703, 67.55348867829, 4.12500003222, 0.00000000000, -0.00000000558, -0.00000001419
26, 50.00000000000, 476.39959732852, 52.94432219220, 4.12500003222, 0.00000000000, 0.00000000491, -0.00000003262
27, 50.00000000000, 493.45461081890, 46.31692417850, 4.12500003222, 0.00000000000, -0.00000000470, 0.00000002910
28, 50.00000000000, 490.80233750401, -30000000.00000000000, 0.00000000000, 0.00000000000, 0.00000049650, 0.66000001198
29, 50.00000000000, 545.92318688863, 133.75022042242, 4.12500003222, 0.00000000000, 0.00000000456, 0.00000000564
30, 50.00000000000, 549.29451438850, 56.65878406545, 4.12500003222, 0.00000000000, 0.00000000024, 0.00000000211
31, 50.00000000000, 543.19691392511, -30000000.00000000000, 0.00000000000, 0.00000000000, -0.00000031239, 0.66000001198
32, 50.00000000000, 553.51083804229, -30000000.00000000000, 0.00000000000, 0.00000000000, -0.00000083369, 0.66000001198
33, 50.00000000000, 579.37083240396, -30000000.00000000000, 0.00000000000, 0.00000000000, -0.00000082370, 0.66000001198
34, 50.00000000000, 605.16235351267, 62.96592530434, 4.12500003222, 0.00000000000, -0.00000000042, -0.00000001327
35, 50.00000000000, 630.19390487548, 99.80160288852, 4.12500003222, 0.00000000000, -0.00000000649, 0.00000000484
36, 50.00000000000, 634.34508717800, -30000000.00000000000, 0.00000000000, 0.00000000000, 0.00000103929, 0.66000001198
37, 50.00000000000, 652.04110327195, -30000000.00000000000, 0.00000000000, 0.00000000000, 0.00000034749, 0.66000001198
38, 50.00000000000, 665.81883992390, -30000000.00000000000, 0.00000000000, 0.00000000000, -0.00000046471, 0.66000001198
39, 50.00000000000, 689.62023614904, -30000000.00000000000, 0.00000000000, 0.00000000000, -0.00000146193, 0.66000001198
40, 50.00000000000, 700.00972289972, -30000000.00000000000, 0.00000000000, 0.00000000000, -0.00000081334, 0.66000001198
41, 50.00000000000, 719.85141430925, -30000000.00000000000, 0.00000000000, 0.00000000000, -0.00000036030, 0.66000001198
42, 50.00000000000, 731.72890102128, 61.73432140892, 4.12500003222, 0.00000000000, -0.00000000677, 0.00000002395
43, 50.00000000000, 747.95942761868, 90.87701352763, 4.12500003222, 0.00000000000, 0.00000000494, -0.00000005795
44, 50.00000000000, 765.70273879576, 90.74683427055, 4.12500003222, 0.00000000000, 0.00000000680, -0.00000002286
45, 50.00000000000, 785.39871402538, -30000000.00000000000, 0.00000000000, 0.00000000000, 0.00000067281, 0.66000001198
46, 50.00000000000, 802.72063867561, -30000000.00000000000, 0.00000000000, 0.00000000000, -0.00000020174, 0.66000001198
47, 50.00000000000, 821.86992796889, -30000000.00000000000, 0.00000000000, 0.00000000000, -0.00000056600, 0.66000001198
48, 50.00000000000, 835.05849387833, -30000000.00000000000, 0.00000000000, 0.00000000000, -0.00000162012, 0.66000001198
49, 50.00000000000, 837.01733176803, 74.74288430181, 4.12500003222, 0.00000000000, -0.00000000397, 0.00000000183
50, 50.00000000000, 877.38136137834, -30000000.00000000000, 0.00000000000, 0.00000000000, 0.00000194555, 0.66000001198
51, 50.00000000000, 893.77444871763, -30000000.00000000000, 0.00000000000, 0.00000000000, 0.00000027232, 0.66000001198
52, 50.00000000000, 863.56309780424, 177.33054475151, 4.12500003222, 0.00000000000, -0.00000000036, -0.00000000015
53, 50.00000000000, 929.93711020118, -30000000.00000000000, 0.00000000000, 0.00000000000, -0.00000148395, 0.66000001198
54, 50.00000000000, 942.00735429253, -30000000.00000000000, 0.00000000000, 0.00000000000, -0.00000026674, 0.66000001198
55, 50.00000000000, 956.53609056131, -30000000.00000000000, 0.00000000000, 0.00000000000, 0.00000118068, 0.66000001198
56, 50.00000000000, 977.98592740005, -30000000.00000000000, 0.00000000000, 0.00000000000, -0.00000065949, 0.66000001198
57, 50.00000000000, 967.93944615510, 23.61469448662, 4.12500003222, 0.00000000000, 0.00000001268, 0.00000000286
58, 50.00000000000, 1013.21777405636, -30000000.00000000000, 0.00000000000, 0.00000000000, 0.00000144585, 0.66000001198
59, 50.00000000000, 1009.28973099073, 23.87321897446, 4.12500003222, 0.00000000000, 0.00000000282, 0.00000001436
60, 50.00000000000, 1020.29619631656, 76.69168802684, 4.12500003222, 0.00000000000, 0.00000000842, 0.00000004037
61, 50.00000000000, 1061.90329918524, -30000000.00000000000, 0.00000000000, 0.00000000000, 0.00000017793, 0.66000001198
62, 50.00000000000, 1072.90617315572, -30000000.00000000000, 0.00000000000, 0.00000000000, 0.00000042735, 0.66000001198
63, 50.00000000000, 1088.82515450614, 94.18735251673, 4.12500003222, 0.00000000000, 0.00000000057, -0.00000000702
64, 50.00000000000, 1073.34785720602, 1.69864767961, 4.12500003222, 0.00000000000, 0.00000000092, -0.00000000198
65, 50.00000000000, 1098.91085940522, 70.85645535635, 4.12500003222, 0.00000000000, -0.00000000844, -0.00000000341
66, 50.00000000000, 1092.82661487608, 30.52903470660, 4.12500003222, 0.00000000000, 0.00000000833, -0.00000003938
67, 50.00000000000, 1131.18521578041, 65.67542837964, 4.12500003222, 0.00000000000, 0.00000001615, -0.00000002650
68, 50.00000000000, 1146.19671299912, 38.23189884446, 4.12500003222, 0.00000000000, 0.00000000916, -0.00000001348
69, 50.00000000000, 1152.69955517477, 5.15998487156, 4.12500003222, 0.00000000000, 0.00000000086, 0.00000000424
70, 50.00000000000, 1167.71043999569, 26.18749494782, 4.12500003222, 0.00000000000, 0.00000001405, -0.00000004910
71, 50.00000000000, 1182.66818622559, 26.16658614788, 4.12500003222, 0.00000000000, -0.00000000681, -0.00000001400
72, 50.00000000000, 1212.78836569915, 44.40511564873, 4.12500003222, 0.00000000000, 0.00000001029, -0.00000000645
73, 50.00000000000, 1176.07331446437, 100.28064796634, 4.12500003222, 0.00000000000, -0.00000000739, 0.00000000047
74, 50.00000000000, 1233.70283368256, 11.13776954690, 4.12500003222, 0.00000000000, 0.00000000719, 0.00000000778
75, 50.00000000000, 1244.88111019393, 5.78144601792, 4.12500003222, 0.00000000000, -0.00000000354, 0.00000001221
76, 50.00000000000, 1252.64838446749, 25.65836412316, 4.12500003222, 0.00000000000, 0.00000000238, -0.00000000282
77, 50.00000000000, 1257.74872198285, 37.38477057104, 4.12500003222, 0.00000000000, 0.00000001371, 0.00000000091
78, 50.00000000000, 1288.59683658273, 12.75198250888, 4.12500003222, 0.00000000000, 0.00000000188, -0.00000001189
79, 50.00000000000, 1269.27721804196, 85.24809488180, 4.12500003222, 0.00000000000, -0.00000000257, -0.00000000981
80, 50.00000000000, 82.29738998773, 12.85293232772, 4.12500003222, 0.00000000000, 0.00000000333, 0.00000001392
81, 50.00000000000, 103.62398043046, 27.04172866219, 4.12500003222, 0.00000000000, 0.00000000687, -0.00000001589
82, 50.00000000000, 125.09487784424, 20.93983854844, 4.12500003222, 0.00000000000, -0.00000001323, 0.00000000815
83, 50.00000000000, 136.69902818609, 14.71112661654, 4.12500003222, 0.00000000000, -0.00000002422, -0.00000004207
84, 50.00000000000, 138.94134557266, 34.87179341640, 4.12500003222, 0.00000000000, 0.00000001466, 0.00000000723
85, 50.00000000000, 157.32108602995, 10.63174386837, 4.12500003222, 0.00000000000, 0.00000001191, -0.00000003784
86, 50.00000000000, 167.43186221264, 8.64446752185, 4.12500003222, 0.00000000000, 0.00000001652, -0.00000003285
87, 50.00000000000, 191.60372239543, 30.70211511097, 4.12500003222, 0.00000000000, 0.00000001999, 0.00000001742
88, 50.00000000000, 186.52496550355, 41.68876878685, 4.12500003222, 0.00000000000, 0.00000001401, -0.00000003248
89, 50.00000000000, 209.46526783747, 31.50305139430, 4.12500003222, 0.00000000000, -0.00000000940, -0.00000001831
90, 50.00000000000, 240.11969180401, 15.52704735172, 4.12500003222, 0.00000000000, -0.00000000433, -0.00000002439
91, 50.00000000000, 239.01980770319, 25.11317066630, 4.12500003222, 0.00000000000, -0.00000000970, 0.00000001308
92, 50.00000000000, 277.92200924056, 32.17399981000, 4.12500003222, 0.00000000000, -0.00000000552, 0.00000001754
93, 50.00000000000, 272.83469036669, 21.06994806539, 4.12500003222, 0.00000000000, -0.00000000747, 0.00000000826
94, 50.00000000000, 298.66636009518, 45.19810935383, 4.12500003222, 0.00000000000, -0.00000001629, 0.00000000615
95, 50.00000000000, 318.06565130466, 60.60752988575, 4.12500003222, 0.00000000000, 0.00000001120, 0.00000000566
96, 50.00000000000, 340.66211529190, 9.22296654503, 4.12500003222, 0.00000000000, -0.00000000389, 0.00000000160
97, 50.00000000000, 340.52223511564, 63.78200932314, 4.12500003222, 0.00000000000, 0.00000000644, -0.00000001601
98, 50.00000000000, 365.16205718642, 39.14050164918, 4.12500003222, 0.00000000000, 0.00000000166, -0.00000001148
99, 50.00000000000, 387.66066757446, 65.06991044809, 4.12500003222, 0.00000000000, -0.00000001079, 0.00000002116
100, 50.00000000000, 354.50184675772, -30000000.00000000000, 0.00000000000, 0.00000000000, -0.00000022625, 0.66000001198
101, 50.00000000000, 373.64157133848, -30000000.00000000000, 0.00000000000, 0.00000000000, -0.00000009073, 0.66000001198
102, 50.00000000000, 392.21622457898, -30000000.00000000000, 0.00000000000, 0.00000000000, 0.00000085312, 0.66000001198
103, 50.00000000000, 434.77403197449, 89.98954002168, 4.12500003222, 0.00000000000, 0.00000000337, 0.00000002068
104, 50.00000000000, 456.06285781090, 43.17700308288, 4.12500003222, 0.00000000000, 0.00000000017, 0.00000001455
105, 50.00000000000, 460.88967372049, 57.62394005759, 4.12500003222, 0.00000000000, -0.00000000246, -0.00000002561
106, 50.00000000000, 497.34996457709, 104.12010026885, 4.12500003222, 0.00000000000, 0.00000000164, -0.00000000782
107, 50.00000000000, 478.68647748534, -30000000.00000000000, 0.00000000000, 0.00000000000, 0.00000090104, 0.66000001198
108, 50.00000000000, 528.35246793076, 91.73258985767, 4.12500003222, 0.00000000000, 0.00000000732, -0.00000001271
109, 50.00000000000, 532.42393831613, 81.58879911316, 4.12500003222, 0.00000000000, -0.00000000026, 0.00000000074
110, 50.00000000000, 539.05201668111, -30000000.00000000000, 0.00000000000, 0.00000000000, 0.00000041767, 0.66000001198
111, 50.00000000000, 545.77179603882, -30000000.00000000000, 0.00000000000, 0.00000000000, -0.00000076431, 0.66000001198
112, 50.00000000000, 584.00812325011, 92.76018072385, 4.12500003222, 0.00000000000, 0.00000000772, -0.00000003774
113, 50.00000000000, 595.28895723568, 109.69588893602, 4.12500003222, 0.00000000000, 0.00000000257, -0.00000002135
114, 50.00000000000, 620.18666756977, 115.59600927224, 4.12500003222, 0.00000000000, 0.00000000240, 0.00000000342
115, 50.00000000000, 617.08287733555, -30000000.00000000000, 0.00000000000, 0.00000000000, 0.00000207609, 0.66000001198
116, 50.00000000000, 621.15503974163, -30000000.00000000000, 0.00000000000, 0.00000000000, 0.00000135948, 0.66000001198
117, 50.00000000000, 643.59352930570, -30000000.00000000000, 0.00000000000, 0.00000000000, 0.00000028890, 0.66000001198
118, 50.00000000000, 661.93821782888, -30000000.00000000000, 0.00000000000, 0.00000000000, -0.00000066518, 0.66000001198
119, 50.00000000000, 677.80786175520, -30000000.00000000000, 0.00000000000, 0.00000000000, -0.00000008347, 0.66000001198
120, 50.00000000000, 729.77262207429, 106.85646740217, 4.12500003222, 0.00000000000, -0.00000000800, 0.00000002062
121, 50.00000000000, 718.22347360318, 56.08980414889, 4.12500003222, 0.00000000000, -0.00000000217, 0.00000001248
122, 50.00000000000, 736.53841231013, 71.29721000088, 4.12500003222, 0.00000000000, 0.00000000308, 0.00000001438
123, 50.00000000000, 752.22759272297, -30000000.00000000000, 0.00000000000, 0.00000000000, 0.00000049558, 0.66000001198
124, 50.00000000000, 776.06524341318, 37.08013017530, 4.12500003222, 0.00000000000, 0.00000000402, -0.00000001081
125, 50.00000000000, 798.04647013609, 46.10095339320, 4.12500003222, 0.00000000000, 0.00000000102, -0.00000001267
126, 50.00000000000, 796.92100672307, -30000000.00000000000, 0.00000000000, 0.00000000000, 0.00000094659, 0.66000001198
127, 50.00000000000, 822.03916367755, -30000000.00000000000, 0.00000000000, 0.00000000000, -0.00000059331, 0.66000001198
128, 50.00000000000, 846.90865394775, 57.74793241263, 4.12500003222, 0.00000000000, 0.00000000685, 0.00000000873
129, 50.00000000000, 841.99481206267, 93.88499852399, 4.12500003222, 0.00000000000, -0.00000000671, 0.00000001472
130, 50.00000000000, 889.49008280700, 55.55253896210, 4.12500003222, 0.00000000000, -0.00000001189, -0.00000000316
131, 50.00000000000, 881.29162901969, -30000000.00000000000, 0.00000000000, 0.00000000000, 0.00000181700, 0.66000001198
132, 50.00000000000, 901.95507911787, -30000000.00000000000, 0.00000000000, 0.00000000000, -0.00000031456, 0.66000001198
133, 50.00000000000, 898.47759294358, 171.92243724663, 4.12500003222, 0.00000000000, -0.00000000042, -0.00000001838
134, 50.00000000000, 939.68301313853, 46.48662179430, 4.12500003222, 0.00000000000, 0.00000000230, 0.00000002951
135, 50.00000000000, 951.79541831630, 28.10417094438, 4.12500003222, 0.00000000000, 0.00000000598, -0.00000000164
136, 50.00000000000, 972.40402886907, -30000000.00000000000, 0.00000000000, 0.00000000000, -0.00000035837, 0.66000001198
137, 50.00000000000, 987.75283639558, 37.66014801475, 4.12500003222, 0.00000000000, 0.00000000953, -0.00000003519
138, 50.00000000000, 985.65289809952, 70.78898193498, 4.12500003222, 0.00000000000, -0.00000001213, -0.00000001367
139, 50.00000000000, 1031.32907735432, -30000000.00000000000, 0.00000000000, 0.00000000000, -0.00000093901, 0.66000001198
140, 50.00000000000, 1040.42099259026, -30000000.00000000000, 0.00000000000, 0.00000000000, -0.00000085620, 0.66000001198
141, 50.00000000000, 1030.04152757547, 37.86149035538, 4.12500003222, 0.00000000000, 0.00000000389, 0.00000000190
142, 50.00000000000, 1080.47056507641, -30000000.00000000000, 0.00000000000, 0.00000000000, -0.00000023831, 0.66000001198
143, 50.00000000000, 1063.81422986099, 46.78044144717, 4.12500003222, 0.00000000000, 0.00000000967, -0.00000001073
144, 50.00000000000, 1054.04932183426, 12.87355833245, 4.12500003222, 0.00000000000, 0.00000000525, -0.00000001470
145, 50.00000000000, 1079.41708722319, 17.24399116193, 4.12500003222, 0.00000000000, 0.00000000993, -0.00000002698
146, 50.00000000000, 1109.08028177425, 35.55587876618, 4.12500003222, 0.00000000000, 0.00000000056, 0.00000005420
147, 50.00000000000, 1129.56154888738, 27.02743223808, 4.12500003222, 0.00000000000, 0.00000000089, -0.00000001498
148, 50.00000000000, 1138.99914036198, 117.22947523673, 4.12500003222, 0.00000000000, 0.00000000355, 0.00000001240
149, 50.00000000000, 1146.32364626859, 26.63536372183, 4.12500003222, 0.00000000000, -0.00000001539, 0.00000000959
150, 50.00000000000, 1162.97005819360, 35.05484994006, 4.12500003222, 0.00000000000, -0.00000000813, 0.00000007343
151, 50.00000000000, 1188.42782105709, 12.51856325643, 4.12500003222, 0.00000000000, -0.00000000647, -0.00000002942
152, 50.00000000000, 1174.79706842062, 122.28033142320, 4.12500003222, 0.00000000000, -0.00000000077, -0.00000000909
153, 50.00000000000, 1221.57890559985, 11.76561757651, 4.12500003222, 0.00000000000, 0.00000000226, 0.00000001256
154, 50.00000000000, 1237.95449909056, 27.74645720034, 4.12500003222, 0.00000000000, 0.00000000200, -0.00000003588
155, 50.00000000000, 1233.59521712531, 59.74792700895, 4.12500003222, 0.00000000000, 0.00000000559, -0.00000003528
156, 50.00000000000, 1237.77912101985, 98.68643338025, 4.12500003222, 0.00000000000, 0.00000000580, 0.00000000038
157, 50.00000000000, 1252.29074734694, 58.25729667857, 4.12500003222, 0.00000000000, -0.00000000936, 0.00000001518
158, 50.00000000000, 1253.12938647208, 112.93062163545, 4.12500003222, 0.00000000000, 0.00000000415, 0.00000000194
159, 50.00000000000, 1266.99427417644, 61.74533195297, 4.12500003222, 0.00000000000, 0.00000000523, -0.00000000586
160, 50.00000000000, 94.94243360262, 31.09279549787, 4.12500003222, 0.00000000000, -0.00000000303, -0.00000000041
161, 50.00000000000, 106.41616551151, 64.20217245207, 4.12500003222, 0.00000000000, -0.00000001260, 0.00000001162
162, 50.00000000000, 127.43422512945, 3.56295748964, 4.12500003222, 0.00000000000, -0.00000000158, -0.00000002568
163, 50.00000000000, 136.65682732086, 24.82390128137, 4.12500003222, 0.00000000000, -0.00000001000, 0.00000008743
164, 50.00000000000, 140.12743704487, 49.12504314727, 4.12500003222, 0.00000000000, 0.00000003237, -0.00000000227
165, 50.00000000000, 147.34521483195, 42.98377022178, 4.12500003222, 0.00000000000, 0.00000002215, -0.00000002097
166, 50.00000000000, 178.70993755936, 36.93154943353, 4.12500003222, 0.00000000000, 0.00000000406, 0.00000001227
167, 50.00000000000, 187.69588005877, 22.11184043043, 4.12500003222, 0.00000000000, -0.00000000288, -0.00000002677
168, 50.00000000000, 190.13756576076, 57.40313565530, 4.12500003222, 0.00000000000, 0.00000000517, -0.00000000262
169, 50.00000000000, 222.06055474924, 15.56748306082, 4.12500003222, 0.00000000000, 0.00000000446, -0.00000000672
170, 50.00000000000, 237.44478908913, 5.45843797056, 4.12500003222, 0.00000000000, 0.00000000766, 0.00000000972
171, 50.00000000000, 254.21367805787, 33.96262740926, 4.12500003222, 0.00000000000, 0.00000000415, 0.00000002057
172, 50.00000000000, 275.46887104149, 7.95322005456, 4.12500003222, 0.00000000000, -0.00000000398, -0.00000002092
173, 50.00000000000, 286.93125033485, 48.46703887639, 4.12500003222, 0.00000000000, -0.00000000890, 0.00000000428
174, 50.00000000000, 305.45036661750, 7.50841170787, 4.12500003222, 0.00000000000, 0.00000000393, 0.00000000087
175, 50.00000000000, 314.03761009333, 14.44366230911, 4.12500003222, 0.00000000000, -0.00000001062, -0.00000004448
176, 50.00000000000, 334.12776510454, 25.34935958279, 4.12500003222, 0.00000000000, -0.00000000229, -0.00000000526
177, 50.00000000000, 354.64378136421, 48.10248402056, 4.12500003222, 0.00000000000, -0.00000000172, 0.00000001987
178, 50.00000000000, 374.36174790510, 85.67226194235, 4.12500003222, 0.00000000000, 0.00000000404, -0.00000001671
179, 50.00000000000, 383.24078776171, 97.33532603452, 4.12500003222, 0.00000000000, -0.00000000036, 0.00000003136
180, 50.00000000000, 402.49412743366, 100.90522729981, 4.12500003222, 0.00000000000, 0.00000000326, 0.00000000258
181, 50.00000000000, 416.41561816470, 86.02019412107, 4.12500003222, 0.00000000000, -0.00000000701, 0.00000001645
182, 50.00000000000, 439.16062340187, 99.70228799346, 4.12500003222, 0.00000000000, -0.00000000634, 0.00000000415
183, 50.00000000000, 436.66285382655, 37.81092587455, 4.12500003222, 0.00000000000, -0.00000000239, 0.00000002810
184, 50.00000000000, 419.54036532895, -30000000.00000000000, 0.00000000000, 0.00000000000, 0.00000008439, 0.66000001198
185, 50.00000000000, 468.26485439509, 118.68111534666, 4.12500003222, 0.00000000000, -0.00000000228, -0.00000000320
186, 50.00000000000, 485.58632621450, 84.53033577583, 4.12500003222, 0.00000000000, -0.00000001167, 0.00000000067
187, 50.00000000000, 493.66515114165, 84.71500194316, 4.12500003222, 0.00000000000, -0.00000000972, -0.00000001378
188, 50.00000000000, 512.11983894829, 59.06503825370, 4.12500003222, 0.00000000000, -0.00000000177, 0.00000001957
189, 50.00000000000, 530.26304460289, 43.64985981059, 4.12500003222, 0.00000000000, -0.00000000062, 0.00000002215
190, 50.00000000000, 520.58267380689, -30000000.00000000000, 0.00000000000, 0.00000000000, 0.00000135806, 0.66000001198
191, 50.00000000000, 562.92214228418, 76.04674267082, 4.12500003222, 0.00000000000, 0.00000000137, -0.00000002630
192, 50.00000000000, 575.13490886010, 147.28670242750, 4.12500003222, 0.00000000000, -0.00000000191, -0.00000001571
193, 50.00000000000, 584.26671559010, 180.80941648597, 4.12500003222, 0.00000000000, 0.00000000610, -0.00000000159
194, 50.00000000000, 600.74270346557, 166.42365526454, 4.12500003222, 0.00000000000, 0.00000000172, 0.00000001360
195, 50.00000000000, 612.28101428985, -30000000.00000000000, 0.00000000000, 0.00000000000, 0.00000223237, 0.66000001198
196, 50.00000000000, 639.89820585641, -30000000.00000000000, 0.00000000000, 0.00000000000, 0.00000073799, 0.66000001198
197, 50.00000000000, 653.53228575771, -30000000.00000000000, 0.00000000000, 0.00000000000, -0.00000007266, 0.66000001198
198, 50.00000000000, 674.11779928199, 49.98035932380, 4.12500003222, 0.00000000000, 0.00000000367, 0.00000000858
199, 50.00000000000, 673.06020826581, -30000000.00000000000, 0.00000000000, 0.00000000000, 0.00000070719, 0.66000001198
200, 50.00000000000, 710.29022632956, 91.49684943190, 4.12500003222, 0.00000000000, 0.00000000346, 0.00000000644
201, 50.00000000000, 726.01731540047, 93.21672741187, 4.12500003222, 0.00000000000, -0.00000001545, 0.00000003251
202, 50.00000000000, 727.11776411926, 39.58153672281, 4.12500003222, 0.00000000000, 0.00000000484, -0.00000000634
203, 50.00000000000, 756.44150424276, -30000000.00000000000, 0.00000000000, 0.00000000000, -0.00000024601, 0.66000001198
204, 50.00000000000, 765.68247227427, -30000000.00000000000, 0.00000000000, 0.00000000000, -0.00000020833, 0.66000001198
205, 50.00000000000, 794.82769408905, 31.04398215806, 4.12500003222, 0.00000000000, -0.00000000306, -0.00000000940
206, 50.00000000000, 814.16395562460, 27.12970880131, 4.12500003222, 0.00000000000, -0.00000000371, -0.00000000511
207, 50.00000000000, 807.58161219316, 59.62724170563, 4.12500003222, 0.00000000000, 0.00000000403, 0.00000000506
208, 50.00000000000, 825.53541246808, 90.88017143846, 4.12500003222, 0.00000000000, -0.00000000054, -0.00000004355
209, 50.00000000000, 826.98212554147, 58.47722053167, 4.12500003222, 0.00000000000, 0.00000000018, 0.00000000938
210, 50.00000000000, 866.59283745094, -30000000.00000000000, 0.00000000000, 0.00000000000, 0.00000161984, 0.66000001198
211, 50.00000000000, 890.63605409679, -30000000.00000000000, 0.00000000000, 0.00000000000, 0.00000103109, 0.66000001198
212, 50.00000000000, 895.36307382392, 33.83674073583, 4.12500003222, 0.00000000000, 0.00000000264, -0.00000000919
213, 50.00000000000, 915.76837511254, -30000000.00000000000, 0.00000000000, 0.00000000000, -0.00000147500, 0.66000001198
214, 50.00000000000, 934.85437593112, 91.68896841221, 4.12500003222, 0.00000000000, 0.00000000315, -0.00000001400
215, 50.00000000000, 953.29962630948, 41.18447773782, 4.12500003222, 0.00000000000, 0.00000000177, 0.00000000750
216, 50.00000000000, 973.41432189183, 33.98882919162, 4.12500003222, 0.00000000000, -0.00000000142, -0.00000002965
217, 50.00000000000, 984.27381532761, -30000000.00000000000, 0.00000000000, 0.00000000000, -0.00000176700, 0.66000001198
218, 50.00000000000, 1003.32229807529, -30000000.00000000000, 0.00000000000, 0.00000000000, 0.00000034875, 0.66000001198
219, 50.00000000000, 1025.88273151686, -30000000.00000000000, 0.00000000000, 0.00000000000, -0.00000022594, 0.66000001198
220, 50.00000000000, 995.73629267388, 103.99128045104, 4.12500003222, 0.00000000000, -0.00000000046, 0.00000001166
221, 50.00000000000, 1043.34232355195, 33.20678716993, 4.12500003222, 0.00000000000, -0.00000002541, 0.00000000787
222, 50.00000000000, 1053.94974845180, 48.70380566062, 4.12500003222, 0.00000000000, 0.00000000229, 0.00000000508
223, 50.00000000000, 1059.62275749317, 32.95960233854, 4.12500003222, 0.00000000000, 0.00000000647, 0.00000002863
224, 50.00000000000, 1065.25933761098, 11.35379105839, 4.12500003222, 0.00000000000, -0.00000000527, -0.00000000855
225, 50.00000000000, 1097.19392901969, 23.51146053110, 4.12500003222, 0.00000000000, -0.00000001186, -0.00000000067
226, 50.00000000000, 1095.60077016544, 79.01870300124, 4.12500003222, 0.00000000000, -0.00000001042, 0.00000000383
227, 50.00000000000, 1124.33096216783, 48.19208545082, 4.12500003222, 0.00000000000, -0.00000004170, 0.00000006929
228, 50.00000000000, 1131.40063047854, 9.67298831565, 4.12500003222, 0.00000000000, -0.00000000430, 0.00000003835
229, 50.00000000000, 1149.92235141332, 15.27916009548, 4.12500003222, 0.00000000000, -0.00000000306, -0.00000002331
230, 50.00000000000, 1166.20261767871, 13.74076006916, 4.12500003222, 0.00000000000, 0.00000000361, 0.00000002672
231, 50.00000000000, 1185.59891118489, 59.32774716844, 4.12500003222, 0.00000000000, -0.00000001462, 0.00000003223
232, 50.00000000000, 1205.81194537782, 30.05411202229, 4.12500003222, 0.00000000000, 0.00000000040, -0.00000002060
233, 50.00000000000, 1199.82713637014, 53.42904234096, 4.12500003222, 0.00000000000, -0.00000000204, -0.00000002274
234, 50.00000000000, 1208.77164427885, 61.19319488260, 4.12500003222, 0.00000000000, 0.00000000273, -0.00000000757
235, 50.00000000000, 1223.85128545504, 79.71644927731, 4.12500003222, 0.00000000000, -0.00000000483, 0.00000004378
236, 50.00000000000, 1267.80744539044, 6.94276830394, 4.12500003222, 0.00000000000, 0.00000000275, -0.00000000483
237, 50.00000000000, 1249.38996352913, 77.44371722350, 4.12500003222, 0.00000000000, 0.00000000312, -0.00000001383
238, 50.00000000000, 1255.83428668660, 90.70893715654, 4.12500003222, 0.00000000000, -0.00000000429, 0.00000001757
239, 50.00000000000, 1280.73599258495, 91.97317816602, 4.12500003222, 0.00000000000, 0.00000000402, -0.00000001486
240, 50.00000000000, 105.49232940319, 43.43572705924, 4.12500003222, 0.00000000000, -0.00000000818, -0.00000000282
241, 50.00000000000, 95.08440250231, 12.28641317120, 4.12500003222, 0.00000000000, -0.00000000641, 0.00000000646
242, 50.00000000000, 115.60808185380, 24.87801117928, 4.12500003222, 0.00000000000, 0.00000000005, -0.00000000226
243, 50.00000000000, 136.98457670439, 71.47210835358, 4.12500003222, 0.00000000000, -0.00000000541, -0.00000001649
244, 50.00000000000, 150.10905057671, 64.84656621034, 4.12500003222, 0.00000000000, -0.00000000679, -0.00000001930
245, 50.00000000000, 157.62312891604, 63.00239512865, 4.12500003222, 0.00000000000, -0.00000000050, -0.00000002157
246, 50.00000000000, 169.34353789971, 22.50116479607, 4.12500003222, 0.00000000000, 0.00000001953, -0.00000001897
247, 50.00000000000, 160.25200629978, 95.08315315919, 4.12500003222, 0.00000000000, -0.00000000709, 0.00000001570
248, 50.00000000000, 168.52086851448, 66.67246132160, 4.12500003222, 0.00000000000, 0.00000001741, 0.00000003352
249, 50.00000000000, 175.72963222225, 75.90198843198, 4.12500003222, 0.00000000000, 0.00000000128, -0.00000002177
250, 50.00000000000, 221.97859700206, 26.43204765638, 4.12500003222, 0.00000000000, -0.00000000471, 0.00000000808
251, 50.00000000000, 210.76944366834, 82.94216812133, 4.12500003222, 0.00000000000, 0.00000000133, -0.00000001984
252, 50.00000000000, 263.41974224706, 52.67235471761, 4.12500003222, 0.00000000000, 0.00000000546, -0.00000000249
253, 50.00000000000, 290.35671664778, 36.23135320046, 4.12500003222, 0.00000000000, 0.00000000033, 0.00000003138
254, 50.00000000000, 261.00073380686, 107.60208718413, 4.12500003222, 0.00000000000, 0.00000000393, 0.00000001216
255, 50.00000000000, 255.58181772732, 128.44360991341, 4.12500003222, 0.00000000000, 0.00000000024, -0.00000001111
256, 50.00000000000, 289.53189428568, 138.58750224623, 4.12500003222, 0.00000000000, 0.00000000052, -0.00000000201
257, 50.00000000000, 353.02173099977, 58.92002874816, 4.12500003222, 0.00000000000, 0.00000000594, -0.00000001092
258, 50.00000000000, 373.70063571505, 73.15448087349, 4.12500003222, 0.00000000000, 0.00000000008, -0.00000000857
259, 50.00000000000, 382.52764483487, 32.07523697750, 4.12500003222, 0.00000000000, 0.00000000676, -0.00000000133
260, 50.00000000000, 399.07507001960, 47.03607977058, 4.12500003222, 0.00000000000, -0.00000000239, -0.00000001351
261, 50.00000000000, 407.09031280331, 54.62877112653, 4.12500003222, 0.00000000000, 0.00000000451, -0.00000002187
262, 50.00000000000, 388.93887788843, -30000000.00000000000, 0.00000000000, 0.00000000000, 0.00000061209, 0.66000001198
263, 50.00000000000, 454.77692425000, 88.31418940182, 4.12500003222, 0.00000000000, 0.00000000479, -0.00000001351
264, 50.00000000000, 440.07277144058, 60.62060650060, 4.12500003222, 0.00000000000, -0.00000000401, -0.00000000741
265, 50.00000000000, 469.37249417823, 85.57901982720, 4.12500003222, 0.00000000000, 0.00000000801, 0.00000000668
266, 50.00000000000, 486.59516055807, 121.06592916362, 4.12500003222, 0.00000000000, 0.00000000324, -0.00000000997
267, 50.00000000000, 503.90067778885, 92.70776257207, 4.12500003222, 0.00000000000, 0.00000000238, 0.00000003277
268, 50.00000000000, 507.97512681227, 81.43548869250, 4.12500003222, 0.00000000000, 0.00000000932, 0.00000001024
269, 50.00000000000, 531.23977161077, 59.15821960563, 4.12500003222, 0.00000000000, -0.00000000271, -0.00000002264
270, 50.00000000000, 531.84524923006, -30000000.00000000000, 0.00000000000, 0.00000000000, -0.00000014633, 0.66000001198
271, 50.00000000000, 566.16726985677, 98.24108413072, 4.12500003222, 0.00000000000, -0.00000001116, 0.00000002198
272, 50.00000000000, 570.30070930700, 58.56266425349, 4.12500003222, 0.00000000000, -0.00000000213, 0.00000002166
273, 50.00000000000, 606.54179389256, 132.43709731416, 4.12500003222, 0.00000000000, 0.00000000455, 0.00000000459
274, 50.00000000000, 614.50181963358, 99.60647891348, 4.12500003222, 0.00000000000, -0.00000000847, 0.00000002759
275, 50.00000000000, 618.86299657692, 80.42213232720, 4.12500003222, 0.00000000000, 0.00000000580, 0.00000000019
276, 50.00000000000, 629.15038711257, -30000000.00000000000, 0.00000000000, 0.00000000000, 0.00000099221, 0.66000001198
277, 50.00000000000, 662.70859910060, 67.02117706111, 4.12500003222, 0.00000000000, 0.00000000575, -0.00000003491
278, 50.00000000000, 660.57065993030, -30000000.00000000000, 0.00000000000, 0.00000000000, -0.00000089032, 0.66000001198
279, 50.00000000000, 677.54335438006, 33.41157217946, 4.12500003222, 0.00000000000, -0.00000000087, 0.00000002144
280, 50.00000000000, 694.87787975621, -30000000.00000000000, 0.00000000000, 0.00000000000, -0.00000029079, 0.66000001198
281, 50.00000000000, 717.44268213110, 74.90145671747, 4.12500003222, 0.00000000000, 0.00000000471, 0.00000000606
282, 50.00000000000, 745.01697509145, -30000000.00000000000, 0.00000000000, 0.00000000000, -0.00000014535, 0.66000001198
283, 50.00000000000, 762.75667763513, 109.78540569960, 4.12500003222, 0.00000000000, -0.00000000323, 0.00000001433
284, 50.00000000000, 773.51401703654, 70.63050234798, 4.12500003222, 0.00000000000, -0.00000000776, 0.00000000995
285, 50.00000000000, 786.29845201467, -30000000.00000000000, 0.00000000000, 0.00000000000, 0.00000050588, 0.66000001198
286, 50.00000000000, 815.27146056581, 42.86209288522, 4.12500003222, 0.00000000000, -0.00000000441, 0.00000000942
287, 50.00000000000, 834.11705092309, 39.56875012774, 4.12500003222, 0.00000000000, 0.00000000023, -0.00000001154
288, 50.00000000000, 839.46921890601, -30000000.00000000000, 0.00000000000, 0.00000000000, -0.00000101373, 0.66000001198
289, 50.00000000000, 866.73986231116, 56.14135452282, 4.12500003222, 0.00000000000, 0.00000000640, -0.00000000015
290, 50.00000000000, 857.75313525570, 77.86486652564, 4.12500003222, 0.00000000000, -0.00000000103, -0.00000002390
291, 50.00000000000, 876.12526663416, 38.40782121591, 4.12500003222, 0.00000000000, -0.00000000097, 0.00000002147
292, 50.00000000000, 905.22338823391, -30000000.00000000000, 0.00000000000, 0.00000000000, -0.00000110819, 0.66000001198
293, 50.00000000000, 915.72887853009, 83.96108144610, 4.12500003222, 0.00000000000, -0.00000000223, -0.00000000328
294, 50.00000000000, 917.76543643150, 31.22421696237, 4.12500003222, 0.00000000000, -0.00000000563, -0.00000000420
295, 50.00000000000, 937.39100588125, 21.90885739716, 4.12500003222, 0.00000000000, -0.00000000592, 0.00000000613
296, 50.00000000000, 964.92453849291, 70.05502417803, 4.12500003222, 0.00000000000, 0.00000000539, -0.00000001010
297, 50.00000000000, 973.50059664251, 56.49200573311, 4.12500003222, 0.00000000000, -0.00000000361, 0.00000004733
298, 50.00000000000, 995.82437318082, 58.53091318240, 4.12500003222, 0.00000000000, -0.00000000475, -0.00000004167
299, 50.00000000000, 1030.85399897460, -30000000.00000000000, 0.00000000000, 0.00000000000, -0.00000088796, 0.66000001198
300, 50.00000000000, 1021.93197793518, 42.01423287616, 4.12500003222, 0.00000000000, -0.00000000106, 0.00000002269
301, 50.00000000000, 1039.65857212058, 68.43315777522, 4.12500003222, 0.00000000000, 0.00000000158, 0.00000000402
302, 50.00000000000, 1045.28413615831, 52.16837993494, 4.12500003222, 0.00000000000, 0.00000000913, 0.00000004169
303, 50.00000000000, 1095.76986868288, -30000000.00000000000, 0.00000000000, 0.00000000000, -0.00000083959, 0.66000001198
304, 50.00000000000, 1070.04377245869, 55.77933088192, 4.12500003222, 0.00000000000, -0.00000000474, -0.00000000878
305, 50.00000000000, 1101.84019072843, 47.31251790179, 4.12500003222, 0.00000000000, 0.00000001982, -0.00000000890
306, 50.00000000000, 1090.27866553548, 7.96633024678, 4.12500003222, 0.00000000000, -0.00000000079, 0.00000002265
307, 50.00000000000, 1112.25146814860, 68.40571851732, 4.12500003222, 0.00000000000, -0.00000000478, -0.00000003941
308, 50.00000000000, 1141.85130707234, 47.93957417015, 4.12500003222, 0.00000000000, 0.00000001156, -0.00000001242
309, 50.00000000000, 1161.32902980571, 57.06993010373, 4.12500003222, 0.00000000000, -0.00000000333, -0.00000001935
310, 50.00000000000, 1172.80808905701, 5.38859670213, 4.12500003222, 0.00000000000, 0.00000000202, 0.00000004116
311, 50.00000000000, 1169.99786865150, 66.34819296811, 4.12500003222, 0.00000000000, 0.00000000136, -0.00000004418
312, 50.00000000000, 1209.01541429197, 7.36779550802, 4.12500003222, 0.00000000000, -0.00000000195, 0.00000002029
313, 50.00000000000, 1202.10023141151, 21.80035023827, 4.12500003222, 0.00000000000, 0.00000000776, -0.00000000308
314, 50.00000000000, 1200.75508200364, 75.24168774425, 4.12500003222, 0.00000000000, -0.00000000637, 0.00000002035
315, 50.00000000000, 1221.30499815037, 45.93052159813, 4.12500003222, 0.00000000000, -0.00000000004, -0.00000000004
316, 50.00000000000, 1232.70081252517, 83.07898841648, 4.12500003222, 0.00000000000, -0.00000001419, 0.00000000334
317, 50.00000000000, 1251.94723546769, 45.80548523580, 4.12500003222, 0.00000000000, 0.00000000051, 0.00000001527
318, 50.00000000000, 1270.81695126562, 29.63383813416, 4.12500003222, 0.00000000000, -0.00000000807, 0.00000002666
319, 50.00000000000, 1289.94885694022, 54.48410989072, 4.12500003222, 0.00000000000, -0.00000000068, 0.00000000472
320, 50.00000000000, -15.81525601760, 139.84681131130, 4.12500003222, 0.00000000000, -0.00000000000, 0.00000000000
321, 50.00000000000, 105.32301617317, 8.33104344265, 4.12500003222, 0.00000000000, -0.00000000326, -0.00000001061
322, 50.00000000000, 117.21736764466, 57.53817835567, 4.12500003222, 0.00000000000, -0.00000002052, 0.00000007013
323, 50.00000000000, 124.39810652721, 34.60005412743, 4.12500003222, 0.00000000000, -0.00000000467, -0.00000001143
324, 50.00000000000, 73.44495054972, 187.87248830719, 4.12500003222, 0.00000000000, 0.00000000000, 0.00000000000
325, 50.00000000000, 158.54448240949, 23.35205834502, 4.12500003222, 0.00000000000, 0.00000002294, 0.00000002133
326, 50.00000000000, 172.56859763828, 43.35434592162, 4.12500003222, 0.00000000000, -0.00000000712, -0.00000006418
327, 50.00000000000, 193.64224905011, 41.69743403171, 4.12500003222, 0.00000000000, 0.00000000522, -0.00000004635
328, 50.00000000000, 200.77489976700, 24.43701924221, 4.12500003222, 0.00000000000, -0.00000000750, 0.00000008561
329, 50.00000000000, 198.54823383047, 63.18653828360, 4.12500003222, 0.00000000000, -0.00000001234, 0.00000000182
330, 50.00000000000, 210.50258059199, 98.75058408849, 4.12500003222, 0.00000000000, 0.00000000154, 0.00000002194
331, 50.00000000000, 212.71016227251, 65.70822984859, 4.12500003222, 0.00000000000, -0.00000000006, -0.00000004025
332, 50.00000000000, 279.47318591553, 55.64967136456, 4.12500003222, 0.00000000000, 0.00000001337, -0.00000001645
333, 50.00000000000, 291.37128732422, 83.53663662884, 4.12500003222, 0.00000000000, 0.00000000098, 0.00000001830
334, 50.00000000000, 310.62078293242, 79.84824985541, 4.12500003222, 0.00000000000, 0.00000001167, 0.00000000451
335, 50.00000000000, 269.64446299064, 143.12229649933, 4.12500003222, 0.00000000000, -0.00000000134, 0.00000000207
336, 50.00000000000, 332.42929712980, 48.26777477953, 4.12500003222, 0.00000000000, 0.00000001230, 0.00000000385
337, 50.00000000000, 363.28483765617, 89.78145388626, 4.12500003222, 0.00000000000, 0.00000000205, 0.00000000609
338, 50.00000000000, 366.34705298246, 63.06845723833, 4.12500003222, 0.00000000000, -0.00000001193, -0.00000000572
339, 50.00000000000, 340.00595498222, -30000000.00000000000, 0.00000000000, 0.00000000000, -0.00000017105, 0.66000001198
340, 50.00000000000, 386.16959469948, 51.86897422957, 4.12500003222, 0.00000000000, -0.00000000140, -0.00000001082
341, 50.00000000000, 420.47832077540, 47.29443086842, 4.12500003222, 0.00000000000, 0.00000000901, 0.00000000638
342, 50.00000000000, 424.45157804360, 69.64589921165, 4.12500003222, 0.00000000000, -0.00000001245, -0.00000004223
343, 50.00000000000, 411.95594727245, -30000000.00000000000, 0.00000000000, 0.00000000000, 0.00000040949, 0.66000001198
344, 50.00000000000, 421.63645327278, -30000000.00000000000, 0.00000000000, 0.00000000000, 0.00000031613, 0.66000001198
345, 50.00000000000, 474.27014970282, 98.84978810298, 4.12500003222, 0.00000000000, -0.00000000374, -0.00000001471
346, 50.00000000000, 473.06654868230, 74.63679150980, 4.12500003222, 0.00000000000, -0.00000000855, 0.00000006210
347, 50.00000000000, 496.95359780019, 69.29954841906, 4.12500003222, 0.00000000000, 0.00000000012, -0.00000002440
348, 50.00000000000, 511.63774143274, 49.00958373553, 4.12500003222, 0.00000000000, -0.00000000182, -0.00000000274
349, 50.00000000000, 508.76185780467, -30000000.00000000000, 0.00000000000, 0.00000000000, 0.00000080948, 0.66000001198
350, 50.00000000000, 565.17300167649, 130.46052422785, 4.12500003222, 0.00000000000, -0.00000000056, 0.00000003198
351, 50.00000000000, 573.85126721600, 82.00164442206, 4.12500003222, 0.00000000000, 0.00000001004, -0.00000002178
352, 50.00000000000, 577.30589794378, 113.25108797682, 4.12500003222, 0.00000000000, 0.00000000167, 0.00000002023
353, 50.00000000000, 585.92643821065, 70.26564679529, 4.12500003222, 0.00000000000, -0.00000000513, 0.00000001051
354, 50.00000000000, 604.55140669957, 98.40134616798, 4.12500003222, 0.00000000000, -0.00000000181, 0.00000002006
355, 50.00000000000, 621.36872256674, 91.14641064293, 4.12500003222, 0.00000000000, 0.00000000166, -0.00000001170
356, 50.00000000000, 621.98597977094, 168.56525331706, 4.12500003222, 0.00000000000, -0.00000000316, 0.00000000710
357, 50.00000000000, 651.24917043091, 101.01609372978, 4.12500003222, 0.00000000000, 0.00000000896, -0.00000000970
358, 50.00000000000, 642.23525240284, 170.21744329934, 4.12500003222, 0.00000000000, 0.00000000059, 0.00000000118
359, 50.00000000000, 683.79355610753, -30000000.00000000000, 0.00000000000, 0.00000000000, -0.00000056277, 0.66000001198
360, 50.00000000000, 711.39338078903, 110.70625085490, 4.12500003222, 0.00000000000, 0.00000000012, -0.00000000702
361, 50.00000000000, 722.87644818986, 23.83425393984, 4.12500003222, 0.00000000000, -0.00000000096, -0.00000000294
362, 50.00000000000, 746.04040510490, 103.37918313296, 4.12500003222, 0.00000000000, -0.00000000227, 0.00000003469
363, 50.00000000000, 741.51294077011, 28.16989209718, 4.12500003222, 0.00000000000, 0.00000000318, -0.00000001995
364, 50.00000000000, 753.34242135748, 72.11596991365, 4.12500003222, 0.00000000000, -0.00000000155, 0.00000002094
365, 50.00000000000, 794.11802269239, 248.32510639410, 4.12500003222, 0.00000000000, -0.00000000005, -0.00000000003
366, 50.00000000000, 807.98956735489, -30000000.00000000000, 0.00000000000, 0.00000000000, -0.00000008405, 0.66000001198
367, 50.00000000000, 811.47827788867, -30000000.00000000000, 0.00000000000, 0.00000000000, 0.00000036708, 0.66000001198
368, 50.00000000000, 833.69649444093, -30000000.00000000000, 0.00000000000, 0.00000000000, -0.00000141773, 0.66000001198
369, 50.00000000000, 827.55077871674, 113.03082996231, 4.12500003222, 0.00000000000, -0.00000000333, 0.00000002194
370, 50.00000000000, 859.90760622949, 99.15118284613, 4.12500003222, 0.00000000000, 0.00000000616, -0.00000001085
371, 50.00000000000, 890.63339669740, -30000000.00000000000, 0.00000000000, 0.00000000000, 0.00000103162, 0.66000001198
372, 50.00000000000, 894.89568980402, 77.89985574067, 4.12500003222, 0.00000000000, 0.00000000228, -0.00000000179
373, 50.00000000000, 908.28993811508, 46.50543696240, 4.12500003222, 0.00000000000, 0.00000000020, -0.00000001384
374, 50.00000000000, 930.99264350060, 36.81711483063, 4.12500003222, 0.00000000000, -0.00000000650, 0.00000001172
375, 50.00000000000, 963.24966930524, -30000000.00000000000, 0.00000000000, 0.00000000000, 0.00000058485, 0.66000001198
376, 50.00000000000, 975.56517072570, -30000000.00000000000, 0.00000000000, 0.00000000000, -0.00000023486, 0.66000001198
377, 50.00000000000, 975.91251957069, 9.45735217795, 4.12500003222, 0.00000000000, 0.00000000192, -0.00000000818
378, 50.00000000000, 989.84508502580, 22.59878104234, 4.12500003222, 0.00000000000, -0.00000000913, 0.00000002434
379, 50.00000000000, 1007.87422238129, 61.61137997161, 4.12500003222, 0.00000000000, 0.00000000164, -0.00000000968
380, 50.00000000000, 1019.69684467765, 54.75692302450, 4.12500003222, 0.00000000000, -0.00000000286, -0.00000000100
381, 50.00000000000, 1034.86327271668, 84.42323516262, 4.12500003222, 0.00000000000, -0.00000000790, -0.00000000978
382, 50.00000000000, 1049.97233888187, 65.92413930134, 4.12500003222, 0.00000000000, -0.00000000157, -0.00000001367
383, 50.00000000000, 1062.34198693133, 69.60458063550, 4.12500003222, 0.00000000000, -0.00000000339, -0.00000004876
384, 50.00000000000, 1068.35661805673, 32.26900992762, 4.12500003222, 0.00000000000, 0.00000001289, 0.00000001533
385, 50.00000000000, 1087.81708071564, 41.11093789268, 4.12500003222, 0.00000000000, 0.00000000018, 0.00000004943
386, 50.00000000000, 1110.87329763823, 43.36383392679, 4.12500003222, 0.00000000000, -0.00000000511, -0.00000001000
387, 50.00000000000, 1110.33530431607, 12.20454869860, 4.12500003222, 0.00000000000, 0.00000000515, 0.00000001496
388, 50.00000000000, 1127.44963926436, 41.73623632122, 4.12500003222, 0.00000000000, -0.00000000010, -0.00000004522
389, 50.00000000000, 1140.54847046569, 84.11598793985, 4.12500003222, 0.00000000000, -0.00000000100, -0.00000000846
390, 50.00000000000, 1163.72428573204, 89.20176064332, 4.12500003222, 0.00000000000, -0.00000000258, 0.00000001516
391, 50.00000000000, 1174.49211652963, 75.80261537152, 4.12500003222, 0.00000000000, 0.00000001288, 0.00000001082
392, 50.00000000000, 1196.60203524544, 44.24330638069, 4.12500003222, 0.00000000000, -0.00000000160, -0.00000000537
393, 50.00000000000, 1221.58282923901, 26.84563822974, 4.12500003222, 0.00000000000, -0.00000000289, 0.00000001395
394, 50.00000000000, 1208.66690744432, 83.60932752887, 4.12500003222, 0.00000000000, -0.00000001077, -0.00000001447
395, 50.00000000000, 1222.28430035885, 63.67840564112, 4.12500003222, 0.00000000000, 0.00000001351, -0.00000000467
396, 50.00000000000, 1236.14802051404, 42.92696972119, 4.12500003222, 0.00000000000, -0.00000000827, 0.00000001940
397, 50.00000000000, 1244.17805355580, 92.89131408001, 4.12500003222, 0.00000000000, -0.00000001004, 0.00000000734
398, 50.00000000000, 1273.04306014895, 108.06562996549, 4.12500003222, 0.00000000000, 0.00000000020, 0.00000000072
399, 50.00000000000, 1270.91817999835, 42.53893250788, 4.12500003222, 0.00000000000, -0.00000000435, -0.00000002945
400, 50.00000000000, 82.74325880182, 31.58912737577, 4.12500003222, 0.00000000000, -0.00000000575, 0.00000000278
401, 50.00000000000, 95.92076157346, 50.47260185745, 4.12500003222, 0.00000000000, -0.00000001077, 0.00000003646
402, 50.00000000000, 127.78167382756, 91.67303117161, 4.12500003222, 0.00000000000, -0.00000000411, 0.00000002150
403, 50.00000000000, 127.38932101970, 55.12520950595, 4.12500003222, 0.00000000000, 0.00000002139, 0.00000000508
404, 50.00000000000, 152.02196297240, 52.68015349045, 4.12500003222, 0.00000000000, -0.00000001129, -0.00000003517
405, 50.00000000000, 146.40108472976, 9.44799787141, 4.12500003222, 0.00000000000, -0.00000000835, -0.00000004003
406, 50.00000000000, 168.60306523984, 33.42758767968, 4.12500003222, 0.00000000000, -0.00000002281, 0.00000007950
407, 50.00000000000, 159.88980971256, 76.66353196150, 4.12500003222, 0.00000000000, 0.00000000590, -0.00000001260
408, 50.00000000000, 174.33539395590, 57.18873031398, 4.12500003222, 0.00000000000, 0.00000000758, 0.00000003599
409, 50.00000000000, 198.11637317157, 49.84982338560, 4.12500003222, 0.00000000000, 0.00000000686, 0.00000002604
410, 50.00000000000, 190.38508092415, 72.56919733891, 4.12500003222, 0.00000000000, -0.00000001519, -0.00000001323
411, 50.00000000000, 204.71418049420, 230.03696534097, 4.12500003222, 0.00000000000, 0.00000000000, 0.00000000000
412, 50.00000000000, 241.56359985014, 113.04451418431, 4.12500003222, 0.00000000000, 0.00000000393, 0.00000000464
413, 50.00000000000, 234.67611552191, 219.17437931570, 4.12500003222, 0.00000000000, 0.00000000000, 0.00000000000
414, 50.00000000000, 297.31705591015, 67.99435876525, 4.12500003222, 0.00000000000, -0.00000000368, -0.00000000817
415, 50.00000000000, 329.76323276843, 79.81650676993, 4.12500003222, 0.00000000000, -0.00000000822, 0.00000000845
416, 50.00000000000, 325.87997037782, 14.60779863102, 4.12500003222, 0.00000000000, 0.00000000722, -0.00000000627
417, 50.00000000000, 346.09046146119, 27.88076324566, 4.12500003222, 0.00000000000, 0.00000000680, 0.00000001396
418, 50.00000000000, 322.42956292726, -30000000.00000000000, 0.00000000000, 0.00000000000, 0.00000072823, 0.66000001198
419, 50.00000000000, 339.49563006144, -30000000.00000000000, 0.00000000000, 0.00000000000, -0.00000011559, 0.66000001198
420, 50.00000000000, 353.13639307633, 190.95065369314, 4.12500003222, 0.00000000000, 0.00000000000, 0.00000000000
421, 50.00000000000, 417.18504064398, 107.73094957398, 4.12500003222, 0.00000000000, 0.00000000181, 0.00000001627
422, 50.00000000000, 429.92220984604, 123.51110412627, 4.12500003222, 0.00000000000, 0.00000000182, -0.00000002636
423, 50.00000000000, 405.77340567594, -30000000.00000000000, 0.00000000000, 0.00000000000, 0.00000163363, 0.66000001198
424, 50.00000000000, 449.84330525413, 121.42066013103, 4.12500003222, 0.00000000000, -0.00000000081, -0.00000001373
425, 50.00000000000, 431.99413008865, -30000000.00000000000, 0.00000000000, 0.00000000000, -0.00000150851, 0.66000001198
426, 50.00000000000, 479.69167647058, 65.98360199750, 4.12500003222, 0.00000000000, 0.00000001956, -0.00000002359
427, 50.00000000000, 458.97908062182, 222.60663916894, 4.12500003222, 0.00000000000, 0.00000000198, 0.00000000361
428, 50.00000000000, 519.32260999983, 79.64327126551, 4.12500003222, 0.00000000000, 0.00000000501, -0.00000003506
429, 50.00000000000, 507.52694227155, -30000000.00000000000, 0.00000000000, 0.00000000000, 0.00000032952, 0.66000001198
430, 50.00000000000, 554.77332009613, 114.07165540801, 4.12500003222, 0.00000000000, 0.00000000168, -0.00000002998
431, 50.00000000000, 550.55373739705, 92.18144379866, 4.12500003222, 0.00000000000, -0.00000000304, 0.00000001438
432, 50.00000000000, 567.79009194951, -30000000.00000000000, 0.00000000000, 0.00000000000, -0.00000171706, 0.66000001198
433, 50.00000000000, 597.26102082110, 86.28541655806, 4.12500003222, 0.00000000000, -0.00000000357, -0.00000001976
434, 50.00000000000, 594.93940785892, 146.10104246844, 4.12500003222, 0.00000000000, -0.00000000075, -0.00000000088
435, 50.00000000000, 625.79057852745, 68.06408514052, 4.12500003222, 0.00000000000, 0.00000000773, -0.00000001029
436, 50.00000000000, 641.72736025144, 79.30834014272, 4.12500003222, 0.00000000000, -0.00000000814, 0.00000001679
437, 50.00000000000, 659.28615873015, 83.84012697655, 4.12500003222, 0.00000000000, -0.00000001319, -0.00000000038
438, 50.00000000000, 661.57224556498, 50.29341743405, 4.12500003222, 0.00000000000, 0.00000001017, 0.00000000887
439, 50.00000000000, 685.49174298381, 55.68682565280, 4.12500003222, 0.00000000000, -0.00000001572, -0.00000001421
440, 50.00000000000, 699.61316574475, 70.78155894194, 4.12500003222, 0.00000000000, -0.00000000120, -0.00000000486
441, 50.00000000000, 718.97314057585, -30000000.00000000000, 0.00000000000, 0.00000000000, -0.00000019778, 0.66000001198
442, 50.00000000000, 730.38082713688, -30000000.00000000000, 0.00000000000, 0.00000000000, 0.00000005238, 0.66000001198
443, 50.00000000000, 753.90846942232, 37.73885134874, 4.12500003222, 0.00000000000, 0.00000000129, 0.00000000573
444, 50.00000000000, 745.01274980696, 123.06010281858, 4.12500003222, 0.00000000000, 0.00000000180, -0.00000001735
445, 50.00000000000, 784.97595060963, 53.28509181864, 4.12500003222, 0.00000000000, -0.00000000126, 0.00000001258
446, 50.00000000000, 802.31763517241, 91.10165081765, 4.12500003222, 0.00000000000, 0.00000000033, 0.00000002021
447, 50.00000000000, 794.80371610345, 70.48209245260, 4.12500003222, 0.00000000000, -0.00000000208, -0.00000001289
448, 50.00000000000, 818.09180245417, 101.77349537917, 4.12500003222, 0.00000000000, -0.00000000416, -0.00000001326
449, 50.00000000000, 855.19019456546, 39.11433816110, 4.12500003222, 0.00000000000, -0.00000000022, 0.00000000106
450, 50.00000000000, 840.39098092272, 150.50918954375, 4.12500003222, 0.00000000000, -0.00000000028, -0.00000000101
451, 50.00000000000, 877.15283883578, 71.30190110755, 4.12500003222, 0.00000000000, -0.00000000527, -0.00000001253
452, 50.00000000000, 906.72404817217, -30000000.00000000000, 0.00000000000, 0.00000000000, -0.00000081974, 0.66000001198
453, 50.00000000000, 882.76802069128, 184.43098273804, 4.12500003222, 0.00000000000, -0.00000000478, 0.00000000461
454, 50.00000000000, 931.47683069263, 68.78442636407, 4.12500003222, 0.00000000000, 0.00000000649, -0.00000000119
455, 50.00000000000, 960.53549386189, -30000000.00000000000, 0.00000000000, 0.00000000000, 0.00000106156, 0.66000001198
456, 50.00000000000, 952.13817556851, 61.07554161965, 4.12500003222, 0.00000000000, -0.00000000059, 0.00000000964
457, 50.00000000000, 993.12444048294, 212.92866889495, 4.12500003222, 0.00000000000, 0.00000000000, 0.00000000000
458, 50.00000000000, 978.95163053826, 88.63526675529, 4.12500003222, 0.00000000000, 0.00000000768, 0.00000000886
459, 50.00000000000, 1001.21647213067, 80.32013854644, 4.12500003222, 0.00000000000, -0.00000000331, 0.00000003173
460, 50.00000000000, 1013.24338438876, 94.58827938816, 4.12500003222, 0.00000000000, 0.00000000537, -0.00000001546
461, 50.00000000000, 1030.94309633107, 53.64702173925, 4.12500003222, 0.00000000000, 0.00000000439, -0.00000000820
462, 50.00000000000, 1031.18360070116, 99.16437755648, 4.12500003222, 0.00000000000, -0.00000000372, -0.00000001737
463, 50.00000000000, 1068.19990546502, 91.81538831771, 4.12500003222, 0.00000000000, -0.00000000390, 0.00000000495
464, 50.00000000000, 1074.40630015367, 24.69368354481, 4.12500003222, 0.00000000000, -0.00000000343, 0.00000002234
465, 50.00000000000, 1093.77628806128, 56.07577526477, 4.12500003222, 0.00000000000, 0.00000000549, 0.00000001345
466, 50.00000000000, 1107.25658372527, 58.28009321658, 4.12500003222, 0.00000000000, 0.00000000629, -0.00000002318
467, 50.00000000000, 1119.47098827461, 59.19142735882, 4.12500003222, 0.00000000000, 0.00000000132, -0.00000007147
468, 50.00000000000, 1130.63651694121, 79.96851576273, 4.12500003222, 0.00000000000, 0.00000001461, 0.00000003910
469, 50.00000000000, 1145.31426754090, 98.32926029175, 4.12500003222, 0.00000000000, 0.00000000075, -0.00000000153
470, 50.00000000000, 1152.66035848052, 78.02106778278, 4.12500003222, 0.00000000000, -0.00000001297, -0.00000002590
471, 50.00000000000, 1188.53502996562, 35.58768466294, 4.12500003222, 0.00000000000, -0.00000000417, 0.00000003554
472, 50.00000000000, 1155.19084967029, 130.65695166757, 4.12500003222, 0.00000000000, 0.00000000003, -0.00000000709
473, 50.00000000000, 1188.44600732090, 92.87930366638, 4.12500003222, 0.00000000000, 0.00000000237, -0.00000003374
474, 50.00000000000, 1214.81912780181, 69.28770883241, 4.12500003222, 0.00000000000, -0.00000000549, 0.00000004188
475, 50.00000000000, 1255.56500960262, 13.95181702313, 4.12500003222, 0.00000000000, -0.00000000933, 0.00000000811
476, 50.00000000000, 1220.43921855736, 89.15388548486, 4.12500003222, 0.00000000000, 0.00000000115, 0.00000000555
477, 50.00000000000, 1249.56029711447, 132.47741297392, 4.12500003222, 0.00000000000, -0.00000000246, -0.00000000441
478, 50.00000000000, 1262.76497156800, 75.09114937440, 4.12500003222, 0.00000000000, 0.00000000334, 0.00000001084
479, 50.00000000000, 1283.80718319886, 72.42298723272, 4.12500003222, 0.00000000000, 0.00000000108, -0.00000001181
480, 50.00000000000, 80.57683454506, 47.79289982307, 4.12500003222, 0.00000000000, -0.00000000085, -0.00000002105
481, 50.00000000000, 108.42187939940, 89.24935067634, 4.12500003222, 0.00000000000, 0.00000000916, -0.00000000262
482, 50.00000000000, 117.06284203244, 42.74661887021, 4.12500003222, 0.00000000000, 0.00000001772, -0.00000004436
483, 50.00000000000, 131.65257096785, 40.75813254009, 4.12500003222, 0.00000000000, 0.00000002765, -0.00000004266
484, 50.00000000000, 141.15764143983, 105.32511057425, 4.12500003222, 0.00000000000, -0.00000000115, -0.00000002190
485, 50.00000000000, 156.20578123735, 42.43314130687, 4.12500003222, 0.00000000000, -0.00000004290, -0.00000005966
486, 50.00000000000, 178.79080875462, 51.86921038158, 4.12500003222, 0.00000000000, 0.00000001943, -0.00000001575
487, 50.00000000000, 188.72053496832, 6.41146057701, 4.12500003222, 0.00000000000, -0.00000001019, 0.00000000185
488, 50.00000000000, 176.33074218362, 108.23684376437, 4.12500003222, 0.00000000000, 0.00000000317, 0.00000000023
489, 50.00000000000, 180.89683212801, 63.53223625052, 4.12500003222, 0.00000000000, 0.00000000348, 0.00000001443
490, 50.00000000000, 231.49038591107, 38.59811014058, 4.12500003222, 0.00000000000, -0.00000000347, 0.00000000097
491, 50.00000000000, 228.03792595619, 99.21473790860, 4.12500003222, 0.00000000000, -0.00000000166, 0.00000000186
492, 50.00000000000, 228.11187843936, 81.13090943648, 4.12500003222, 0.00000000000, -0.00000000103, -0.00000000372
493, 50.00000000000, 277.68070350735, 70.17544288431, 4.12500003222, 0.00000000000, 0.00000000134, -0.00000000591
494, 50.00000000000, 291.47600664357, 12.47076779232, 4.12500003222, 0.00000000000, 0.00000000567, -0.00000002306
495, 50.00000000000, 309.59048932871, 45.67511692088, 4.12500003222, 0.00000000000, -0.00000000315, -0.00000001062
496, 50.00000000000, 324.06190053713, 27.01614985948, 4.12500003222, 0.00000000000, 0.00000000234, 0.00000004188
497, 50.00000000000, 361.68946785799, 71.18285134538, 4.12500003222, 0.00000000000, -0.00000000101, -0.00000004861
498, 50.00000000000, 374.49974803102, 52.47014177787, 4.12500003222, 0.00000000000, -0.00000001415, 0.00000003239
499, 50.00000000000, 384.12506233856, 75.36133949367, 4.12500003222, 0.00000000000, 0.00000000863, -0.00000001309
500, 50.00000000000, 400.95164667469, 32.78654404315, 4.12500003222, 0.00000000000, -0.00000000150, -0.00000000230
501, 50.00000000000, 422.92512712088, 99.67792101478, 4.12500003222, 0.00000000000, 0.00000001139, -0.00000000140
502, 50.00000000000, 423.01240621083, 56.41115016568, 4.12500003222, 0.00000000000, 0.00000000581, 0.00000001035
503, 50.00000000000, 449.04787150359, 77.84757515994, 4.12500003222, 0.00000000000, -0.00000000245, 0.00000002675
504, 50.00000000000, 421.88715905444, -30000000.00000000000, 0.00000000000, 0.00000000000, 0.00000027989, 0.66000001198
505, 50.00000000000, 454.47649584798, 203.00255342288, 4.12500003222, 0.00000000000, -0.00000000232, -0.00000000534
506, 50.00000000000, 474.18686392367, 208.71060030236, 4.12500003222, 0.00000000000, 0.00000000024, 0.00000000290
507, 50.00000000000, 493.42724240650, 62.45464854824, 4.12500003222, 0.00000000000, 0.00000000706, -0.00000000864
508, 50.00000000000, 515.54445362106, 97.61824425720, 4.12500003222, 0.00000000000, -0.00000000224, 0.00000002560
509, 50.00000000000, 493.90853782583, 215.03926255908, 4.12500003222, 0.00000000000, -0.00000000134, 0.00000000106
510, 50.00000000000, 529.65376166794, -30000000.00000000000, 0.00000000000, 0.00000000000, 0.00000028521, 0.66000001198
511, 50.00000000000, 558.62444876557, 151.37003844522, 4.12500003222, 0.00000000000, -0.00000000047, -0.00000002095
512, 50.00000000000, 581.44873716205, 161.61053359121, 4.12500003222, 0.00000000000, -0.00000000391, -0.00000001319
513, 50.00000000000, 600.65807112406, 121.58249711970, 4.12500003222, 0.00000000000, -0.00000000158, -0.00000002425
514, 50.00000000000, 612.90000478680, 113.39951294083, 4.12500003222, 0.00000000000, -0.00000000312, -0.00000001420
515, 50.00000000000, 624.24654663771, 131.89139544617, 4.12500003222, 0.00000000000, 0.00000000607, 0.00000000952
516, 50.00000000000, 633.52634916971, -30000000.00000000000, 0.00000000000, 0.00000000000, 0.00000124373, 0.66000001198
517, 50.00000000000, 645.15449513512, 64.00052487442, 4.12500003222, 0.00000000000, -0.00000001029, 0.00000004180
518, 50.00000000000, 662.50334669764, 172.63871613857, 4.12500003222, 0.00000000000, 0.00000000159, 0.00000000206
519, 50.00000000000, 677.62808198294, 71.19570479393, 4.12500003222, 0.00000000000, 0.00000000299, 0.00000000007
520, 50.00000000000, 701.66737116100, -30000000.00000000000, 0.00000000000, 0.00000000000, -0.00000054288, 0.66000001198
521, 50.00000000000, 733.92032699585, 84.61766518856, 4.12500003222, 0.00000000000, 0.00000001077, -0.00000003890
522, 50.00000000000, 745.22257501767, 53.19336503322, 4.12500003222, 0.00000000000, -0.00000000164, -0.00000000789
523, 50.00000000000, 747.66260697377, -30000000.00000000000, 0.00000000000, 0.00000000000, -0.00000066804, 0.66000001198
524, 50.00000000000, 776.66547156134, 237.31794638221, 4.12500003222, 0.00000000000, -0.00000000133, 0.00000000076
525, 50.00000000000, 780.60005647343, -30000000.00000000000, 0.00000000000, 0.00000000000, -0.00000020647, 0.66000001198
526, 50.00000000000, 783.56329647784, 104.29711458553, 4.12500003222, 0.00000000000, 0.00000000774, -0.00000000012
527, 50.00000000000, 815.53582313280, 77.08069612552, 4.12500003222, 0.00000000000, 0.00000000949, 0.00000003295
528, 50.00000000000, 815.82885919837, 126.31827506336, 4.12500003222, 0.00000000000, -0.00000000101, -0.00000000788
529, 50.00000000000, 836.69982201106, 129.97077493729, 4.12500003222, 0.00000000000, 0.00000000501, -0.00000001546
530, 50.00000000000, 855.91206825342, 137.24148784668, 4.12500003222, 0.00000000000, -0.00000000131, -0.00000001021
531, 50.00000000000, 876.64371972583, 89.31260291577, 4.12500003222, 0.00000000000, 0.00000000656, 0.00000000792
532, 50.00000000000, 913.89300562644, -30000000.00000000000, 0.00000000000, 0.00000000000, -0.00000106621, 0.66000001198
533, 50.00000000000, 923.15856534916, 53.10960511217, 4.12500003222, 0.00000000000, 0.00000001329, -0.00000001362
534, 50.00000000000, 918.00769231056, 177.41647939396, 4.12500003222, 0.00000000000, 0.00000000060, 0.00000000306
535, 50.00000000000, 947.76180339673, 78.53636702351, 4.12500003222, 0.00000000000, -0.00000000552, 0.00000001623
536, 50.00000000000, 968.69810139390, 80.68437454724, 4.12500003222, 0.00000000000, -0.00000000376, -0.00000003791
537, 50.00000000000, 954.47948630573, 8.73155233350, 4.12500003222, 0.00000000000, -0.00000000108, -0.00000000837
538, 50.00000000000, 987.74926927072, 48.21083084917, 4.12500003222, 0.00000000000, 0.00000001271, 0.00000001898
539, 50.00000000000, 1004.23949364900, 38.11838439109, 4.12500003222, 0.00000000000, 0.00000000848, 0.00000001079
540, 50.00000000000, 1021.69320067055, 30.36887269358, 4.12500003222, 0.00000000000, 0.00000000580, 0.00000000685
541, 50.00000000000, 1039.95090970690, 44.13053628730, 4.12500003222, 0.00000000000, -0.00000001430, -0.00000003356
542, 50.00000000000, 1050.75221047129, 27.37869208145, 4.12500003222, 0.00000000000, -0.00000000220, -0.00000001628
543, 50.00000000000, 1098.15561847898, 188.84610449781, 4.12500003222, 0.00000000000, 0.00000000000, 0.00000000000
544, 50.00000000000, 1083.13542472045, 60.77106020047, 4.12500003222, 0.00000000000, -0.00000000694, -0.00000000006
545, 50.00000000000, 1131.21679237037, 206.40870861848, 4.12500003222, 0.00000000000, 0.00000000017, 0.00000000010
546, 50.00000000000, 1148.96313676375, 217.04375974291, 4.12500003222, 0.00000000000, -0.00000000017, -0.00000000010
547, 50.00000000000, 1115.80849065792, 26.32357790290, 4.12500003222, 0.00000000000, 0.00000001224, -0.00000001516
548, 50.00000000000, 1126.28109181512, 99.66205571241, 4.12500003222, 0.00000000000, -0.00000000931, 0.00000000458
549, 50.00000000000, 1158.37659027757, 46.95903697417, 4.12500003222, 0.00000000000, 0.00000000514, 0.00000002018
550, 50.00000000000, 1177.66059990465, 50.98164703223, 4.12500003222, 0.00000000000, -0.00000000795, -0.00000000823
551, 50.00000000000, 1159.42370603034, 110.62494293896, 4.12500003222, 0.00000000000, -0.00000000228, 0.00000000628
552, 50.00000000000, 1191.93012434754, 69.92211855471, 4.12500003222, 0.00000000000, 0.00000000486, 0.00000001577
553, 50.00000000000, 1201.75936793166, 91.94272220508, 4.12500003222, 0.00000000000, -0.00000000146, -0.00000003834
554, 50.00000000000, 1206.36898488535, 105.91494121255, 4.12500003222, 0.00000000000, 0.00000001111, 0.00000003116
555, 50.00000000000, 1222.28791319846, 102.16111653038, 4.12500003222, 0.00000000000, 0.00000000001, -0.00000000736
556, 50.00000000000, 1235.50794413812, 116.42403227982, 4.12500003222, 0.00000000000, -0.00000000429, 0.00000002468
557, 50.00000000000, 1244.27669774909, 152.19687282570, 4.12500003222, 0.00000000000, 0.00000000395, 0.00000000730
558, 50.00000000000, 1261.11663146076, 98.06466665455, 4.12500003222, 0.00000000000, -0.00000000388, 0.00000001454
559, 50.00000000000, 1273.63009995968, 52.81935618697, 4.12500003222, 0.00000000000, 0.00000000392, 0.00000000792
560, 50.00000000000, 99.31556189292, 74.35963333316, 4.12500003222, 0.00000000000, 0.00000000754, -0.00000003625
561, 50.00000000000, 27.40234885013, 319.36405170898, 4.12500003222, 0.00000000000, 0.00000000000, 0.00000000000
562, 50.00000000000, 121.38159261401, 75.76177994704, 4.12500003222, 0.00000000000, -0.00000000838, 0.00000000353
563, 50.00000000000, 143.64611376573, 82.93686742840, 4.12500003222, 0.00000000000, -0.00000000170, -0.00000000228
564, 50.00000000000, 119.44412453656, 108.57299884370, 4.12500003222, 0.00000000000, -0.00000000043, -0.00000001279
565, 50.00000000000, 155.03292554631, 30.67277956048, 4.12500003222, 0.00000000000, -0.00000000364, 0.00000016107
566, 50.00000000000, 164.81854477600, 54.04105975569, 4.12500003222, 0.00000000000, -0.00000002066, 0.00000000236
567, 50.00000000000, 157.84370246253, 115.69895736048, 4.12500003222, 0.00000000000, 0.00000000532, 0.00000001235
568, 50.00000000000, 176.69396293070, 87.55810607006, 4.12500003222, 0.00000000000, 0.00000000207, 0.00000001888
569, 50.00000000000, 196.82823620126, 80.90283085251, 4.12500003222, 0.00000000000, -0.00000000995, 0.00000001995
570, 50.00000000000, 191.45834540479, 95.35118159978, 4.12500003222, 0.00000000000, -0.00000000585, 0.00000000159
571, 50.00000000000, 220.69047876029, 117.60158683356, 4.12500003222, 0.00000000000, 0.00000000195, -0.00000000570
572, 50.00000000000, 272.10450193445, 39.35940941317, 4.12500003222, 0.00000000000, 0.00000000180, -0.00000000493
573, 50.00000000000, 246.56038910979, 91.79758139976, 4.12500003222, 0.00000000000, 0.00000000230, 0.00000000687
574, 50.00000000000, 298.48158483416, 60.32005978145, 4.12500003222, 0.00000000000, -0.00000001113, -0.00000002500
575, 50.00000000000, 310.40907124626, 25.17887177561, 4.12500003222, 0.00000000000, -0.00000001276, 0.00000002235
576, 50.00000000000, 275.33860170112, 123.36076507105, 4.12500003222, 0.00000000000, -0.00000000401, -0.00000000727
577, 50.00000000000, 350.77501360401, 79.92380741738, 4.12500003222, 0.00000000000, -0.00000000408, 0.00000001565
578, 50.00000000000, 320.24312966861, 195.77857990186, 4.12500003222, 0.00000000000, 0.00000000000, 0.00000000000
579, 50.00000000000, 394.37278660684, 116.66323825860, 4.12500003222, 0.00000000000, 0.00000000090, -0.00000000552
580, 50.00000000000, 405.30073824387, 67.55145867251, 4.12500003222, 0.00000000000, -0.00000000699, 0.00000003547
581, 50.00000000000, 412.79766903112, 121.22667174305, 4.12500003222, 0.00000000000, 0.00000000337, -0.00000001276
582, 50.00000000000, 390.77758831900, 208.43827986977, 4.12500003222, 0.00000000000, 0.00000000000, 0.00000000000
583, 50.00000000000, 435.46279111855, 77.26159578455, 4.12500003222, 0.00000000000, 0.00000001112, 0.00000002291
584, 50.00000000000, 456.37780070126, 102.40060118570, 4.12500003222, 0.00000000000, 0.00000000371, 0.00000002460
585, 50.00000000000, 442.52616531724, -30000000.00000000000, 0.00000000000, 0.00000000000, -0.00000187657, 0.66000001198
586, 50.00000000000, 482.68057518408, 103.78679878671, 4.12500003222, 0.00000000000, -0.00000000216, -0.00000000900
587, 50.00000000000, 478.52659615511, 228.77044929709, 4.12500003222, 0.00000000000, 0.00000000144, -0.00000000223
588, 50.00000000000, 512.82619318702, 71.88187945490, 4.12500003222, 0.00000000000, 0.00000000947, -0.00000001312
589, 50.00000000000, 527.52509331652, 66.98956943980, 4.12500003222, 0.00000000000, -0.00000001008, 0.00000000506
590, 50.00000000000, 543.85929444894, 74.33338877931, 4.12500003222, 0.00000000000, -0.00000000712, 0.00000003567
591, 50.00000000000, 565.59849705025, 169.73759182834, 4.12500003222, 0.00000000000, 0.00000000128, -0.00000000429
592, 50.00000000000, 584.91982608080, 129.49226470563, 4.12500003222, 0.00000000000, -0.00000000200, 0.00000000947
593, 50.00000000000, 604.81892201058, 78.44076106587, 4.12500003222, 0.00000000000, -0.00000001184, 0.00000004196
594, 50.00000000000, 614.30410494412, 150.37082663560, 4.12500003222, 0.00000000000, -0.00000000072, 0.00000000192
595, 50.00000000000, 635.08502582146, 111.87847461528, 4.12500003222, 0.00000000000, -0.00000000047, 0.00000001981
596, 50.00000000000, 637.29226463491, 88.16491488688, 4.12500003222, 0.00000000000, 0.00000001095, -0.00000005134
597, 50.00000000000, 634.08151002097, 151.11542349928, 4.12500003222, 0.00000000000, 0.00000000148, -0.00000001017
598, 50.00000000000, 667.19049989530, -30000000.00000000000, 0.00000000000, 0.00000000000, -0.00000021048, 0.66000001198
599, 50.00000000000, 654.68606196399, 153.98899514425, 4.12500003222, 0.00000000000, -0.00000000071, -0.00000000328
600, 50.00000000000, 703.58707089712, -30000000.00000000000, 0.00000000000, 0.00000000000, -0.00000033473, 0.66000001198
601, 50.00000000000, 724.55014357315, 126.61808897781, 4.12500003222, 0.00000000000, -0.00000000040, -0.00000000267
602, 50.00000000000, 735.50166559821, 45.77503718248, 4.12500003222, 0.00000000000, -0.00000000454, -0.00000002490
603, 50.00000000000, 762.33613964542, -30000000.00000000000, 0.00000000000, 0.00000000000, 0.00000045388, 0.66000001198
604, 50.00000000000, 764.73838228921, 53.67995504567, 4.12500003222, 0.00000000000, 0.00000000332, 0.00000000660
605, 50.00000000000, 784.22046282725, 85.97348571683, 4.12500003222, 0.00000000000, -0.00000000706, 0.00000001247
606, 50.00000000000, 794.67790097350, 227.68265887249, 4.12500003222, 0.00000000000, 0.00000000137, -0.00000000073
607, 50.00000000000, 803.27652800883, 112.33429890004, 4.12500003222, 0.00000000000, 0.00000000214, -0.00000000908
608, 50.00000000000, 839.50472450560, 107.48162759511, 4.12500003222, 0.00000000000, -0.00000000595, 0.00000001028
609, 50.00000000000, 851.14372567208, 116.52067822717, 4.12500003222, 0.00000000000, 0.00000000302, 0.00000002803
610, 50.00000000000, 859.93379313956, 157.05687619502, 4.12500003222, 0.00000000000, -0.00000000002, 0.00000000188
611, 50.00000000000, 875.58608056144, 143.54836700142, 4.12500003222, 0.00000000000, -0.00000000024, -0.00000000051
612, 50.00000000000, 879.31949809345, 164.01524225349, 4.12500003222, 0.00000000000, 0.00000000024, 0.00000000004
613, 50.00000000000, 909.24687629263, 65.41940309545, 4.12500003222, 0.00000000000, -0.00000000076, 0.00000003101
614, 50.00000000000, 902.39463023674, 191.56825655323, 4.12500003222, 0.00000000000, 0.00000000469, 0.00000001073
615, 50.00000000000, 957.25644538067, 93.98358199690, 4.12500003222, 0.00000000000, -0.00000000126, -0.00000000657
616, 50.00000000000, 964.89295321564, 46.30483997960, 4.12500003222, 0.00000000000, -0.00000001279, 0.00000001170
617, 50.00000000000, 974.21001232475, 104.47546538044, 4.12500003222, 0.00000000000, 0.00000000117, -0.00000001838
618, 50.00000000000, 990.93426434567, 90.05065806908, 4.12500003222, 0.00000000000, -0.00000000395, -0.00000000248
619, 50.00000000000, 1009.07968833996, 46.62957288536, 4.12500003222, 0.00000000000, -0.00000001623, -0.00000001079
620, 50.00000000000, 1027.44929347563, 63.03387508085, 4.12500003222, 0.00000000000, 0.00000000378, 0.00000001105
621, 50.00000000000, 1032.60258180634, 19.32318243768, 4.12500003222, 0.00000000000, -0.00000000308, -0.00000000352
622, 50.00000000000, 1049.66924661400, 103.50143999977, 4.12500003222, 0.00000000000, 0.00000000610, -0.00000001051
623, 50.00000000000, 1050.74718333364, 85.49586489460, 4.12500003222, 0.00000000000, -0.00000000853, 0.00000001251
624, 50.00000000000, 1078.67628163635, 41.19646189820, 4.12500003222, 0.00000000000, 0.00000000223, 0.00000000331
625, 50.00000000000, 1079.11249177459, 75.76206423733, 4.12500003222, 0.00000000000, 0.00000000556, -0.00000001008
626, 50.00000000000, 1108.96426257915, 91.07628199714, 4.12500003222, 0.00000000000, 0.00000000161, 0.00000002983
627, 50.00000000000, 1117.41147934006, 79.87834488168, 4.12500003222, 0.00000000000, 0.00000000000, 0.00000002190
628, 50.00000000000, 1141.26390011771, 60.23853317140, 4.12500003222, 0.00000000000, 0.00000000339, 0.00000004500
629, 50.00000000000, 1151.99259248902, 68.67384154949, 4.12500003222, 0.00000000000, -0.00000001519, -0.00000002613
630, 50.00000000000, 1176.83188756763, 43.29677781108, 4.12500003222, 0.00000000000, -0.00000000241, 0.00000000007
631, 50.00000000000, 1171.48453154324, 143.09316284357, 4.12500003222, 0.00000000000, 0.00000000047, -0.00000000406
632, 50.00000000000, 1184.68083753969, 83.42957616516, 4.12500003222, 0.00000000000, 0.00000002559, 0.00000002519
633, 50.00000000000, 1189.51730306903, 109.40372443708, 4.12500003222, 0.00000000000, -0.00000000109, 0.00000000793
634, 50.00000000000, 1224.56527769079, 157.84301631695, 4.12500003222, 0.00000000000, 0.00000000055, -0.00000000225
635, 50.00000000000, 1216.73456611423, 122.78941846484, 4.12500003222, 0.00000000000, -0.00000000453, -0.00000000375
636, 50.00000000000, 1239.20055488655, 74.21976072886, 4.12500003222, 0.00000000000, 0.00000000020, -0.00000005178
637, 50.00000000000, 1230.19644258847, 137.63661260828, 4.12500003222, 0.00000000000, 0.00000000151, -0.00000002253
638, 50.00000000000, 1274.10599130654, 20.70259602048, 4.12500003222, 0.00000000000, 0.00000000594, -0.00000001417
639, 50.00000000000, 1289.13365843923, 34.71286176878, 4.12500003222, 0.00000000000, -0.00000000417, 0.00000000080
