0, 50.00000000000, 30.82702050457, 85.32475425763, 4.12500003222, 0.00000000000, -0.00000000791, -0.00000001821
1, 50.00000000000, 31.17842742412, 192.25168167974, 4.12500003222, 0.00000000000, 0.00000000000, 0.00000000000
2, 50.00000000000, 61.69324471214, 7.32762939063, 4.12500003222, 0.00000000000, 0.00000000531, -0.00000003954
3, 50.00000000000, 88.25147186920, 84.53052690505, 4.12500003222, 0.00000000000, 0.00000000155, -0.00000003415
4, 50.00000000000, 105.12026324531, 27.00157551919, 4.12500003222, 0.00000000000, -0.00000000891, 0.00000001105
5, 50.00000000000, 119.49052495041, 40.22712717981, 4.12500003222, 0.00000000000, -0.00000000057, -0.00000000535
6, 50.00000000000, 137.43197702981, 25.82231199145, 4.12500003222, 0.00000000000, -0.00000000097, 0.00000000112
7, 50.00000000000, 143.19685065766, 10.27934065028, 4.12500003222, 0.00000000000, -0.00000000650, -0.00000001630
8, 50.00000000000, 168.22602769829, 8.05060060642, 4.12500003222, 0.00000000000, 0.00000001233, 0.00000003253
9, 50.00000000000, 167.70922203664, 48.47745879338, 4.12500003222, 0.00000000000, -0.00000000781, 0.00000001585
10, 50.00000000000, 188.61622819252, 5.16369272560, 4.12500003222, 0.00000000000, -0.00000000555, -0.00000001037
11, 50.00000000000, 225.21059224061, 21.95708790608, 4.12500003222, 0.00000000000, 0.00000000308, -0.00000000608
12, 50.00000000000, 223.21648471786, 9.41477229804, 4.12500003222, 0.00000000000, 0.00000000321, -0.00000001565
13, 50.00000000000, 259.62330809076, 25.20294094386, 4.12500003222, 0.00000000000, -0.00000001476, 0.00000004907
14, 50.00000000000, 270.86436918948, 29.79035740624, 4.12500003222, 0.00000000000, -0.00000001172, -0.00000000604
15, 50.00000000000, 289.85744539446, 38.81518077867, 4.12500003222, 0.00000000000, 0.00000001561, -0.00000002921
16, 50.00000000000, 292.01199752312, 4.98816293434, 4.12500003222, 0.00000000000, 0.00000000136, -0.00000005296
17, 50.00000000000, 310.61123993966, 42.32694940557, 4.12500003222, 0.00000000000, 0.00000000658, -0.00000000077
18, 50.00000000000, 320.77220573898, -30000000.00000000000, 0.00000000000, 0.00000000000, 0.00000086896, 0.66000001198
19, 50.00000000000, 365.29534039211, 83.90187454610, 4.12500003222, 0.00000000000, 0.00000002233, -0.00000000113
20, 50.00000000000, 354.78505746845, -30000000.00000000000, 0.00000000000, 0.00000000000, -0.00000024838, 0.66000001198
21, 50.00000000000, 385.60768224039, 32.07062563207, 4.12500003222, 0.00000000000, 0.00000000339, -0.00000003671
22, 50.00000000000, 407.04215493133, 118.08768138188, 4.12500003222, 0.00000000000, 0.00000000709, -0.00000001024
23, 50.00000000000, 409.35187967894, 53.58889959609, 4.12500003222, 0.00000000000, -0.00000000150, 0.00000002195
24, 50.00000000000, 432.27415748936, -30000000.00000000000, 0.00000000000, 0.00000000000, -0.00000154884, 0.66000001198
25, 50.00000000000, 434.97390539450, 61.11932963510, 4.12500003222, 0.00000000000, 0.00000000046, -0.00000001414
26, 50.00000000000, 462.00734344167, 44.91510446984, 4.12500003222, 0.00000000000, -0.00000000143, 0.00000003070
27, 50.00000000000, 478.45255792579, 42.16778873384, 4.12500003222, 0.00000000000, -0.00000000173, 0.00000002298
28, 50.00000000000, 490.80233750401, -30000000.00000000000, 0.00000000000, 0.00000000000, 0.00000049650, 0.66000001198
29, 50.00000000000, 519.29258393046, 138.08771396314, 4.12500003222, 0.00000000000, 0.00000000000, 0.00000000001
30, 50.00000000000, 532.84781141883, 60.61471170738, 4.12500003222, 0.00000000000, -0.00000000716, -0.00000002387
31, 50.00000000000, 543.19691392511, -30000000.00000000000, 0.00000000000, 0.00000000000, -0.00000031239, 0.66000001198
32, 50.00000000000, 553.51083804229, -30000000.00000000000, 0.00000000000, 0.00000000000, -0.00000083369, 0.66000001198
33, 50.00000000000, 579.37083240396, -30000000.00000000000, 0.00000000000, 0.00000000000, -0.00000082370, 0.66000001198
34, 50.00000000000, 596.31490906041, 63.47858295369, 4.12500003222, 0.00000000000, -0.00000000004, -0.00000000136
35, 50.00000000000, 616.39526325777, 102.92025679846, 4.12500003222, 0.00000000000, -0.00000000445, 0.00000000015
36, 50.00000000000, 634.34508717800, -30000000.00000000000, 0.00000000000, 0.00000000000, 0.00000103929, 0.66000001198
37, 50.00000000000, 652.04110327195, -30000000.00000000000, 0.00000000000, 0.00000000000, 0.00000034749, 0.66000001198
38, 50.00000000000, 665.81883992390, -30000000.00000000000, 0.00000000000, 0.00000000000, -0.00000046471, 0.66000001198
39, 50.00000000000, 689.62023614904, -30000000.00000000000, 0.00000000000, 0.00000000000, -0.00000146193, 0.66000001198
40, 50.00000000000, 700.00972289972, -30000000.00000000000, 0.00000000000, 0.00000000000, -0.00000081334, 0.66000001198
41, 50.00000000000, 719.85141430925, -30000000.00000000000, 0.00000000000, 0.00000000000, -0.00000036030, 0.66000001198
42, 50.00000000000, 729.28452416118, 75.22304259317, 4.12500003222, 0.00000000000, 0.00000000319, 0.00000000664
43, 50.00000000000, 750.58220536841, 103.25654442276, 4.12500003222, 0.00000000000, -0.00000000243, -0.00000001464
44, 50.00000000000, 769.50001843228, 103.34337534359, 4.12500003222, 0.00000000000, -0.00000000276, 0.00000001518
45, 50.00000000000, 785.39871402538, -30000000.00000000000, 0.00000000000, 0.00000000000, 0.00000067281, 0.66000001198
46, 50.00000000000, 802.72063867561, -30000000.00000000000, 0.00000000000, 0.00000000000, -0.00000020174, 0.66000001198
47, 50.00000000000, 821.86992796889, -30000000.00000000000, 0.00000000000, 0.00000000000, -0.00000056600, 0.66000001198
48, 50.00000000000, 835.05849387833, -30000000.00000000000, 0.00000000000, 0.00000000000, -0.00000162012, 0.66000001198
49, 50.00000000000, 847.00855586714, 85.91059518651, 4.12500003222, 0.00000000000, -0.00000000057, 0.00000000595
50, 50.00000000000, 877.38136137834, -30000000.00000000000, 0.00000000000, 0.00000000000, 0.00000194555, 0.66000001198
51, 50.00000000000, 893.77444871763, -30000000.00000000000, 0.00000000000, 0.00000000000, 0.00000027232, 0.66000001198
52, 50.00000000000, 876.46533347915, 188.27791411891, 4.12500003222, 0.00000000000, -0.00000000391, 0.00000000910
53, 50.00000000000, 929.93711020118, -30000000.00000000000, 0.00000000000, 0.00000000000, -0.00000148395, 0.66000001198
54, 50.00000000000, 942.00735429253, -30000000.00000000000, 0.00000000000, 0.00000000000, -0.00000026674, 0.66000001198
55, 50.00000000000, 956.53609056131, -30000000.00000000000, 0.00000000000, 0.00000000000, 0.00000118068, 0.66000001198
56, 50.00000000000, 977.98592740005, -30000000.00000000000, 0.00000000000, 0.00000000000, -0.00000065949, 0.66000001198
57, 50.00000000000, 989.76044461408, 50.31022433382, 4.12500003222, 0.00000000000, -0.00000000235, 0.00000000213
58, 50.00000000000, 1013.21777405636, -30000000.00000000000, 0.00000000000, 0.00000000000, 0.00000144585, 0.66000001198
59, 50.00000000000, 1028.69091744293, 48.99680638511, 4.12500003222, 0.00000000000, 0.00000000719, 0.00000002799
60, 50.00000000000, 1039.38194222042, 115.77065739373, 4.12500003222, 0.00000000000, 0.00000000076, 0.00000000116
61, 50.00000000000, 1061.90329918524, -30000000.00000000000, 0.00000000000, 0.00000000000, 0.00000017793, 0.66000001198
62, 50.00000000000, 1072.90617315572, -30000000.00000000000, 0.00000000000, 0.00000000000, 0.00000042735, 0.66000001198
63, 50.00000000000, 1114.42533611640, 100.40562115679, 4.12500003222, 0.00000000000, 0.00000000043, -0.00000000107
64, 50.00000000000, 1108.02575056247, 1.87899872742, 4.12500003222, 0.00000000000, 0.00000000572, 0.00000000979
65, 50.00000000000, 1134.39947768016, 74.41523105930, 4.12500003222, 0.00000000000, 0.00000000650, 0.00000000182
66, 50.00000000000, 1130.81493366999, 29.39880283400, 4.12500003222, 0.00000000000, 0.00000000301, 0.00000000888
67, 50.00000000000, 1166.48407927478, 66.72198637111, 4.12500003222, 0.00000000000, -0.00000000716, 0.00000001914
68, 50.00000000000, 1185.54179260793, 40.16230479878, 4.12500003222, 0.00000000000, 0.00000000089, 0.00000000720
69, 50.00000000000, 1189.29556393658, 5.89619655292, 4.12500003222, 0.00000000000, -0.00000000317, -0.00000000931
70, 50.00000000000, 1202.28512011506, 25.87205761598, 4.12500003222, 0.00000000000, -0.00000000268, 0.00000000199
71, 50.00000000000, 1220.91347872437, 32.32490489837, 4.12500003222, 0.00000000000, 0.00000000136, -0.00000002344
72, 50.00000000000, 1252.60411134567, 57.95714528450, 4.12500003222, 0.00000000000, 0.00000000002, -0.00000001777
73, 50.00000000000, 1224.14590304450, 130.59983783500, 4.12500003222, 0.00000000000, 0.00000000230, 0.00000000199
74, 50.00000000000, 1274.14858714921, 9.32823998043, 4.12500003222, 0.00000000000, -0.00000000289, 0.00000002005
75, 50.00000000000, 1289.87970234245, 7.20294432188, 4.12500003222, 0.00000000000, -0.00000000292, 0.00000000203
76, 50.00000000000, 1299.00925891360, 29.42706870173, 4.12500003222, 0.00000000000, 0.00000001105, 0.00000000092
77, 50.00000000000, 1308.22295200549, 49.12212166621, 4.12500003222, 0.00000000000, -0.00000000126, -0.00000001436
78, 50.00000000000, 1332.48483442745, 11.22844505408, 4.12500003222, 0.00000000000, 0.00000000216, -0.00000000012
79, 50.00000000000, 1327.71621012178, 100.98662512774, 4.12500003222, 0.00000000000, -0.00000001353, -0.00000000343
80, 50.00000000000, 27.57500526110, 10.18977377126, 4.12500003222, 0.00000000000, -0.00000000132, 0.00000000954
81, 50.00000000000, 46.41317028083, 29.17895102475, 4.12500003222, 0.00000000000, -0.00000000260, -0.00000000136
82, 50.00000000000, 69.21626763505, 28.35452993325, 4.12500003222, 0.00000000000, 0.00000000990, 0.00000003739
83, 50.00000000000, 84.73833497528, 13.73169387962, 4.12500003222, 0.00000000000, 0.00000000699, 0.00000001214
84, 50.00000000000, 98.15359673888, 43.97934468837, 4.12500003222, 0.00000000000, -0.00000000049, -0.00000001675
85, 50.00000000000, 118.82764344393, 7.40132250545, 4.12500003222, 0.00000000000, -0.00000000275, -0.00000001642
86, 50.00000000000, 133.62442372713, 4.33043789894, 4.12500003222, 0.00000000000, -0.00000000185, -0.00000001664
87, 50.00000000000, 154.48839501497, 28.45082763851, 4.12500003222, 0.00000000000, -0.00000000572, -0.00000000166
88, 50.00000000000, 146.98225441138, 60.60724419953, 4.12500003222, 0.00000000000, 0.00000000955, -0.00000000110
89, 50.00000000000, 170.65630113578, 30.93387791105, 4.12500003222, 0.00000000000, -0.00000000314, 0.00000001052
90, 50.00000000000, 207.61433007657, 15.24521365518, 4.12500003222, 0.00000000000, 0.00000000822, 0.00000003335
91, 50.00000000000, 204.26760322856, 26.51768442821, 4.12500003222, 0.00000000000, 0.00000000125, 0.00000002982
92, 50.00000000000, 245.72820615172, 32.56796480905, 4.12500003222, 0.00000000000, -0.00000000157, -0.00000004273
93, 50.00000000000, 240.57615394608, 21.24116188137, 4.12500003222, 0.00000000000, 0.00000001231, 0.00000004027
94, 50.00000000000, 266.61566550304, 46.23141647092, 4.12500003222, 0.00000000000, 0.00000000436, -0.00000001420
95, 50.00000000000, 286.25984855491, 61.51445945291, 4.12500003222, 0.00000000000, -0.00000000598, -0.00000000399
96, 50.00000000000, 308.51749501914, 9.67916642872, 4.12500003222, 0.00000000000, 0.00000000118, -0.00000003427
97, 50.00000000000, 308.92727605324, 65.01277042821, 4.12500003222, 0.00000000000, -0.00000000849, -0.00000003123
98, 50.00000000000, 333.26710299299, 39.51025556913, 4.12500003222, 0.00000000000, -0.00000001152, -0.00000001582
99, 50.00000000000, 356.45753203143, 64.86124536716, 4.12500003222, 0.00000000000, -0.00000000049, -0.00000000664
100, 50.00000000000, 354.50184675772, -30000000.00000000000, 0.00000000000, 0.00000000000, -0.00000022625, 0.66000001198
101, 50.00000000000, 373.64157133848, -30000000.00000000000, 0.00000000000, 0.00000000000, -0.00000009073, 0.66000001198
102, 50.00000000000, 392.21622457898, -30000000.00000000000, 0.00000000000, 0.00000000000, 0.00000085312, 0.66000001198
103, 50.00000000000, 403.35483019807, 86.39089098459, 4.12500003222, 0.00000000000, -0.00000000839, 0.00000000358
104, 50.00000000000, 426.21072703920, 38.86784433368, 4.12500003222, 0.00000000000, -0.00000000309, -0.00000000187
105, 50.00000000000, 443.47014544129, 46.60827163356, 4.12500003222, 0.00000000000, -0.00000000107, 0.00000001116
106, 50.00000000000, 466.86138570800, 100.06685925826, 4.12500003222, 0.00000000000, -0.00000000870, 0.00000001619
107, 50.00000000000, 478.68647748534, -30000000.00000000000, 0.00000000000, 0.00000000000, 0.00000090104, 0.66000001198
108, 50.00000000000, 502.13450422636, 90.13932138543, 4.12500003222, 0.00000000000, -0.00000000232, 0.00000001807
109, 50.00000000000, 513.09318792858, 91.22100255058, 4.12500003222, 0.00000000000, 0.00000000292, 0.00000000703
110, 50.00000000000, 539.05201668111, -30000000.00000000000, 0.00000000000, 0.00000000000, 0.00000041767, 0.66000001198
111, 50.00000000000, 545.77179603882, -30000000.00000000000, 0.00000000000, 0.00000000000, -0.00000076431, 0.66000001198
112, 50.00000000000, 568.88973091345, 92.14018166226, 4.12500003222, 0.00000000000, -0.00000000567, -0.00000000972
113, 50.00000000000, 580.31693440426, 108.65589314339, 4.12500003222, 0.00000000000, 0.00000000494, 0.00000005407
114, 50.00000000000, 604.31519920823, 117.80015460842, 4.12500003222, 0.00000000000, -0.00000000618, -0.00000000639
115, 50.00000000000, 617.08287733555, -30000000.00000000000, 0.00000000000, 0.00000000000, 0.00000207609, 0.66000001198
116, 50.00000000000, 621.15503974163, -30000000.00000000000, 0.00000000000, 0.00000000000, 0.00000135948, 0.66000001198
117, 50.00000000000, 643.59352930570, -30000000.00000000000, 0.00000000000, 0.00000000000, 0.00000028890, 0.66000001198
118, 50.00000000000, 661.93821782888, -30000000.00000000000, 0.00000000000, 0.00000000000, -0.00000066518, 0.66000001198
119, 50.00000000000, 677.80786175520, -30000000.00000000000, 0.00000000000, 0.00000000000, -0.00000008347, 0.66000001198
120, 50.00000000000, 732.78608100053, 119.95459234925, 4.12500003222, 0.00000000000, -0.00000000514, -0.00000000203
121, 50.00000000000, 717.93671058071, 69.44426035839, 4.12500003222, 0.00000000000, -0.00000001078, 0.00000001967
122, 50.00000000000, 738.26015071833, 83.97903297645, 4.12500003222, 0.00000000000, 0.00000000272, -0.00000003522
123, 50.00000000000, 752.22759272297, -30000000.00000000000, 0.00000000000, 0.00000000000, 0.00000049558, 0.66000001198
124, 50.00000000000, 777.95862049191, 50.73571291420, 4.12500003222, 0.00000000000, -0.00000000356, 0.00000000474
125, 50.00000000000, 800.91660293423, 59.95451137693, 4.12500003222, 0.00000000000, -0.00000000290, 0.00000002624
126, 50.00000000000, 796.92100672307, -30000000.00000000000, 0.00000000000, 0.00000000000, 0.00000094659, 0.66000001198
127, 50.00000000000, 822.03916367755, -30000000.00000000000, 0.00000000000, 0.00000000000, -0.00000059331, 0.66000001198
128, 50.00000000000, 853.14339660687, 64.37312371442, 4.12500003222, 0.00000000000, 0.00000000920, -0.00000002795
129, 50.00000000000, 850.51952600855, 107.62435779598, 4.12500003222, 0.00000000000, -0.00000000445, -0.00000002951
130, 50.00000000000, 890.22470214091, 67.94606902151, 4.12500003222, 0.00000000000, 0.00000000275, -0.00000000292
131, 50.00000000000, 881.29162901969, -30000000.00000000000, 0.00000000000, 0.00000000000, 0.00000181700, 0.66000001198
132, 50.00000000000, 901.95507911787, -30000000.00000000000, 0.00000000000, 0.00000000000, -0.00000031456, 0.66000001198
133, 50.00000000000, 909.74062304619, 174.58286412148, 4.12500003222, 0.00000000000, -0.00000000061, -0.00000000008
134, 50.00000000000, 956.12419554643, 69.83115038745, 4.12500003222, 0.00000000000, 0.00000000419, 0.00000000633
135, 50.00000000000, 972.76411058340, 54.18132166903, 4.12500003222, 0.00000000000, -0.00000000276, 0.00000000484
136, 50.00000000000, 972.40402886907, -30000000.00000000000, 0.00000000000, 0.00000000000, -0.00000035837, 0.66000001198
137, 50.00000000000, 1007.73767006774, 63.94064779496, 4.12500003222, 0.00000000000, -0.00000000106, 0.00000001843
138, 50.00000000000, 1005.07635457937, 105.95696886883, 4.12500003222, 0.00000000000, 0.00000000156, -0.00000001005
139, 50.00000000000, 1031.32907735432, -30000000.00000000000, 0.00000000000, 0.00000000000, -0.00000093901, 0.66000001198
140, 50.00000000000, 1040.42099259026, -30000000.00000000000, 0.00000000000, 0.00000000000, -0.00000085620, 0.66000001198
141, 50.00000000000, 1057.98056848876, 58.67237576089, 4.12500003222, 0.00000000000, -0.00000000463, -0.00000000933
142, 50.00000000000, 1080.47056507641, -30000000.00000000000, 0.00000000000, 0.00000000000, -0.00000023831, 0.66000001198
143, 50.00000000000, 1094.85995593238, 51.16991155399, 4.12500003222, 0.00000000000, -0.00000000044, -0.00000000425
144, 50.00000000000, 1092.44420087951, 14.74530479032, 4.12500003222, 0.00000000000, -0.00000000084, 0.00000000562
145, 50.00000000000, 1117.51244009670, 12.97648761089, 4.12500003222, 0.00000000000, -0.00000000039, -0.00000003913
146, 50.00000000000, 1148.81571683672, 35.64037451042, 4.12500003222, 0.00000000000, -0.00000000813, 0.00000001055
147, 50.00000000000, 1167.53662669939, 29.09295045314, 4.12500003222, 0.00000000000, 0.00000000196, -0.00000000567
148, 50.00000000000, 1173.94453537871, 132.55524529476, 4.12500003222, 0.00000000000, -0.00000000233, -0.00000000460
149, 50.00000000000, 1184.59453242873, 27.67873964330, 4.12500003222, 0.00000000000, -0.00000000106, 0.00000002904
150, 50.00000000000, 1203.34205996519, 41.41867219927, 4.12500003222, 0.00000000000, -0.00000000798, -0.00000002598
151, 50.00000000000, 1222.75855377760, 12.58191121958, 4.12500003222, 0.00000000000, 0.00000000364, 0.00000000941
152, 50.00000000000, 1229.17568526694, 150.88402836360, 4.12500003222, 0.00000000000, 0.00000000398, 0.00000000158
153, 50.00000000000, 1258.25314232972, 11.47648823494, 4.12500003222, 0.00000000000, 0.00000000198, 0.00000001138
154, 50.00000000000, 1278.22184635511, 25.87465838007, 4.12500003222, 0.00000000000, -0.00000000139, -0.00000002361
155, 50.00000000000, 1286.76279434631, 79.89432173198, 4.12500003222, 0.00000000000, -0.00000001507, -0.00000000126
156, 50.00000000000, 1295.17342137086, 116.75410210139, 4.12500003222, 0.00000000000, 0.00000000710, -0.00000002133
157, 50.00000000000, 1306.08740680679, 73.99584587877, 4.12500003222, 0.00000000000, -0.00000000513, -0.00000001588
158, 50.00000000000, 1309.41766857537, 129.22814900674, 4.12500003222, 0.00000000000, -0.00000000625, 0.00000002609
159, 50.00000000000, 1326.87407047026, 77.35439075603, 4.12500003222, 0.00000000000, 0.00000001046, -0.00000001053
160, 50.00000000000, 30.27806735538, 26.18138518387, 4.12500003222, 0.00000000000, 0.00000000072, -0.00000001073
161, 50.00000000000, 49.30256574285, 93.10511889423, 4.12500003222, 0.00000000000, -0.00000000025, -0.00000001952
162, 50.00000000000, 75.39586847152, 8.27281088888, 4.12500003222, 0.00000000000, 0.00000000404, 0.00000000082
163, 50.00000000000, 84.23929174671, 30.26236073413, 4.12500003222, 0.00000000000, 0.00000000045, -0.00000005609
164, 50.00000000000, 96.34079840778, 63.16072421840, 4.12500003222, 0.00000000000, -0.00000000011, 0.00000001841
165, 50.00000000000, 108.76992883273, 52.24326136920, 4.12500003222, 0.00000000000, 0.00000000813, -0.00000002479
166, 50.00000000000, 138.32594925426, 40.08323754644, 4.12500003222, 0.00000000000, 0.00000000388, 0.00000000580
167, 50.00000000000, 150.68024462086, 20.82043295961, 4.12500003222, 0.00000000000, 0.00000000569, 0.00000001972
168, 50.00000000000, 158.25459418799, 64.45997407236, 4.12500003222, 0.00000000000, -0.00000000277, -0.00000000708
169, 50.00000000000, 185.85667084790, 15.49332013714, 4.12500003222, 0.00000000000, -0.00000000349, -0.00000003565
170, 50.00000000000, 204.85964685459, 6.39241781407, 4.12500003222, 0.00000000000, -0.00000000937, -0.00000003793
171, 50.00000000000, 222.14228443828, 33.81922520752, 4.12500003222, 0.00000000000, 0.00000000267, 0.00000001026
172, 50.00000000000, 242.89732993315, 8.36043226896, 4.12500003222, 0.00000000000, -0.00000000626, -0.00000001067
173, 50.00000000000, 254.78170751127, 48.95933460671, 4.12500003222, 0.00000000000, 0.00000000124, 0.00000002054
174, 50.00000000000, 273.27209488236, 8.11055237864, 4.12500003222, 0.00000000000, 0.00000001036, -0.00000002517
175, 50.00000000000, 281.90711339622, 14.27622211454, 4.12500003222, 0.00000000000, -0.00000000340, -0.00000002220
176, 50.00000000000, 302.12882171086, 25.38026635990, 4.12500003222, 0.00000000000, -0.00000000052, 0.00000003356
177, 50.00000000000, 322.78510731018, 48.46222962062, 4.12500003222, 0.00000000000, -0.00000000373, -0.00000000510
178, 50.00000000000, 343.56659380913, 85.13962217846, 4.12500003222, 0.00000000000, -0.00000000761, 0.00000001154
179, 50.00000000000, 352.20420780736, 97.46307120525, 4.12500003222, 0.00000000000, 0.00000000988, 0.00000002062
180, 50.00000000000, 371.82391941365, 101.62914903875, 4.12500003222, 0.00000000000, 0.00000000660, 0.00000000915
181, 50.00000000000, 386.44309862002, 87.67387532675, 4.12500003222, 0.00000000000, -0.00000000779, -0.00000006440
182, 50.00000000000, 406.23260560257, 102.98068424858, 4.12500003222, 0.00000000000, 0.00000000394, 0.00000001826
183, 50.00000000000, 406.13947050025, 36.49410572574, 4.12500003222, 0.00000000000, 0.00000000818, 0.00000001606
184, 50.00000000000, 419.54036532895, -30000000.00000000000, 0.00000000000, 0.00000000000, 0.00000008439, 0.66000001198
185, 50.00000000000, 438.18802782780, 120.61124773190, 4.12500003222, 0.00000000000, 0.00000000243, 0.00000000229
186, 50.00000000000, 457.30104889458, 83.12403492003, 4.12500003222, 0.00000000000, -0.00000000188, 0.00000000722
187, 50.00000000000, 471.71653171839, 78.56599700347, 4.12500003222, 0.00000000000, 0.00000000489, 0.00000001893
188, 50.00000000000, 495.79014503820, 57.99486550384, 4.12500003222, 0.00000000000, 0.00000000372, 0.00000003203
189, 50.00000000000, 514.97968929540, 44.30038068219, 4.12500003222, 0.00000000000, 0.00000000404, 0.00000002685
190, 50.00000000000, 520.58267380689, -30000000.00000000000, 0.00000000000, 0.00000000000, 0.00000135806, 0.66000001198
191, 50.00000000000, 545.65412856997, 78.27514218773, 4.12500003222, 0.00000000000, -0.00000000123, 0.00000000799
192, 50.00000000000, 561.98133230235, 162.37962089424, 4.12500003222, 0.00000000000, -0.00000000365, 0.00000000980
193, 50.00000000000, 564.70815692439, 200.59720397157, 4.12500003222, 0.00000000000, -0.00000000095, -0.00000000911
194, 50.00000000000, 601.67703910076, 171.81978853712, 4.12500003222, 0.00000000000, -0.00000000246, -0.00000000114
195, 50.00000000000, 612.28101428985, -30000000.00000000000, 0.00000000000, 0.00000000000, 0.00000223237, 0.66000001198
196, 50.00000000000, 639.89820585641, -30000000.00000000000, 0.00000000000, 0.00000000000, 0.00000073799, 0.66000001198
197, 50.00000000000, 653.53228575771, -30000000.00000000000, 0.00000000000, 0.00000000000, -0.00000007266, 0.66000001198
198, 50.00000000000, 673.54181491408, 62.64203622041, 4.12500003222, 0.00000000000, -0.00000000142, 0.00000002139
199, 50.00000000000, 673.06020826581, -30000000.00000000000, 0.00000000000, 0.00000000000, 0.00000070719, 0.66000001198
200, 50.00000000000, 712.32127538842, 104.95534404869, 4.12500003222, 0.00000000000, 0.00000000275, 0.00000000385
201, 50.00000000000, 728.67556504105, 106.04640033124, 4.12500003222, 0.00000000000, -0.00000001007, 0.00000002632
202, 50.00000000000, 727.82893386475, 52.82584940178, 4.12500003222, 0.00000000000, 0.00000000201, -0.00000001971
203, 50.00000000000, 756.44150424276, -30000000.00000000000, 0.00000000000, 0.00000000000, -0.00000024601, 0.66000001198
204, 50.00000000000, 765.68247227427, -30000000.00000000000, 0.00000000000, 0.00000000000, -0.00000020833, 0.66000001198
205, 50.00000000000, 796.69924619564, 45.43871722161, 4.12500003222, 0.00000000000, -0.00000000102, -0.00000000257
206, 50.00000000000, 815.51412021448, 40.59277818045, 4.12500003222, 0.00000000000, 0.00000000237, -0.00000004075
207, 50.00000000000, 815.08856821838, 73.03951502798, 4.12500003222, 0.00000000000, -0.00000000584, 0.00000000237
208, 50.00000000000, 836.69843041620, 101.34860196989, 4.12500003222, 0.00000000000, 0.00000000363, 0.00000001687
209, 50.00000000000, 834.02212540921, 70.27424067826, 4.12500003222, 0.00000000000, -0.00000000334, 0.00000000997
210, 50.00000000000, 866.59283745094, -30000000.00000000000, 0.00000000000, 0.00000000000, 0.00000161984, 0.66000001198
211, 50.00000000000, 890.63605409679, -30000000.00000000000, 0.00000000000, 0.00000000000, 0.00000103109, 0.66000001198
212, 50.00000000000, 916.00385074658, 46.73924169833, 4.12500003222, 0.00000000000, -0.00000000328, 0.00000000082
213, 50.00000000000, 915.76837511254, -30000000.00000000000, 0.00000000000, 0.00000000000, -0.00000147500, 0.66000001198
214, 50.00000000000, 955.36022327931, 123.70838594899, 4.12500003222, 0.00000000000, 0.00000000271, -0.00000000778
215, 50.00000000000, 971.36317916048, 65.86561995296, 4.12500003222, 0.00000000000, -0.00000000130, -0.00000000171
216, 50.00000000000, 992.62241384577, 63.25959478578, 4.12500003222, 0.00000000000, 0.00000000297, 0.00000001665
217, 50.00000000000, 984.27381532761, -30000000.00000000000, 0.00000000000, 0.00000000000, -0.00000176700, 0.66000001198
218, 50.00000000000, 1003.32229807529, -30000000.00000000000, 0.00000000000, 0.00000000000, 0.00000034875, 0.66000001198
219, 50.00000000000, 1025.88273151686, -30000000.00000000000, 0.00000000000, 0.00000000000, -0.00000022594, 0.66000001198
220, 50.00000000000, 1021.15580309576, 144.28662593133, 4.12500003222, 0.00000000000, -0.00000000076, -0.00000001261
221, 50.00000000000, 1064.90270413297, 52.29128715610, 4.12500003222, 0.00000000000, -0.00000000233, -0.00000003282
222, 50.00000000000, 1082.85279828772, 58.84966830790, 4.12500003222, 0.00000000000, 0.00000000336, -0.00000002233
223, 50.00000000000, 1093.39489310880, 35.80844918039, 4.12500003222, 0.00000000000, 0.00000000160, -0.00000001123
224, 50.00000000000, 1103.44937082923, 13.48533320112, 4.12500003222, 0.00000000000, -0.00000000539, 0.00000001230
225, 50.00000000000, 1136.26694490687, 21.34455484281, 4.12500003222, 0.00000000000, 0.00000000470, 0.00000001591
226, 50.00000000000, 1134.02936989670, 93.64682385829, 4.12500003222, 0.00000000000, 0.00000000133, -0.00000001574
227, 50.00000000000, 1161.11599491792, 47.70232432325, 4.12500003222, 0.00000000000, 0.00000001099, -0.00000000152
228, 50.00000000000, 1168.76294684028, 9.90835719065, 4.12500003222, 0.00000000000, -0.00000000171, 0.00000002907
229, 50.00000000000, 1185.39841583105, 15.58398538746, 4.12500003222, 0.00000000000, -0.00000000105, -0.00000001560
230, 50.00000000000, 1205.30071264486, 16.40785441197, 4.12500003222, 0.00000000000, 0.00000000078, 0.00000002997
231, 50.00000000000, 1228.16945992644, 81.47132308778, 4.12500003222, 0.00000000000, -0.00000000021, 0.00000000262
232, 50.00000000000, 1243.74355338449, 42.08409023136, 4.12500003222, 0.00000000000, -0.00000000446, -0.00000000769
233, 50.00000000000, 1245.98838606103, 78.42727090053, 4.12500003222, 0.00000000000, 0.00000000637, 0.00000003991
234, 50.00000000000, 1262.70005161703, 74.25280516454, 4.12500003222, 0.00000000000, 0.00000000967, 0.00000000746
235, 50.00000000000, 1279.22095815055, 100.89627147304, 4.12500003222, 0.00000000000, 0.00000001053, 0.00000000984
236, 50.00000000000, 1312.06521111766, 8.84212070376, 4.12500003222, 0.00000000000, -0.00000000521, 0.00000000512
237, 50.00000000000, 1307.76176713003, 92.59089863166, 4.12500003222, 0.00000000000, 0.00000000497, 0.00000001923
238, 50.00000000000, 1313.83134282143, 108.34809414751, 4.12500003222, 0.00000000000, -0.00000000521, -0.00000000729
239, 50.00000000000, 1338.32369502197, 108.46506995733, 4.12500003222, 0.00000000000, -0.00000000350, 0.00000000819
240, 50.00000000000, 45.87917607269, 51.15745972770, 4.12500003222, 0.00000000000, 0.00000000477, 0.00000000487
241, 50.00000000000, 42.16016276311, 6.99289733104, 4.12500003222, 0.00000000000, -0.00000000560, 0.00000000270
242, 50.00000000000, 62.97055514191, 21.29864429021, 4.12500003222, 0.00000000000, -0.00000000987, 0.00000002147
243, 50.00000000000, 81.65293074454, 102.93435820007, 4.12500003222, 0.00000000000, -0.00000000080, 0.00000000633
244, 50.00000000000, 102.02412376016, 98.19594041998, 4.12500003222, 0.00000000000, 0.00000000406, -0.00000000660
245, 50.00000000000, 117.95778651200, 85.79889634314, 4.12500003222, 0.00000000000, 0.00000000513, -0.00000001962
246, 50.00000000000, 130.82277450332, 17.45300131716, 4.12500003222, 0.00000000000, 0.00000000313, 0.00000000770
247, 50.00000000000, 133.14422741260, 132.58931217093, 4.12500003222, 0.00000000000, 0.00000000257, -0.00000000276
248, 50.00000000000, 135.11203706957, 92.00921752272, 4.12500003222, 0.00000000000, -0.00000001214, -0.00000003559
249, 50.00000000000, 152.68382081802, 102.05879512794, 4.12500003222, 0.00000000000, -0.00000000303, 0.00000004399
250, 50.00000000000, 187.65298517278, 24.69236519916, 4.12500003222, 0.00000000000, -0.00000000014, 0.00000000335
251, 50.00000000000, 188.32352312554, 118.50701918961, 4.12500003222, 0.00000000000, 0.00000000530, 0.00000000846
252, 50.00000000000, 231.28635964411, 53.22551960478, 4.12500003222, 0.00000000000, -0.00000000300, 0.00000000745
253, 50.00000000000, 258.27246811433, 37.01227997069, 4.12500003222, 0.00000000000, -0.00000000399, -0.00000003450
254, 50.00000000000, 243.15310310369, 143.02699255476, 4.12500003222, 0.00000000000, 0.00000000065, 0.00000000009
255, 50.00000000000, 259.42452616282, 181.18823250247, 4.12500003222, 0.00000000000, 0.00000000021, -0.00000000003
256, 50.00000000000, 286.60855007701, 158.11980257619, 4.12500003222, 0.00000000000, 0.00000000002, -0.00000000090
257, 50.00000000000, 321.45067491141, 59.44438097750, 4.12500003222, 0.00000000000, -0.00000000121, -0.00000002146
258, 50.00000000000, 342.61537268797, 74.17862714408, 4.12500003222, 0.00000000000, -0.00000000184, -0.00000003419
259, 50.00000000000, 350.31012171021, 32.70457490769, 4.12500003222, 0.00000000000, 0.00000000379, -0.00000000562
260, 50.00000000000, 367.37770970980, 46.23613366311, 4.12500003222, 0.00000000000, -0.00000001076, -0.00000000813
261, 50.00000000000, 375.43121674258, 53.59316256764, 4.12500003222, 0.00000000000, 0.00000000303, -0.00000000138
262, 50.00000000000, 388.93887788843, -30000000.00000000000, 0.00000000000, 0.00000000000, 0.00000061209, 0.66000001198
263, 50.00000000000, 421.05239986151, 89.05041223134, 4.12500003222, 0.00000000000, 0.00000000587, 0.00000000940
264, 50.00000000000, 421.98522021282, 54.07698823213, 4.12500003222, 0.00000000000, -0.00000000313, -0.00000003149
265, 50.00000000000, 437.84736532713, 82.71741296156, 4.12500003222, 0.00000000000, 0.00000000493, -0.00000000165
266, 50.00000000000, 457.43139844797, 118.53259175142, 4.12500003222, 0.00000000000, 0.00000000429, 0.00000000496
267, 50.00000000000, 478.70436119432, 88.38858464657, 4.12500003222, 0.00000000000, -0.00000000368, -0.00000000964
268, 50.00000000000, 489.95536467523, 78.43435742269, 4.12500003222, 0.00000000000, -0.00000001343, 0.00000000744
269, 50.00000000000, 514.70130323784, 58.29088910597, 4.12500003222, 0.00000000000, -0.00000001017, -0.00000000580
270, 50.00000000000, 531.84524923006, -30000000.00000000000, 0.00000000000, 0.00000000000, -0.00000014633, 0.66000001198
271, 50.00000000000, 551.90686333182, 98.29005644552, 4.12500003222, 0.00000000000, 0.00000000278, 0.00000002655
272, 50.00000000000, 555.13966049482, 60.97749589901, 4.12500003222, 0.00000000000, 0.00000000310, -0.00000000748
273, 50.00000000000, 588.51497521210, 133.70842406742, 4.12500003222, 0.00000000000, -0.00000000267, -0.00000004092
274, 50.00000000000, 601.14450066187, 100.60105778657, 4.12500003222, 0.00000000000, 0.00000000063, 0.00000004717
275, 50.00000000000, 607.92843484038, 82.09757356425, 4.12500003222, 0.00000000000, 0.00000000639, 0.00000000903
276, 50.00000000000, 629.15038711257, -30000000.00000000000, 0.00000000000, 0.00000000000, 0.00000099221, 0.66000001198
277, 50.00000000000, 660.60944860745, 77.09037724859, 4.12500003222, 0.00000000000, 0.00000000273, -0.00000001341
278, 50.00000000000, 660.57065993030, -30000000.00000000000, 0.00000000000, 0.00000000000, -0.00000089032, 0.66000001198
279, 50.00000000000, 677.72487760520, 46.93628310739, 4.12500003222, 0.00000000000, 0.00000000596, -0.00000000103
280, 50.00000000000, 694.87787975621, -30000000.00000000000, 0.00000000000, 0.00000000000, -0.00000029079, 0.66000001198
281, 50.00000000000, 717.69908617236, 88.75727705864, 4.12500003222, 0.00000000000, -0.00000000278, -0.00000000148
282, 50.00000000000, 745.01697509145, -30000000.00000000000, 0.00000000000, 0.00000000000, -0.00000014535, 0.66000001198
283, 50.00000000000, 766.45917364993, 121.38686036017, 4.12500003222, 0.00000000000, 0.00000000884, 0.00000000892
284, 50.00000000000, 777.46001718563, 83.96339036305, 4.12500003222, 0.00000000000, 0.00000001063, 0.00000001136
285, 50.00000000000, 786.29845201467, -30000000.00000000000, 0.00000000000, 0.00000000000, 0.00000050588, 0.66000001198
286, 50.00000000000, 818.33949626710, 56.13632772929, 4.12500003222, 0.00000000000, 0.00000000219, 0.00000001340
287, 50.00000000000, 836.57689938748, 49.68814308211, 4.12500003222, 0.00000000000, 0.00000001267, -0.00000000757
288, 50.00000000000, 839.46921890601, -30000000.00000000000, 0.00000000000, 0.00000000000, -0.00000101373, 0.66000001198
289, 50.00000000000, 873.60805183555, 56.74826783405, 4.12500003222, 0.00000000000, -0.00000001027, -0.00000001030
290, 50.00000000000, 867.94034063250, 94.32237033162, 4.12500003222, 0.00000000000, 0.00000000042, 0.00000002056
291, 50.00000000000, 893.95482516179, 47.23985082236, 4.12500003222, 0.00000000000, -0.00000000169, 0.00000001611
292, 50.00000000000, 905.22338823391, -30000000.00000000000, 0.00000000000, 0.00000000000, -0.00000110819, 0.66000001198
293, 50.00000000000, 930.02326117758, 105.40535494539, 4.12500003222, 0.00000000000, 0.00000000500, -0.00000000207
294, 50.00000000000, 937.52640142420, 51.70440391767, 4.12500003222, 0.00000000000, -0.00000000175, 0.00000000186
295, 50.00000000000, 958.63504280922, 46.09630928333, 4.12500003222, 0.00000000000, -0.00000000263, -0.00000001229
296, 50.00000000000, 982.95652090534, 96.06188177398, 4.12500003222, 0.00000000000, -0.00000000448, -0.00000001502
297, 50.00000000000, 995.97436712595, 86.02564413476, 4.12500003222, 0.00000000000, 0.00000000593, -0.00000001492
298, 50.00000000000, 1015.38307293237, 87.06996055005, 4.12500003222, 0.00000000000, -0.00000000113, 0.00000000624
299, 50.00000000000, 1030.85399897460, -30000000.00000000000, 0.00000000000, 0.00000000000, -0.00000088796, 0.66000001198
300, 50.00000000000, 1046.88448191794, 65.83871337360, 4.12500003222, 0.00000000000, -0.00000000589, 0.00000000727
301, 50.00000000000, 1065.09146480890, 95.35702658160, 4.12500003222, 0.00000000000, 0.00000000324, -0.00000001392
302, 50.00000000000, 1070.97024030996, 74.07751031522, 4.12500003222, 0.00000000000, 0.00000000210, 0.00000001371
303, 50.00000000000, 1095.76986868288, -30000000.00000000000, 0.00000000000, 0.00000000000, -0.00000083959, 0.66000001198
304, 50.00000000000, 1106.40208885246, 56.04788728249, 4.12500003222, 0.00000000000, 0.00000000221, 0.00000003737
305, 50.00000000000, 1136.32505482138, 53.31663705647, 4.12500003222, 0.00000000000, -0.00000001568, 0.00000000596
306, 50.00000000000, 1128.32942901011, 7.34549972418, 4.12500003222, 0.00000000000, 0.00000000071, -0.00000002779
307, 50.00000000000, 1147.98046814298, 76.16095540699, 4.12500003222, 0.00000000000, -0.00000000096, 0.00000002666
308, 50.00000000000, 1180.31605545980, 51.14374897860, 4.12500003222, 0.00000000000, -0.00000000034, -0.00000000103
309, 50.00000000000, 1205.89360673567, 77.69999038731, 4.12500003222, 0.00000000000, 0.00000000474, -0.00000001760
310, 50.00000000000, 1205.88240190001, 3.92468780566, 4.12500003222, 0.00000000000, 0.00000000350, -0.00000002688
311, 50.00000000000, 1214.71254739906, 90.64521781039, 4.12500003222, 0.00000000000, 0.00000000558, 0.00000001816
312, 50.00000000000, 1241.91689067024, 9.16068494379, 4.12500003222, 0.00000000000, 0.00000000247, -0.00000001986
313, 50.00000000000, 1238.85905082181, 25.36427564729, 4.12500003222, 0.00000000000, -0.00000000111, 0.00000001875
314, 50.00000000000, 1254.52024567686, 96.37818929749, 4.12500003222, 0.00000000000, -0.00000000719, -0.00000002305
315, 50.00000000000, 1274.38765912498, 65.52649283308, 4.12500003222, 0.00000000000, -0.00000000539, 0.00000002083
316, 50.00000000000, 1290.38271842993, 103.88587293361, 4.12500003222, 0.00000000000, 0.00000000549, 0.00000002633
317, 50.00000000000, 1316.59958657242, 61.43333182073, 4.12500003222, 0.00000000000, 0.00000000462, -0.00000000145
318, 50.00000000000, 1317.52984050447, 40.11815709490, 4.12500003222, 0.00000000000, -0.00000001287, -0.00000002552
319, 50.00000000000, 1346.88539733852, 69.96566575329, 4.12500003222, 0.00000000000, -0.00000000439, 0.00000000027
320, 50.00000000000, -15.81525601760, 84.63819016648, 4.12500003222, 0.00000000000, -0.00000000000, 0.00000000000
321, 50.00000000000, 50.30371487331, 14.25555088705, 4.12500003222, 0.00000000000, 0.00000000058, 0.00000001645
322, 50.00000000000, 63.50169936849, 61.26628472303, 4.12500003222, 0.00000000000, -0.00000000397, 0.00000000258
323, 50.00000000000, 78.77657313660, 48.89932885032, 4.12500003222, 0.00000000000, -0.00000001076, -0.00000002518
324, 50.00000000000, 73.44495054972, 241.11668321639, 4.12500003222, 0.00000000000, 0.00000000000, 0.00000000000
325, 50.00000000000, 117.86025797643, 15.65360069457, 4.12500003222, 0.00000000000, 0.00000000004, 0.00000001431
326, 50.00000000000, 130.23203295964, 50.60310059889, 4.12500003222, 0.00000000000, 0.00000000210, 0.00000003666
327, 50.00000000000, 151.17245298571, 42.90829419662, 4.12500003222, 0.00000000000, 0.00000000542, 0.00000002499
328, 50.00000000000, 167.91002731152, 15.55811233538, 4.12500003222, 0.00000000000, 0.00000000848, -0.00000001599
329, 50.00000000000, 171.59801460593, 84.57487640021, 4.12500003222, 0.00000000000, 0.00000000236, -0.00000003062
330, 50.00000000000, 185.11942333969, 136.16980599586, 4.12500003222, 0.00000000000, -0.00000000409, -0.00000001281
331, 50.00000000000, 186.43628991536, 99.41269810921, 4.12500003222, 0.00000000000, 0.00000000290, 0.00000000092
332, 50.00000000000, 247.40473746426, 56.21157644443, 4.12500003222, 0.00000000000, 0.00000000392, 0.00000001322
333, 50.00000000000, 259.57531210982, 83.80076646704, 4.12500003222, 0.00000000000, -0.00000000341, 0.00000002197
334, 50.00000000000, 278.92095443741, 80.63722067261, 4.12500003222, 0.00000000000, 0.00000000010, -0.00000000358
335, 50.00000000000, 279.87625790382, 177.64591171259, 4.12500003222, 0.00000000000, -0.00000000019, -0.00000000003
336, 50.00000000000, 300.59933725951, 48.51340882518, 4.12500003222, 0.00000000000, 0.00000001014, 0.00000001455
337, 50.00000000000, 332.47364593046, 89.65319621689, 4.12500003222, 0.00000000000, -0.00000001587, 0.00000003264
338, 50.00000000000, 335.03696387034, 63.36954428849, 4.12500003222, 0.00000000000, 0.00000001353, -0.00000001024
339, 50.00000000000, 340.00595498222, -30000000.00000000000, 0.00000000000, 0.00000000000, -0.00000017105, 0.66000001198
340, 50.00000000000, 354.74260771481, 52.18149240034, 4.12500003222, 0.00000000000, -0.00000000731, -0.00000000577
341, 50.00000000000, 387.30561656289, 45.24275424618, 4.12500003222, 0.00000000000, 0.00000001483, 0.00000005640
342, 50.00000000000, 392.80145521675, 68.49924251713, 4.12500003222, 0.00000000000, 0.00000000055, -0.00000000079
343, 50.00000000000, 411.95594727245, -30000000.00000000000, 0.00000000000, 0.00000000000, 0.00000040949, 0.66000001198
344, 50.00000000000, 421.63645327278, -30000000.00000000000, 0.00000000000, 0.00000000000, 0.00000031613, 0.66000001198
345, 50.00000000000, 441.93182099440, 98.66603983124, 4.12500003222, 0.00000000000, -0.00000000195, -0.00000000161
346, 50.00000000000, 453.20167019605, 67.12595645937, 4.12500003222, 0.00000000000, -0.00000000579, -0.00000000458
347, 50.00000000000, 475.35727003187, 65.88242546007, 4.12500003222, 0.00000000000, 0.00000001234, -0.00000002457
348, 50.00000000000, 495.64234032904, 48.39030470659, 4.12500003222, 0.00000000000, 0.00000000132, 0.00000003200
349, 50.00000000000, 508.76185780467, -30000000.00000000000, 0.00000000000, 0.00000000000, 0.00000080948, 0.66000001198
350, 50.00000000000, 527.01889951959, 157.67250177919, 4.12500003222, 0.00000000000, 0.00000000475, 0.00000000279
351, 50.00000000000, 560.13489631489, 80.51165266308, 4.12500003222, 0.00000000000, -0.00000000227, 0.00000001465
352, 50.00000000000, 562.83914449059, 113.18211175971, 4.12500003222, 0.00000000000, -0.00000000543, 0.00000000067
353, 50.00000000000, 575.51842635030, 69.59304142170, 4.12500003222, 0.00000000000, -0.00000000176, -0.00000001321
354, 50.00000000000, 590.94688608627, 98.30323344095, 4.12500003222, 0.00000000000, 0.00000000310, 0.00000000164
355, 50.00000000000, 609.05805110045, 93.49520767318, 4.12500003222, 0.00000000000, 0.00000000384, -0.00000001192
356, 50.00000000000, 622.30730157179, 175.10727722625, 4.12500003222, 0.00000000000, -0.00000000109, -0.00000000016
357, 50.00000000000, 637.69615742553, 106.46275710167, 4.12500003222, 0.00000000000, 0.00000000032, -0.00000000852
358, 50.00000000000, 665.32923479519, 154.13126740153, 4.12500003222, 0.00000000000, -0.00000000186, -0.00000000285
359, 50.00000000000, 683.79355610753, -30000000.00000000000, 0.00000000000, 0.00000000000, -0.00000056277, 0.66000001198
360, 50.00000000000, 714.43030316823, 124.73208035523, 4.12500003222, 0.00000000000, 0.00000000610, -0.00000001675
361, 50.00000000000, 724.95750606891, 36.26393441937, 4.12500003222, 0.00000000000, 0.00000000628, 0.00000000323
362, 50.00000000000, 749.25537672899, 115.85797662319, 4.12500003222, 0.00000000000, -0.00000000488, 0.00000000383
363, 50.00000000000, 743.37692034326, 41.92235277197, 4.12500003222, 0.00000000000, -0.00000001078, -0.00000001414
364, 50.00000000000, 756.65285428367, 85.38302893660, 4.12500003222, 0.00000000000, -0.00000000603, -0.00000001110
365, 50.00000000000, 791.85139370030, 212.52409327820, 4.12500003222, 0.00000000000, 0.00000000119, -0.00000000956
366, 50.00000000000, 807.98956735489, -30000000.00000000000, 0.00000000000, 0.00000000000, -0.00000008405, 0.66000001198
367, 50.00000000000, 811.47827788867, -30000000.00000000000, 0.00000000000, 0.00000000000, 0.00000036708, 0.66000001198
368, 50.00000000000, 833.69649444093, -30000000.00000000000, 0.00000000000, 0.00000000000, -0.00000141773, 0.66000001198
369, 50.00000000000, 832.77484060528, 124.80557093795, 4.12500003222, 0.00000000000, -0.00000000199, -0.00000000566
370, 50.00000000000, 867.96523132256, 115.44296848906, 4.12500003222, 0.00000000000, 0.00000000139, -0.00000000927
371, 50.00000000000, 890.63339669740, -30000000.00000000000, 0.00000000000, 0.00000000000, 0.00000103162, 0.66000001198
372, 50.00000000000, 907.84365353313, 99.46834457116, 4.12500003222, 0.00000000000, -0.00000000567, 0.00000001826
373, 50.00000000000, 925.04325942847, 64.93937639305, 4.12500003222, 0.00000000000, -0.00000000112, 0.00000002763
374, 50.00000000000, 949.75834285327, 58.71251411876, 4.12500003222, 0.00000000000, -0.00000000319, 0.00000002012
375, 50.00000000000, 963.24966930524, -30000000.00000000000, 0.00000000000, 0.00000000000, 0.00000058485, 0.66000001198
376, 50.00000000000, 975.56517072570, -30000000.00000000000, 0.00000000000, 0.00000000000, -0.00000023486, 0.66000001198
377, 50.00000000000, 998.29284777812, 32.10873708164, 4.12500003222, 0.00000000000, 0.00000000001, 0.00000000081
378, 50.00000000000, 1010.12749692504, 50.66444586098, 4.12500003222, 0.00000000000, 0.00000000059, -0.00000000103
379, 50.00000000000, 1026.45193230965, 101.27502555964, 4.12500003222, 0.00000000000, -0.00000000253, 0.00000000819
380, 50.00000000000, 1048.19646289456, 79.57652262865, 4.12500003222, 0.00000000000, 0.00000000087, -0.00000002069
381, 50.00000000000, 1056.20963855694, 115.39090536897, 4.12500003222, 0.00000000000, 0.00000000340, 0.00000001655
382, 50.00000000000, 1080.67445293395, 82.78832341962, 4.12500003222, 0.00000000000, 0.00000000070, 0.00000001921
383, 50.00000000000, 1095.84369338527, 72.78946981372, 4.12500003222, 0.00000000000, -0.00000000362, -0.00000001603
384, 50.00000000000, 1107.15748521996, 32.97534470306, 4.12500003222, 0.00000000000, -0.00000000000, 0.00000001364
385, 50.00000000000, 1126.80834218212, 43.23560890814, 4.12500003222, 0.00000000000, -0.00000000879, -0.00000001180
386, 50.00000000000, 1145.02023962507, 42.45949768430, 4.12500003222, 0.00000000000, -0.00000000152, -0.00000000634
387, 50.00000000000, 1149.12966309461, 12.22326366731, 4.12500003222, 0.00000000000, 0.00000000532, -0.00000000326
388, 50.00000000000, 1167.31025671384, 43.21317665190, 4.12500003222, 0.00000000000, 0.00000001148, 0.00000000211
389, 50.00000000000, 1178.40191964941, 97.72611101245, 4.12500003222, 0.00000000000, -0.00000000146, 0.00000003201
390, 50.00000000000, 1201.43337637483, 109.23261054787, 4.12500003222, 0.00000000000, -0.00000000448, -0.00000000151
391, 50.00000000000, 1217.93050532111, 100.26792385665, 4.12500003222, 0.00000000000, -0.00000000783, -0.00000000484
392, 50.00000000000, 1235.23415329575, 62.55553989687, 4.12500003222, 0.00000000000, -0.00000001181, -0.00000001699
393, 50.00000000000, 1258.37999566627, 27.15566162704, 4.12500003222, 0.00000000000, 0.00000000102, -0.00000001378
394, 50.00000000000, 1259.15944653618, 108.34846715370, 4.12500003222, 0.00000000000, 0.00000000096, -0.00000000294
395, 50.00000000000, 1275.12865345944, 88.64523909893, 4.12500003222, 0.00000000000, -0.00000000227, -0.00000002387
396, 50.00000000000, 1293.54942149817, 60.21357072397, 4.12500003222, 0.00000000000, 0.00000000276, 0.00000000030
397, 50.00000000000, 1303.89419729703, 107.37092989350, 4.12500003222, 0.00000000000, 0.00000000465, 0.00000000085
398, 50.00000000000, 1330.57689513931, 125.85577432879, 4.12500003222, 0.00000000000, 0.00000000190, -0.00000002129
399, 50.00000000000, 1329.68021024612, 43.58254821234, 4.12500003222, 0.00000000000, -0.00000000845, 0.00000001939
400, 50.00000000000, 28.67372940760, 44.21126095401, 4.12500003222, 0.00000000000, 0.00000000241, -0.00000002102
401, 50.00000000000, 47.17679590712, 72.71024252922, 4.12500003222, 0.00000000000, -0.00000000440, -0.00000000516
402, 50.00000000000, 72.24121758547, 121.04334761046, 4.12500003222, 0.00000000000, 0.00000000136, 0.00000000281
403, 50.00000000000, 77.53834392274, 72.29262934565, 4.12500003222, 0.00000000000, 0.00000000636, 0.00000001927
404, 50.00000000000, 102.78161706566, 75.73611541639, 4.12500003222, 0.00000000000, 0.00000000980, 0.00000002492
405, 50.00000000000, 99.21256866962, 11.31692798838, 4.12500003222, 0.00000000000, -0.00000000626, -0.00000003150
406, 50.00000000000, 130.00090768170, 28.99432841753, 4.12500003222, 0.00000000000, 0.00000001478, -0.00000002020
407, 50.00000000000, 134.14492603042, 111.90104554578, 4.12500003222, 0.00000000000, -0.00000000118, -0.00000000243
408, 50.00000000000, 155.79287302118, 82.05959783830, 4.12500003222, 0.00000000000, -0.00000000223, -0.00000003110
409, 50.00000000000, 169.78461967454, 70.32135612333, 4.12500003222, 0.00000000000, -0.00000000492, 0.00000001294
410, 50.00000000000, 167.23311101329, 95.88746146311, 4.12500003222, 0.00000000000, 0.00000000733, -0.00000001576
411, 50.00000000000, 204.71418049420, 252.79254945912, 4.12500003222, 0.00000000000, 0.00000000000, 0.00000000000
412, 50.00000000000, 215.39898982776, 183.02997900747, 4.12500003222, 0.00000000000, 0.00000000123, 0.00000000451
413, 50.00000000000, 234.67611552191, 238.57465713446, 4.12500003222, 0.00000000000, 0.00000000000, 0.00000000000
414, 50.00000000000, 265.38935834599, 68.12578737191, 4.12500003222, 0.00000000000, 0.00000000734, -0.00000003403
415, 50.00000000000, 298.16328187030, 80.87140270707, 4.12500003222, 0.00000000000, -0.00000000168, 0.00000000328
416, 50.00000000000, 293.70601532489, 15.62010986376, 4.12500003222, 0.00000000000, -0.00000000431, -0.00000000853
417, 50.00000000000, 314.09754357712, 28.81684904113, 4.12500003222, 0.00000000000, 0.00000000937, 0.00000005578
418, 50.00000000000, 322.42956292726, -30000000.00000000000, 0.00000000000, 0.00000000000, 0.00000072823, 0.66000001198
419, 50.00000000000, 339.49563006144, -30000000.00000000000, 0.00000000000, 0.00000000000, -0.00000011559, 0.66000001198
420, 50.00000000000, 353.13639307633, 198.78873053462, 4.12500003222, 0.00000000000, 0.00000000000, 0.00000000000
421, 50.00000000000, 384.78722901459, 110.92127785427, 4.12500003222, 0.00000000000, 0.00000001047, -0.00000002436
422, 50.00000000000, 397.09928017639, 126.67856829276, 4.12500003222, 0.00000000000, 0.00000000072, -0.00000000502
423, 50.00000000000, 405.77340567594, -30000000.00000000000, 0.00000000000, 0.00000000000, 0.00000163363, 0.66000001198
424, 50.00000000000, 431.79117908048, 140.38898681942, 4.12500003222, 0.00000000000, 0.00000000067, -0.00000000208
425, 50.00000000000, 431.99413008865, -30000000.00000000000, 0.00000000000, 0.00000000000, -0.00000150851, 0.66000001198
426, 50.00000000000, 459.62886705384, 58.90434401549, 4.12500003222, 0.00000000000, 0.00000001009, -0.00000005095
427, 50.00000000000, 463.03155033637, 237.06699004971, 4.12500003222, 0.00000000000, 0.00000000115, 0.00000000071
428, 50.00000000000, 506.86381967341, 77.85800033214, 4.12500003222, 0.00000000000, -0.00000000102, -0.00000001476
429, 50.00000000000, 507.52694227155, -30000000.00000000000, 0.00000000000, 0.00000000000, 0.00000032952, 0.66000001198
430, 50.00000000000, 541.22736269498, 114.56236040275, 4.12500003222, 0.00000000000, 0.00000000912, -0.00000000533
431, 50.00000000000, 535.81115585517, 93.34733417205, 4.12500003222, 0.00000000000, -0.00000000073, -0.00000001815
432, 50.00000000000, 567.79009194951, -30000000.00000000000, 0.00000000000, 0.00000000000, -0.00000171706, 0.66000001198
433, 50.00000000000, 584.86845419364, 85.27194435618, 4.12500003222, 0.00000000000, -0.00000000475, -0.00000000765
434, 50.00000000000, 582.11748185273, 164.27431718447, 4.12500003222, 0.00000000000, 0.00000000024, 0.00000000827
435, 50.00000000000, 617.65062886067, 70.96739748407, 4.12500003222, 0.00000000000, -0.00000000530, -0.00000000685
436, 50.00000000000, 629.65046314431, 84.49325212741, 4.12500003222, 0.00000000000, -0.00000000285, 0.00000003508
437, 50.00000000000, 649.67588833295, 91.35037895439, 4.12500003222, 0.00000000000, -0.00000000158, -0.00000000879
438, 50.00000000000, 660.21588213339, 61.50945113110, 4.12500003222, 0.00000000000, -0.00000000121, 0.00000002047
439, 50.00000000000, 683.86301528981, 69.74089610074, 4.12500003222, 0.00000000000, -0.00000000578, -0.00000000864
440, 50.00000000000, 698.69137675859, 84.66695428408, 4.12500003222, 0.00000000000, -0.00000000178, 0.00000000293
441, 50.00000000000, 718.97314057585, -30000000.00000000000, 0.00000000000, 0.00000000000, -0.00000019778, 0.66000001198
442, 50.00000000000, 730.38082713688, -30000000.00000000000, 0.00000000000, 0.00000000000, 0.00000005238, 0.66000001198
443, 50.00000000000, 755.27877523409, 52.24482858596, 4.12500003222, 0.00000000000, -0.00000000136, -0.00000000227
444, 50.00000000000, 748.89245408038, 134.51459438896, 4.12500003222, 0.00000000000, 0.00000000101, 0.00000000343
445, 50.00000000000, 786.08361703091, 66.48053122557, 4.12500003222, 0.00000000000, 0.00000000250, -0.00000001028
446, 50.00000000000, 806.57717794927, 103.39193932678, 4.12500003222, 0.00000000000, 0.00000000360, 0.00000001277
447, 50.00000000000, 799.88529660392, 83.12314732082, 4.12500003222, 0.00000000000, -0.00000000588, -0.00000001901
448, 50.00000000000, 825.29072835447, 110.33863355005, 4.12500003222, 0.00000000000, 0.00000000610, 0.00000000903
449, 50.00000000000, 856.67035350287, 43.69680207035, 4.12500003222, 0.00000000000, 0.00000000129, 0.00000002415
450, 50.00000000000, 847.85993344845, 162.91630071636, 4.12500003222, 0.00000000000, 0.00000000051, -0.00000000355
451, 50.00000000000, 889.04123986947, 88.38550711976, 4.12500003222, 0.00000000000, -0.00000000286, -0.00000002389
452, 50.00000000000, 906.72404817217, -30000000.00000000000, 0.00000000000, 0.00000000000, -0.00000081974, 0.66000001198
453, 50.00000000000, 897.30495669401, 191.09413024504, 4.12500003222, 0.00000000000, -0.00000000043, 0.00000000556
454, 50.00000000000, 947.87451816979, 90.70024091094, 4.12500003222, 0.00000000000, 0.00000000231, 0.00000002342
455, 50.00000000000, 960.53549386189, -30000000.00000000000, 0.00000000000, 0.00000000000, 0.00000106156, 0.66000001198
456, 50.00000000000, 970.79952368904, 86.26597322982, 4.12500003222, 0.00000000000, 0.00000000017, -0.00000000958
457, 50.00000000000, 993.12444048294, 209.93733108048, 4.12500003222, 0.00000000000, 0.00000000000, 0.00000000000
458, 50.00000000000, 996.05326402610, 123.65355573299, 4.12500003222, 0.00000000000, -0.00000000931, -0.00000001353
459, 50.00000000000, 1019.95635167223, 119.67439942534, 4.12500003222, 0.00000000000, 0.00000000060, 0.00000001541
460, 50.00000000000, 1035.51319910311, 131.24825143990, 4.12500003222, 0.00000000000, -0.00000000972, -0.00000000539
461, 50.00000000000, 1058.00265786011, 78.34104086225, 4.12500003222, 0.00000000000, -0.00000000035, -0.00000001031
462, 50.00000000000, 1054.04202048460, 133.60504957542, 4.12500003222, 0.00000000000, -0.00000000620, -0.00000000523
463, 50.00000000000, 1089.41258969573, 140.25769957485, 4.12500003222, 0.00000000000, 0.00000000135, 0.00000000039
464, 50.00000000000, 1114.54867724414, 24.77066769595, 4.12500003222, 0.00000000000, -0.00000001085, 0.00000005337
465, 50.00000000000, 1129.66692932184, 61.73536616286, 4.12500003222, 0.00000000000, 0.00000000629, -0.00000000970
466, 50.00000000000, 1146.75436390577, 57.14888955739, 4.12500003222, 0.00000000000, -0.00000000087, 0.00000000451
467, 50.00000000000, 1155.50302034321, 61.02050739864, 4.12500003222, 0.00000000000, 0.00000000019, 0.00000002061
468, 50.00000000000, 1166.84887301304, 81.32358658586, 4.12500003222, 0.00000000000, -0.00000000692, -0.00000003561
469, 50.00000000000, 1184.44158437575, 114.79039189457, 4.12500003222, 0.00000000000, 0.00000000416, -0.00000000851
470, 50.00000000000, 1195.84300967279, 93.85836657116, 4.12500003222, 0.00000000000, -0.00000000236, 0.00000001763
471, 50.00000000000, 1228.70349607991, 47.34361459158, 4.12500003222, 0.00000000000, 0.00000000058, -0.00000000413
472, 50.00000000000, 1215.06913759664, 165.01978984073, 4.12500003222, 0.00000000000, -0.00000000584, 0.00000001196
473, 50.00000000000, 1237.85502273887, 111.89134312108, 4.12500003222, 0.00000000000, -0.00000000196, 0.00000002187
474, 50.00000000000, 1264.82645118420, 87.61571832139, 4.12500003222, 0.00000000000, -0.00000000358, -0.00000003506
475, 50.00000000000, 1297.26091311484, 14.67583622935, 4.12500003222, 0.00000000000, -0.00000000475, 0.00000000052
476, 50.00000000000, 1273.28511953581, 109.18027295976, 4.12500003222, 0.00000000000, 0.00000000529, 0.00000001427
477, 50.00000000000, 1306.80178593328, 149.82389107233, 4.12500003222, 0.00000000000, 0.00000000056, 0.00000000204
478, 50.00000000000, 1320.09544011925, 91.87119661725, 4.12500003222, 0.00000000000, 0.00000000563, 0.00000003862
479, 50.00000000000, 1342.57241715749, 89.21284194048, 4.12500003222, 0.00000000000, 0.00000000228, -0.00000001842
480, 50.00000000000, 28.95720437180, 63.65259113248, 4.12500003222, 0.00000000000, 0.00000000191, 0.00000002992
481, 50.00000000000, 50.99081678517, 117.62333600542, 4.12500003222, 0.00000000000, 0.00000000170, -0.00000001047
482, 50.00000000000, 62.34310690272, 41.61183898933, 4.12500003222, 0.00000000000, -0.00000000004, -0.00000000993
483, 50.00000000000, 86.11276819307, 61.13234511885, 4.12500003222, 0.00000000000, -0.00000000165, 0.00000001687
484, 50.00000000000, 84.51227097558, 137.67232177623, 4.12500003222, 0.00000000000, 0.00000000267, -0.00000000852
485, 50.00000000000, 115.44214296220, 62.13665598919, 4.12500003222, 0.00000000000, 0.00000000254, -0.00000000326
486, 50.00000000000, 136.53704408784, 71.97380680183, 4.12500003222, 0.00000000000, -0.00000000448, 0.00000000406
487, 50.00000000000, 152.24133093976, 6.20840799673, 4.12500003222, 0.00000000000, 0.00000000215, -0.00000001573
488, 50.00000000000, 150.38954773094, 142.69742209146, 4.12500003222, 0.00000000000, 0.00000000229, 0.00000000204
489, 50.00000000000, 148.06435035472, 80.73850140272, 4.12500003222, 0.00000000000, -0.00000000561, -0.00000002126
490, 50.00000000000, 187.92599140449, 41.19262775983, 4.12500003222, 0.00000000000, 0.00000000318, -0.00000001714
491, 50.00000000000, 200.44329980447, 169.49916510580, 4.12500003222, 0.00000000000, 0.00000000059, -0.00000002046
492, 50.00000000000, 205.25522269718, 130.28094418506, 4.12500003222, 0.00000000000, -0.00000000390, -0.00000000081
493, 50.00000000000, 245.75150551015, 70.55466773142, 4.12500003222, 0.00000000000, -0.00000000330, 0.00000000630
494, 50.00000000000, 259.23004812144, 13.07087215610, 4.12500003222, 0.00000000000, 0.00000000003, -0.00000001710
495, 50.00000000000, 277.49587041224, 45.58799579058, 4.12500003222, 0.00000000000, -0.00000000588, 0.00000003764
496, 50.00000000000, 292.07378326646, 28.17309317186, 4.12500003222, 0.00000000000, 0.00000000650, 0.00000000495
497, 50.00000000000, 330.53460730217, 71.79808797280, 4.12500003222, 0.00000000000, 0.00000001274, -0.00000003160
498, 50.00000000000, 343.00404577721, 53.33403794199, 4.12500003222, 0.00000000000, -0.00000000025, 0.00000002591
499, 50.00000000000, 353.24383123485, 74.85209605551, 4.12500003222, 0.00000000000, 0.00000000069, -0.00000002775
500, 50.00000000000, 368.46151976539, 31.68776238771, 4.12500003222, 0.00000000000, -0.00000000851, 0.00000000838
501, 50.00000000000, 392.91922503098, 103.88296934573, 4.12500003222, 0.00000000000, 0.00000000081, 0.00000000310
502, 50.00000000000, 392.33560459376, 54.23325169632, 4.12500003222, 0.00000000000, -0.00000000007, 0.00000000082
503, 50.00000000000, 419.03451789038, 71.96337512913, 4.12500003222, 0.00000000000, -0.00000000305, 0.00000000502
504, 50.00000000000, 421.88715905444, -30000000.00000000000, 0.00000000000, 0.00000000000, 0.00000027989, 0.66000001198
505, 50.00000000000, 457.25113150411, 217.56962434653, 4.12500003222, 0.00000000000, -0.00000000016, -0.00000000299
506, 50.00000000000, 456.65061487522, 196.26165390155, 4.12500003222, 0.00000000000, 0.00000000008, 0.00000000269
507, 50.00000000000, 477.66527831755, 57.82723232621, 4.12500003222, 0.00000000000, 0.00000000540, -0.00000001096
508, 50.00000000000, 489.86872950331, 95.83350049310, 4.12500003222, 0.00000000000, -0.00000000067, 0.00000000663
509, 50.00000000000, 500.69154038476, 234.64971617604, 4.12500003222, 0.00000000000, -0.00000000075, 0.00000000041
510, 50.00000000000, 529.65376166794, -30000000.00000000000, 0.00000000000, 0.00000000000, 0.00000028521, 0.66000001198
511, 50.00000000000, 545.23083104364, 167.53812671218, 4.12500003222, 0.00000000000, 0.00000000169, 0.00000000771
512, 50.00000000000, 567.43534142309, 179.72697301908, 4.12500003222, 0.00000000000, -0.00000000359, -0.00000000486
513, 50.00000000000, 585.39219783058, 120.12558089645, 4.12500003222, 0.00000000000, 0.00000000047, 0.00000001248
514, 50.00000000000, 597.80419763855, 113.92473553310, 4.12500003222, 0.00000000000, 0.00000000361, 0.00000000205
515, 50.00000000000, 606.55618563212, 133.66020484340, 4.12500003222, 0.00000000000, 0.00000000183, -0.00000001349
516, 50.00000000000, 633.52634916971, -30000000.00000000000, 0.00000000000, 0.00000000000, 0.00000124373, 0.66000001198
517, 50.00000000000, 640.35672794115, 71.98919896199, 4.12500003222, 0.00000000000, 0.00000000882, 0.00000000641
518, 50.00000000000, 664.15543084085, 197.39619119898, 4.12500003222, 0.00000000000, 0.00000000000, 0.00000000000
519, 50.00000000000, 673.92063179648, 84.44509594665, 4.12500003222, 0.00000000000, -0.00000000394, -0.00000001159
520, 50.00000000000, 701.66737116100, -30000000.00000000000, 0.00000000000, 0.00000000000, -0.00000054288, 0.66000001198
521, 50.00000000000, 735.69033118944, 97.07812433007, 4.12500003222, 0.00000000000, 0.00000000407, 0.00000000718
522, 50.00000000000, 745.32550438251, 67.11723201985, 4.12500003222, 0.00000000000, 0.00000001066, 0.00000001679
523, 50.00000000000, 747.66260697377, -30000000.00000000000, 0.00000000000, 0.00000000000, -0.00000066804, 0.66000001198
524, 50.00000000000, 777.44671061778, 227.68313535272, 4.12500003222, 0.00000000000, 0.00000000101, -0.00000000106
525, 50.00000000000, 780.60005647343, -30000000.00000000000, 0.00000000000, 0.00000000000, -0.00000020647, 0.66000001198
526, 50.00000000000, 788.26903850185, 117.06275160523, 4.12500003222, 0.00000000000, -0.00000000122, 0.00000001868
527, 50.00000000000, 822.92001946944, 89.14356779386, 4.12500003222, 0.00000000000, -0.00000000024, -0.00000001943
528, 50.00000000000, 820.78677519007, 141.03468154870, 4.12500003222, 0.00000000000, -0.00000000137, 0.00000000487
529, 50.00000000000, 841.66786008485, 142.55426582936, 4.12500003222, 0.00000000000, 0.00000000203, -0.00000000550
530, 50.00000000000, 862.15374742880, 148.99613481103, 4.12500003222, 0.00000000000, 0.00000000107, 0.00000002201
531, 50.00000000000, 886.66199013794, 107.22428057072, 4.12500003222, 0.00000000000, -0.00000000106, -0.00000000058
532, 50.00000000000, 913.89300562644, -30000000.00000000000, 0.00000000000, 0.00000000000, -0.00000106621, 0.66000001198
533, 50.00000000000, 938.80628576907, 74.63767953409, 4.12500003222, 0.00000000000, -0.00000000972, -0.00000002030
534, 50.00000000000, 930.36874984233, 176.90496235935, 4.12500003222, 0.00000000000, -0.00000000065, -0.00000000010
535, 50.00000000000, 963.88306387228, 104.14599938799, 4.12500003222, 0.00000000000, -0.00000000191, 0.00000000564
536, 50.00000000000, 986.03314595987, 106.17592469967, 4.12500003222, 0.00000000000, 0.00000000533, 0.00000004269
537, 50.00000000000, 976.93562698699, 34.37080683345, 4.12500003222, 0.00000000000, -0.00000000118, -0.00000001245
538, 50.00000000000, 1009.69287180971, 74.39317785095, 4.12500003222, 0.00000000000, -0.00000000775, -0.00000001160
539, 50.00000000000, 1026.31162807218, 67.60323948356, 4.12500003222, 0.00000000000, -0.00000000237, -0.00000002010
540, 50.00000000000, 1042.27376345455, 59.09274126161, 4.12500003222, 0.00000000000, -0.00000000283, -0.00000001547
541, 50.00000000000, 1066.17335352919, 64.14734666347, 4.12500003222, 0.00000000000, 0.00000000103, 0.00000001839
542, 50.00000000000, 1074.02268658014, 41.70543171141, 4.12500003222, 0.00000000000, -0.00000000208, 0.00000001077
543, 50.00000000000, 1098.15561847898, 259.74907213172, 4.12500003222, 0.00000000000, 0.00000000000, 0.00000000000
544, 50.00000000000, 1115.72935243569, 63.21712574406, 4.12500003222, 0.00000000000, 0.00000000341, -0.00000001927
545, 50.00000000000, 1132.37551830253, 169.43233854854, 4.12500003222, 0.00000000000, 0.00000000012, 0.00000000011
546, 50.00000000000, 1147.80441083159, 183.60377002128, 4.12500003222, 0.00000000000, -0.00000000012, -0.00000000011
547, 50.00000000000, 1154.56964520218, 25.61480216624, 4.12500003222, 0.00000000000, -0.00000000034, -0.00000003083
548, 50.00000000000, 1164.64614028388, 113.88547046249, 4.12500003222, 0.00000000000, 0.00000000077, 0.00000001194
549, 50.00000000000, 1197.14908084035, 59.82776089639, 4.12500003222, 0.00000000000, -0.00000000336, -0.00000001633
550, 50.00000000000, 1218.12815900153, 67.91796537272, 4.12500003222, 0.00000000000, 0.00000000079, -0.00000000512
551, 50.00000000000, 1209.70494326676, 145.39471430457, 4.12500003222, 0.00000000000, -0.00000000469, -0.00000000435
552, 50.00000000000, 1236.85638461546, 97.75597802921, 4.12500003222, 0.00000000000, -0.00000000041, -0.00000002788
553, 50.00000000000, 1244.60811735658, 118.54219527498, 4.12500003222, 0.00000000000, -0.00000000623, 0.00000000529
554, 50.00000000000, 1258.72004080069, 126.28781042062, 4.12500003222, 0.00000000000, 0.00000000131, 0.00000001211
555, 50.00000000000, 1277.45492945033, 122.74724070002, 4.12500003222, 0.00000000000, -0.00000000048, 0.00000001004
556, 50.00000000000, 1291.15808788756, 136.66350639562, 4.12500003222, 0.00000000000, 0.00000000225, -0.00000000169
557, 50.00000000000, 1302.70984672542, 170.40464254478, 4.12500003222, 0.00000000000, -0.00000000185, -0.00000001108
558, 50.00000000000, 1319.38657840845, 115.23242719790, 4.12500003222, 0.00000000000, -0.00000000074, -0.00000001439
559, 50.00000000000, 1332.65226266516, 56.18969114732, 4.12500003222, 0.00000000000, 0.00000000692, 0.00000002652
560, 50.00000000000, 37.34616112404, 105.25352753036, 4.12500003222, 0.00000000000, -0.00000000095, 0.00000001877
561, 50.00000000000, 27.40234885013, 260.04991895499, 4.12500003222, 0.00000000000, 0.00000000000, 0.00000000000
562, 50.00000000000, 61.92822693763, 104.09055575613, 4.12500003222, 0.00000000000, 0.00000000369, 0.00000001093
563, 50.00000000000, 93.56283200213, 118.97289773573, 4.12500003222, 0.00000000000, 0.00000000346, -0.00000000462
564, 50.00000000000, 79.97388688402, 157.75296922986, 4.12500003222, 0.00000000000, -0.00000000000, 0.00000000001
565, 50.00000000000, 115.84614132862, 30.49611035776, 4.12500003222, 0.00000000000, -0.00000000078, 0.00000003558
566, 50.00000000000, 125.64082828781, 70.46907069443, 4.12500003222, 0.00000000000, 0.00000000814, 0.00000003414
567, 50.00000000000, 132.41827534587, 153.68302306397, 4.12500003222, 0.00000000000, 0.00000000529, -0.00000001047
568, 50.00000000000, 151.44460164189, 121.85290952649, 4.12500003222, 0.00000000000, -0.00000000873, 0.00000001311
569, 50.00000000000, 170.96134220113, 114.79858239732, 4.12500003222, 0.00000000000, 0.00000000009, 0.00000001894
570, 50.00000000000, 168.11142099459, 132.24722464947, 4.12500003222, 0.00000000000, 0.00000000010, 0.00000000241
571, 50.00000000000, 195.09310587267, 188.82946716635, 4.12500003222, 0.00000000000, -0.00000000182, 0.00000001595
572, 50.00000000000, 239.87904337415, 39.94762645908, 4.12500003222, 0.00000000000, -0.00000000190, -0.00000001995
573, 50.00000000000, 222.90256124422, 140.54559239398, 4.12500003222, 0.00000000000, 0.00000000167, 0.00000000123
574, 50.00000000000, 266.56355340887, 60.50086247214, 4.12500003222, 0.00000000000, 0.00000000619, 0.00000000652
575, 50.00000000000, 278.44071315668, 26.39488636264, 4.12500003222, 0.00000000000, -0.00000000746, 0.00000000459
576, 50.00000000000, 287.44146435933, 137.21594566669, 4.12500003222, 0.00000000000, -0.00000000004, 0.00000000097
577, 50.00000000000, 319.61525108727, 80.09393019342, 4.12500003222, 0.00000000000, -0.00000000232, 0.00000004057
578, 50.00000000000, 320.24312966861, 197.57260220091, 4.12500003222, 0.00000000000, 0.00000000000, 0.00000000000
579, 50.00000000000, 362.45174556693, 116.81266897141, 4.12500003222, 0.00000000000, -0.00000000398, 0.00000000695
580, 50.00000000000, 374.42179959139, 67.30437971656, 4.12500003222, 0.00000000000, 0.00000000710, 0.00000003583
581, 50.00000000000, 381.02124714155, 123.80175152864, 4.12500003222, 0.00000000000, -0.00000001024, 0.00000002018
582, 50.00000000000, 390.77758831900, 207.10864066329, 4.12500003222, 0.00000000000, 0.00000000000, 0.00000000000
583, 50.00000000000, 405.75073980190, 71.65649397840, 4.12500003222, 0.00000000000, -0.00000000985, -0.00000001624
584, 50.00000000000, 426.42047202540, 105.59188012421, 4.12500003222, 0.00000000000, -0.00000000089, 0.00000000649
585, 50.00000000000, 442.52616531724, -30000000.00000000000, 0.00000000000, 0.00000000000, -0.00000187657, 0.66000001198
586, 50.00000000000, 450.13794940933, 103.11490342159, 4.12500003222, 0.00000000000, -0.00000000068, -0.00000000820
587, 50.00000000000, 482.45273727396, 244.38314134466, 4.12500003222, 0.00000000000, -0.00000000031, -0.00000000083
588, 50.00000000000, 494.03451069049, 71.78323887491, 4.12500003222, 0.00000000000, 0.00000000604, -0.00000003984
589, 50.00000000000, 510.66123679459, 67.77933726476, 4.12500003222, 0.00000000000, 0.00000000596, -0.00000004426
590, 50.00000000000, 525.16600251977, 78.03496320594, 4.12500003222, 0.00000000000, 0.00000000090, 0.00000000932
591, 50.00000000000, 550.69553931353, 184.75702819279, 4.12500003222, 0.00000000000, 0.00000000146, -0.00000001036
592, 50.00000000000, 569.48665597471, 130.63960557577, 4.12500003222, 0.00000000000, 0.00000000802, -0.00000002291
593, 50.00000000000, 595.76345757713, 77.98418939459, 4.12500003222, 0.00000000000, 0.00000000725, -0.00000000406
594, 50.00000000000, 597.97282277731, 152.02916775031, 4.12500003222, 0.00000000000, 0.00000000193, 0.00000000401
595, 50.00000000000, 619.95049317497, 115.77123152026, 4.12500003222, 0.00000000000, -0.00000000599, -0.00000000749
596, 50.00000000000, 626.34721942016, 93.09967239702, 4.12500003222, 0.00000000000, 0.00000001087, -0.00000003113
597, 50.00000000000, 656.19497535824, 135.90325492465, 4.12500003222, 0.00000000000, 0.00000000066, 0.00000000136
598, 50.00000000000, 667.19049989530, -30000000.00000000000, 0.00000000000, 0.00000000000, -0.00000021048, 0.66000001198
599, 50.00000000000, 678.11553695096, 170.12165320573, 4.12500003222, 0.00000000000, 0.00000000120, 0.00000000149
600, 50.00000000000, 703.58707089712, -30000000.00000000000, 0.00000000000, 0.00000000000, -0.00000033473, 0.66000001198
601, 50.00000000000, 722.58389089405, 169.95550571991, 4.12500003222, 0.00000000000, 0.00000000000, 0.00000000000
602, 50.00000000000, 736.47496933119, 58.98263556130, 4.12500003222, 0.00000000000, 0.00000000491, -0.00000000224
603, 50.00000000000, 762.33613964542, -30000000.00000000000, 0.00000000000, 0.00000000000, 0.00000045388, 0.66000001198
604, 50.00000000000, 766.19382898945, 67.89514328206, 4.12500003222, 0.00000000000, -0.00000000485, -0.00000000038
605, 50.00000000000, 788.41601114948, 98.59429715179, 4.12500003222, 0.00000000000, -0.00000000443, -0.00000002083
606, 50.00000000000, 796.16329090915, 192.32094986359, 4.12500003222, 0.00000000000, -0.00000000220, 0.00000001062
607, 50.00000000000, 810.02122408207, 123.76773305739, 4.12500003222, 0.00000000000, 0.00000000173, -0.00000000896
608, 50.00000000000, 845.46970055439, 120.53001636707, 4.12500003222, 0.00000000000, -0.00000000521, 0.00000002620
609, 50.00000000000, 856.19833662099, 130.26734813176, 4.12500003222, 0.00000000000, 0.00000000138, 0.00000000448
610, 50.00000000000, 868.08900925207, 169.43360251065, 4.12500003222, 0.00000000000, -0.00000000369, -0.00000001178
611, 50.00000000000, 881.90327249831, 154.15968715523, 4.12500003222, 0.00000000000, -0.00000000265, -0.00000000850
612, 50.00000000000, 889.03653272616, 172.87452820063, 4.12500003222, 0.00000000000, 0.00000000104, -0.00000000807
613, 50.00000000000, 925.15919688977, 87.09781356322, 4.12500003222, 0.00000000000, 0.00000001200, -0.00000006108
614, 50.00000000000, 917.62917445723, 193.66181931666, 4.12500003222, 0.00000000000, 0.00000000115, 0.00000000090
615, 50.00000000000, 975.35245883664, 119.68747319468, 4.12500003222, 0.00000000000, 0.00000000602, 0.00000000396
616, 50.00000000000, 986.26481684862, 73.59934557328, 4.12500003222, 0.00000000000, 0.00000000718, -0.00000000724
617, 50.00000000000, 999.55237768910, 145.18321456201, 4.12500003222, 0.00000000000, 0.00000000235, -0.00000000437
618, 50.00000000000, 1011.66909016872, 129.68638497652, 4.12500003222, 0.00000000000, 0.00000000282, -0.00000000128
619, 50.00000000000, 1033.31938130396, 81.24219225559, 4.12500003222, 0.00000000000, -0.00000000236, 0.00000000530
620, 50.00000000000, 1046.01490126734, 97.22991450810, 4.12500003222, 0.00000000000, 0.00000000002, 0.00000001417
621, 50.00000000000, 1050.77739319487, 42.98047971634, 4.12500003222, 0.00000000000, 0.00000000337, 0.00000000452
622, 50.00000000000, 1069.99246210518, 146.66048120717, 4.12500003222, 0.00000000000, -0.00000000188, 0.00000001395
623, 50.00000000000, 1073.63038936155, 127.13158096208, 4.12500003222, 0.00000000000, -0.00000000150, -0.00000001547
624, 50.00000000000, 1115.05448626433, 44.60218343905, 4.12500003222, 0.00000000000, 0.00000000048, -0.00000001321
625, 50.00000000000, 1115.72414840554, 79.59297764594, 4.12500003222, 0.00000000000, -0.00000000211, 0.00000000675
626, 50.00000000000, 1143.40265188540, 112.28444484741, 4.12500003222, 0.00000000000, 0.00000000127, -0.00000000431
627, 50.00000000000, 1155.41023230995, 96.48193270635, 4.12500003222, 0.00000000000, -0.00000000584, -0.00000000939
628, 50.00000000000, 1177.84318391058, 62.38329744093, 4.12500003222, 0.00000000000, -0.00000000290, -0.00000001824
629, 50.00000000000, 1185.72626145948, 76.03494877327, 4.12500003222, 0.00000000000, -0.00000000152, -0.00000000538
630, 50.00000000000, 1214.22778255194, 54.75225361657, 4.12500003222, 0.00000000000, 0.00000000144, 0.00000001139
631, 50.00000000000, 1235.28316064827, 170.21193659273, 4.12500003222, 0.00000000000, -0.00000000086, 0.00000000161
632, 50.00000000000, 1222.55268553281, 114.77326309379, 4.12500003222, 0.00000000000, -0.00000000212, -0.00000000607
633, 50.00000000000, 1239.67651822118, 133.74612576304, 4.12500003222, 0.00000000000, 0.00000000244, -0.00000001539
634, 50.00000000000, 1283.39784990747, 176.06323075940, 4.12500003222, 0.00000000000, -0.00000000570, 0.00000000165
635, 50.00000000000, 1271.42898076627, 142.95557024507, 4.12500003222, 0.00000000000, -0.00000000312, -0.00000001112
636, 50.00000000000, 1295.58260712147, 93.42538800972, 4.12500003222, 0.00000000000, -0.00000000586, -0.00000000997
637, 50.00000000000, 1287.21366266285, 155.78027727856, 4.12500003222, 0.00000000000, 0.00000000548, 0.00000003121
638, 50.00000000000, 1317.41759016938, 25.63943089777, 4.12500003222, 0.00000000000, 0.00000000075, 0.00000001392
639, 50.00000000000, 1338.30755520932, 31.69054876662, 4.12500003222, 0.00000000000, 0.00000000326, -0.00000001844
