0, 50.00000000000, 67.75931840036, 65.26323577006, 4.12500003222, 0.00000000000, -0.00000000499, 0.00000000385
1, 50.00000000000, 31.17842742412, 215.39547625360, 4.12500003222, 0.00000000000, 0.00000000000, 0.00000000000
2, 50.00000000000, 108.83134028129, 8.28308514085, 4.12500003222, 0.00000000000, 0.00000000407, 0.00000000713
3, 50.00000000000, 124.53976591650, 60.87303336355, 4.12500003222, 0.00000000000, 0.00000000044, -0.00000001379
4, 50.00000000000, 137.79954728379, 28.22265271491, 4.12500003222, 0.00000000000, -0.00000000663, 0.00000000572
5, 50.00000000000, 152.70206342910, 42.49594536266, 4.12500003222, 0.00000000000, -0.00000001362, 0.00000004671
6, 50.00000000000, 170.74797404315, 27.02870802833, 4.12500003222, 0.00000000000, 0.00000000929, 0.00000001222
7, 50.00000000000, 173.80830497604, 13.72797437709, 4.12500003222, 0.00000000000, 0.00000000315, -0.00000003293
8, 50.00000000000, 197.54742172761, 11.18737841895, 4.12500003222, 0.00000000000, 0.00000000351, -0.00000004351
9, 50.00000000000, 201.75963159331, 47.01624193046, 4.12500003222, 0.00000000000, -0.00000000347, -0.00000002214
10, 50.00000000000, 214.11866954461, 8.22948419022, 4.12500003222, 0.00000000000, -0.00000000692, -0.00000003537
11, 50.00000000000, 253.56923139849, 21.45547804595, 4.12500003222, 0.00000000000, 0.00000000269, 0.00000000103
12, 50.00000000000, 251.52298387817, 9.28333048972, 4.12500003222, 0.00000000000, 0.00000000171, -0.00000002207
13, 50.00000000000, 287.95754019377, 24.99259363950, 4.12500003222, 0.00000000000, -0.00000000015, -0.00000005806
14, 50.00000000000, 299.28210977869, 29.21251382157, 4.12500003222, 0.00000000000, 0.00000001699, -0.00000003660
15, 50.00000000000, 317.99464863502, 38.30013064700, 4.12500003222, 0.00000000000, 0.00000001047, -0.00000005989
16, 50.00000000000, 320.41822543250, 4.04138659678, 4.12500003222, 0.00000000000, -0.00000000685, 0.00000000793
17, 50.00000000000, 338.52487562259, 41.78967261201, 4.12500003222, 0.00000000000, 0.00000000961, 0.00000000734
18, 50.00000000000, 320.77220573898, -30000000.00000000000, 0.00000000000, 0.00000000000, 0.00000086896, 0.66000001198
19, 50.00000000000, 392.76027644982, 83.84760587874, 4.12500003222, 0.00000000000, 0.00000000471, -0.00000001064
20, 50.00000000000, 354.78505746845, -30000000.00000000000, 0.00000000000, 0.00000000000, -0.00000024838, 0.66000001198
21, 50.00000000000, 412.83104151118, 32.27614370789, 4.12500003222, 0.00000000000, 0.00000000224, 0.00000000853
22, 50.00000000000, 430.87387562284, 113.43736512738, 4.12500003222, 0.00000000000, -0.00000000947, -0.00000000170
23, 50.00000000000, 434.85933011915, 54.08421505849, 4.12500003222, 0.00000000000, -0.00000000212, -0.00000000517
24, 50.00000000000, 432.27415748936, -30000000.00000000000, 0.00000000000, 0.00000000000, -0.00000154884, 0.66000001198
25, 50.00000000000, 457.18142740954, 63.11700213457, 4.12500003222, 0.00000000000, 0.00000000731, 0.00000002733
26, 50.00000000000, 484.26305917554, 46.18284750316, 4.12500003222, 0.00000000000, 0.00000000356, -0.00000000466
27, 50.00000000000, 500.20207628129, 42.50290393911, 4.12500003222, 0.00000000000, -0.00000000781, 0.00000001081
28, 50.00000000000, 490.80233750401, -30000000.00000000000, 0.00000000000, 0.00000000000, 0.00000049650, 0.66000001198
29, 50.00000000000, 547.41324941109, 135.21592374323, 4.12500003222, 0.00000000000, -0.00000000244, 0.00000000763
30, 50.00000000000, 555.14575143775, 57.25644001921, 4.12500003222, 0.00000000000, 0.00000000363, 0.00000000524
31, 50.00000000000, 543.19691392511, -30000000.00000000000, 0.00000000000, 0.00000000000, -0.00000031239, 0.66000001198
32, 50.00000000000, 553.51083804229, -30000000.00000000000, 0.00000000000, 0.00000000000, -0.00000083369, 0.66000001198
33, 50.00000000000, 579.37083240396, -30000000.00000000000, 0.00000000000, 0.00000000000, -0.00000082370, 0.66000001198
34, 50.00000000000, 609.31583817445, 66.19331747376, 4.12500003222, 0.00000000000, 0.00000000466, 0.00000000552
35, 50.00000000000, 632.76854760766, 104.11146941654, 4.12500003222, 0.00000000000, 0.00000000801, 0.00000001928
36, 50.00000000000, 634.34508717800, -30000000.00000000000, 0.00000000000, 0.00000000000, 0.00000103929, 0.66000001198
37, 50.00000000000, 652.04110327195, -30000000.00000000000, 0.00000000000, 0.00000000000, 0.00000034749, 0.66000001198
38, 50.00000000000, 665.81883992390, -30000000.00000000000, 0.00000000000, 0.00000000000, -0.00000046471, 0.66000001198
39, 50.00000000000, 689.62023614904, -30000000.00000000000, 0.00000000000, 0.00000000000, -0.00000146193, 0.66000001198
40, 50.00000000000, 700.00972289972, -30000000.00000000000, 0.00000000000, 0.00000000000, -0.00000081334, 0.66000001198
41, 50.00000000000, 719.85141430925, -30000000.00000000000, 0.00000000000, 0.00000000000, -0.00000036030, 0.66000001198
42, 50.00000000000, 733.56819450824, 64.19131547594, 4.12500003222, 0.00000000000, -0.00000001516, -0.00000001187
43, 50.00000000000, 750.79076657519, 92.04938341033, 4.12500003222, 0.00000000000, -0.00000000770, 0.00000003271
44, 50.00000000000, 768.58759029850, 91.31257783660, 4.12500003222, 0.00000000000, 0.00000000631, 0.00000002058
45, 50.00000000000, 785.39871402538, -30000000.00000000000, 0.00000000000, 0.00000000000, 0.00000067281, 0.66000001198
46, 50.00000000000, 802.72063867561, -30000000.00000000000, 0.00000000000, 0.00000000000, -0.00000020174, 0.66000001198
47, 50.00000000000, 821.86992796889, -30000000.00000000000, 0.00000000000, 0.00000000000, -0.00000056600, 0.66000001198
48, 50.00000000000, 835.05849387833, -30000000.00000000000, 0.00000000000, 0.00000000000, -0.00000162012, 0.66000001198
49, 50.00000000000, 839.39973561023, 74.83343302311, 4.12500003222, 0.00000000000, -0.00000000294, 0.00000001858
50, 50.00000000000, 877.38136137834, -30000000.00000000000, 0.00000000000, 0.00000000000, 0.00000194555, 0.66000001198
51, 50.00000000000, 893.77444871763, -30000000.00000000000, 0.00000000000, 0.00000000000, 0.00000027232, 0.66000001198
52, 50.00000000000, 863.66024949763, 177.72878464062, 4.12500003222, 0.00000000000, -0.00000000227, -0.00000000107
53, 50.00000000000, 929.93711020118, -30000000.00000000000, 0.00000000000, 0.00000000000, -0.00000148395, 0.66000001198
54, 50.00000000000, 942.00735429253, -30000000.00000000000, 0.00000000000, 0.00000000000, -0.00000026674, 0.66000001198
55, 50.00000000000, 956.53609056131, -30000000.00000000000, 0.00000000000, 0.00000000000, 0.00000118068, 0.66000001198
56, 50.00000000000, 977.98592740005, -30000000.00000000000, 0.00000000000, 0.00000000000, -0.00000065949, 0.66000001198
57, 50.00000000000, 972.86251422991, 27.83216942885, 4.12500003222, 0.00000000000, 0.00000000005, 0.00000000093
58, 50.00000000000, 1013.21777405636, -30000000.00000000000, 0.00000000000, 0.00000000000, 0.00000144585, 0.66000001198
59, 50.00000000000, 1011.12475417830, 31.21890323973, 4.12500003222, 0.00000000000, 0.00000000332, 0.00000000153
60, 50.00000000000, 1020.53239948356, 87.36628359554, 4.12500003222, 0.00000000000, -0.00000000611, -0.00000000079
61, 50.00000000000, 1061.90329918524, -30000000.00000000000, 0.00000000000, 0.00000000000, 0.00000017793, 0.66000001198
62, 50.00000000000, 1072.90617315572, -30000000.00000000000, 0.00000000000, 0.00000000000, 0.00000042735, 0.66000001198
63, 50.00000000000, 1094.83229875812, 95.97732655054, 4.12500003222, 0.00000000000, 0.00000000330, -0.00000000205
64, 50.00000000000, 1079.09268297777, 1.65680203179, 4.12500003222, 0.00000000000, 0.00000000989, -0.00000001877
65, 50.00000000000, 1105.06202301832, 73.08096289962, 4.12500003222, 0.00000000000, -0.00000000919, 0.00000003848
66, 50.00000000000, 1099.03482096228, 28.88520560955, 4.12500003222, 0.00000000000, -0.00000000333, 0.00000002313
67, 50.00000000000, 1137.04248780590, 66.44097052422, 4.12500003222, 0.00000000000, 0.00000000076, 0.00000000223
68, 50.00000000000, 1152.78956108399, 39.37351931347, 4.12500003222, 0.00000000000, 0.00000001151, -0.00000005158
69, 50.00000000000, 1159.59566855301, 5.49639891322, 4.12500003222, 0.00000000000, -0.00000000435, 0.00000000333
70, 50.00000000000, 1174.11567788885, 26.76297393650, 4.12500003222, 0.00000000000, -0.00000000291, 0.00000002285
71, 50.00000000000, 1189.12652874032, 26.77457991347, 4.12500003222, 0.00000000000, -0.00000000658, 0.00000002679
72, 50.00000000000, 1219.17831671225, 44.59829532326, 4.12500003222, 0.00000000000, -0.00000000516, -0.00000002438
73, 50.00000000000, 1182.69555066398, 101.10100811259, 4.12500003222, 0.00000000000, 0.00000000857, -0.00000000719
74, 50.00000000000, 1239.89141570517, 11.47154427964, 4.12500003222, 0.00000000000, 0.00000000515, 0.00000000532
75, 50.00000000000, 1250.93057793666, 5.86855863239, 4.12500003222, 0.00000000000, 0.00000000127, 0.00000000468
76, 50.00000000000, 1259.03791023726, 25.86086299162, 4.12500003222, 0.00000000000, 0.00000000951, -0.00000002170
77, 50.00000000000, 1264.20997103106, 37.72673208956, 4.12500003222, 0.00000000000, 0.00000000916, -0.00000005299
78, 50.00000000000, 1294.81000593460, 12.14880732447, 4.12500003222, 0.00000000000, -0.00000000220, 0.00000000592
79, 50.00000000000, 1275.81987122663, 84.59697812969, 4.12500003222, 0.00000000000, 0.00000000413, -0.00000004845
80, 50.00000000000, 74.26423972999, 12.52289628361, 4.12500003222, 0.00000000000, -0.00000000246, 0.00000002118
81, 50.00000000000, 95.74611506719, 25.93856588990, 4.12500003222, 0.00000000000, -0.00000000534, 0.00000002278
82, 50.00000000000, 116.85609341432, 22.54583672830, 4.12500003222, 0.00000000000, 0.00000000050, 0.00000000556
83, 50.00000000000, 130.22275587673, 13.68191736114, 4.12500003222, 0.00000000000, -0.00000000007, 0.00000001462
84, 50.00000000000, 129.90297968847, 36.70110019673, 4.12500003222, 0.00000000000, -0.00000000387, -0.00000000909
85, 50.00000000000, 151.72556274666, 9.93517737739, 4.12500003222, 0.00000000000, -0.00000000361, -0.00000000229
86, 50.00000000000, 162.37152138779, 8.37945776832, 4.12500003222, 0.00000000000, -0.00000000567, -0.00000003341
87, 50.00000000000, 184.74933267833, 32.31514455124, 4.12500003222, 0.00000000000, -0.00000000817, 0.00000003412
88, 50.00000000000, 177.19757223455, 48.13428252080, 4.12500003222, 0.00000000000, 0.00000000295, -0.00000005074
89, 50.00000000000, 203.73613849062, 30.33808159639, 4.12500003222, 0.00000000000, -0.00000000214, 0.00000005507
90, 50.00000000000, 236.12589414790, 14.77414246355, 4.12500003222, 0.00000000000, 0.00000000796, 0.00000001415
91, 50.00000000000, 233.81832586576, 26.70376749351, 4.12500003222, 0.00000000000, 0.00000000062, 0.00000001094
92, 50.00000000000, 274.02327939573, 31.54019418544, 4.12500003222, 0.00000000000, -0.00000001977, -0.00000000268
93, 50.00000000000, 268.94068215504, 20.77299377825, 4.12500003222, 0.00000000000, 0.00000000455, 0.00000000931
94, 50.00000000000, 294.98861527619, 45.21997659938, 4.12500003222, 0.00000000000, -0.00000000379, 0.00000007371
95, 50.00000000000, 314.32485925453, 61.02050780053, 4.12500003222, 0.00000000000, 0.00000000510, -0.00000003167
96, 50.00000000000, 336.86958171944, 9.69292990199, 4.12500003222, 0.00000000000, 0.00000000483, -0.00000001774
97, 50.00000000000, 336.82272573175, 64.20553170013, 4.12500003222, 0.00000000000, -0.00000000558, -0.00000001621
98, 50.00000000000, 361.07547957903, 39.27594203759, 4.12500003222, 0.00000000000, 0.00000000539, 0.00000002243
99, 50.00000000000, 384.02279550144, 64.90910719037, 4.12500003222, 0.00000000000, -0.00000000615, -0.00000000192
100, 50.00000000000, 354.50184675772, -30000000.00000000000, 0.00000000000, 0.00000000000, -0.00000022625, 0.66000001198
101, 50.00000000000, 373.64157133848, -30000000.00000000000, 0.00000000000, 0.00000000000, -0.00000009073, 0.66000001198
102, 50.00000000000, 392.21622457898, -30000000.00000000000, 0.00000000000, 0.00000000000, 0.00000085312, 0.66000001198
103, 50.00000000000, 432.32213049094, 89.05240224084, 4.12500003222, 0.00000000000, 0.00000000026, 0.00000001765
104, 50.00000000000, 451.72511859253, 38.24046364595, 4.12500003222, 0.00000000000, -0.00000000936, 0.00000001315
105, 50.00000000000, 466.59467200416, 48.53556676505, 4.12500003222, 0.00000000000, 0.00000001100, -0.00000000558
106, 50.00000000000, 493.32943701257, 100.56460968282, 4.12500003222, 0.00000000000, 0.00000000343, -0.00000000612
107, 50.00000000000, 478.68647748534, -30000000.00000000000, 0.00000000000, 0.00000000000, 0.00000090104, 0.66000001198
108, 50.00000000000, 530.26301010302, 91.53207339478, 4.12500003222, 0.00000000000, 0.00000000256, -0.00000003665
109, 50.00000000000, 536.56473117699, 82.27529050098, 4.12500003222, 0.00000000000, -0.00000000431, 0.00000000955
110, 50.00000000000, 539.05201668111, -30000000.00000000000, 0.00000000000, 0.00000000000, 0.00000041767, 0.66000001198
111, 50.00000000000, 545.77179603882, -30000000.00000000000, 0.00000000000, 0.00000000000, -0.00000076431, 0.66000001198
112, 50.00000000000, 587.01274152334, 94.79947779927, 4.12500003222, 0.00000000000, -0.00000000700, 0.00000000745
113, 50.00000000000, 597.36293953538, 112.76137272605, 4.12500003222, 0.00000000000, 0.00000000234, -0.00000000046
114, 50.00000000000, 622.12324793894, 119.38682884447, 4.12500003222, 0.00000000000, 0.00000000873, 0.00000001272
115, 50.00000000000, 617.08287733555, -30000000.00000000000, 0.00000000000, 0.00000000000, 0.00000207609, 0.66000001198
116, 50.00000000000, 621.15503974163, -30000000.00000000000, 0.00000000000, 0.00000000000, 0.00000135948, 0.66000001198
117, 50.00000000000, 643.59352930570, -30000000.00000000000, 0.00000000000, 0.00000000000, 0.00000028890, 0.66000001198
118, 50.00000000000, 661.93821782888, -30000000.00000000000, 0.00000000000, 0.00000000000, -0.00000066518, 0.66000001198
119, 50.00000000000, 677.80786175520, -30000000.00000000000, 0.00000000000, 0.00000000000, -0.00000008347, 0.66000001198
120, 50.00000000000, 733.39911885621, 109.43321239497, 4.12500003222, 0.00000000000, 0.00000000425, -0.00000003731
121, 50.00000000000, 720.28623595736, 58.96874619991, 4.12500003222, 0.00000000000, -0.00000000044, -0.00000002317
122, 50.00000000000, 738.89214872176, 72.88420348335, 4.12500003222, 0.00000000000, 0.00000000222, 0.00000007052
123, 50.00000000000, 752.22759272297, -30000000.00000000000, 0.00000000000, 0.00000000000, 0.00000049558, 0.66000001198
124, 50.00000000000, 777.67819565347, 38.71267978319, 4.12500003222, 0.00000000000, 0.00000000204, -0.00000002252
125, 50.00000000000, 799.94065996977, 46.12212698469, 4.12500003222, 0.00000000000, 0.00000000604, -0.00000000630
126, 50.00000000000, 796.92100672307, -30000000.00000000000, 0.00000000000, 0.00000000000, 0.00000094659, 0.66000001198
127, 50.00000000000, 822.03916367755, -30000000.00000000000, 0.00000000000, 0.00000000000, -0.00000059331, 0.66000001198
128, 50.00000000000, 848.87058072876, 57.09784236051, 4.12500003222, 0.00000000000, 0.00000000594, -0.00000001166
129, 50.00000000000, 844.55276017012, 94.18708797743, 4.12500003222, 0.00000000000, -0.00000000268, -0.00000002313
130, 50.00000000000, 891.67498128588, 55.60283534445, 4.12500003222, 0.00000000000, -0.00000000007, 0.00000000439
131, 50.00000000000, 881.29162901969, -30000000.00000000000, 0.00000000000, 0.00000000000, 0.00000181700, 0.66000001198
132, 50.00000000000, 901.95507911787, -30000000.00000000000, 0.00000000000, 0.00000000000, -0.00000031456, 0.66000001198
133, 50.00000000000, 899.63895966643, 175.38579219000, 4.12500003222, 0.00000000000, 0.00000000171, -0.00000000154
134, 50.00000000000, 942.04477916855, 48.47296520499, 4.12500003222, 0.00000000000, 0.00000001077, -0.00000001114
135, 50.00000000000, 955.87427532402, 30.51262306714, 4.12500003222, 0.00000000000, -0.00000000242, 0.00000000506
136, 50.00000000000, 972.40402886907, -30000000.00000000000, 0.00000000000, 0.00000000000, -0.00000035837, 0.66000001198
137, 50.00000000000, 990.38198608819, 43.85466228364, 4.12500003222, 0.00000000000, -0.00000000442, 0.00000001496
138, 50.00000000000, 986.89110642619, 77.17610093939, 4.12500003222, 0.00000000000, 0.00000001268, -0.00000002210
139, 50.00000000000, 1031.32907735432, -30000000.00000000000, 0.00000000000, 0.00000000000, -0.00000093901, 0.66000001198
140, 50.00000000000, 1040.42099259026, -30000000.00000000000, 0.00000000000, 0.00000000000, -0.00000085620, 0.66000001198
141, 50.00000000000, 1032.39114407219, 41.77908640753, 4.12500003222, 0.00000000000, -0.00000000118, -0.00000003159
142, 50.00000000000, 1080.47056507641, -30000000.00000000000, 0.00000000000, 0.00000000000, -0.00000023831, 0.66000001198
143, 50.00000000000, 1065.38876832447, 49.80958254010, 4.12500003222, 0.00000000000, 0.00000000202, 0.00000002418
144, 50.00000000000, 1062.63322041954, 12.28897243564, 4.12500003222, 0.00000000000, 0.00000000088, 0.00000003958
145, 50.00000000000, 1087.29812681683, 13.04300163094, 4.12500003222, 0.00000000000, -0.00000000069, -0.00000001036
146, 50.00000000000, 1117.00327646847, 35.79739914120, 4.12500003222, 0.00000000000, -0.00000000682, -0.00000004724
147, 50.00000000000, 1136.26181131159, 28.21768700331, 4.12500003222, 0.00000000000, 0.00000000692, -0.00000000771
148, 50.00000000000, 1145.81921390165, 117.30720874229, 4.12500003222, 0.00000000000, 0.00000000136, 0.00000002346
149, 50.00000000000, 1153.17020469245, 27.15729713352, 4.12500003222, 0.00000000000, 0.00000000628, 0.00000000104
150, 50.00000000000, 1169.48638578116, 35.94259337517, 4.12500003222, 0.00000000000, 0.00000000796, -0.00000000414
151, 50.00000000000, 1194.91891250179, 12.75732614721, 4.12500003222, 0.00000000000, -0.00000000340, -0.00000000561
152, 50.00000000000, 1181.66117187976, 123.03128543416, 4.12500003222, 0.00000000000, -0.00000000266, -0.00000000895
153, 50.00000000000, 1227.81046338213, 11.82357773119, 4.12500003222, 0.00000000000, 0.00000000804, 0.00000000343
154, 50.00000000000, 1244.31653219010, 28.09321857506, 4.12500003222, 0.00000000000, 0.00000000646, -0.00000003030
155, 50.00000000000, 1240.03068252967, 60.14684659034, 4.12500003222, 0.00000000000, 0.00000000290, -0.00000001928
156, 50.00000000000, 1244.58430695901, 98.13836510474, 4.12500003222, 0.00000000000, -0.00000000368, 0.00000006150
157, 50.00000000000, 1258.73691874292, 58.27560718836, 4.12500003222, 0.00000000000, -0.00000001292, 0.00000004025
158, 50.00000000000, 1260.10721008648, 112.53327105969, 4.12500003222, 0.00000000000, -0.00000000388, -0.00000000446
159, 50.00000000000, 1273.46309623336, 62.02403732300, 4.12500003222, 0.00000000000, -0.00000000937, 0.00000000383
160, 50.00000000000, 86.75915986925, 31.85606469070, 4.12500003222, 0.00000000000, 0.00000000328, -0.00000002534
161, 50.00000000000, 90.47774947099, 68.53970921119, 4.12500003222, 0.00000000000, 0.00000000299, -0.00000000324
162, 50.00000000000, 119.95019037756, 5.28855120156, 4.12500003222, 0.00000000000, -0.00000000588, -0.00000004039
163, 50.00000000000, 125.92479756686, 26.46536725137, 4.12500003222, 0.00000000000, 0.00000000019, -0.00000001395
164, 50.00000000000, 131.84579858498, 49.23925822340, 4.12500003222, 0.00000000000, 0.00000000685, 0.00000000134
165, 50.00000000000, 139.70394366687, 43.15355660109, 4.12500003222, 0.00000000000, -0.00000000848, 0.00000004357
166, 50.00000000000, 169.46537425796, 39.08202621044, 4.12500003222, 0.00000000000, 0.00000001899, 0.00000003200
167, 50.00000000000, 181.01642839495, 24.67398908436, 4.12500003222, 0.00000000000, -0.00000000277, 0.00000003919
168, 50.00000000000, 183.74063538419, 56.71185430063, 4.12500003222, 0.00000000000, -0.00000000012, -0.00000001300
169, 50.00000000000, 217.29165431664, 16.40906415130, 4.12500003222, 0.00000000000, 0.00000000427, -0.00000000717
170, 50.00000000000, 232.43102460860, 6.21224330321, 4.12500003222, 0.00000000000, -0.00000000093, -0.00000000977
171, 50.00000000000, 250.90140661295, 34.18179538785, 4.12500003222, 0.00000000000, -0.00000000148, 0.00000000018
172, 50.00000000000, 271.19306356740, 8.31605069077, 4.12500003222, 0.00000000000, 0.00000000155, 0.00000000655
173, 50.00000000000, 283.13548219001, 48.28255184381, 4.12500003222, 0.00000000000, -0.00000001278, 0.00000005555
174, 50.00000000000, 301.51318940775, 7.63946924380, 4.12500003222, 0.00000000000, -0.00000001234, -0.00000000844
175, 50.00000000000, 310.18357435479, 13.96813506875, 4.12500003222, 0.00000000000, -0.00000000134, 0.00000000206
176, 50.00000000000, 330.19868982667, 25.19541730976, 4.12500003222, 0.00000000000, -0.00000000581, -0.00000000271
177, 50.00000000000, 350.86683710769, 48.28269697161, 4.12500003222, 0.00000000000, 0.00000000173, -0.00000001095
178, 50.00000000000, 371.08520559500, 85.13182902391, 4.12500003222, 0.00000000000, -0.00000000702, -0.00000001790
179, 50.00000000000, 379.33142493973, 97.31514510920, 4.12500003222, 0.00000000000, -0.00000000017, 0.00000000537
180, 50.00000000000, 398.36424724815, 100.59207046666, 4.12500003222, 0.00000000000, 0.00000000724, 0.00000000483
181, 50.00000000000, 414.17467493123, 86.27109964470, 4.12500003222, 0.00000000000, -0.00000000565, 0.00000001140
182, 50.00000000000, 434.00994703427, 102.81771409280, 4.12500003222, 0.00000000000, -0.00000000151, -0.00000001617
183, 50.00000000000, 432.03293339106, 35.19816063463, 4.12500003222, 0.00000000000, -0.00000000220, 0.00000000088
184, 50.00000000000, 419.54036532895, -30000000.00000000000, 0.00000000000, 0.00000000000, 0.00000008439, 0.66000001198
185, 50.00000000000, 464.31100301596, 117.60163173159, 4.12500003222, 0.00000000000, -0.00000000461, 0.00000002578
186, 50.00000000000, 483.59553553399, 83.99239898737, 4.12500003222, 0.00000000000, 0.00000000389, 0.00000000897
187, 50.00000000000, 496.09114376593, 78.25760100732, 4.12500003222, 0.00000000000, -0.00000000004, -0.00000000333
188, 50.00000000000, 518.09251377634, 56.31299700059, 4.12500003222, 0.00000000000, -0.00000000171, 0.00000002277
189, 50.00000000000, 537.22649361430, 43.12825681216, 4.12500003222, 0.00000000000, 0.00000000168, -0.00000001313
190, 50.00000000000, 520.58267380689, -30000000.00000000000, 0.00000000000, 0.00000000000, 0.00000135806, 0.66000001198
191, 50.00000000000, 567.03503009346, 77.47596918597, 4.12500003222, 0.00000000000, -0.00000000716, 0.00000001841
192, 50.00000000000, 575.95031305163, 149.68642220058, 4.12500003222, 0.00000000000, 0.00000000184, -0.00000001868
193, 50.00000000000, 584.25740221983, 183.24925655375, 4.12500003222, 0.00000000000, 0.00000000131, -0.00000000389
194, 50.00000000000, 601.21328053808, 169.74024550651, 4.12500003222, 0.00000000000, 0.00000000033, 0.00000000678
195, 50.00000000000, 612.28101428985, -30000000.00000000000, 0.00000000000, 0.00000000000, 0.00000223237, 0.66000001198
196, 50.00000000000, 639.89820585641, -30000000.00000000000, 0.00000000000, 0.00000000000, 0.00000073799, 0.66000001198
197, 50.00000000000, 653.53228575771, -30000000.00000000000, 0.00000000000, 0.00000000000, -0.00000007266, 0.66000001198
198, 50.00000000000, 676.67364350286, 54.74027596226, 4.12500003222, 0.00000000000, 0.00000000032, -0.00000000161
199, 50.00000000000, 673.06020826581, -30000000.00000000000, 0.00000000000, 0.00000000000, 0.00000070719, 0.66000001198
200, 50.00000000000, 713.34494177485, 94.41601507608, 4.12500003222, 0.00000000000, -0.00000000149, -0.00000001347
201, 50.00000000000, 729.29997482177, 95.87807053143, 4.12500003222, 0.00000000000, 0.00000001185, -0.00000001498
202, 50.00000000000, 728.69819318778, 42.03966561339, 4.12500003222, 0.00000000000, 0.00000000078, 0.00000001380
203, 50.00000000000, 756.44150424276, -30000000.00000000000, 0.00000000000, 0.00000000000, -0.00000024601, 0.66000001198
204, 50.00000000000, 765.68247227427, -30000000.00000000000, 0.00000000000, 0.00000000000, -0.00000020833, 0.66000001198
205, 50.00000000000, 796.03420220179, 31.99582889484, 4.12500003222, 0.00000000000, 0.00000000076, -0.00000000265
206, 50.00000000000, 815.37711736674, 27.01860681024, 4.12500003222, 0.00000000000, -0.00000000212, 0.00000000903
207, 50.00000000000, 809.92369081866, 60.53140257332, 4.12500003222, 0.00000000000, 0.00000000360, -0.00000000972
208, 50.00000000000, 828.31080578097, 91.10861709605, 4.12500003222, 0.00000000000, 0.00000000746, -0.00000001043
209, 50.00000000000, 828.98274527191, 58.34986801320, 4.12500003222, 0.00000000000, -0.00000000225, 0.00000001687
210, 50.00000000000, 866.59283745094, -30000000.00000000000, 0.00000000000, 0.00000000000, 0.00000161984, 0.66000001198
211, 50.00000000000, 890.63605409679, -30000000.00000000000, 0.00000000000, 0.00000000000, 0.00000103109, 0.66000001198
212, 50.00000000000, 898.01690617351, 33.80676776418, 4.12500003222, 0.00000000000, 0.00000000401, -0.00000001451
213, 50.00000000000, 915.76837511254, -30000000.00000000000, 0.00000000000, 0.00000000000, -0.00000147500, 0.66000001198
214, 50.00000000000, 934.24813458541, 93.26210783937, 4.12500003222, 0.00000000000, -0.00000000035, 0.00000000667
215, 50.00000000000, 954.82557020271, 42.62045837415, 4.12500003222, 0.00000000000, -0.00000000001, -0.00000001560
216, 50.00000000000, 975.06468940479, 41.73194193277, 4.12500003222, 0.00000000000, 0.00000000075, -0.00000000037
217, 50.00000000000, 984.27381532761, -30000000.00000000000, 0.00000000000, 0.00000000000, -0.00000176700, 0.66000001198
218, 50.00000000000, 1003.32229807529, -30000000.00000000000, 0.00000000000, 0.00000000000, 0.00000034875, 0.66000001198
219, 50.00000000000, 1025.88273151686, -30000000.00000000000, 0.00000000000, 0.00000000000, -0.00000022594, 0.66000001198
220, 50.00000000000, 993.27397745400, 111.62563869496, 4.12500003222, 0.00000000000, 0.00000000013, 0.00000000978
221, 50.00000000000, 1044.82652047341, 37.68017518214, 4.12500003222, 0.00000000000, -0.00000000224, -0.00000001087
222, 50.00000000000, 1057.22710145107, 48.72502562941, 4.12500003222, 0.00000000000, 0.00000000469, 0.00000002202
223, 50.00000000000, 1064.41022850490, 34.43903043703, 4.12500003222, 0.00000000000, 0.00000000537, -0.00000002418
224, 50.00000000000, 1072.66608801448, 14.20072739127, 4.12500003222, 0.00000000000, -0.00000000624, 0.00000003198
225, 50.00000000000, 1106.02070200586, 23.98433833875, 4.12500003222, 0.00000000000, 0.00000001039, 0.00000001486
226, 50.00000000000, 1101.26515366213, 80.93899327794, 4.12500003222, 0.00000000000, 0.00000000218, 0.00000000497
227, 50.00000000000, 1129.49455388185, 48.69075071606, 4.12500003222, 0.00000000000, -0.00000000560, 0.00000000405
228, 50.00000000000, 1138.54770690918, 9.74495690868, 4.12500003222, 0.00000000000, 0.00000000315, -0.00000000821
229, 50.00000000000, 1156.52509137264, 16.21583811486, 4.12500003222, 0.00000000000, -0.00000000486, 0.00000001350
230, 50.00000000000, 1172.82967258052, 14.79954587106, 4.12500003222, 0.00000000000, -0.00000000876, 0.00000001285
231, 50.00000000000, 1192.03595425870, 60.67597443984, 4.12500003222, 0.00000000000, 0.00000000705, 0.00000001888
232, 50.00000000000, 1212.11876822108, 30.35656543049, 4.12500003222, 0.00000000000, -0.00000000096, -0.00000000059
233, 50.00000000000, 1206.40662435469, 53.70381560086, 4.12500003222, 0.00000000000, -0.00000000106, 0.00000002483
234, 50.00000000000, 1215.22776790218, 61.39785683608, 4.12500003222, 0.00000000000, -0.00000001039, -0.00000001836
235, 50.00000000000, 1230.45126894358, 79.56376261417, 4.12500003222, 0.00000000000, -0.00000000101, -0.00000000099
236, 50.00000000000, 1273.82662741154, 6.61714315435, 4.12500003222, 0.00000000000, 0.00000000161, 0.00000000078
237, 50.00000000000, 1255.94100563207, 76.87927303196, 4.12500003222, 0.00000000000, 0.00000000272, -0.00000002600
238, 50.00000000000, 1262.53045894899, 90.69009199430, 4.12500003222, 0.00000000000, 0.00000001250, 0.00000001994
239, 50.00000000000, 1287.69531915713, 90.62336324895, 4.12500003222, 0.00000000000, 0.00000000832, -0.00000000988
240, 50.00000000000, 94.81089826367, 45.33176860651, 4.12500003222, 0.00000000000, -0.00000000246, -0.00000001001
241, 50.00000000000, 86.86920141942, 12.08506346370, 4.12500003222, 0.00000000000, -0.00000000651, 0.00000000696
242, 50.00000000000, 107.67563757771, 25.79517919543, 4.12500003222, 0.00000000000, -0.00000000230, 0.00000002791
243, 50.00000000000, 120.06286653090, 79.21545383771, 4.12500003222, 0.00000000000, -0.00000000569, -0.00000001776
244, 50.00000000000, 136.87778508996, 80.03113952893, 4.12500003222, 0.00000000000, 0.00000000602, 0.00000001811
245, 50.00000000000, 148.90497202744, 63.71119235655, 4.12500003222, 0.00000000000, 0.00000001225, -0.00000001125
246, 50.00000000000, 161.58630208101, 21.32969453167, 4.12500003222, 0.00000000000, 0.00000000007, 0.00000000310
247, 50.00000000000, 142.64809264843, 114.30264937443, 4.12500003222, 0.00000000000, -0.00000000306, -0.00000000079
248, 50.00000000000, 155.10895212335, 76.65894247963, 4.12500003222, 0.00000000000, 0.00000000108, 0.00000001839
249, 50.00000000000, 165.66320460695, 88.84189512954, 4.12500003222, 0.00000000000, -0.00000001093, 0.00000000811
250, 50.00000000000, 216.78715011699, 26.66221020868, 4.12500003222, 0.00000000000, 0.00000000360, 0.00000004126
251, 50.00000000000, 194.71415456031, 102.46687219052, 4.12500003222, 0.00000000000, 0.00000001148, -0.00000002086
252, 50.00000000000, 259.79718482053, 52.85381455237, 4.12500003222, 0.00000000000, -0.00000000193, 0.00000000705
253, 50.00000000000, 286.45047295824, 36.49950233218, 4.12500003222, 0.00000000000, -0.00000001319, -0.00000001614
254, 50.00000000000, 251.77262382522, 122.65401347052, 4.12500003222, 0.00000000000, -0.00000000219, -0.00000000639
255, 50.00000000000, 254.76299072527, 142.65056570602, 4.12500003222, 0.00000000000, 0.00000000288, 0.00000000445
256, 50.00000000000, 280.47292897152, 167.90853413263, 4.12500003222, 0.00000000000, -0.00000000050, 0.00000000149
257, 50.00000000000, 349.13158276386, 58.72360908437, 4.12500003222, 0.00000000000, -0.00000000273, 0.00000000505
258, 50.00000000000, 370.08390718241, 73.56916398355, 4.12500003222, 0.00000000000, 0.00000000020, 0.00000000142
259, 50.00000000000, 377.93463062071, 32.08732100371, 4.12500003222, 0.00000000000, 0.00000000385, 0.00000002040
260, 50.00000000000, 394.79083471960, 46.66510776800, 4.12500003222, 0.00000000000, -0.00000000804, -0.00000003177
261, 50.00000000000, 402.92105497774, 53.48469447654, 4.12500003222, 0.00000000000, 0.00000000843, 0.00000002083
262, 50.00000000000, 388.93887788843, -30000000.00000000000, 0.00000000000, 0.00000000000, 0.00000061209, 0.66000001198
263, 50.00000000000, 449.79707956096, 86.19939379560, 4.12500003222, 0.00000000000, 0.00000000401, 0.00000001407
264, 50.00000000000, 445.20997838903, 52.44857248472, 4.12500003222, 0.00000000000, -0.00000000339, -0.00000000569
265, 50.00000000000, 465.47207518886, 80.83430900134, 4.12500003222, 0.00000000000, -0.00000000220, -0.00000000483
266, 50.00000000000, 483.49098683814, 118.06822405968, 4.12500003222, 0.00000000000, -0.00000000474, 0.00000000702
267, 50.00000000000, 505.67324551096, 88.18036283969, 4.12500003222, 0.00000000000, 0.00000000636, -0.00000001537
268, 50.00000000000, 513.27318647646, 77.46552470228, 4.12500003222, 0.00000000000, 0.00000000910, -0.00000000824
269, 50.00000000000, 537.42204978708, 58.57507328647, 4.12500003222, 0.00000000000, 0.00000000613, -0.00000002059
270, 50.00000000000, 531.84524923006, -30000000.00000000000, 0.00000000000, 0.00000000000, -0.00000014633, 0.66000001198
271, 50.00000000000, 568.87707830268, 99.63000146419, 4.12500003222, 0.00000000000, -0.00000000193, 0.00000000683
272, 50.00000000000, 575.23109257188, 61.09669154064, 4.12500003222, 0.00000000000, 0.00000000010, -0.00000000727
273, 50.00000000000, 607.70989109826, 135.89123703866, 4.12500003222, 0.00000000000, 0.00000000306, -0.00000000616
274, 50.00000000000, 617.11035971711, 103.64449489175, 4.12500003222, 0.00000000000, -0.00000000758, -0.00000001955
275, 50.00000000000, 622.32552765261, 84.33142843090, 4.12500003222, 0.00000000000, -0.00000000662, 0.00000000107
276, 50.00000000000, 629.15038711257, -30000000.00000000000, 0.00000000000, 0.00000000000, 0.00000099221, 0.66000001198
277, 50.00000000000, 665.70560989347, 71.54802519578, 4.12500003222, 0.00000000000, -0.00000000173, -0.00000000161
278, 50.00000000000, 660.57065993030, -30000000.00000000000, 0.00000000000, 0.00000000000, -0.00000089032, 0.66000001198
279, 50.00000000000, 679.56169194943, 38.41622601344, 4.12500003222, 0.00000000000, -0.00000000219, 0.00000001273
280, 50.00000000000, 694.87787975621, -30000000.00000000000, 0.00000000000, 0.00000000000, -0.00000029079, 0.66000001198
281, 50.00000000000, 720.03813770706, 78.34378602092, 4.12500003222, 0.00000000000, 0.00000000134, -0.00000001973
282, 50.00000000000, 745.01697509145, -30000000.00000000000, 0.00000000000, 0.00000000000, -0.00000014535, 0.66000001198
283, 50.00000000000, 766.13743605446, 109.80819136614, 4.12500003222, 0.00000000000, -0.00000000176, 0.00000000199
284, 50.00000000000, 775.86549006084, 71.95149063194, 4.12500003222, 0.00000000000, -0.00000000234, -0.00000001447
285, 50.00000000000, 786.29845201467, -30000000.00000000000, 0.00000000000, 0.00000000000, 0.00000050588, 0.66000001198
286, 50.00000000000, 816.97540343439, 42.76769000240, 4.12500003222, 0.00000000000, -0.00000000456, 0.00000001772
287, 50.00000000000, 835.86296993989, 38.95476085059, 4.12500003222, 0.00000000000, -0.00000000162, -0.00000000836
288, 50.00000000000, 839.46921890601, -30000000.00000000000, 0.00000000000, 0.00000000000, -0.00000101373, 0.66000001198
289, 50.00000000000, 868.73548360475, 56.26155978804, 4.12500003222, 0.00000000000, -0.00000000763, -0.00000000688
290, 50.00000000000, 859.84034270948, 76.71008329499, 4.12500003222, 0.00000000000, -0.00000000789, 0.00000000080
291, 50.00000000000, 878.46780185252, 38.96663820025, 4.12500003222, 0.00000000000, -0.00000000312, -0.00000000800
292, 50.00000000000, 905.22338823391, -30000000.00000000000, 0.00000000000, 0.00000000000, -0.00000110819, 0.66000001198
293, 50.00000000000, 916.43138530391, 84.70031910619, 4.12500003222, 0.00000000000, -0.00000000395, -0.00000000492
294, 50.00000000000, 920.81535960797, 32.23311734956, 4.12500003222, 0.00000000000, 0.00000000093, 0.00000000528
295, 50.00000000000, 941.23771254351, 23.53793595842, 4.12500003222, 0.00000000000, -0.00000000377, 0.00000001212
296, 50.00000000000, 965.47474495348, 75.21737510437, 4.12500003222, 0.00000000000, -0.00000000916, -0.00000003367
297, 50.00000000000, 976.69225017156, 63.27668207915, 4.12500003222, 0.00000000000, -0.00000000114, -0.00000001231
298, 50.00000000000, 998.37543602656, 65.39429093920, 4.12500003222, 0.00000000000, 0.00000000296, 0.00000000136
299, 50.00000000000, 1030.85399897460, -30000000.00000000000, 0.00000000000, 0.00000000000, -0.00000088796, 0.66000001198
300, 50.00000000000, 1025.05640378109, 50.60262856042, 4.12500003222, 0.00000000000, -0.00000000746, 0.00000001657
301, 50.00000000000, 1043.09571618219, 79.60977728631, 4.12500003222, 0.00000000000, -0.00000000137, -0.00000002777
302, 50.00000000000, 1045.45303273497, 61.33629486000, 4.12500003222, 0.00000000000, 0.00000001132, 0.00000000780
303, 50.00000000000, 1095.76986868288, -30000000.00000000000, 0.00000000000, 0.00000000000, -0.00000083959, 0.66000001198
304, 50.00000000000, 1076.19029621776, 56.77009866504, 4.12500003222, 0.00000000000, -0.00000000368, 0.00000003090
305, 50.00000000000, 1105.14907185733, 49.66110084697, 4.12500003222, 0.00000000000, 0.00000000571, 0.00000000878
306, 50.00000000000, 1098.35757502820, 7.32208690596, 4.12500003222, 0.00000000000, -0.00000000685, 0.00000000507
307, 50.00000000000, 1118.22054745515, 69.23394793538, 4.12500003222, 0.00000000000, -0.00000000117, -0.00000003471
308, 50.00000000000, 1148.05481898026, 48.54914332566, 4.12500003222, 0.00000000000, -0.00000000828, 0.00000003562
309, 50.00000000000, 1167.84504621313, 58.13005148621, 4.12500003222, 0.00000000000, 0.00000001147, 0.00000001811
310, 50.00000000000, 1179.33626911271, 6.06537805055, 4.12500003222, 0.00000000000, 0.00000000654, -0.00000002399
311, 50.00000000000, 1176.61699426150, 67.06032456526, 4.12500003222, 0.00000000000, -0.00000000899, 0.00000000222
312, 50.00000000000, 1215.32926086962, 7.91489445803, 4.12500003222, 0.00000000000, -0.00000000325, -0.00000000175
313, 50.00000000000, 1208.35234224271, 22.00849630696, 4.12500003222, 0.00000000000, -0.00000000051, 0.00000002314
314, 50.00000000000, 1207.27227098348, 75.61109215814, 4.12500003222, 0.00000000000, -0.00000001057, -0.00000003084
315, 50.00000000000, 1227.71117614643, 46.29193136807, 4.12500003222, 0.00000000000, -0.00000000331, -0.00000000103
316, 50.00000000000, 1239.31966332537, 83.09955949418, 4.12500003222, 0.00000000000, -0.00000001405, -0.00000004178
317, 50.00000000000, 1258.35575862374, 45.85431465683, 4.12500003222, 0.00000000000, -0.00000001027, -0.00000000318
318, 50.00000000000, 1277.24039641539, 29.45995073256, 4.12500003222, 0.00000000000, -0.00000000442, -0.00000001152
319, 50.00000000000, 1296.49999714985, 54.27716359632, 4.12500003222, 0.00000000000, 0.00000000391, -0.00000002709
320, 50.00000000000, -15.81525601760, 138.67041303585, 4.12500003222, 0.00000000000, -0.00000000000, 0.00000000000
321, 50.00000000000, 97.35806411116, 9.64156279982, 4.12500003222, 0.00000000000, 0.00000000502, -0.00000002510
322, 50.00000000000, 103.55645664970, 60.08792968493, 4.12500003222, 0.00000000000, -0.00000000046, -0.00000003578
323, 50.00000000000, 115.35990168190, 39.77869612685, 4.12500003222, 0.00000000000, -0.00000000318, 0.00000000402
324, 50.00000000000, 73.44495054972, 173.72132965282, 4.12500003222, 0.00000000000, 0.00000000000, 0.00000000000
325, 50.00000000000, 150.16400130313, 24.19972434734, 4.12500003222, 0.00000000000, 0.00000000469, -0.00000002625
326, 50.00000000000, 164.45333549475, 45.21188617338, 4.12500003222, 0.00000000000, 0.00000001411, 0.00000001396
327, 50.00000000000, 186.12415393384, 43.61383999879, 4.12500003222, 0.00000000000, -0.00000000366, -0.00000002328
328, 50.00000000000, 195.59784043609, 23.08377928344, 4.12500003222, 0.00000000000, -0.00000000426, -0.00000002082
329, 50.00000000000, 186.90185719622, 80.24768209013, 4.12500003222, 0.00000000000, -0.00000000585, -0.00000001022
330, 50.00000000000, 197.87196509203, 119.49000035789, 4.12500003222, 0.00000000000, 0.00000000162, -0.00000000701
331, 50.00000000000, 201.24401101683, 86.83391853535, 4.12500003222, 0.00000000000, 0.00000000835, 0.00000001361
332, 50.00000000000, 275.86844242398, 55.86918920357, 4.12500003222, 0.00000000000, 0.00000001107, -0.00000001321
333, 50.00000000000, 287.78190901976, 84.04307446488, 4.12500003222, 0.00000000000, 0.00000000698, 0.00000001246
334, 50.00000000000, 306.98603872251, 79.74581165706, 4.12500003222, 0.00000000000, 0.00000000036, 0.00000001500
335, 50.00000000000, 260.45769979142, 161.74009587789, 4.12500003222, 0.00000000000, -0.00000000716, 0.00000000869
336, 50.00000000000, 328.53845479217, 48.30653474277, 4.12500003222, 0.00000000000, 0.00000000919, 0.00000003750
337, 50.00000000000, 360.08237593204, 89.77406713171, 4.12500003222, 0.00000000000, -0.00000000296, 0.00000000392
338, 50.00000000000, 362.55850334139, 63.24401558445, 4.12500003222, 0.00000000000, 0.00000000393, -0.00000000294
339, 50.00000000000, 340.00595498222, -30000000.00000000000, 0.00000000000, 0.00000000000, -0.00000017105, 0.66000001198
340, 50.00000000000, 382.08926789276, 51.71301987438, 4.12500003222, 0.00000000000, -0.00000001134, 0.00000001296
341, 50.00000000000, 413.87294840670, 46.29630407260, 4.12500003222, 0.00000000000, 0.00000001433, -0.00000001324
342, 50.00000000000, 419.85515852363, 68.93035468838, 4.12500003222, 0.00000000000, -0.00000000443, 0.00000000672
343, 50.00000000000, 411.95594727245, -30000000.00000000000, 0.00000000000, 0.00000000000, 0.00000040949, 0.66000001198
344, 50.00000000000, 421.63645327278, -30000000.00000000000, 0.00000000000, 0.00000000000, 0.00000031613, 0.66000001198
345, 50.00000000000, 468.36167755794, 97.63372871705, 4.12500003222, 0.00000000000, 0.00000001466, 0.00000000380
346, 50.00000000000, 477.21172374699, 67.76865573098, 4.12500003222, 0.00000000000, -0.00000000466, 0.00000000169
347, 50.00000000000, 498.81869381264, 65.45489370189, 4.12500003222, 0.00000000000, -0.00000000214, -0.00000000308
348, 50.00000000000, 518.14715041148, 46.76020198116, 4.12500003222, 0.00000000000, -0.00000000255, -0.00000000297
349, 50.00000000000, 508.76185780467, -30000000.00000000000, 0.00000000000, 0.00000000000, 0.00000080948, 0.66000001198
350, 50.00000000000, 566.57494118660, 133.08904106136, 4.12500003222, 0.00000000000, 0.00000000392, -0.00000000292
351, 50.00000000000, 577.04673578801, 84.23384472787, 4.12500003222, 0.00000000000, 0.00000000427, 0.00000000291
352, 50.00000000000, 579.31640374402, 115.82955439247, 4.12500003222, 0.00000000000, -0.00000000135, -0.00000000798
353, 50.00000000000, 590.01952251423, 72.85774948170, 4.12500003222, 0.00000000000, 0.00000000697, -0.00000000286
354, 50.00000000000, 607.20282109824, 102.05538167939, 4.12500003222, 0.00000000000, -0.00000000250, 0.00000000993
355, 50.00000000000, 624.13146822539, 95.55573012353, 4.12500003222, 0.00000000000, 0.00000000190, -0.00000002374
356, 50.00000000000, 622.47319992684, 172.80389095497, 4.12500003222, 0.00000000000, -0.00000000455, 0.00000000378
357, 50.00000000000, 653.97652531970, 105.89756991120, 4.12500003222, 0.00000000000, -0.00000000779, 0.00000001760
358, 50.00000000000, 643.42650948101, 173.50074688788, 4.12500003222, 0.00000000000, 0.00000000328, 0.00000001137
359, 50.00000000000, 683.79355610753, -30000000.00000000000, 0.00000000000, 0.00000000000, -0.00000056277, 0.66000001198
360, 50.00000000000, 714.96881593179, 113.65366510545, 4.12500003222, 0.00000000000, -0.00000000469, 0.00000000758
361, 50.00000000000, 724.19992905498, 25.37693436072, 4.12500003222, 0.00000000000, -0.00000000188, -0.00000000348
362, 50.00000000000, 749.47141133619, 105.34345050611, 4.12500003222, 0.00000000000, 0.00000000350, 0.00000000433
363, 50.00000000000, 743.01929870845, 29.05965121710, 4.12500003222, 0.00000000000, 0.00000000301, 0.00000001019
364, 50.00000000000, 755.64324417621, 73.65116984985, 4.12500003222, 0.00000000000, 0.00000000123, -0.00000001633
365, 50.00000000000, 791.79438645887, 225.21445279546, 4.12500003222, 0.00000000000, 0.00000000195, 0.00000000725
366, 50.00000000000, 807.98956735489, -30000000.00000000000, 0.00000000000, 0.00000000000, -0.00000008405, 0.66000001198
367, 50.00000000000, 811.47827788867, -30000000.00000000000, 0.00000000000, 0.00000000000, 0.00000036708, 0.66000001198
368, 50.00000000000, 833.69649444093, -30000000.00000000000, 0.00000000000, 0.00000000000, -0.00000141773, 0.66000001198
369, 50.00000000000, 830.35515029881, 113.06196331865, 4.12500003222, 0.00000000000, -0.00000001100, 0.00000001601
370, 50.00000000000, 862.20241785305, 98.26216037874, 4.12500003222, 0.00000000000, -0.00000000268, 0.00000001933
371, 50.00000000000, 890.63339669740, -30000000.00000000000, 0.00000000000, 0.00000000000, 0.00000103162, 0.66000001198
372, 50.00000000000, 896.29164069940, 77.55231162809, 4.12500003222, 0.00000000000, -0.00000000017, 0.00000000984
373, 50.00000000000, 910.67254468297, 46.85514373317, 4.12500003222, 0.00000000000, 0.00000000321, -0.00000001470
374, 50.00000000000, 933.75475078016, 37.98828796721, 4.12500003222, 0.00000000000, 0.00000000190, -0.00000001358
375, 50.00000000000, 963.24966930524, -30000000.00000000000, 0.00000000000, 0.00000000000, 0.00000058485, 0.66000001198
376, 50.00000000000, 975.56517072570, -30000000.00000000000, 0.00000000000, 0.00000000000, -0.00000023486, 0.66000001198
377, 50.00000000000, 981.53723159353, 10.59705445914, 4.12500003222, 0.00000000000, -0.00000000010, 0.00000000662
378, 50.00000000000, 992.32941600222, 28.95140019089, 4.12500003222, 0.00000000000, -0.00000000181, -0.00000001209
379, 50.00000000000, 1008.95697207050, 70.47357161255, 4.12500003222, 0.00000000000, 0.00000000214, 0.00000000494
380, 50.00000000000, 1023.64226691129, 62.67010831368, 4.12500003222, 0.00000000000, -0.00000000687, 0.00000003446
381, 50.00000000000, 1033.95376402614, 95.69117722154, 4.12500003222, 0.00000000000, -0.00000000440, 0.00000001191
382, 50.00000000000, 1056.13984917400, 66.09824709593, 4.12500003222, 0.00000000000, -0.00000001181, -0.00000001752
383, 50.00000000000, 1066.26872944674, 71.42756526727, 4.12500003222, 0.00000000000, 0.00000000047, 0.00000001516
384, 50.00000000000, 1075.39851938783, 33.10416993929, 4.12500003222, 0.00000000000, 0.00000000357, -0.00000005080
385, 50.00000000000, 1095.13370110554, 42.96952553642, 4.12500003222, 0.00000000000, 0.00000000193, -0.00000002414
386, 50.00000000000, 1115.52206617038, 44.29219056744, 4.12500003222, 0.00000000000, -0.00000001187, 0.00000005272
387, 50.00000000000, 1117.85519823592, 11.90808160183, 4.12500003222, 0.00000000000, 0.00000000576, 0.00000001560
388, 50.00000000000, 1135.20726954868, 43.16287902771, 4.12500003222, 0.00000000000, -0.00000000604, 0.00000000108
389, 50.00000000000, 1146.92277647707, 84.64532351498, 4.12500003222, 0.00000000000, -0.00000000338, -0.00000000074
390, 50.00000000000, 1170.10319257424, 89.25460249971, 4.12500003222, 0.00000000000, 0.00000000148, 0.00000000657
391, 50.00000000000, 1180.73417183186, 76.99412388162, 4.12500003222, 0.00000000000, -0.00000001131, -0.00000006398
392, 50.00000000000, 1202.99399134581, 44.26734797368, 4.12500003222, 0.00000000000, -0.00000000056, -0.00000001451
393, 50.00000000000, 1227.80522383424, 27.29464232285, 4.12500003222, 0.00000000000, 0.00000000382, 0.00000001107
394, 50.00000000000, 1215.33996265100, 84.40888012672, 4.12500003222, 0.00000000000, 0.00000000992, 0.00000002617
395, 50.00000000000, 1228.76427070298, 63.66316556160, 4.12500003222, 0.00000000000, -0.00000000735, 0.00000004020
396, 50.00000000000, 1242.54090828435, 42.97138029064, 4.12500003222, 0.00000000000, -0.00000000459, 0.00000003288
397, 50.00000000000, 1250.90889056848, 92.80859055398, 4.12500003222, 0.00000000000, 0.00000001984, 0.00000001189
398, 50.00000000000, 1280.46739014558, 107.21786902553, 4.12500003222, 0.00000000000, 0.00000000821, 0.00000003033
399, 50.00000000000, 1277.41167468690, 42.40872525975, 4.12500003222, 0.00000000000, 0.00000001564, -0.00000002409
400, 50.00000000000, 74.55600187593, 31.58361236413, 4.12500003222, 0.00000000000, 0.00000000346, -0.00000000267
401, 50.00000000000, 83.87620574749, 53.55546934933, 4.12500003222, 0.00000000000, 0.00000000219, -0.00000000735
402, 50.00000000000, 110.58330328030, 97.35613030824, 4.12500003222, 0.00000000000, 0.00000000719, 0.00000001864
403, 50.00000000000, 112.87915082198, 61.58036334046, 4.12500003222, 0.00000000000, 0.00000000080, -0.00000002597
404, 50.00000000000, 136.16802060489, 62.27150912921, 4.12500003222, 0.00000000000, 0.00000000766, -0.00000003526
405, 50.00000000000, 139.61568937019, 11.36565197202, 4.12500003222, 0.00000000000, 0.00000000333, 0.00000000055
406, 50.00000000000, 161.62380664900, 33.13369225933, 4.12500003222, 0.00000000000, 0.00000002203, 0.00000002229
407, 50.00000000000, 148.10228832400, 95.60515648381, 4.12500003222, 0.00000000000, 0.00000000424, -0.00000001064
408, 50.00000000000, 173.71275435766, 65.44109645684, 4.12500003222, 0.00000000000, -0.00000000545, 0.00000000027
409, 50.00000000000, 191.35892785549, 66.16196325243, 4.12500003222, 0.00000000000, -0.00000000518, -0.00000001609
410, 50.00000000000, 177.98461299254, 87.36447603327, 4.12500003222, 0.00000000000, -0.00000000417, -0.00000000946
411, 50.00000000000, 204.71418049420, 255.57111403458, 4.12500003222, 0.00000000000, 0.00000000000, 0.00000000000
412, 50.00000000000, 235.40685121459, 134.50486632290, 4.12500003222, 0.00000000000, 0.00000000104, -0.00000000877
413, 50.00000000000, 234.67611552191, 223.43622570225, 4.12500003222, 0.00000000000, 0.00000000000, 0.00000000000
414, 50.00000000000, 293.71561509523, 67.91104805985, 4.12500003222, 0.00000000000, -0.00000000477, -0.00000001860
415, 50.00000000000, 326.04747264619, 79.54575191693, 4.12500003222, 0.00000000000, 0.00000000074, 0.00000002330
416, 50.00000000000, 322.02284041883, 15.29947456397, 4.12500003222, 0.00000000000, -0.00000000169, 0.00000002651
417, 50.00000000000, 342.10059348583, 28.82150364479, 4.12500003222, 0.00000000000, -0.00000000308, 0.00000000293
418, 50.00000000000, 322.42956292726, -30000000.00000000000, 0.00000000000, 0.00000000000, 0.00000072823, 0.66000001198
419, 50.00000000000, 339.49563006144, -30000000.00000000000, 0.00000000000, 0.00000000000, -0.00000011559, 0.66000001198
420, 50.00000000000, 353.13639307633, 173.49523989245, 4.12500003222, 0.00000000000, 0.00000000000, 0.00000000000
421, 50.00000000000, 410.98176066730, 109.66169958771, 4.12500003222, 0.00000000000, 0.00000000378, 0.00000002395
422, 50.00000000000, 425.19430812396, 126.01927822702, 4.12500003222, 0.00000000000, 0.00000000024, -0.00000002594
423, 50.00000000000, 405.77340567594, -30000000.00000000000, 0.00000000000, 0.00000000000, 0.00000163363, 0.66000001198
424, 50.00000000000, 445.87250714976, 122.08654708988, 4.12500003222, 0.00000000000, 0.00000000579, 0.00000000193
425, 50.00000000000, 431.99413008865, -30000000.00000000000, 0.00000000000, 0.00000000000, -0.00000150851, 0.66000001198
426, 50.00000000000, 481.73071687216, 60.73485462101, 4.12500003222, 0.00000000000, -0.00000000212, -0.00000001221
427, 50.00000000000, 460.87522417579, 216.97697091622, 4.12500003222, 0.00000000000, 0.00000000282, 0.00000000697
428, 50.00000000000, 526.24821561034, 77.74924087544, 4.12500003222, 0.00000000000, 0.00000000017, 0.00000001367
429, 50.00000000000, 507.52694227155, -30000000.00000000000, 0.00000000000, 0.00000000000, 0.00000032952, 0.66000001198
430, 50.00000000000, 556.90885206874, 115.60422780861, 4.12500003222, 0.00000000000, 0.00000000858, -0.00000001593
431, 50.00000000000, 553.18958453286, 93.45648936546, 4.12500003222, 0.00000000000, 0.00000000135, -0.00000000423
432, 50.00000000000, 567.79009194951, -30000000.00000000000, 0.00000000000, 0.00000000000, -0.00000171706, 0.66000001198
433, 50.00000000000, 600.54985771182, 88.89730394977, 4.12500003222, 0.00000000000, -0.00000000542, 0.00000000575
434, 50.00000000000, 595.83086126341, 149.21526565031, 4.12500003222, 0.00000000000, 0.00000000078, -0.00000001918
435, 50.00000000000, 629.50764967179, 72.99825363650, 4.12500003222, 0.00000000000, -0.00000001197, -0.00000000757
436, 50.00000000000, 645.13551422051, 84.79425075365, 4.12500003222, 0.00000000000, 0.00000000416, -0.00000002144
437, 50.00000000000, 662.57402379939, 88.51060400524, 4.12500003222, 0.00000000000, 0.00000000938, -0.00000001896
438, 50.00000000000, 664.09120505216, 55.32084076314, 4.12500003222, 0.00000000000, -0.00000000076, -0.00000001552
439, 50.00000000000, 688.14575276779, 59.36935199295, 4.12500003222, 0.00000000000, -0.00000000780, -0.00000002236
440, 50.00000000000, 702.41133338348, 73.64231323321, 4.12500003222, 0.00000000000, 0.00000001061, 0.00000003244
441, 50.00000000000, 718.97314057585, -30000000.00000000000, 0.00000000000, 0.00000000000, -0.00000019778, 0.66000001198
442, 50.00000000000, 730.38082713688, -30000000.00000000000, 0.00000000000, 0.00000000000, 0.00000005238, 0.66000001198
443, 50.00000000000, 755.49425022761, 39.27491637770, 4.12500003222, 0.00000000000, -0.00000000904, 0.00000000463
444, 50.00000000000, 749.24527732305, 124.38242815294, 4.12500003222, 0.00000000000, 0.00000000516, 0.00000000490
445, 50.00000000000, 787.07982999909, 55.12519766055, 4.12500003222, 0.00000000000, -0.00000000085, -0.00000000800
446, 50.00000000000, 805.08764449291, 91.85283253194, 4.12500003222, 0.00000000000, -0.00000000298, 0.00000002010
447, 50.00000000000, 797.26317992174, 71.10762701658, 4.12500003222, 0.00000000000, -0.00000000228, 0.00000001892
448, 50.00000000000, 820.89946299783, 101.80778062986, 4.12500003222, 0.00000000000, -0.00000000630, -0.00000002121
449, 50.00000000000, 857.20446946897, 38.29770662793, 4.12500003222, 0.00000000000, 0.00000000043, 0.00000000214
450, 50.00000000000, 843.39128293937, 149.14285030726, 4.12500003222, 0.00000000000, -0.00000000036, 0.00000000598
451, 50.00000000000, 878.87871008725, 70.89203475418, 4.12500003222, 0.00000000000, -0.00000000072, 0.00000001429
452, 50.00000000000, 906.72404817217, -30000000.00000000000, 0.00000000000, 0.00000000000, -0.00000081974, 0.66000001198
453, 50.00000000000, 882.21866976024, 185.89992355833, 4.12500003222, 0.00000000000, 0.00000000122, 0.00000001490
454, 50.00000000000, 932.79156009893, 70.44757997869, 4.12500003222, 0.00000000000, 0.00000000150, 0.00000002234
455, 50.00000000000, 960.53549386189, -30000000.00000000000, 0.00000000000, 0.00000000000, 0.00000106156, 0.66000001198
456, 50.00000000000, 953.91543816163, 64.30014742421, 4.12500003222, 0.00000000000, 0.00000000520, 0.00000001459
457, 50.00000000000, 993.12444048294, 215.56856708808, 4.12500003222, 0.00000000000, 0.00000000000, 0.00000000000
458, 50.00000000000, 978.16351255192, 93.93980127473, 4.12500003222, 0.00000000000, -0.00000000434, -0.00000000377
459, 50.00000000000, 1001.17765941194, 88.00843234723, 4.12500003222, 0.00000000000, 0.00000000070, -0.00000000758
460, 50.00000000000, 1011.56939588265, 103.88325763515, 4.12500003222, 0.00000000000, 0.00000000166, -0.00000000182
461, 50.00000000000, 1036.02981645013, 59.13752984293, 4.12500003222, 0.00000000000, 0.00000000682, -0.00000000030
462, 50.00000000000, 1029.08910151773, 109.51709561940, 4.12500003222, 0.00000000000, 0.00000000124, -0.00000000414
463, 50.00000000000, 1065.99886052192, 113.28532007664, 4.12500003222, 0.00000000000, 0.00000000081, -0.00000000052
464, 50.00000000000, 1084.10251404828, 24.36199119961, 4.12500003222, 0.00000000000, -0.00000001510, 0.00000002679
465, 50.00000000000, 1098.72301624599, 60.87453454277, 4.12500003222, 0.00000000000, 0.00000000502, -0.00000002397
466, 50.00000000000, 1113.25195037932, 59.14686912158, 4.12500003222, 0.00000000000, 0.00000000787, 0.00000000134
467, 50.00000000000, 1125.21089589352, 59.62101557930, 4.12500003222, 0.00000000000, -0.00000000536, 0.00000000301
468, 50.00000000000, 1136.72541412196, 80.65239483699, 4.12500003222, 0.00000000000, 0.00000000392, -0.00000001205
469, 50.00000000000, 1152.13794839169, 99.15545776886, 4.12500003222, 0.00000000000, -0.00000000887, -0.00000000559
470, 50.00000000000, 1158.91499757647, 78.60501473850, 4.12500003222, 0.00000000000, 0.00000000035, -0.00000000836
471, 50.00000000000, 1194.88760306376, 36.01191777199, 4.12500003222, 0.00000000000, -0.00000000881, 0.00000000163
472, 50.00000000000, 1162.10287757044, 130.89433449881, 4.12500003222, 0.00000000000, -0.00000000011, -0.00000000442
473, 50.00000000000, 1195.15893419247, 92.92680815368, 4.12500003222, 0.00000000000, -0.00000000370, 0.00000001300
474, 50.00000000000, 1221.42672318252, 69.61211187252, 4.12500003222, 0.00000000000, 0.00000000798, 0.00000000632
475, 50.00000000000, 1261.68760619883, 14.08902194863, 4.12500003222, 0.00000000000, 0.00000000164, 0.00000003766
476, 50.00000000000, 1227.04007526212, 89.71915269734, 4.12500003222, 0.00000000000, -0.00000000447, -0.00000000905
477, 50.00000000000, 1256.99681026724, 131.52099379164, 4.12500003222, 0.00000000000, 0.00000000135, 0.00000001643
478, 50.00000000000, 1269.32851202343, 75.13371709677, 4.12500003222, 0.00000000000, 0.00000000280, 0.00000000977
479, 50.00000000000, 1290.37557593076, 71.51135900911, 4.12500003222, 0.00000000000, -0.00000000189, 0.00000004524
480, 50.00000000000, 69.85676886086, 46.59363003122, 4.12500003222, 0.00000000000, -0.00000000119, -0.00000000837
481, 50.00000000000, 91.53440614186, 93.03930016356, 4.12500003222, 0.00000000000, 0.00000000148, -0.00000001468
482, 50.00000000000, 106.92914710319, 42.79222434809, 4.12500003222, 0.00000000000, -0.00000000396, 0.00000002542
483, 50.00000000000, 120.56581521324, 45.85213594556, 4.12500003222, 0.00000000000, 0.00000001170, 0.00000000313
484, 50.00000000000, 121.02308678249, 116.81309777620, 4.12500003222, 0.00000000000, -0.00000000748, -0.00000002933
485, 50.00000000000, 145.74714294804, 48.88874923661, 4.12500003222, 0.00000000000, -0.00000000684, -0.00000001771
486, 50.00000000000, 166.87738435282, 57.05188510863, 4.12500003222, 0.00000000000, -0.00000000450, 0.00000000373
487, 50.00000000000, 182.42653818350, 7.49602278289, 4.12500003222, 0.00000000000, -0.00000000295, -0.00000001332
488, 50.00000000000, 157.75485831217, 127.15158830370, 4.12500003222, 0.00000000000, 0.00000000367, 0.00000000150
489, 50.00000000000, 168.77578003792, 71.20541656592, 4.12500003222, 0.00000000000, -0.00000000108, -0.00000002014
490, 50.00000000000, 221.50368248084, 41.78413919385, 4.12500003222, 0.00000000000, -0.00000000169, 0.00000001043
491, 50.00000000000, 216.87526678288, 126.33332113691, 4.12500003222, 0.00000000000, 0.00000000163, -0.00000001560
492, 50.00000000000, 213.72135206979, 104.99779749638, 4.12500003222, 0.00000000000, -0.00000000218, 0.00000001086
493, 50.00000000000, 274.06406812792, 70.91303210951, 4.12500003222, 0.00000000000, 0.00000000144, -0.00000001539
494, 50.00000000000, 287.51716308524, 12.76007991242, 4.12500003222, 0.00000000000, 0.00000000012, -0.00000000752
495, 50.00000000000, 305.81581623825, 45.54243952135, 4.12500003222, 0.00000000000, 0.00000000530, 0.00000002884
496, 50.00000000000, 320.17351179985, 27.29794004868, 4.12500003222, 0.00000000000, -0.00000000001, 0.00000002870
497, 50.00000000000, 357.95084452811, 71.21678726488, 4.12500003222, 0.00000000000, 0.00000000623, -0.00000000673
498, 50.00000000000, 370.60364814836, 53.02550196872, 4.12500003222, 0.00000000000, -0.00000000650, -0.00000001631
499, 50.00000000000, 380.65416193500, 75.01238744251, 4.12500003222, 0.00000000000, -0.00000000209, -0.00000000819
500, 50.00000000000, 395.87413574041, 31.98357117739, 4.12500003222, 0.00000000000, -0.00000000410, -0.00000000316
501, 50.00000000000, 418.43375328740, 102.46084875102, 4.12500003222, 0.00000000000, 0.00000000002, -0.00000000097
502, 50.00000000000, 420.67885759646, 54.14293273883, 4.12500003222, 0.00000000000, -0.00000000941, -0.00000002230
503, 50.00000000000, 444.81102721140, 71.59939849229, 4.12500003222, 0.00000000000, 0.00000000328, -0.00000000880
504, 50.00000000000, 421.88715905444, -30000000.00000000000, 0.00000000000, 0.00000000000, 0.00000027989, 0.66000001198
505, 50.00000000000, 452.12309463606, 199.04106977067, 4.12500003222, 0.00000000000, -0.00000000500, -0.00000001009
506, 50.00000000000, 472.71846815200, 199.60917517640, 4.12500003222, 0.00000000000, 0.00000000121, 0.00000000550
507, 50.00000000000, 499.96332892713, 57.41388809494, 4.12500003222, 0.00000000000, -0.00000000416, -0.00000001759
508, 50.00000000000, 515.54986449900, 94.83872391205, 4.12500003222, 0.00000000000, 0.00000000417, -0.00000000625
509, 50.00000000000, 493.39652779229, 202.86428021660, 4.12500003222, 0.00000000000, -0.00000000115, -0.00000000135
510, 50.00000000000, 529.65376166794, -30000000.00000000000, 0.00000000000, 0.00000000000, 0.00000028521, 0.66000001198
511, 50.00000000000, 559.31998555233, 154.02048931969, 4.12500003222, 0.00000000000, -0.00000000794, -0.00000001866
512, 50.00000000000, 581.99135260739, 164.17250142357, 4.12500003222, 0.00000000000, 0.00000000571, 0.00000001544
513, 50.00000000000, 602.26590689244, 124.79078618734, 4.12500003222, 0.00000000000, -0.00000000515, 0.00000000416
514, 50.00000000000, 614.85010583535, 116.89742750357, 4.12500003222, 0.00000000000, -0.00000000405, -0.00000001390
515, 50.00000000000, 625.44295241812, 135.99598419059, 4.12500003222, 0.00000000000, 0.00000000682, 0.00000000615
516, 50.00000000000, 633.52634916971, -30000000.00000000000, 0.00000000000, 0.00000000000, 0.00000124373, 0.66000001198
517, 50.00000000000, 648.39238767137, 69.47994071213, 4.12500003222, 0.00000000000, 0.00000000663, 0.00000000249
518, 50.00000000000, 663.63053279300, 176.04409148626, 4.12500003222, 0.00000000000, -0.00000000327, -0.00000000968
519, 50.00000000000, 680.59701637269, 75.30767924351, 4.12500003222, 0.00000000000, -0.00000000246, 0.00000002712
520, 50.00000000000, 701.66737116100, -30000000.00000000000, 0.00000000000, 0.00000000000, -0.00000054288, 0.66000001198
521, 50.00000000000, 736.56727270357, 86.56475632966, 4.12500003222, 0.00000000000, -0.00000001092, 0.00000000616
522, 50.00000000000, 746.96788095572, 54.65414047124, 4.12500003222, 0.00000000000, -0.00000000130, -0.00000003469
523, 50.00000000000, 747.66260697377, -30000000.00000000000, 0.00000000000, 0.00000000000, -0.00000066804, 0.66000001198
524, 50.00000000000, 776.81790947888, 211.70559080051, 4.12500003222, 0.00000000000, -0.00000000160, -0.00000000326
525, 50.00000000000, 780.60005647343, -30000000.00000000000, 0.00000000000, 0.00000000000, -0.00000020647, 0.66000001198
526, 50.00000000000, 786.62521395754, 104.91432081834, 4.12500003222, 0.00000000000, 0.00000000113, -0.00000000057
527, 50.00000000000, 817.99243252861, 77.48877295677, 4.12500003222, 0.00000000000, 0.00000000766, -0.00000000973
528, 50.00000000000, 818.81330544458, 126.44727769944, 4.12500003222, 0.00000000000, 0.00000000452, 0.00000001047
529, 50.00000000000, 839.74513745462, 129.73113469230, 4.12500003222, 0.00000000000, -0.00000000177, 0.00000003458
530, 50.00000000000, 859.69961592218, 136.44091027188, 4.12500003222, 0.00000000000, -0.00000000038, 0.00000000353
531, 50.00000000000, 878.73023564484, 89.04881776527, 4.12500003222, 0.00000000000, 0.00000000513, -0.00000000616
532, 50.00000000000, 913.89300562644, -30000000.00000000000, 0.00000000000, 0.00000000000, -0.00000106621, 0.66000001198
533, 50.00000000000, 925.19126907033, 54.06370457381, 4.12500003222, 0.00000000000, 0.00000000137, -0.00000000853
534, 50.00000000000, 917.71407925984, 185.98896977555, 4.12500003222, 0.00000000000, 0.00000000346, -0.00000000419
535, 50.00000000000, 947.97204616714, 81.56703838235, 4.12500003222, 0.00000000000, -0.00000000142, -0.00000000580
536, 50.00000000000, 968.76848081961, 85.40235463953, 4.12500003222, 0.00000000000, 0.00000001317, 0.00000003353
537, 50.00000000000, 959.77771942888, 10.53972546954, 4.12500003222, 0.00000000000, -0.00000000377, 0.00000003331
538, 50.00000000000, 990.00270329060, 55.00051352973, 4.12500003222, 0.00000000000, -0.00000000536, 0.00000002241
539, 50.00000000000, 1006.83153701443, 46.26625018721, 4.12500003222, 0.00000000000, -0.00000001199, -0.00000001578
540, 50.00000000000, 1022.81978749958, 38.82666174042, 4.12500003222, 0.00000000000, 0.00000000874, -0.00000003172
541, 50.00000000000, 1044.06565938942, 46.60527712655, 4.12500003222, 0.00000000000, 0.00000001004, 0.00000000367
542, 50.00000000000, 1053.05834475892, 27.48767166800, 4.12500003222, 0.00000000000, 0.00000000082, -0.00000001649
543, 50.00000000000, 1098.15561847898, 207.26564793548, 4.12500003222, 0.00000000000, 0.00000000000, 0.00000000000
544, 50.00000000000, 1087.55531834833, 63.16365561184, 4.12500003222, 0.00000000000, -0.00000000664, -0.00000001216
545, 50.00000000000, 1133.78621629847, 189.60100634393, 4.12500003222, 0.00000000000, -0.00000000347, -0.00000000433
546, 50.00000000000, 1146.39371283565, 205.56493546361, 4.12500003222, 0.00000000000, 0.00000000347, 0.00000000433
547, 50.00000000000, 1123.50483291936, 25.63203216321, 4.12500003222, 0.00000000000, -0.00000000358, -0.00000002359
548, 50.00000000000, 1132.88786729658, 100.62929103988, 4.12500003222, 0.00000000000, -0.00000000308, 0.00000000178
549, 50.00000000000, 1164.66153689396, 48.09812504120, 4.12500003222, 0.00000000000, 0.00000000507, -0.00000003524
550, 50.00000000000, 1184.22363245731, 51.94645608973, 4.12500003222, 0.00000000000, -0.00000000045, -0.00000000266
551, 50.00000000000, 1166.09593563190, 111.26662841016, 4.12500003222, 0.00000000000, 0.00000000184, 0.00000001188
552, 50.00000000000, 1198.49892987241, 69.75576308022, 4.12500003222, 0.00000000000, 0.00000001269, -0.00000000018
553, 50.00000000000, 1208.42578845675, 92.48372059561, 4.12500003222, 0.00000000000, 0.00000000565, 0.00000000574
554, 50.00000000000, 1213.19166821191, 106.97728750849, 4.12500003222, 0.00000000000, 0.00000000651, -0.00000000856
555, 50.00000000000, 1229.00426174821, 102.67719186871, 4.12500003222, 0.00000000000, -0.00000000834, 0.00000000463
556, 50.00000000000, 1242.42339633586, 116.11094477746, 4.12500003222, 0.00000000000, -0.00000000063, -0.00000000435
557, 50.00000000000, 1252.10891431209, 151.77543803765, 4.12500003222, 0.00000000000, 0.00000000025, 0.00000000085
558, 50.00000000000, 1267.93436644849, 98.63995282677, 4.12500003222, 0.00000000000, -0.00000002433, -0.00000000503
559, 50.00000000000, 1280.12022461232, 52.79770387365, 4.12500003222, 0.00000000000, 0.00000000827, -0.00000004983
560, 50.00000000000, 80.12431189442, 78.49148164392, 4.12500003222, 0.00000000000, -0.00000000131, 0.00000001170
561, 50.00000000000, 27.40234885013, 316.06688442619, 4.12500003222, 0.00000000000, 0.00000000000, 0.00000000000
562, 50.00000000000, 104.06863382550, 78.07424394894, 4.12500003222, 0.00000000000, -0.00000000083, 0.00000003587
563, 50.00000000000, 129.23538040112, 98.13261105453, 4.12500003222, 0.00000000000, -0.00000000262, 0.00000001761
564, 50.00000000000, 99.43063529487, 113.37392137100, 4.12500003222, 0.00000000000, 0.00000000564, -0.00000000546
565, 50.00000000000, 147.96883222282, 31.57659741862, 4.12500003222, 0.00000000000, -0.00000000728, -0.00000001645
566, 50.00000000000, 156.64912558372, 55.52334254230, 4.12500003222, 0.00000000000, -0.00000000507, 0.00000004690
567, 50.00000000000, 136.33973149838, 132.48394672982, 4.12500003222, 0.00000000000, 0.00000001142, -0.00000000379
568, 50.00000000000, 163.68792152262, 107.53316102708, 4.12500003222, 0.00000000000, -0.00000000486, -0.00000000663
569, 50.00000000000, 182.16069013304, 102.15185590466, 4.12500003222, 0.00000000000, 0.00000000381, 0.00000001263
570, 50.00000000000, 178.57913334020, 120.27144670600, 4.12500003222, 0.00000000000, -0.00000000289, 0.00000001574
571, 50.00000000000, 218.66173322651, 146.63202027349, 4.12500003222, 0.00000000000, 0.00000000010, 0.00000000069
572, 50.00000000000, 268.32965149770, 39.87971842661, 4.12500003222, 0.00000000000, -0.00000000708, -0.00000002538
573, 50.00000000000, 232.88963371779, 113.16429493574, 4.12500003222, 0.00000000000, 0.00000000246, 0.00000001163
574, 50.00000000000, 294.72072294301, 59.82421311564, 4.12500003222, 0.00000000000, -0.00000000472, -0.00000000392
575, 50.00000000000, 306.68710297739, 25.27741479009, 4.12500003222, 0.00000000000, 0.00000001348, -0.00000000476
576, 50.00000000000, 274.93585343816, 148.28731316109, 4.12500003222, 0.00000000000, 0.00000000427, -0.00000001070
577, 50.00000000000, 347.27126682258, 80.99140667213, 4.12500003222, 0.00000000000, 0.00000000156, -0.00000001533
578, 50.00000000000, 320.24312966861, 206.65943117764, 4.12500003222, 0.00000000000, 0.00000000000, 0.00000000000
579, 50.00000000000, 389.04142872808, 116.70523653694, 4.12500003222, 0.00000000000, 0.00000000281, 0.00000001119
580, 50.00000000000, 401.77352802183, 67.08287505992, 4.12500003222, 0.00000000000, -0.00000000267, 0.00000002295
581, 50.00000000000, 407.70237634385, 123.28686616398, 4.12500003222, 0.00000000000, 0.00000000168, -0.00000001439
582, 50.00000000000, 390.77758831900, 206.07803684643, 4.12500003222, 0.00000000000, 0.00000000000, 0.00000000000
583, 50.00000000000, 433.40636364482, 71.86127520512, 4.12500003222, 0.00000000000, 0.00000000136, -0.00000003526
584, 50.00000000000, 451.97549793242, 102.39675635718, 4.12500003222, 0.00000000000, -0.00000000309, 0.00000001187
585, 50.00000000000, 442.52616531724, -30000000.00000000000, 0.00000000000, 0.00000000000, -0.00000187657, 0.66000001198
586, 50.00000000000, 476.38647066770, 102.58498104919, 4.12500003222, 0.00000000000, -0.00000000543, -0.00000002004
587, 50.00000000000, 480.96425961828, 218.55145664876, 4.12500003222, 0.00000000000, 0.00000000213, -0.00000000102
588, 50.00000000000, 517.02913692662, 70.12738362185, 4.12500003222, 0.00000000000, -0.00000000163, 0.00000003572
589, 50.00000000000, 532.90940731552, 65.55692123086, 4.12500003222, 0.00000000000, -0.00000000530, 0.00000002585
590, 50.00000000000, 548.69818752189, 75.25442613337, 4.12500003222, 0.00000000000, -0.00000000352, 0.00000001292
591, 50.00000000000, 565.93882155541, 171.81476135169, 4.12500003222, 0.00000000000, 0.00000000337, -0.00000000494
592, 50.00000000000, 586.40560954211, 132.57011908320, 4.12500003222, 0.00000000000, -0.00000000256, 0.00000001005
593, 50.00000000000, 608.58051342938, 81.78262218797, 4.12500003222, 0.00000000000, -0.00000000268, 0.00000002390
594, 50.00000000000, 614.98216119691, 153.80884973749, 4.12500003222, 0.00000000000, 0.00000000344, 0.00000000451
595, 50.00000000000, 637.27861047666, 116.33216365332, 4.12500003222, 0.00000000000, 0.00000000501, 0.00000000539
596, 50.00000000000, 640.08228710866, 93.01598333439, 4.12500003222, 0.00000000000, -0.00000001013, 0.00000001139
597, 50.00000000000, 634.71400114988, 155.34670946261, 4.12500003222, 0.00000000000, -0.00000000360, -0.00000002283
598, 50.00000000000, 667.19049989530, -30000000.00000000000, 0.00000000000, 0.00000000000, -0.00000021048, 0.66000001198
599, 50.00000000000, 655.43304702123, 156.60629648022, 4.12500003222, 0.00000000000, 0.00000000376, 0.00000001007
600, 50.00000000000, 703.58707089712, -30000000.00000000000, 0.00000000000, 0.00000000000, -0.00000033473, 0.66000001198
601, 50.00000000000, 728.82003056630, 129.27906961819, 4.12500003222, 0.00000000000, 0.00000000075, -0.00000000081
602, 50.00000000000, 737.11173103068, 47.05939145134, 4.12500003222, 0.00000000000, 0.00000000693, -0.00000001276
603, 50.00000000000, 762.33613964542, -30000000.00000000000, 0.00000000000, 0.00000000000, 0.00000045388, 0.66000001198
604, 50.00000000000, 766.63978946644, 54.98269171079, 4.12500003222, 0.00000000000, 0.00000000081, 0.00000000995
605, 50.00000000000, 787.12695930406, 87.09446385817, 4.12500003222, 0.00000000000, -0.00000000011, 0.00000000284
606, 50.00000000000, 796.84909928948, 205.71277859764, 4.12500003222, 0.00000000000, -0.00000000035, -0.00000000400
607, 50.00000000000, 806.19145162211, 113.06389660259, 4.12500003222, 0.00000000000, -0.00000000402, -0.00000001773
608, 50.00000000000, 842.31659798325, 108.01706856633, 4.12500003222, 0.00000000000, 0.00000000276, -0.00000002385
609, 50.00000000000, 854.23925227398, 116.53373210791, 4.12500003222, 0.00000000000, 0.00000001681, -0.00000001724
610, 50.00000000000, 861.96495919862, 157.06933957116, 4.12500003222, 0.00000000000, -0.00000000257, 0.00000000228
611, 50.00000000000, 878.55624328540, 145.48480154740, 4.12500003222, 0.00000000000, 0.00000000033, -0.00000000719
612, 50.00000000000, 880.84932430995, 166.09021866910, 4.12500003222, 0.00000000000, -0.00000000014, -0.00000001122
613, 50.00000000000, 911.00124841453, 66.36342181197, 4.12500003222, 0.00000000000, 0.00000000222, 0.00000000311
614, 50.00000000000, 900.20138689721, 196.18500315718, 4.12500003222, 0.00000000000, -0.00000000540, 0.00000000343
615, 50.00000000000, 956.04698253499, 97.51310746889, 4.12500003222, 0.00000000000, 0.00000000504, -0.00000000573
616, 50.00000000000, 966.79978660116, 51.25318142612, 4.12500003222, 0.00000000000, -0.00000000340, -0.00000000853
617, 50.00000000000, 971.81659462180, 109.43026878085, 4.12500003222, 0.00000000000, -0.00000000367, 0.00000000517
618, 50.00000000000, 989.93356168830, 97.57891361541, 4.12500003222, 0.00000000000, -0.00000000383, -0.00000001330
619, 50.00000000000, 1012.25219396385, 54.68544138633, 4.12500003222, 0.00000000000, -0.00000000172, 0.00000003685
620, 50.00000000000, 1027.69930924510, 74.21332409296, 4.12500003222, 0.00000000000, -0.00000000551, -0.00000000439
621, 50.00000000000, 1032.04136525581, 24.92739180235, 4.12500003222, 0.00000000000, 0.00000000343, 0.00000000326
622, 50.00000000000, 1045.83258435798, 116.61167500850, 4.12500003222, 0.00000000000, 0.00000000064, 0.00000000334
623, 50.00000000000, 1051.16830939383, 98.79181913065, 4.12500003222, 0.00000000000, 0.00000000152, 0.00000000176
624, 50.00000000000, 1082.88263665027, 44.40326799171, 4.12500003222, 0.00000000000, 0.00000000611, -0.00000002310
625, 50.00000000000, 1083.54813069529, 78.73202405385, 4.12500003222, 0.00000000000, -0.00000000177, -0.00000000981
626, 50.00000000000, 1115.37559816505, 93.04002003505, 4.12500003222, 0.00000000000, -0.00000000298, 0.00000001001
627, 50.00000000000, 1123.45119515927, 80.66786593119, 4.12500003222, 0.00000000000, 0.00000000730, 0.00000000638
628, 50.00000000000, 1147.17203482083, 60.95825127085, 4.12500003222, 0.00000000000, -0.00000000484, -0.00000002276
629, 50.00000000000, 1158.23580659296, 69.02029920588, 4.12500003222, 0.00000000000, 0.00000000293, 0.00000003669
630, 50.00000000000, 1183.22615124927, 44.00254874132, 4.12500003222, 0.00000000000, -0.00000000244, -0.00000003387
631, 50.00000000000, 1179.08644264372, 142.10747119940, 4.12500003222, 0.00000000000, -0.00000000134, 0.00000001026
632, 50.00000000000, 1191.24277360962, 83.60429559437, 4.12500003222, 0.00000000000, 0.00000001285, 0.00000002983
633, 50.00000000000, 1196.33436679644, 109.82753183201, 4.12500003222, 0.00000000000, -0.00000000154, -0.00000000157
634, 50.00000000000, 1232.30013910592, 157.15514711871, 4.12500003222, 0.00000000000, 0.00000000142, -0.00000000524
635, 50.00000000000, 1223.62769529721, 123.97168109478, 4.12500003222, 0.00000000000, -0.00000001205, -0.00000003558
636, 50.00000000000, 1245.75200555502, 74.09661128278, 4.12500003222, 0.00000000000, -0.00000001033, -0.00000000908
637, 50.00000000000, 1237.83812836422, 137.00999246159, 4.12500003222, 0.00000000000, 0.00000001239, 0.00000002238
638, 50.00000000000, 1280.16660602704, 20.14640593208, 4.12500003222, 0.00000000000, -0.00000001319, 0.00000003610
639, 50.00000000000, 1295.45384636745, 34.85319572430, 4.12500003222, 0.00000000000, -0.00000000588, 0.00000000976
