0, 50.00000000000, 58.24025154236, 74.14754142931, 4.12500003222, 0.00000000000, 0.00000000037, 0.00000000882
1, 50.00000000000, 31.17842742412, 216.63916924845, 4.12500003222, 0.00000000000, 0.00000000000, 0.00000000000
2, 50.00000000000, 97.97036479029, 9.91620113115, 4.12500003222, 0.00000000000, -0.00000000082, -0.00000000433
3, 50.00000000000, 115.53838938786, 66.13974681346, 4.12500003222, 0.00000000000, -0.00000000374, -0.00000000692
4, 50.00000000000, 126.82411658581, 30.11251341416, 4.12500003222, 0.00000000000, 0.00000000964, 0.00000001625
5, 50.00000000000, 141.99189228781, 42.52406460884, 4.12500003222, 0.00000000000, -0.00000001386, -0.00000000039
6, 50.00000000000, 158.96487276688, 26.24702606508, 4.12500003222, 0.00000000000, 0.00000000265, -0.00000004304
7, 50.00000000000, 162.76874301424, 13.83494964451, 4.12500003222, 0.00000000000, 0.00000001354, -0.00000002668
8, 50.00000000000, 187.10561937902, 8.78209532671, 4.12500003222, 0.00000000000, -0.00000000179, 0.00000003752
9, 50.00000000000, 191.16627692041, 49.92061387999, 4.12500003222, 0.00000000000, -0.00000000113, 0.00000003547
10, 50.00000000000, 207.83357414459, 4.91101902372, 4.12500003222, 0.00000000000, -0.00000000389, 0.00000004168
11, 50.00000000000, 244.56278010535, 21.42797157571, 4.12500003222, 0.00000000000, 0.00000000314, 0.00000000363
12, 50.00000000000, 242.53254057098, 9.22030688433, 4.12500003222, 0.00000000000, 0.00000000277, -0.00000001389
13, 50.00000000000, 279.08164151988, 24.67649225495, 4.12500003222, 0.00000000000, 0.00000000316, 0.00000002781
14, 50.00000000000, 290.32254491728, 29.26314128039, 4.12500003222, 0.00000000000, -0.00000000473, -0.00000003196
15, 50.00000000000, 308.99080750565, 38.17738941592, 4.12500003222, 0.00000000000, 0.00000000043, -0.00000001765
16, 50.00000000000, 311.40555059897, 4.13199642651, 4.12500003222, 0.00000000000, -0.00000000216, 0.00000001480
17, 50.00000000000, 329.59154232958, 41.52258043447, 4.12500003222, 0.00000000000, 0.00000000930, -0.00000000383
18, 50.00000000000, 320.77220573898, -30000000.00000000000, 0.00000000000, 0.00000000000, 0.00000086896, 0.66000001198
19, 50.00000000000, 383.01054600194, 84.54505520587, 4.12500003222, 0.00000000000, 0.00000000950, -0.00000000257
20, 50.00000000000, 354.78505746845, -30000000.00000000000, 0.00000000000, 0.00000000000, -0.00000024838, 0.66000001198
21, 50.00000000000, 404.52126993589, 32.96340780681, 4.12500003222, 0.00000000000, 0.00000000234, 0.00000001214
22, 50.00000000000, 420.53087139410, 115.00273976736, 4.12500003222, 0.00000000000, -0.00000000117, -0.00000001440
23, 50.00000000000, 426.80451047795, 55.43635762666, 4.12500003222, 0.00000000000, 0.00000000382, -0.00000000069
24, 50.00000000000, 432.27415748936, -30000000.00000000000, 0.00000000000, 0.00000000000, -0.00000154884, 0.66000001198
25, 50.00000000000, 451.52914007666, 61.29748458034, 4.12500003222, 0.00000000000, -0.00000000169, 0.00000003092
26, 50.00000000000, 478.51556095859, 45.66725933675, 4.12500003222, 0.00000000000, 0.00000000216, -0.00000000414
27, 50.00000000000, 495.34234700738, 43.79569510817, 4.12500003222, 0.00000000000, 0.00000000040, 0.00000001180
28, 50.00000000000, 490.80233750401, -30000000.00000000000, 0.00000000000, 0.00000000000, 0.00000049650, 0.66000001198
29, 50.00000000000, 543.83281941806, 138.39238054125, 4.12500003222, 0.00000000000, 0.00000000065, 0.00000000499
30, 50.00000000000, 548.68939919465, 62.63733767713, 4.12500003222, 0.00000000000, 0.00000000213, 0.00000003104
31, 50.00000000000, 543.19691392511, -30000000.00000000000, 0.00000000000, 0.00000000000, -0.00000031239, 0.66000001198
32, 50.00000000000, 553.51083804229, -30000000.00000000000, 0.00000000000, 0.00000000000, -0.00000083369, 0.66000001198
33, 50.00000000000, 579.37083240396, -30000000.00000000000, 0.00000000000, 0.00000000000, -0.00000082370, 0.66000001198
34, 50.00000000000, 604.72984389711, 69.69446221399, 4.12500003222, 0.00000000000, 0.00000000510, -0.00000001430
35, 50.00000000000, 628.66411275208, 107.37031168819, 4.12500003222, 0.00000000000, -0.00000001146, -0.00000000955
36, 50.00000000000, 634.34508717800, -30000000.00000000000, 0.00000000000, 0.00000000000, 0.00000103929, 0.66000001198
37, 50.00000000000, 652.04110327195, -30000000.00000000000, 0.00000000000, 0.00000000000, 0.00000034749, 0.66000001198
38, 50.00000000000, 665.81883992390, -30000000.00000000000, 0.00000000000, 0.00000000000, -0.00000046471, 0.66000001198
39, 50.00000000000, 689.62023614904, -30000000.00000000000, 0.00000000000, 0.00000000000, -0.00000146193, 0.66000001198
40, 50.00000000000, 700.00972289972, -30000000.00000000000, 0.00000000000, 0.00000000000, -0.00000081334, 0.66000001198
41, 50.00000000000, 719.85141430925, -30000000.00000000000, 0.00000000000, 0.00000000000, -0.00000036030, 0.66000001198
42, 50.00000000000, 734.82560269172, 73.72115795451, 4.12500003222, 0.00000000000, 0.00000000490, 0.00000002304
43, 50.00000000000, 750.49533177867, 102.23169230892, 4.12500003222, 0.00000000000, 0.00000000376, 0.00000005826
44, 50.00000000000, 768.41630072387, 103.27264005462, 4.12500003222, 0.00000000000, 0.00000000026, 0.00000002465
45, 50.00000000000, 785.39871402538, -30000000.00000000000, 0.00000000000, 0.00000000000, 0.00000067281, 0.66000001198
46, 50.00000000000, 802.72063867561, -30000000.00000000000, 0.00000000000, 0.00000000000, -0.00000020174, 0.66000001198
47, 50.00000000000, 821.86992796889, -30000000.00000000000, 0.00000000000, 0.00000000000, -0.00000056600, 0.66000001198
48, 50.00000000000, 835.05849387833, -30000000.00000000000, 0.00000000000, 0.00000000000, -0.00000162012, 0.66000001198
49, 50.00000000000, 840.56968039053, 89.38052617822, 4.12500003222, 0.00000000000, 0.00000000308, 0.00000003171
50, 50.00000000000, 877.38136137834, -30000000.00000000000, 0.00000000000, 0.00000000000, 0.00000194555, 0.66000001198
51, 50.00000000000, 893.77444871763, -30000000.00000000000, 0.00000000000, 0.00000000000, 0.00000027232, 0.66000001198
52, 50.00000000000, 864.14074112663, 193.45020588353, 4.12500003222, 0.00000000000, -0.00000000032, -0.00000000466
53, 50.00000000000, 929.93711020118, -30000000.00000000000, 0.00000000000, 0.00000000000, -0.00000148395, 0.66000001198
54, 50.00000000000, 942.00735429253, -30000000.00000000000, 0.00000000000, 0.00000000000, -0.00000026674, 0.66000001198
55, 50.00000000000, 956.53609056131, -30000000.00000000000, 0.00000000000, 0.00000000000, 0.00000118068, 0.66000001198
56, 50.00000000000, 977.98592740005, -30000000.00000000000, 0.00000000000, 0.00000000000, -0.00000065949, 0.66000001198
57, 50.00000000000, 975.27760216637, 42.35606108808, 4.12500003222, 0.00000000000, 0.00000000178, 0.00000003198
58, 50.00000000000, 1013.21777405636, -30000000.00000000000, 0.00000000000, 0.00000000000, 0.00000144585, 0.66000001198
59, 50.00000000000, 1014.91915858841, 40.63210258277, 4.12500003222, 0.00000000000, 0.00000000187, -0.00000000308
60, 50.00000000000, 1026.30831982618, 107.16766931021, 4.12500003222, 0.00000000000, -0.00000000019, 0.00000000289
61, 50.00000000000, 1061.90329918524, -30000000.00000000000, 0.00000000000, 0.00000000000, 0.00000017793, 0.66000001198
62, 50.00000000000, 1072.90617315572, -30000000.00000000000, 0.00000000000, 0.00000000000, 0.00000042735, 0.66000001198
63, 50.00000000000, 1105.57643628091, 100.28733676452, 4.12500003222, 0.00000000000, 0.00000000694, -0.00000000685
64, 50.00000000000, 1088.19251281938, 2.11754551679, 4.12500003222, 0.00000000000, 0.00000000565, 0.00000000368
65, 50.00000000000, 1117.00395123250, 71.66284184550, 4.12500003222, 0.00000000000, -0.00000001027, 0.00000004749
66, 50.00000000000, 1110.08218282124, 28.95273959499, 4.12500003222, 0.00000000000, 0.00000000337, 0.00000000739
67, 50.00000000000, 1149.33056751202, 65.58189728879, 4.12500003222, 0.00000000000, 0.00000000578, -0.00000001751
68, 50.00000000000, 1164.92315788819, 38.69038456658, 4.12500003222, 0.00000000000, 0.00000000141, -0.00000000974
69, 50.00000000000, 1171.00699801254, 4.28094616280, 4.12500003222, 0.00000000000, 0.00000000050, 0.00000002135
70, 50.00000000000, 1185.08353422810, 25.52155429749, 4.12500003222, 0.00000000000, 0.00000000160, 0.00000000866
71, 50.00000000000, 1200.84671796917, 27.20901111952, 4.12500003222, 0.00000000000, 0.00000001249, -0.00000003520
72, 50.00000000000, 1231.71145742407, 44.29300274122, 4.12500003222, 0.00000000000, 0.00000000744, -0.00000000548
73, 50.00000000000, 1195.40853939740, 100.92879737704, 4.12500003222, 0.00000000000, -0.00000000105, -0.00000000998
74, 50.00000000000, 1255.01987263371, 10.96249923010, 4.12500003222, 0.00000000000, 0.00000000077, 0.00000000862
75, 50.00000000000, 1267.66592696396, 5.46161747709, 4.12500003222, 0.00000000000, 0.00000000385, -0.00000000333
76, 50.00000000000, 1272.86824770229, 25.59814414842, 4.12500003222, 0.00000000000, -0.00000000426, -0.00000003179
77, 50.00000000000, 1277.38296367904, 36.94672300879, 4.12500003222, 0.00000000000, -0.00000000486, 0.00000003263
78, 50.00000000000, 1309.56075494376, 12.91868471638, 4.12500003222, 0.00000000000, -0.00000000034, -0.00000000021
79, 50.00000000000, 1288.84795776655, 84.24401286634, 4.12500003222, 0.00000000000, -0.00000000005, 0.00000001687
80, 50.00000000000, 62.11836463738, 12.56489303658, 4.12500003222, 0.00000000000, 0.00000000822, -0.00000000044
81, 50.00000000000, 82.10471452172, 24.72912611287, 4.12500003222, 0.00000000000, 0.00000000807, -0.00000000369
82, 50.00000000000, 105.10628679957, 23.87076138426, 4.12500003222, 0.00000000000, -0.00000000697, -0.00000001600
83, 50.00000000000, 118.66215492357, 14.50870014394, 4.12500003222, 0.00000000000, -0.00000000289, 0.00000002209
84, 50.00000000000, 118.42848224230, 35.94234780776, 4.12500003222, 0.00000000000, 0.00000001562, -0.00000001605
85, 50.00000000000, 140.04077937826, 10.86426931545, 4.12500003222, 0.00000000000, 0.00000000648, 0.00000000004
86, 50.00000000000, 150.62153272278, 8.90464078229, 4.12500003222, 0.00000000000, 0.00000000797, -0.00000001296
87, 50.00000000000, 174.36845558264, 31.15808512709, 4.12500003222, 0.00000000000, -0.00000000128, -0.00000003279
88, 50.00000000000, 171.03257683520, 55.46155135730, 4.12500003222, 0.00000000000, -0.00000000540, -0.00000001394
89, 50.00000000000, 191.67483334384, 31.74260147818, 4.12500003222, 0.00000000000, 0.00000000531, -0.00000000681
90, 50.00000000000, 227.02469553438, 14.78467375763, 4.12500003222, 0.00000000000, -0.00000000436, 0.00000000112
91, 50.00000000000, 223.96518840946, 26.29020729785, 4.12500003222, 0.00000000000, -0.00000000580, -0.00000001403
92, 50.00000000000, 265.07222742462, 31.33749086528, 4.12500003222, 0.00000000000, 0.00000000820, 0.00000000630
93, 50.00000000000, 259.84429181856, 20.43844144685, 4.12500003222, 0.00000000000, -0.00000000052, -0.00000000958
94, 50.00000000000, 285.81883276999, 44.63188301170, 4.12500003222, 0.00000000000, -0.00000000059, 0.00000003055
95, 50.00000000000, 305.17038245993, 60.54279345403, 4.12500003222, 0.00000000000, 0.00000000818, 0.00000001849
96, 50.00000000000, 327.85797660165, 9.14335907041, 4.12500003222, 0.00000000000, -0.00000000472, 0.00000001425
97, 50.00000000000, 327.52384885708, 64.24658158586, 4.12500003222, 0.00000000000, -0.00000001194, -0.00000000359
98, 50.00000000000, 352.31390330334, 39.31349292968, 4.12500003222, 0.00000000000, -0.00000000903, 0.00000000539
99, 50.00000000000, 374.89344818177, 65.16732871774, 4.12500003222, 0.00000000000, -0.00000000756, -0.00000000220
100, 50.00000000000, 354.50184675772, -30000000.00000000000, 0.00000000000, 0.00000000000, -0.00000022625, 0.66000001198
101, 50.00000000000, 373.64157133848, -30000000.00000000000, 0.00000000000, 0.00000000000, -0.00000009073, 0.66000001198
102, 50.00000000000, 392.21622457898, -30000000.00000000000, 0.00000000000, 0.00000000000, 0.00000085312, 0.66000001198
103, 50.00000000000, 422.46849627458, 90.42061640885, 4.12500003222, 0.00000000000, -0.00000000132, -0.00000000818
104, 50.00000000000, 443.34748446614, 39.52799220267, 4.12500003222, 0.00000000000, -0.00000000078, -0.00000001869
105, 50.00000000000, 459.86626027878, 47.74202542747, 4.12500003222, 0.00000000000, 0.00000000388, -0.00000001386
106, 50.00000000000, 483.16938454923, 101.24549862523, 4.12500003222, 0.00000000000, -0.00000000115, 0.00000000715
107, 50.00000000000, 478.68647748534, -30000000.00000000000, 0.00000000000, 0.00000000000, 0.00000090104, 0.66000001198
108, 50.00000000000, 519.78519527179, 94.77900452882, 4.12500003222, 0.00000000000, 0.00000000201, 0.00000001419
109, 50.00000000000, 528.98022972290, 87.42972859281, 4.12500003222, 0.00000000000, 0.00000000205, 0.00000000971
110, 50.00000000000, 539.05201668111, -30000000.00000000000, 0.00000000000, 0.00000000000, 0.00000041767, 0.66000001198
111, 50.00000000000, 545.77179603882, -30000000.00000000000, 0.00000000000, 0.00000000000, -0.00000076431, 0.66000001198
112, 50.00000000000, 582.57866001875, 98.70802215789, 4.12500003222, 0.00000000000, -0.00000000203, 0.00000001042
113, 50.00000000000, 593.75208191800, 116.54856308026, 4.12500003222, 0.00000000000, -0.00000000299, -0.00000001475
114, 50.00000000000, 618.51293237968, 122.94567697078, 4.12500003222, 0.00000000000, -0.00000000107, 0.00000000063
115, 50.00000000000, 617.08287733555, -30000000.00000000000, 0.00000000000, 0.00000000000, 0.00000207609, 0.66000001198
116, 50.00000000000, 621.15503974163, -30000000.00000000000, 0.00000000000, 0.00000000000, 0.00000135948, 0.66000001198
117, 50.00000000000, 643.59352930570, -30000000.00000000000, 0.00000000000, 0.00000000000, 0.00000028890, 0.66000001198
118, 50.00000000000, 661.93821782888, -30000000.00000000000, 0.00000000000, 0.00000000000, -0.00000066518, 0.66000001198
119, 50.00000000000, 677.80786175520, -30000000.00000000000, 0.00000000000, 0.00000000000, -0.00000008347, 0.66000001198
120, 50.00000000000, 731.84007896675, 118.13187798703, 4.12500003222, 0.00000000000, 0.00000001127, 0.00000000492
121, 50.00000000000, 721.60175514533, 67.80632033367, 4.12500003222, 0.00000000000, -0.00000000799, -0.00000000268
122, 50.00000000000, 739.60015591941, 82.90194533892, 4.12500003222, 0.00000000000, -0.00000001140, 0.00000001014
123, 50.00000000000, 752.22759272297, -30000000.00000000000, 0.00000000000, 0.00000000000, 0.00000049558, 0.66000001198
124, 50.00000000000, 780.46810996158, 49.77226000008, 4.12500003222, 0.00000000000, 0.00000000294, 0.00000001607
125, 50.00000000000, 802.19370992436, 59.71671802420, 4.12500003222, 0.00000000000, -0.00000000437, -0.00000002910
126, 50.00000000000, 796.92100672307, -30000000.00000000000, 0.00000000000, 0.00000000000, 0.00000094659, 0.66000001198
127, 50.00000000000, 822.03916367755, -30000000.00000000000, 0.00000000000, 0.00000000000, -0.00000059331, 0.66000001198
128, 50.00000000000, 850.97370070304, 72.81469981729, 4.12500003222, 0.00000000000, 0.00000000108, -0.00000003462
129, 50.00000000000, 844.52344779308, 109.04207670998, 4.12500003222, 0.00000000000, 0.00000000224, -0.00000000087
130, 50.00000000000, 894.17767672462, 72.79844997231, 4.12500003222, 0.00000000000, -0.00000000048, -0.00000000997
131, 50.00000000000, 881.29162901969, -30000000.00000000000, 0.00000000000, 0.00000000000, 0.00000181700, 0.66000001198
132, 50.00000000000, 901.95507911787, -30000000.00000000000, 0.00000000000, 0.00000000000, -0.00000031456, 0.66000001198
133, 50.00000000000, 898.99298611896, 185.33570350879, 4.12500003222, 0.00000000000, 0.00000000262, 0.00000000306
134, 50.00000000000, 943.41995409022, 65.20062476629, 4.12500003222, 0.00000000000, -0.00000000525, 0.00000000986
135, 50.00000000000, 958.49627011961, 47.46419234869, 4.12500003222, 0.00000000000, 0.00000000854, 0.00000001919
136, 50.00000000000, 972.40402886907, -30000000.00000000000, 0.00000000000, 0.00000000000, -0.00000035837, 0.66000001198
137, 50.00000000000, 994.03448451373, 55.71033455826, 4.12500003222, 0.00000000000, -0.00000000475, 0.00000002762
138, 50.00000000000, 993.75468627923, 96.36923021607, 4.12500003222, 0.00000000000, 0.00000000592, 0.00000000950
139, 50.00000000000, 1031.32907735432, -30000000.00000000000, 0.00000000000, 0.00000000000, -0.00000093901, 0.66000001198
140, 50.00000000000, 1040.42099259026, -30000000.00000000000, 0.00000000000, 0.00000000000, -0.00000085620, 0.66000001198
141, 50.00000000000, 1043.04978590744, 49.21422958401, 4.12500003222, 0.00000000000, -0.00000001163, 0.00000002626
142, 50.00000000000, 1080.47056507641, -30000000.00000000000, 0.00000000000, 0.00000000000, -0.00000023831, 0.66000001198
143, 50.00000000000, 1074.32322095042, 53.42189130431, 4.12500003222, 0.00000000000, -0.00000000995, 0.00000003286
144, 50.00000000000, 1072.06421846525, 15.88489408692, 4.12500003222, 0.00000000000, 0.00000000688, -0.00000000872
145, 50.00000000000, 1097.43109790390, 13.49777946550, 4.12500003222, 0.00000000000, -0.00000000094, -0.00000000264
146, 50.00000000000, 1128.86039501796, 35.32568966390, 4.12500003222, 0.00000000000, 0.00000000003, -0.00000002218
147, 50.00000000000, 1148.00194945683, 27.97325678247, 4.12500003222, 0.00000000000, -0.00000000037, -0.00000000373
148, 50.00000000000, 1157.71591592764, 117.58859473381, 4.12500003222, 0.00000000000, -0.00000000026, -0.00000000746
149, 50.00000000000, 1165.23302997172, 26.98536667723, 4.12500003222, 0.00000000000, -0.00000000373, 0.00000000740
150, 50.00000000000, 1182.04826628363, 36.24761072738, 4.12500003222, 0.00000000000, -0.00000001071, -0.00000003003
151, 50.00000000000, 1206.11198218694, 13.06001763065, 4.12500003222, 0.00000000000, 0.00000000294, 0.00000003964
152, 50.00000000000, 1193.83818122510, 123.15584990947, 4.12500003222, 0.00000000000, -0.00000000987, -0.00000001869
153, 50.00000000000, 1238.89572168039, 11.53882923565, 4.12500003222, 0.00000000000, 0.00000000015, 0.00000000988
154, 50.00000000000, 1257.45327592047, 26.76136774697, 4.12500003222, 0.00000000000, -0.00000001099, 0.00000000128
155, 50.00000000000, 1252.75006229261, 59.47994099701, 4.12500003222, 0.00000000000, 0.00000001763, -0.00000004264
156, 50.00000000000, 1257.79397707690, 98.81795381466, 4.12500003222, 0.00000000000, 0.00000000667, -0.00000001855
157, 50.00000000000, 1271.62964063701, 58.05977989187, 4.12500003222, 0.00000000000, -0.00000000772, 0.00000001025
158, 50.00000000000, 1273.38250961630, 112.91347292379, 4.12500003222, 0.00000000000, 0.00000000207, -0.00000003236
159, 50.00000000000, 1286.43880948237, 61.33796238226, 4.12500003222, 0.00000000000, -0.00000000351, 0.00000005820
160, 50.00000000000, 73.34925546446, 28.26393779702, 4.12500003222, 0.00000000000, 0.00000000495, -0.00000001363
161, 50.00000000000, 82.51245572694, 75.74568550331, 4.12500003222, 0.00000000000, 0.00000000252, -0.00000002142
162, 50.00000000000, 108.67503833691, 5.75997619327, 4.12500003222, 0.00000000000, -0.00000000757, 0.00000000191
163, 50.00000000000, 114.28089749931, 28.28156129552, 4.12500003222, 0.00000000000, -0.00000000649, -0.00000003587
164, 50.00000000000, 122.62830679846, 52.61829337433, 4.12500003222, 0.00000000000, 0.00000000110, -0.00000003116
165, 50.00000000000, 128.75747250922, 45.85812741148, 4.12500003222, 0.00000000000, -0.00000000604, 0.00000003419
166, 50.00000000000, 159.32492588420, 38.75635339424, 4.12500003222, 0.00000000000, 0.00000000041, 0.00000002222
167, 50.00000000000, 172.04006623521, 22.00755486458, 4.12500003222, 0.00000000000, -0.00000000209, -0.00000002799
168, 50.00000000000, 179.92398874434, 63.83132542760, 4.12500003222, 0.00000000000, 0.00000000683, -0.00000001291
169, 50.00000000000, 205.65486223374, 14.89320813940, 4.12500003222, 0.00000000000, -0.00000000069, -0.00000003949
170, 50.00000000000, 224.16935444031, 6.23731895778, 4.12500003222, 0.00000000000, -0.00000000435, -0.00000002960
171, 50.00000000000, 241.60559853620, 33.57871842496, 4.12500003222, 0.00000000000, -0.00000000001, 0.00000001204
172, 50.00000000000, 262.20238054295, 7.97216522588, 4.12500003222, 0.00000000000, -0.00000000476, -0.00000001928
173, 50.00000000000, 274.04586645226, 47.87967483101, 4.12500003222, 0.00000000000, 0.00000000365, 0.00000003798
174, 50.00000000000, 292.57778142648, 7.23172778774, 4.12500003222, 0.00000000000, 0.00000001240, 0.00000002402
175, 50.00000000000, 301.24266293028, 13.69243442839, 4.12500003222, 0.00000000000, 0.00000000071, 0.00000003047
176, 50.00000000000, 321.29963581516, 25.28413840628, 4.12500003222, 0.00000000000, 0.00000000033, -0.00000000617
177, 50.00000000000, 341.84182716844, 48.33951597954, 4.12500003222, 0.00000000000, -0.00000000010, -0.00000002440
178, 50.00000000000, 361.32717270976, 85.12041095389, 4.12500003222, 0.00000000000, -0.00000000975, -0.00000002437
179, 50.00000000000, 369.34265796714, 97.65363275027, 4.12500003222, 0.00000000000, 0.00000001032, 0.00000002197
180, 50.00000000000, 388.20737030219, 101.77959294080, 4.12500003222, 0.00000000000, -0.00000001507, 0.00000001559
181, 50.00000000000, 404.19538148424, 87.41728893631, 4.12500003222, 0.00000000000, 0.00000000354, -0.00000000074
182, 50.00000000000, 423.33576713864, 104.57535679936, 4.12500003222, 0.00000000000, 0.00000000709, 0.00000002056
183, 50.00000000000, 423.82198844476, 36.70696901172, 4.12500003222, 0.00000000000, -0.00000000517, -0.00000001070
184, 50.00000000000, 419.54036532895, -30000000.00000000000, 0.00000000000, 0.00000000000, 0.00000008439, 0.66000001198
185, 50.00000000000, 454.64377439952, 120.16421277249, 4.12500003222, 0.00000000000, 0.00000000492, -0.00000000323
186, 50.00000000000, 474.12784448734, 83.93255810396, 4.12500003222, 0.00000000000, -0.00000000077, 0.00000000414
187, 50.00000000000, 487.68454318445, 79.77497531011, 4.12500003222, 0.00000000000, -0.00000000240, -0.00000002841
188, 50.00000000000, 511.81684447315, 60.38112557941, 4.12500003222, 0.00000000000, -0.00000000345, 0.00000000683
189, 50.00000000000, 531.63711355012, 47.41081807859, 4.12500003222, 0.00000000000, -0.00000000500, -0.00000000113
190, 50.00000000000, 520.58267380689, -30000000.00000000000, 0.00000000000, 0.00000000000, 0.00000135806, 0.66000001198
191, 50.00000000000, 561.48868219684, 81.56921917696, 4.12500003222, 0.00000000000, -0.00000001339, -0.00000000091
192, 50.00000000000, 573.01557401249, 152.87362451377, 4.12500003222, 0.00000000000, -0.00000000344, -0.00000002277
193, 50.00000000000, 581.25478616393, 186.06083432112, 4.12500003222, 0.00000000000, 0.00000000332, 0.00000000775
194, 50.00000000000, 598.24469825628, 173.34150882151, 4.12500003222, 0.00000000000, 0.00000000868, -0.00000000048
195, 50.00000000000, 612.28101428985, -30000000.00000000000, 0.00000000000, 0.00000000000, 0.00000223237, 0.66000001198
196, 50.00000000000, 639.89820585641, -30000000.00000000000, 0.00000000000, 0.00000000000, 0.00000073799, 0.66000001198
197, 50.00000000000, 653.53228575771, -30000000.00000000000, 0.00000000000, 0.00000000000, -0.00000007266, 0.66000001198
198, 50.00000000000, 678.39800603134, 60.07140041382, 4.12500003222, 0.00000000000, -0.00000000144, -0.00000001191
199, 50.00000000000, 673.06020826581, -30000000.00000000000, 0.00000000000, 0.00000000000, 0.00000070719, 0.66000001198
200, 50.00000000000, 712.77046986626, 102.83118889573, 4.12500003222, 0.00000000000, 0.00000000406, -0.00000000815
201, 50.00000000000, 728.51576765278, 104.74994116687, 4.12500003222, 0.00000000000, 0.00000000701, -0.00000000943
202, 50.00000000000, 731.27431778434, 51.64179637806, 4.12500003222, 0.00000000000, 0.00000000537, -0.00000003803
203, 50.00000000000, 756.44150424276, -30000000.00000000000, 0.00000000000, 0.00000000000, -0.00000024601, 0.66000001198
204, 50.00000000000, 765.68247227427, -30000000.00000000000, 0.00000000000, 0.00000000000, -0.00000020833, 0.66000001198
205, 50.00000000000, 799.47435294404, 44.65781229877, 4.12500003222, 0.00000000000, 0.00000000253, 0.00000000175
206, 50.00000000000, 818.84980812436, 40.87174153645, 4.12500003222, 0.00000000000, -0.00000000002, 0.00000002037
207, 50.00000000000, 811.36038957283, 73.48402550239, 4.12500003222, 0.00000000000, -0.00000000006, 0.00000002350
208, 50.00000000000, 828.71965824233, 104.54682370398, 4.12500003222, 0.00000000000, 0.00000001249, 0.00000002304
209, 50.00000000000, 830.96549333391, 73.21048746256, 4.12500003222, 0.00000000000, -0.00000000415, -0.00000002681
210, 50.00000000000, 866.59283745094, -30000000.00000000000, 0.00000000000, 0.00000000000, 0.00000161984, 0.66000001198
211, 50.00000000000, 890.63605409679, -30000000.00000000000, 0.00000000000, 0.00000000000, 0.00000103109, 0.66000001198
212, 50.00000000000, 900.08799596873, 50.25537125535, 4.12500003222, 0.00000000000, 0.00000000513, -0.00000000037
213, 50.00000000000, 915.76837511254, -30000000.00000000000, 0.00000000000, 0.00000000000, -0.00000147500, 0.66000001198
214, 50.00000000000, 939.36856901488, 108.59377142747, 4.12500003222, 0.00000000000, 0.00000000237, 0.00000001099
215, 50.00000000000, 958.10200515157, 59.38810372943, 4.12500003222, 0.00000000000, 0.00000000526, -0.00000002152
216, 50.00000000000, 978.97444898931, 55.68233324418, 4.12500003222, 0.00000000000, -0.00000000380, -0.00000000352
217, 50.00000000000, 984.27381532761, -30000000.00000000000, 0.00000000000, 0.00000000000, -0.00000176700, 0.66000001198
218, 50.00000000000, 1003.32229807529, -30000000.00000000000, 0.00000000000, 0.00000000000, 0.00000034875, 0.66000001198
219, 50.00000000000, 1025.88273151686, -30000000.00000000000, 0.00000000000, 0.00000000000, -0.00000022594, 0.66000001198
220, 50.00000000000, 1006.21454018619, 134.71768535030, 4.12500003222, 0.00000000000, 0.00000000146, -0.00000000239
221, 50.00000000000, 1053.13861245505, 45.08717784101, 4.12500003222, 0.00000000000, -0.00000000420, 0.00000001249
222, 50.00000000000, 1064.93891666247, 55.83171582197, 4.12500003222, 0.00000000000, -0.00000000725, 0.00000001964
223, 50.00000000000, 1074.74941850357, 36.52269684208, 4.12500003222, 0.00000000000, 0.00000000275, -0.00000000248
224, 50.00000000000, 1083.39279636815, 13.95163105560, 4.12500003222, 0.00000000000, 0.00000000046, 0.00000002065
225, 50.00000000000, 1116.88351757983, 23.95239813440, 4.12500003222, 0.00000000000, -0.00000000680, -0.00000000765
226, 50.00000000000, 1112.09266987524, 82.94367737140, 4.12500003222, 0.00000000000, 0.00000000628, -0.00000003425
227, 50.00000000000, 1141.69697152903, 47.58890703345, 4.12500003222, 0.00000000000, -0.00000000157, -0.00000000050
228, 50.00000000000, 1150.12547141800, 9.19601022315, 4.12500003222, 0.00000000000, -0.00000000078, 0.00000002400
229, 50.00000000000, 1168.19256126460, 15.95077515283, 4.12500003222, 0.00000000000, -0.00000000706, -0.00000000508
230, 50.00000000000, 1184.34573783787, 14.10398952901, 4.12500003222, 0.00000000000, -0.00000000673, -0.00000000365
231, 50.00000000000, 1204.63427987445, 60.89567446927, 4.12500003222, 0.00000000000, -0.00000002669, 0.00000002312
232, 50.00000000000, 1224.03038326266, 30.51505166657, 4.12500003222, 0.00000000000, 0.00000000116, 0.00000000816
233, 50.00000000000, 1219.00708414127, 53.97182154846, 4.12500003222, 0.00000000000, -0.00000001401, -0.00000003916
234, 50.00000000000, 1228.08921582807, 61.23991624110, 4.12500003222, 0.00000000000, -0.00000000038, 0.00000000936
235, 50.00000000000, 1243.40998153944, 79.65953990796, 4.12500003222, 0.00000000000, -0.00000002433, 0.00000001426
236, 50.00000000000, 1289.18459950786, 7.12431998250, 4.12500003222, 0.00000000000, -0.00000000311, -0.00000002308
237, 50.00000000000, 1268.87934129928, 76.87246381135, 4.12500003222, 0.00000000000, 0.00000000694, -0.00000002551
238, 50.00000000000, 1275.50144087644, 90.82336403629, 4.12500003222, 0.00000000000, 0.00000001126, 0.00000002415
239, 50.00000000000, 1300.48655198044, 91.16001982643, 4.12500003222, 0.00000000000, -0.00000000449, 0.00000000532
240, 50.00000000000, 78.65717078391, 44.60899375958, 4.12500003222, 0.00000000000, -0.00000000363, 0.00000001241
241, 50.00000000000, 76.23101996894, 8.53878918479, 4.12500003222, 0.00000000000, 0.00000000615, 0.00000001168
242, 50.00000000000, 95.69100422104, 27.24377749381, 4.12500003222, 0.00000000000, 0.00000000073, -0.00000004919
243, 50.00000000000, 113.22347421906, 84.86441292372, 4.12500003222, 0.00000000000, 0.00000000038, -0.00000001115
244, 50.00000000000, 130.05617664143, 84.72463861976, 4.12500003222, 0.00000000000, -0.00000000869, -0.00000001334
245, 50.00000000000, 139.45776602615, 65.55674710390, 4.12500003222, 0.00000000000, 0.00000001328, -0.00000000589
246, 50.00000000000, 150.51265731659, 22.00167035602, 4.12500003222, 0.00000000000, -0.00000000253, -0.00000001257
247, 50.00000000000, 137.17710932058, 118.40695528048, 4.12500003222, 0.00000000000, -0.00000000427, -0.00000000757
248, 50.00000000000, 147.18517792727, 79.00765562908, 4.12500003222, 0.00000000000, -0.00000000468, -0.00000002141
249, 50.00000000000, 159.68917572854, 93.43315885188, 4.12500003222, 0.00000000000, 0.00000000080, 0.00000002440
250, 50.00000000000, 207.27243051106, 23.56631256709, 4.12500003222, 0.00000000000, 0.00000000086, 0.00000001049
251, 50.00000000000, 194.48734045702, 115.44820513176, 4.12500003222, 0.00000000000, 0.00000000213, 0.00000001318
252, 50.00000000000, 250.42942864479, 52.31707008691, 4.12500003222, 0.00000000000, 0.00000000478, -0.00000000810
253, 50.00000000000, 277.54324201208, 36.19365026055, 4.12500003222, 0.00000000000, 0.00000000454, -0.00000001189
254, 50.00000000000, 234.01949453854, 161.62771897322, 4.12500003222, 0.00000000000, -0.00000000240, 0.00000000036
255, 50.00000000000, 254.19779361717, 160.42707046347, 4.12500003222, 0.00000000000, -0.00000000049, 0.00000000074
256, 50.00000000000, 290.54295289502, 165.25203412331, 4.12500003222, 0.00000000000, 0.00000001023, 0.00000001117
257, 50.00000000000, 340.08981524079, 58.77441990287, 4.12500003222, 0.00000000000, -0.00000000208, 0.00000000465
258, 50.00000000000, 360.73304255360, 73.71247070797, 4.12500003222, 0.00000000000, -0.00000001093, -0.00000000213
259, 50.00000000000, 369.47966741016, 32.79010124604, 4.12500003222, 0.00000000000, 0.00000000197, -0.00000000390
260, 50.00000000000, 386.33104992523, 46.90581275947, 4.12500003222, 0.00000000000, 0.00000001104, 0.00000000902
261, 50.00000000000, 394.25102261486, 54.45405512076, 4.12500003222, 0.00000000000, -0.00000000497, -0.00000003510
262, 50.00000000000, 388.93887788843, -30000000.00000000000, 0.00000000000, 0.00000000000, 0.00000061209, 0.66000001198
263, 50.00000000000, 438.96422416879, 89.04013899772, 4.12500003222, 0.00000000000, -0.00000000306, 0.00000000525
264, 50.00000000000, 437.25964894231, 54.57002828926, 4.12500003222, 0.00000000000, 0.00000000206, 0.00000000501
265, 50.00000000000, 454.87399366375, 83.27236455111, 4.12500003222, 0.00000000000, -0.00000000113, -0.00000001352
266, 50.00000000000, 473.78624968446, 119.61577512345, 4.12500003222, 0.00000000000, -0.00000001016, -0.00000002288
267, 50.00000000000, 496.21483665799, 89.85818958783, 4.12500003222, 0.00000000000, 0.00000000789, -0.00000002441
268, 50.00000000000, 505.19548908071, 79.73807621230, 4.12500003222, 0.00000000000, -0.00000000600, -0.00000000311
269, 50.00000000000, 531.01962554173, 63.30602401881, 4.12500003222, 0.00000000000, -0.00000000152, 0.00000001787
270, 50.00000000000, 531.84524923006, -30000000.00000000000, 0.00000000000, 0.00000000000, -0.00000014633, 0.66000001198
271, 50.00000000000, 565.07855395492, 104.59400119927, 4.12500003222, 0.00000000000, 0.00000001171, -0.00000001753
272, 50.00000000000, 569.48429338181, 64.59786144164, 4.12500003222, 0.00000000000, -0.00000000051, 0.00000001127
273, 50.00000000000, 604.69787090391, 139.45917783488, 4.12500003222, 0.00000000000, -0.00000000160, 0.00000000674
274, 50.00000000000, 613.23672391231, 107.09926877722, 4.12500003222, 0.00000000000, -0.00000000458, -0.00000000870
275, 50.00000000000, 617.65579200484, 87.05139662563, 4.12500003222, 0.00000000000, 0.00000000305, 0.00000001059
276, 50.00000000000, 629.15038711257, -30000000.00000000000, 0.00000000000, 0.00000000000, 0.00000099221, 0.66000001198
277, 50.00000000000, 666.57746212704, 74.98628914417, 4.12500003222, 0.00000000000, -0.00000000280, -0.00000001589
278, 50.00000000000, 660.57065993030, -30000000.00000000000, 0.00000000000, 0.00000000000, -0.00000089032, 0.66000001198
279, 50.00000000000, 681.58234495701, 43.47624316009, 4.12500003222, 0.00000000000, 0.00000000449, 0.00000001102
280, 50.00000000000, 694.87787975621, -30000000.00000000000, 0.00000000000, 0.00000000000, -0.00000029079, 0.66000001198
281, 50.00000000000, 720.21335115276, 85.93275028876, 4.12500003222, 0.00000000000, 0.00000000497, 0.00000002589
282, 50.00000000000, 745.01697509145, -30000000.00000000000, 0.00000000000, 0.00000000000, -0.00000014535, 0.66000001198
283, 50.00000000000, 764.82850602628, 122.05478955108, 4.12500003222, 0.00000000000, -0.00000000196, -0.00000002575
284, 50.00000000000, 776.73798770069, 83.54369642561, 4.12500003222, 0.00000000000, 0.00000000261, 0.00000000970
285, 50.00000000000, 786.29845201467, -30000000.00000000000, 0.00000000000, 0.00000000000, 0.00000050588, 0.66000001198
286, 50.00000000000, 819.75305958460, 57.09952640975, 4.12500003222, 0.00000000000, 0.00000000304, -0.00000001139
287, 50.00000000000, 838.80310214836, 53.62645817978, 4.12500003222, 0.00000000000, -0.00000000034, 0.00000001197
288, 50.00000000000, 839.46921890601, -30000000.00000000000, 0.00000000000, 0.00000000000, -0.00000101373, 0.66000001198
289, 50.00000000000, 870.98290343283, 73.05269399697, 4.12500003222, 0.00000000000, 0.00000000233, -0.00000000600
290, 50.00000000000, 861.09240961191, 93.39349448016, 4.12500003222, 0.00000000000, 0.00000000413, 0.00000003555
291, 50.00000000000, 881.07329651998, 56.10009368921, 4.12500003222, 0.00000000000, -0.00000000334, -0.00000000730
292, 50.00000000000, 905.22338823391, -30000000.00000000000, 0.00000000000, 0.00000000000, -0.00000110819, 0.66000001198
293, 50.00000000000, 920.19280872616, 100.98879266518, 4.12500003222, 0.00000000000, -0.00000000553, -0.00000001186
294, 50.00000000000, 922.82499778297, 48.05158795642, 4.12500003222, 0.00000000000, -0.00000000535, -0.00000000511
295, 50.00000000000, 943.44774799028, 40.53558367970, 4.12500003222, 0.00000000000, 0.00000000129, -0.00000001453
296, 50.00000000000, 973.15722938372, 89.59038449021, 4.12500003222, 0.00000000000, -0.00000000704, -0.00000002928
297, 50.00000000000, 983.17071953844, 78.43630279879, 4.12500003222, 0.00000000000, 0.00000000729, -0.00000004106
298, 50.00000000000, 1002.21035104272, 78.59538975408, 4.12500003222, 0.00000000000, -0.00000000792, -0.00000001515
299, 50.00000000000, 1030.85399897460, -30000000.00000000000, 0.00000000000, 0.00000000000, -0.00000088796, 0.66000001198
300, 50.00000000000, 1032.58301235286, 58.10060406578, 4.12500003222, 0.00000000000, -0.00000000288, -0.00000000724
301, 50.00000000000, 1050.40608525323, 87.97787982197, 4.12500003222, 0.00000000000, 0.00000000893, -0.00000000032
302, 50.00000000000, 1055.48876606862, 68.12306736527, 4.12500003222, 0.00000000000, -0.00000000875, -0.00000003304
303, 50.00000000000, 1095.76986868288, -30000000.00000000000, 0.00000000000, 0.00000000000, -0.00000083959, 0.66000001198
304, 50.00000000000, 1087.70568652997, 56.35219868560, 4.12500003222, 0.00000000000, -0.00000000484, 0.00000000439
305, 50.00000000000, 1116.77170673142, 49.30450566128, 4.12500003222, 0.00000000000, 0.00000000291, -0.00000003771
306, 50.00000000000, 1108.47088755675, 7.73549265364, 4.12500003222, 0.00000000000, -0.00000000490, 0.00000001177
307, 50.00000000000, 1129.29461274124, 68.73554925143, 4.12500003222, 0.00000000000, -0.00000000190, -0.00000002401
308, 50.00000000000, 1160.43721295600, 48.57769227113, 4.12500003222, 0.00000000000, -0.00000000835, -0.00000001520
309, 50.00000000000, 1180.37319072994, 57.96272950881, 4.12500003222, 0.00000000000, 0.00000001915, 0.00000003708
310, 50.00000000000, 1191.10751872882, 6.09406794493, 4.12500003222, 0.00000000000, 0.00000000495, -0.00000002399
311, 50.00000000000, 1188.73973918141, 67.48442353873, 4.12500003222, 0.00000000000, -0.00000000537, -0.00000002887
312, 50.00000000000, 1224.32182388097, 7.78305869482, 4.12500003222, 0.00000000000, -0.00000000269, 0.00000001869
313, 50.00000000000, 1219.97613144308, 22.74338177588, 4.12500003222, 0.00000000000, -0.00000001185, 0.00000000015
314, 50.00000000000, 1220.16842921894, 75.84637322200, 4.12500003222, 0.00000000000, 0.00000001174, 0.00000002028
315, 50.00000000000, 1240.32056415128, 45.84356408484, 4.12500003222, 0.00000000000, 0.00000000679, -0.00000002549
316, 50.00000000000, 1252.50326528879, 82.76176912126, 4.12500003222, 0.00000000000, -0.00000001605, 0.00000002566
317, 50.00000000000, 1271.43010982174, 45.52275953414, 4.12500003222, 0.00000000000, -0.00000000957, -0.00000003431
318, 50.00000000000, 1291.17543794107, 29.68800464339, 4.12500003222, 0.00000000000, 0.00000000878, 0.00000000600
319, 50.00000000000, 1309.59406229334, 55.03388273895, 4.12500003222, 0.00000000000, 0.00000000181, -0.00000000320
320, 50.00000000000, -15.81525601760, 111.39539130864, 4.12500003222, 0.00000000000, -0.00000000000, 0.00000000000
321, 50.00000000000, 86.66350458371, 9.60023136944, 4.12500003222, 0.00000000000, 0.00000000262, 0.00000000990
322, 50.00000000000, 91.76461377041, 59.37141784579, 4.12500003222, 0.00000000000, -0.00000000329, 0.00000000025
323, 50.00000000000, 104.25196325943, 44.81353326582, 4.12500003222, 0.00000000000, 0.00000000728, 0.00000001720
324, 50.00000000000, 73.44495054972, 219.53869453405, 4.12500003222, 0.00000000000, 0.00000000000, 0.00000000000
325, 50.00000000000, 138.93128735887, 24.91928143509, 4.12500003222, 0.00000000000, -0.00000000335, -0.00000002021
326, 50.00000000000, 153.99874372799, 46.67525681829, 4.12500003222, 0.00000000000, 0.00000001409, 0.00000003530
327, 50.00000000000, 173.73334987592, 43.38084025873, 4.12500003222, 0.00000000000, -0.00000000789, 0.00000004321
328, 50.00000000000, 187.44800555515, 16.62990379451, 4.12500003222, 0.00000000000, -0.00000000120, -0.00000005732
329, 50.00000000000, 181.08702615848, 86.41817927728, 4.12500003222, 0.00000000000, -0.00000000642, -0.00000000128
330, 50.00000000000, 188.62698861554, 132.15539813094, 4.12500003222, 0.00000000000, 0.00000000519, -0.00000000740
331, 50.00000000000, 195.24855297372, 95.49316690895, 4.12500003222, 0.00000000000, 0.00000000430, 0.00000000527
332, 50.00000000000, 266.44572062060, 54.89261015313, 4.12500003222, 0.00000000000, 0.00000000405, 0.00000004273
333, 50.00000000000, 278.33552570082, 83.50332550833, 4.12500003222, 0.00000000000, -0.00000000506, 0.00000001903
334, 50.00000000000, 297.65221833993, 78.95364980088, 4.12500003222, 0.00000000000, 0.00000001335, 0.00000002628
335, 50.00000000000, 273.61599304163, 154.71457910005, 4.12500003222, 0.00000000000, -0.00000000407, -0.00000000914
336, 50.00000000000, 319.52553461402, 48.14946865327, 4.12500003222, 0.00000000000, 0.00000000887, 0.00000001476
337, 50.00000000000, 350.23874371707, 89.68563392530, 4.12500003222, 0.00000000000, -0.00000000191, -0.00000002032
338, 50.00000000000, 353.46231322156, 62.90621328674, 4.12500003222, 0.00000000000, 0.00000001970, 0.00000000806
339, 50.00000000000, 340.00595498222, -30000000.00000000000, 0.00000000000, 0.00000000000, -0.00000017105, 0.66000001198
340, 50.00000000000, 373.36060769846, 52.00180625942, 4.12500003222, 0.00000000000, -0.00000000366, 0.00000000746
341, 50.00000000000, 405.51500740623, 46.49521662013, 4.12500003222, 0.00000000000, -0.00000000182, 0.00000002104
342, 50.00000000000, 410.82004407223, 69.81946494136, 4.12500003222, 0.00000000000, 0.00000000616, 0.00000003436
343, 50.00000000000, 411.95594727245, -30000000.00000000000, 0.00000000000, 0.00000000000, 0.00000040949, 0.66000001198
344, 50.00000000000, 421.63645327278, -30000000.00000000000, 0.00000000000, 0.00000000000, 0.00000031613, 0.66000001198
345, 50.00000000000, 458.56934001790, 99.13507274587, 4.12500003222, 0.00000000000, -0.00000000115, 0.00000002652
346, 50.00000000000, 469.71722096653, 67.63426301326, 4.12500003222, 0.00000000000, -0.00000000329, 0.00000000996
347, 50.00000000000, 491.45877388452, 67.29432986715, 4.12500003222, 0.00000000000, 0.00000000384, 0.00000002441
348, 50.00000000000, 512.53001541099, 50.32912311649, 4.12500003222, 0.00000000000, -0.00000000537, -0.00000002732
349, 50.00000000000, 508.76185780467, -30000000.00000000000, 0.00000000000, 0.00000000000, 0.00000080948, 0.66000001198
350, 50.00000000000, 563.25724214770, 136.09644090808, 4.12500003222, 0.00000000000, 0.00000000034, 0.00000000488
351, 50.00000000000, 572.68845839971, 87.08735101956, 4.12500003222, 0.00000000000, -0.00000000704, 0.00000001823
352, 50.00000000000, 575.77907537111, 119.62302491809, 4.12500003222, 0.00000000000, -0.00000000147, -0.00000003636
353, 50.00000000000, 585.01305247731, 76.19286962947, 4.12500003222, 0.00000000000, -0.00000000225, -0.00000000459
354, 50.00000000000, 603.12402606255, 104.87698738686, 4.12500003222, 0.00000000000, -0.00000000096, 0.00000002115
355, 50.00000000000, 620.08306995840, 98.67070502889, 4.12500003222, 0.00000000000, -0.00000000414, 0.00000000466
356, 50.00000000000, 619.32498916087, 176.03564976761, 4.12500003222, 0.00000000000, -0.00000000524, 0.00000000126
357, 50.00000000000, 650.02349528234, 107.53845857038, 4.12500003222, 0.00000000000, 0.00000000812, 0.00000003260
358, 50.00000000000, 639.87739921029, 177.43029717919, 4.12500003222, 0.00000000000, -0.00000000070, 0.00000000254
359, 50.00000000000, 683.79355610753, -30000000.00000000000, 0.00000000000, 0.00000000000, -0.00000056277, 0.66000001198
360, 50.00000000000, 713.14543300441, 121.79236533377, 4.12500003222, 0.00000000000, -0.00000000281, -0.00000000700
361, 50.00000000000, 728.29189692061, 35.08458235936, 4.12500003222, 0.00000000000, -0.00000000501, 0.00000000914
362, 50.00000000000, 748.25899324438, 115.13120446149, 4.12500003222, 0.00000000000, 0.00000000944, -0.00000001675
363, 50.00000000000, 746.39153703517, 39.87318577456, 4.12500003222, 0.00000000000, -0.00000000356, 0.00000001575
364, 50.00000000000, 756.39884594227, 84.31124407963, 4.12500003222, 0.00000000000, 0.00000000216, -0.00000002876
365, 50.00000000000, 800.37999191839, 228.18377343181, 4.12500003222, 0.00000000000, 0.00000000248, 0.00000000364
366, 50.00000000000, 807.98956735489, -30000000.00000000000, 0.00000000000, 0.00000000000, -0.00000008405, 0.66000001198
367, 50.00000000000, 811.47827788867, -30000000.00000000000, 0.00000000000, 0.00000000000, 0.00000036708, 0.66000001198
368, 50.00000000000, 833.69649444093, -30000000.00000000000, 0.00000000000, 0.00000000000, -0.00000141773, 0.66000001198
369, 50.00000000000, 828.29474001414, 128.30134953424, 4.12500003222, 0.00000000000, -0.00000001038, -0.00000001502
370, 50.00000000000, 862.03285214929, 115.20495203562, 4.12500003222, 0.00000000000, 0.00000000303, -0.00000000997
371, 50.00000000000, 890.63339669740, -30000000.00000000000, 0.00000000000, 0.00000000000, 0.00000103162, 0.66000001198
372, 50.00000000000, 898.95686364351, 94.95993077057, 4.12500003222, 0.00000000000, -0.00000000317, 0.00000001571
373, 50.00000000000, 912.86446997011, 63.00694134654, 4.12500003222, 0.00000000000, -0.00000000077, 0.00000000109
374, 50.00000000000, 936.21725258560, 54.49987001299, 4.12500003222, 0.00000000000, -0.00000000160, -0.00000001073
375, 50.00000000000, 963.24966930524, -30000000.00000000000, 0.00000000000, 0.00000000000, 0.00000058485, 0.66000001198
376, 50.00000000000, 975.56517072570, -30000000.00000000000, 0.00000000000, 0.00000000000, -0.00000023486, 0.66000001198
377, 50.00000000000, 982.68826940268, 24.34977554210, 4.12500003222, 0.00000000000, 0.00000000078, -0.00000000321
378, 50.00000000000, 995.97205166698, 41.51282434782, 4.12500003222, 0.00000000000, -0.00000000378, -0.00000001177
379, 50.00000000000, 1015.39399750778, 90.83047297475, 4.12500003222, 0.00000000000, 0.00000000180, 0.00000002379
380, 50.00000000000, 1032.91008216863, 71.84442452645, 4.12500003222, 0.00000000000, 0.00000000852, -0.00000004605
381, 50.00000000000, 1042.98836819605, 108.42025033170, 4.12500003222, 0.00000000000, -0.00000000038, 0.00000000741
382, 50.00000000000, 1064.84064422564, 75.71677173369, 4.12500003222, 0.00000000000, 0.00000001341, 0.00000001531
383, 50.00000000000, 1078.93637658509, 72.04712991826, 4.12500003222, 0.00000000000, 0.00000000011, 0.00000000515
384, 50.00000000000, 1085.81722706378, 33.99179157580, 4.12500003222, 0.00000000000, 0.00000001116, -0.00000003942
385, 50.00000000000, 1106.87971029549, 42.79959432644, 4.12500003222, 0.00000000000, 0.00000000361, 0.00000000218
386, 50.00000000000, 1126.91410099873, 43.47609763768, 4.12500003222, 0.00000000000, -0.00000000689, 0.00000002703
387, 50.00000000000, 1128.88167023189, 11.54793353510, 4.12500003222, 0.00000000000, -0.00000000144, 0.00000000362
388, 50.00000000000, 1147.66433300077, 41.86384967141, 4.12500003222, 0.00000000000, -0.00000000193, -0.00000000118
389, 50.00000000000, 1158.26143993302, 84.11445050895, 4.12500003222, 0.00000000000, -0.00000000403, 0.00000000595
390, 50.00000000000, 1180.84431377299, 89.33695499371, 4.12500003222, 0.00000000000, 0.00000000401, 0.00000001668
391, 50.00000000000, 1193.53525448875, 76.86609762706, 4.12500003222, 0.00000000000, -0.00000000181, -0.00000000275
392, 50.00000000000, 1215.39634654200, 44.89496301531, 4.12500003222, 0.00000000000, 0.00000001560, -0.00000000498
393, 50.00000000000, 1240.25066965009, 26.13158871936, 4.12500003222, 0.00000000000, -0.00000000037, 0.00000003811
394, 50.00000000000, 1228.53316285160, 84.24533807781, 4.12500003222, 0.00000000000, -0.00000000535, -0.00000002416
395, 50.00000000000, 1241.50549076596, 63.57625749481, 4.12500003222, 0.00000000000, 0.00000000028, 0.00000003641
396, 50.00000000000, 1255.38464713826, 42.34345460666, 4.12500003222, 0.00000000000, -0.00000000815, 0.00000002253
397, 50.00000000000, 1263.87118558216, 92.69605526801, 4.12500003222, 0.00000000000, -0.00000001315, 0.00000002379
398, 50.00000000000, 1293.21571140325, 107.50515120564, 4.12500003222, 0.00000000000, -0.00000000155, -0.00000000458
399, 50.00000000000, 1290.63806878737, 41.85515059801, 4.12500003222, 0.00000000000, -0.00000000629, -0.00000002035
400, 50.00000000000, 59.14696548106, 33.56146349084, 4.12500003222, 0.00000000000, -0.00000000275, 0.00000001699
401, 50.00000000000, 72.32570032030, 62.69906198096, 4.12500003222, 0.00000000000, 0.00000001340, 0.00000000327
402, 50.00000000000, 104.69132299340, 102.07770243848, 4.12500003222, 0.00000000000, -0.00000000472, -0.00000002501
403, 50.00000000000, 103.32440178219, 64.72565356474, 4.12500003222, 0.00000000000, 0.00000000043, -0.00000000175
404, 50.00000000000, 126.72957033641, 67.54951695638, 4.12500003222, 0.00000000000, -0.00000000294, 0.00000002381
405, 50.00000000000, 127.96926058190, 12.56384217178, 4.12500003222, 0.00000000000, 0.00000000760, 0.00000002445
406, 50.00000000000, 150.94195639692, 34.07582821903, 4.12500003222, 0.00000000000, -0.00000000471, 0.00000004174
407, 50.00000000000, 142.46852089852, 99.99916347691, 4.12500003222, 0.00000000000, -0.00000000105, 0.00000001025
408, 50.00000000000, 169.03322165991, 77.13882207338, 4.12500003222, 0.00000000000, 0.00000000952, 0.00000001027
409, 50.00000000000, 187.73095473081, 73.85620359149, 4.12500003222, 0.00000000000, -0.00000000212, -0.00000000548
410, 50.00000000000, 173.22819879194, 94.56340284290, 4.12500003222, 0.00000000000, 0.00000000213, -0.00000002043
411, 50.00000000000, 204.71418049420, 263.96072534344, 4.12500003222, 0.00000000000, 0.00000000000, 0.00000000000
412, 50.00000000000, 213.81038650124, 165.02617807393, 4.12500003222, 0.00000000000, 0.00000000103, -0.00000000040
413, 50.00000000000, 234.67611552191, 225.80191703964, 4.12500003222, 0.00000000000, 0.00000000000, 0.00000000000
414, 50.00000000000, 284.17428303018, 67.57353595514, 4.12500003222, 0.00000000000, -0.00000001224, -0.00000000297
415, 50.00000000000, 316.68104452992, 80.01831811788, 4.12500003222, 0.00000000000, -0.00000000336, -0.00000001104
416, 50.00000000000, 313.05998766252, 14.55842708652, 4.12500003222, 0.00000000000, -0.00000000722, 0.00000002448
417, 50.00000000000, 333.22555843464, 28.21222499663, 4.12500003222, 0.00000000000, -0.00000000237, 0.00000001155
418, 50.00000000000, 322.42956292726, -30000000.00000000000, 0.00000000000, 0.00000000000, 0.00000072823, 0.66000001198
419, 50.00000000000, 339.49563006144, -30000000.00000000000, 0.00000000000, 0.00000000000, -0.00000011559, 0.66000001198
420, 50.00000000000, 353.13639307633, 206.04444893359, 4.12500003222, 0.00000000000, 0.00000000000, 0.00000000000
421, 50.00000000000, 400.66889340498, 110.98491205771, 4.12500003222, 0.00000000000, -0.00000001080, 0.00000003024
422, 50.00000000000, 414.67545906584, 126.93383467684, 4.12500003222, 0.00000000000, -0.00000001139, -0.00000000100
423, 50.00000000000, 405.77340567594, -30000000.00000000000, 0.00000000000, 0.00000000000, 0.00000163363, 0.66000001198
424, 50.00000000000, 435.54485145892, 124.32530159624, 4.12500003222, 0.00000000000, 0.00000000005, -0.00000000964
425, 50.00000000000, 431.99413008865, -30000000.00000000000, 0.00000000000, 0.00000000000, -0.00000150851, 0.66000001198
426, 50.00000000000, 475.97961039033, 59.89131326013, 4.12500003222, 0.00000000000, 0.00000001371, -0.00000001380
427, 50.00000000000, 464.62897293248, 221.92504107428, 4.12500003222, 0.00000000000, -0.00000000097, 0.00000000322
428, 50.00000000000, 518.71054584484, 81.59201567345, 4.12500003222, 0.00000000000, -0.00000000073, -0.00000001579
429, 50.00000000000, 507.52694227155, -30000000.00000000000, 0.00000000000, 0.00000000000, 0.00000032952, 0.66000001198
430, 50.00000000000, 553.23025404023, 119.26494545749, 4.12500003222, 0.00000000000, 0.00000000117, 0.00000000636
431, 50.00000000000, 549.38737363091, 97.47137751194, 4.12500003222, 0.00000000000, 0.00000000025, -0.00000003195
432, 50.00000000000, 567.79009194951, -30000000.00000000000, 0.00000000000, 0.00000000000, -0.00000171706, 0.66000001198
433, 50.00000000000, 596.05814574834, 92.30680254429, 4.12500003222, 0.00000000000, 0.00000000524, 0.00000001638
434, 50.00000000000, 592.98386274661, 151.90025998025, 4.12500003222, 0.00000000000, -0.00000000183, 0.00000000055
435, 50.00000000000, 625.51595727038, 75.56703947868, 4.12500003222, 0.00000000000, 0.00000001522, -0.00000001591
436, 50.00000000000, 639.40590568479, 87.16615598201, 4.12500003222, 0.00000000000, -0.00000000545, -0.00000000160
437, 50.00000000000, 659.00885070464, 91.46421833483, 4.12500003222, 0.00000000000, 0.00000001289, -0.00000000594
438, 50.00000000000, 665.00219446492, 59.16000597262, 4.12500003222, 0.00000000000, -0.00000000935, 0.00000002644
439, 50.00000000000, 689.19144844114, 65.79538199882, 4.12500003222, 0.00000000000, 0.00000000352, -0.00000002162
440, 50.00000000000, 702.31422831166, 81.81129650348, 4.12500003222, 0.00000000000, -0.00000000759, -0.00000001276
441, 50.00000000000, 718.97314057585, -30000000.00000000000, 0.00000000000, 0.00000000000, -0.00000019778, 0.66000001198
442, 50.00000000000, 730.38082713688, -30000000.00000000000, 0.00000000000, 0.00000000000, 0.00000005238, 0.66000001198
443, 50.00000000000, 758.28630251362, 50.32610072399, 4.12500003222, 0.00000000000, -0.00000000533, 0.00000002184
444, 50.00000000000, 746.63219829304, 134.21179511674, 4.12500003222, 0.00000000000, -0.00000000317, 0.00000000446
445, 50.00000000000, 788.77770431636, 66.50829251534, 4.12500003222, 0.00000000000, -0.00000000328, -0.00000000763
446, 50.00000000000, 804.94276275236, 104.71929474064, 4.12500003222, 0.00000000000, -0.00000000391, 0.00000002734
447, 50.00000000000, 798.10140535165, 83.79800298665, 4.12500003222, 0.00000000000, 0.00000000694, -0.00000000886
448, 50.00000000000, 820.59104249998, 113.88022935720, 4.12500003222, 0.00000000000, 0.00000000857, 0.00000001405
449, 50.00000000000, 860.09907472321, 55.20373210101, 4.12500003222, 0.00000000000, -0.00000000512, 0.00000000099
450, 50.00000000000, 841.18409215278, 165.27841913513, 4.12500003222, 0.00000000000, 0.00000000035, -0.00000000036
451, 50.00000000000, 881.15058019244, 87.48605352081, 4.12500003222, 0.00000000000, 0.00000000299, 0.00000001064
452, 50.00000000000, 906.72404817217, -30000000.00000000000, 0.00000000000, 0.00000000000, -0.00000081974, 0.66000001198
453, 50.00000000000, 883.90370327381, 199.96982306957, 4.12500003222, 0.00000000000, 0.00000000139, -0.00000000107
454, 50.00000000000, 936.64656313997, 86.48493907655, 4.12500003222, 0.00000000000, -0.00000000777, -0.00000002091
455, 50.00000000000, 960.53549386189, -30000000.00000000000, 0.00000000000, 0.00000000000, 0.00000106156, 0.66000001198
456, 50.00000000000, 959.02311415239, 79.20658047006, 4.12500003222, 0.00000000000, -0.00000000356, 0.00000002589
457, 50.00000000000, 993.12444048294, 185.21266782896, 4.12500003222, 0.00000000000, 0.00000000000, 0.00000000000
458, 50.00000000000, 982.77340087606, 111.76508884887, 4.12500003222, 0.00000000000, 0.00000000410, -0.00000001200
459, 50.00000000000, 1007.06366648928, 110.15648192473, 4.12500003222, 0.00000000000, -0.00000000225, -0.00000000624
460, 50.00000000000, 1021.27575043916, 122.80097030681, 4.12500003222, 0.00000000000, -0.00000000003, 0.00000000390
461, 50.00000000000, 1043.78873835566, 68.76659239745, 4.12500003222, 0.00000000000, -0.00000000173, -0.00000001303
462, 50.00000000000, 1039.08016292413, 126.79274244386, 4.12500003222, 0.00000000000, 0.00000000165, -0.00000000848
463, 50.00000000000, 1072.92516905128, 137.57300351410, 4.12500003222, 0.00000000000, 0.00000000068, -0.00000000018
464, 50.00000000000, 1094.47699631976, 25.71566619873, 4.12500003222, 0.00000000000, -0.00000000456, -0.00000001037
465, 50.00000000000, 1110.65041976180, 60.97532391079, 4.12500003222, 0.00000000000, -0.00000000345, 0.00000002560
466, 50.00000000000, 1127.64951859784, 57.01803976424, 4.12500003222, 0.00000000000, 0.00000000743, -0.00000003033
467, 50.00000000000, 1137.58705158132, 59.25042360931, 4.12500003222, 0.00000000000, -0.00000000297, 0.00000000649
468, 50.00000000000, 1148.42534760397, 79.88681452541, 4.12500003222, 0.00000000000, 0.00000000896, 0.00000005319
469, 50.00000000000, 1163.24733856248, 98.86749956782, 4.12500003222, 0.00000000000, -0.00000000610, -0.00000001957
470, 50.00000000000, 1170.77986478046, 78.72261307930, 4.12500003222, 0.00000000000, -0.00000000063, -0.00000000828
471, 50.00000000000, 1206.81779275913, 37.17865369807, 4.12500003222, 0.00000000000, 0.00000001146, -0.00000005522
472, 50.00000000000, 1174.28753031226, 131.56364253544, 4.12500003222, 0.00000000000, -0.00000000125, -0.00000001366
473, 50.00000000000, 1210.15965511062, 93.54462148864, 4.12500003222, 0.00000000000, -0.00000001275, -0.00000003999
474, 50.00000000000, 1234.26407497459, 69.79361868995, 4.12500003222, 0.00000000000, -0.00000000172, 0.00000003051
475, 50.00000000000, 1276.25343001323, 14.24574039452, 4.12500003222, 0.00000000000, -0.00000000135, -0.00000000905
476, 50.00000000000, 1240.35435899188, 89.49724917790, 4.12500003222, 0.00000000000, -0.00000000012, -0.00000003005
477, 50.00000000000, 1270.79301141867, 132.20751012984, 4.12500003222, 0.00000000000, -0.00000000264, 0.00000001698
478, 50.00000000000, 1282.24003651246, 74.77705330640, 4.12500003222, 0.00000000000, 0.00000000287, -0.00000002805
479, 50.00000000000, 1303.39496391784, 72.04169114479, 4.12500003222, 0.00000000000, -0.00000000424, -0.00000002197
480, 50.00000000000, 57.13253562026, 52.85029587071, 4.12500003222, 0.00000000000, 0.00000000341, -0.00000003103
481, 50.00000000000, 86.01294986671, 97.85634660056, 4.12500003222, 0.00000000000, 0.00000000023, 0.00000001250
482, 50.00000000000, 93.88520428069, 40.98708668652, 4.12500003222, 0.00000000000, 0.00000000340, 0.00000002076
483, 50.00000000000, 111.60997708949, 47.69389980268, 4.12500003222, 0.00000000000, 0.00000001038, -0.00000001329
484, 50.00000000000, 115.43196270814, 121.01929517564, 4.12500003222, 0.00000000000, 0.00000000359, 0.00000000915
485, 50.00000000000, 135.85057808200, 50.08174415238, 4.12500003222, 0.00000000000, -0.00000001837, 0.00000000530
486, 50.00000000000, 157.84296892392, 58.64971112545, 4.12500003222, 0.00000000000, -0.00000000540, -0.00000001721
487, 50.00000000000, 170.07852270210, 6.44758005905, 4.12500003222, 0.00000000000, -0.00000000087, 0.00000001705
488, 50.00000000000, 151.56835972301, 132.48198322085, 4.12500003222, 0.00000000000, -0.00000000309, 0.00000000232
489, 50.00000000000, 161.88011805075, 72.03206424826, 4.12500003222, 0.00000000000, -0.00000001723, -0.00000003096
490, 50.00000000000, 209.58380802717, 40.26343358321, 4.12500003222, 0.00000000000, -0.00000000031, 0.00000001130
491, 50.00000000000, 201.33189312739, 149.39215395372, 4.12500003222, 0.00000000000, 0.00000000003, -0.00000001275
492, 50.00000000000, 209.32374860158, 129.24409848561, 4.12500003222, 0.00000000000, -0.00000000529, 0.00000000596
493, 50.00000000000, 264.70438305279, 69.75595646107, 4.12500003222, 0.00000000000, -0.00000000334, 0.00000001336
494, 50.00000000000, 278.60150807930, 12.34129873144, 4.12500003222, 0.00000000000, 0.00000000500, -0.00000002568
495, 50.00000000000, 296.64575913265, 45.43440739708, 4.12500003222, 0.00000000000, -0.00000001320, -0.00000000414
496, 50.00000000000, 311.23793695135, 27.01227844516, 4.12500003222, 0.00000000000, 0.00000000030, -0.00000003716
497, 50.00000000000, 348.80235726948, 71.22132869286, 4.12500003222, 0.00000000000, 0.00000000642, 0.00000000944
498, 50.00000000000, 361.71492250326, 52.33099962286, 4.12500003222, 0.00000000000, 0.00000000039, 0.00000000882
499, 50.00000000000, 371.19705308654, 75.18039335139, 4.12500003222, 0.00000000000, -0.00000000225, -0.00000001067
500, 50.00000000000, 387.46847545957, 32.41350836684, 4.12500003222, 0.00000000000, 0.00000000291, 0.00000000491
501, 50.00000000000, 407.90403735681, 103.47785200905, 4.12500003222, 0.00000000000, 0.00000001595, 0.00000000320
502, 50.00000000000, 412.01310415917, 54.79093837110, 4.12500003222, 0.00000000000, -0.00000001386, -0.00000004550
503, 50.00000000000, 436.25684322064, 72.30122826184, 4.12500003222, 0.00000000000, 0.00000000475, -0.00000000847
504, 50.00000000000, 421.88715905444, -30000000.00000000000, 0.00000000000, 0.00000000000, 0.00000027989, 0.66000001198
505, 50.00000000000, 450.19734671367, 206.71432508130, 4.12500003222, 0.00000000000, 0.00000000007, 0.00000000001
506, 50.00000000000, 470.34979279322, 201.96192512704, 4.12500003222, 0.00000000000, -0.00000000011, -0.00000000450
507, 50.00000000000, 493.85974967840, 58.56516507058, 4.12500003222, 0.00000000000, -0.00000000122, -0.00000000760
508, 50.00000000000, 505.69145286415, 97.80239798207, 4.12500003222, 0.00000000000, 0.00000000683, 0.00000001532
509, 50.00000000000, 490.22978876372, 196.39545403491, 4.12500003222, 0.00000000000, -0.00000000111, 0.00000000339
510, 50.00000000000, 529.65376166794, -30000000.00000000000, 0.00000000000, 0.00000000000, 0.00000028521, 0.66000001198
511, 50.00000000000, 556.36862817447, 156.29938200403, 4.12500003222, 0.00000000000, 0.00000000124, 0.00000001137
512, 50.00000000000, 579.30009333562, 167.17974536003, 4.12500003222, 0.00000000000, -0.00000000936, 0.00000001187
513, 50.00000000000, 599.00887407825, 127.65962671045, 4.12500003222, 0.00000000000, -0.00000000032, -0.00000001411
514, 50.00000000000, 611.36015149761, 120.27827207984, 4.12500003222, 0.00000000000, -0.00000000912, 0.00000000083
515, 50.00000000000, 622.38081685797, 139.08780641160, 4.12500003222, 0.00000000000, 0.00000000314, -0.00000000126
516, 50.00000000000, 633.52634916971, -30000000.00000000000, 0.00000000000, 0.00000000000, 0.00000124373, 0.66000001198
517, 50.00000000000, 647.35919390868, 73.60654520149, 4.12500003222, 0.00000000000, 0.00000000414, -0.00000003005
518, 50.00000000000, 659.75942114757, 182.03650409789, 4.12500003222, 0.00000000000, -0.00000000214, -0.00000001098
519, 50.00000000000, 679.93599280803, 80.46793729033, 4.12500003222, 0.00000000000, -0.00000000159, 0.00000002785
520, 50.00000000000, 701.66737116100, -30000000.00000000000, 0.00000000000, 0.00000000000, -0.00000054288, 0.66000001198
521, 50.00000000000, 736.37308662455, 96.26467856152, 4.12500003222, 0.00000000000, -0.00000001824, 0.00000001339
522, 50.00000000000, 748.89724440505, 65.38204551479, 4.12500003222, 0.00000000000, 0.00000000871, -0.00000002011
523, 50.00000000000, 747.66260697377, -30000000.00000000000, 0.00000000000, 0.00000000000, -0.00000066804, 0.66000001198
524, 50.00000000000, 781.77550551255, 237.62678760514, 4.12500003222, 0.00000000000, 0.00000000171, 0.00000000043
525, 50.00000000000, 780.60005647343, -30000000.00000000000, 0.00000000000, 0.00000000000, -0.00000020647, 0.66000001198
526, 50.00000000000, 786.12054658775, 117.83675197793, 4.12500003222, 0.00000000000, 0.00000000169, -0.00000000980
527, 50.00000000000, 818.67270887288, 90.93893465919, 4.12500003222, 0.00000000000, -0.00000000923, 0.00000000270
528, 50.00000000000, 816.54639745854, 144.85690044975, 4.12500003222, 0.00000000000, 0.00000000159, -0.00000000524
529, 50.00000000000, 837.63083313473, 144.80640708203, 4.12500003222, 0.00000000000, -0.00000000446, 0.00000000846
530, 50.00000000000, 857.07801916051, 151.69153507485, 4.12500003222, 0.00000000000, 0.00000000044, 0.00000001038
531, 50.00000000000, 879.86290628228, 106.38207166209, 4.12500003222, 0.00000000000, -0.00000000711, -0.00000001434
532, 50.00000000000, 913.89300562644, -30000000.00000000000, 0.00000000000, 0.00000000000, -0.00000106621, 0.66000001198
533, 50.00000000000, 927.25777708193, 70.22205165268, 4.12500003222, 0.00000000000, 0.00000000465, 0.00000002456
534, 50.00000000000, 918.88603297701, 190.80737910432, 4.12500003222, 0.00000000000, -0.00000000420, 0.00000000404
535, 50.00000000000, 953.14230532484, 95.96633433945, 4.12500003222, 0.00000000000, 0.00000000112, -0.00000000663
536, 50.00000000000, 972.22143029119, 98.58341800740, 4.12500003222, 0.00000000000, -0.00000000895, 0.00000004941
537, 50.00000000000, 961.19037333205, 27.99297605135, 4.12500003222, 0.00000000000, 0.00000000133, -0.00000002382
538, 50.00000000000, 996.16489647603, 65.82272896102, 4.12500003222, 0.00000000000, -0.00000000173, -0.00000000514
539, 50.00000000000, 1012.38825848326, 58.58048544641, 4.12500003222, 0.00000000000, 0.00000000575, 0.00000001286
540, 50.00000000000, 1028.61280832920, 50.34392345423, 4.12500003222, 0.00000000000, 0.00000001279, 0.00000002136
541, 50.00000000000, 1050.88007048109, 55.93705929006, 4.12500003222, 0.00000000000, -0.00000000676, 0.00000000178
542, 50.00000000000, 1060.48582061407, 34.21431029395, 4.12500003222, 0.00000000000, -0.00000000662, -0.00000001322
543, 50.00000000000, 1098.15561847898, 198.82320222850, 4.12500003222, 0.00000000000, 0.00000000000, 0.00000000000
544, 50.00000000000, 1097.95408343319, 63.88546090805, 4.12500003222, 0.00000000000, -0.00000000256, 0.00000002676
545, 50.00000000000, 1136.21095416650, 187.27081917100, 4.12500003222, 0.00000000000, -0.00000000672, -0.00000001577
546, 50.00000000000, 1143.96897496762, 205.73606337374, 4.12500003222, 0.00000000000, 0.00000000672, 0.00000001577
547, 50.00000000000, 1134.90406495283, 25.14908388256, 4.12500003222, 0.00000000000, 0.00000000093, -0.00000001652
548, 50.00000000000, 1144.24087799427, 100.46613842612, 4.12500003222, 0.00000000000, 0.00000000267, -0.00000000272
549, 50.00000000000, 1176.88043260531, 47.82123583382, 4.12500003222, 0.00000000000, 0.00000000182, -0.00000002116
550, 50.00000000000, 1197.24746208003, 52.92932704455, 4.12500003222, 0.00000000000, -0.00000000502, 0.00000003814
551, 50.00000000000, 1178.11856417146, 110.81828083404, 4.12500003222, 0.00000000000, 0.00000000125, 0.00000000567
552, 50.00000000000, 1211.34639645747, 70.52239948387, 4.12500003222, 0.00000000000, 0.00000000990, 0.00000006496
553, 50.00000000000, 1221.77549810738, 92.36954526397, 4.12500003222, 0.00000000000, 0.00000000587, -0.00000003399
554, 50.00000000000, 1226.91584899452, 107.94474424994, 4.12500003222, 0.00000000000, 0.00000000071, 0.00000000166
555, 50.00000000000, 1242.48092061073, 102.71668530075, 4.12500003222, 0.00000000000, 0.00000000549, -0.00000000480
556, 50.00000000000, 1255.89994489577, 116.68228817315, 4.12500003222, 0.00000000000, -0.00000000605, -0.00000001127
557, 50.00000000000, 1266.09977293120, 152.35599555106, 4.12500003222, 0.00000000000, 0.00000000951, 0.00000001189
558, 50.00000000000, 1281.00641558400, 98.38888984627, 4.12500003222, 0.00000000000, -0.00000000385, 0.00000000930
559, 50.00000000000, 1293.24499538035, 52.77396469672, 4.12500003222, 0.00000000000, 0.00000000601, 0.00000002523
560, 50.00000000000, 72.16569663244, 86.58347065362, 4.12500003222, 0.00000000000, -0.00000000696, 0.00000001267
561, 50.00000000000, 27.40234885013, 289.20491742404, 4.12500003222, 0.00000000000, 0.00000000000, 0.00000000000
562, 50.00000000000, 96.53810814683, 81.86039661550, 4.12500003222, 0.00000000000, 0.00000000697, 0.00000001162
563, 50.00000000000, 123.61214982409, 103.08728549961, 4.12500003222, 0.00000000000, 0.00000000705, 0.00000000011
564, 50.00000000000, 93.92285129685, 118.29630702952, 4.12500003222, 0.00000000000, -0.00000000487, 0.00000001234
565, 50.00000000000, 136.86146267066, 32.32821892029, 4.12500003222, 0.00000000000, -0.00000001731, 0.00000000063
566, 50.00000000000, 146.38556491224, 57.06609345741, 4.12500003222, 0.00000000000, 0.00000000730, 0.00000004273
567, 50.00000000000, 130.28421701694, 136.73864522454, 4.12500003222, 0.00000000000, 0.00000000184, 0.00000000403
568, 50.00000000000, 158.22493476481, 112.78291241642, 4.12500003222, 0.00000000000, -0.00000000572, -0.00000001918
569, 50.00000000000, 178.19077960335, 109.45168224246, 4.12500003222, 0.00000000000, -0.00000000080, -0.00000001773
570, 50.00000000000, 172.10912199543, 126.65560424163, 4.12500003222, 0.00000000000, 0.00000000472, 0.00000001106
571, 50.00000000000, 193.15353690960, 167.39996734623, 4.12500003222, 0.00000000000, -0.00000000013, 0.00000000188
572, 50.00000000000, 259.14051277524, 39.15052587792, 4.12500003222, 0.00000000000, -0.00000000011, 0.00000001324
573, 50.00000000000, 221.56868391163, 145.50516864924, 4.12500003222, 0.00000000000, 0.00000000064, 0.00000000406
574, 50.00000000000, 285.38087366263, 59.94060731323, 4.12500003222, 0.00000000000, -0.00000000460, -0.00000008903
575, 50.00000000000, 297.82048528664, 25.30643093802, 4.12500003222, 0.00000000000, 0.00000000669, -0.00000003936
576, 50.00000000000, 292.28650276165, 145.12149752964, 4.12500003222, 0.00000000000, -0.00000000263, -0.00000000304
577, 50.00000000000, 337.84621005575, 79.52754521692, 4.12500003222, 0.00000000000, 0.00000000547, 0.00000002426
578, 50.00000000000, 320.24312966861, 206.19857629873, 4.12500003222, 0.00000000000, 0.00000000000, 0.00000000000
579, 50.00000000000, 378.58935755555, 117.24527684722, 4.12500003222, 0.00000000000, 0.00000000372, -0.00000001144
580, 50.00000000000, 392.62778149217, 67.79124598693, 4.12500003222, 0.00000000000, -0.00000000103, 0.00000000210
581, 50.00000000000, 397.11330823425, 123.86322971832, 4.12500003222, 0.00000000000, 0.00000000711, -0.00000001738
582, 50.00000000000, 390.77758831900, 170.85303255911, 4.12500003222, 0.00000000000, 0.00000000000, 0.00000000000
583, 50.00000000000, 423.17615268168, 73.49240914805, 4.12500003222, 0.00000000000, -0.00000000053, 0.00000002130
584, 50.00000000000, 441.97875134227, 104.97546543804, 4.12500003222, 0.00000000000, 0.00000000383, -0.00000001546
585, 50.00000000000, 442.52616531724, -30000000.00000000000, 0.00000000000, 0.00000000000, -0.00000187657, 0.66000001198
586, 50.00000000000, 466.44127075437, 103.26006601743, 4.12500003222, 0.00000000000, 0.00000000246, 0.00000002726
587, 50.00000000000, 484.67167317132, 216.56640132950, 4.12500003222, 0.00000000000, 0.00000000212, -0.00000000212
588, 50.00000000000, 509.65742508067, 72.98267692313, 4.12500003222, 0.00000000000, 0.00000000103, -0.00000000620
589, 50.00000000000, 526.01300827857, 70.17656818780, 4.12500003222, 0.00000000000, 0.00000000673, 0.00000001442
590, 50.00000000000, 541.29235529339, 80.84562810095, 4.12500003222, 0.00000000000, 0.00000000600, -0.00000001486
591, 50.00000000000, 563.17493950477, 174.54997684990, 4.12500003222, 0.00000000000, -0.00000000735, -0.00000001291
592, 50.00000000000, 583.19073041585, 135.73856612063, 4.12500003222, 0.00000000000, 0.00000000510, 0.00000001838
593, 50.00000000000, 604.07126155023, 84.94418900074, 4.12500003222, 0.00000000000, -0.00000000353, 0.00000002484
594, 50.00000000000, 612.11551078620, 157.60240858908, 4.12500003222, 0.00000000000, 0.00000000181, 0.00000000876
595, 50.00000000000, 633.65806428321, 119.66328139806, 4.12500003222, 0.00000000000, 0.00000000617, 0.00000000483
596, 50.00000000000, 636.75389291381, 96.29689944396, 4.12500003222, 0.00000000000, -0.00000000479, -0.00000001997
597, 50.00000000000, 631.85458713229, 159.12747756662, 4.12500003222, 0.00000000000, -0.00000000072, -0.00000002215
598, 50.00000000000, 667.19049989530, -30000000.00000000000, 0.00000000000, 0.00000000000, -0.00000021048, 0.66000001198
599, 50.00000000000, 652.71784114677, 161.49289036401, 4.12500003222, 0.00000000000, 0.00000000097, 0.00000001085
600, 50.00000000000, 703.58707089712, -30000000.00000000000, 0.00000000000, 0.00000000000, -0.00000033473, 0.66000001198
601, 50.00000000000, 725.97041393869, 137.45980290911, 4.12500003222, 0.00000000000, 0.00000000229, 0.00000001203
602, 50.00000000000, 739.52542372390, 57.65345846768, 4.12500003222, 0.00000000000, 0.00000000999, -0.00000004719
603, 50.00000000000, 762.33613964542, -30000000.00000000000, 0.00000000000, 0.00000000000, 0.00000045388, 0.66000001198
604, 50.00000000000, 768.49374602031, 67.49548991616, 4.12500003222, 0.00000000000, -0.00000000480, -0.00000003703
605, 50.00000000000, 787.06983478406, 99.03282822745, 4.12500003222, 0.00000000000, -0.00000000301, 0.00000002095
606, 50.00000000000, 783.30589779628, 217.57592376375, 4.12500003222, 0.00000000000, -0.00000000420, -0.00000000407
607, 50.00000000000, 805.99631316440, 126.47718705579, 4.12500003222, 0.00000000000, 0.00000000336, -0.00000001739
608, 50.00000000000, 840.79508559849, 122.78662413972, 4.12500003222, 0.00000000000, -0.00000000822, -0.00000002952
609, 50.00000000000, 852.33276120381, 132.52456383998, 4.12500003222, 0.00000000000, 0.00000000323, -0.00000001682
610, 50.00000000000, 860.33684738674, 173.05142866521, 4.12500003222, 0.00000000000, 0.00000000225, -0.00000000477
611, 50.00000000000, 876.19215169635, 158.99599406639, 4.12500003222, 0.00000000000, -0.00000000167, 0.00000000556
612, 50.00000000000, 879.55144984254, 179.50110752341, 4.12500003222, 0.00000000000, -0.00000000375, -0.00000000298
613, 50.00000000000, 913.95868571112, 82.84473085295, 4.12500003222, 0.00000000000, 0.00000000661, 0.00000001448
614, 50.00000000000, 903.76419904765, 205.53467596737, 4.12500003222, 0.00000000000, 0.00000000398, -0.00000000470
615, 50.00000000000, 961.44655066439, 112.19193071466, 4.12500003222, 0.00000000000, 0.00000000366, -0.00000000868
616, 50.00000000000, 973.32545671622, 66.03562663575, 4.12500003222, 0.00000000000, -0.00000000029, -0.00000000625
617, 50.00000000000, 984.32446403499, 133.52022437264, 4.12500003222, 0.00000000000, -0.00000000449, 0.00000001712
618, 50.00000000000, 997.78921361167, 119.98274574184, 4.12500003222, 0.00000000000, 0.00000000648, -0.00000001882
619, 50.00000000000, 1019.35121200561, 72.30880464252, 4.12500003222, 0.00000000000, -0.00000000212, -0.00000005807
620, 50.00000000000, 1033.46264580793, 89.15439857014, 4.12500003222, 0.00000000000, 0.00000000202, 0.00000005104
621, 50.00000000000, 1037.41217472939, 34.58651992321, 4.12500003222, 0.00000000000, 0.00000000193, 0.00000000158
622, 50.00000000000, 1052.83241731346, 142.04198642173, 4.12500003222, 0.00000000000, -0.00000000178, 0.00000000780
623, 50.00000000000, 1058.94009448529, 122.30479446880, 4.12500003222, 0.00000000000, -0.00000000422, -0.00000001452
624, 50.00000000000, 1095.00785749428, 45.28298841245, 4.12500003222, 0.00000000000, 0.00000000289, -0.00000003336
625, 50.00000000000, 1095.99675480399, 79.81872764020, 4.12500003222, 0.00000000000, 0.00000000142, -0.00000003002
626, 50.00000000000, 1126.71417594000, 92.01336148078, 4.12500003222, 0.00000000000, -0.00000000065, 0.00000003332
627, 50.00000000000, 1135.09689449876, 80.16261414651, 4.12500003222, 0.00000000000, -0.00000000022, 0.00000002461
628, 50.00000000000, 1159.42616963117, 60.74120714090, 4.12500003222, 0.00000000000, 0.00000000140, 0.00000001348
629, 50.00000000000, 1170.39211945007, 68.57250194066, 4.12500003222, 0.00000000000, 0.00000001009, -0.00000000051
630, 50.00000000000, 1195.20432767416, 44.36345996920, 4.12500003222, 0.00000000000, -0.00000000188, 0.00000006565
631, 50.00000000000, 1190.82549044300, 143.85855829051, 4.12500003222, 0.00000000000, 0.00000000018, -0.00000000039
632, 50.00000000000, 1203.55667312113, 84.93047322132, 4.12500003222, 0.00000000000, 0.00000001232, 0.00000001075
633, 50.00000000000, 1209.12688962486, 110.62720126352, 4.12500003222, 0.00000000000, 0.00000000380, -0.00000001019
634, 50.00000000000, 1245.71585795585, 157.32631999515, 4.12500003222, 0.00000000000, -0.00000000485, 0.00000002035
635, 50.00000000000, 1237.41979432140, 123.99280137262, 4.12500003222, 0.00000000000, 0.00000000565, -0.00000000618
636, 50.00000000000, 1258.73596599899, 73.34097466267, 4.12500003222, 0.00000000000, 0.00000000176, 0.00000001263
637, 50.00000000000, 1251.70190584961, 138.48107486016, 4.12500003222, 0.00000000000, -0.00000000291, -0.00000005213
638, 50.00000000000, 1294.50628707844, 21.09035734241, 4.12500003222, 0.00000000000, 0.00000000172, 0.00000002967
639, 50.00000000000, 1309.19601747214, 35.45911080396, 4.12500003222, 0.00000000000, 0.00000000518, -0.00000002697
