0, 50.00000000000, 84.37940062075, 65.58395270332, 4.12500003222, 0.00000000000, 0.00000000200, 0.00000000654
1, 50.00000000000, 31.17842742412, 218.59050245875, 4.12500003222, 0.00000000000, 0.00000000000, 0.00000000000
2, 50.00000000000, 116.97910214624, 11.65336983724, 4.12500003222, 0.00000000000, 0.00000001017, 0.00000000777
3, 50.00000000000, 137.01916627889, 58.67885879131, 4.12500003222, 0.00000000000, -0.00000000492, 0.00000003662
4, 50.00000000000, 147.98487441597, 27.07841731822, 4.12500003222, 0.00000000000, -0.00000000746, 0.00000000228
5, 50.00000000000, 163.59454146031, 44.65700587892, 4.12500003222, 0.00000000000, 0.00000000230, -0.00000003984
6, 50.00000000000, 177.17632274429, 26.65997253187, 4.12500003222, 0.00000000000, -0.00000002597, -0.00000003586
7, 50.00000000000, 180.13804648838, 12.43316404241, 4.12500003222, 0.00000000000, 0.00000000419, -0.00000001089
8, 50.00000000000, 203.89583377644, 10.80534799991, 4.12500003222, 0.00000000000, -0.00000000418, -0.00000001624
9, 50.00000000000, 211.55394397778, 45.40055036082, 4.12500003222, 0.00000000000, 0.00000000084, -0.00000001689
10, 50.00000000000, 219.39073995069, 8.21479613514, 4.12500003222, 0.00000000000, -0.00000000222, -0.00000000499
11, 50.00000000000, 258.55292380137, 21.33569314652, 4.12500003222, 0.00000000000, 0.00000000406, 0.00000000624
12, 50.00000000000, 256.57772695877, 9.08767729437, 4.12500003222, 0.00000000000, -0.00000000372, -0.00000000531
13, 50.00000000000, 292.43282700237, 25.03953880563, 4.12500003222, 0.00000000000, -0.00000000225, -0.00000002118
14, 50.00000000000, 303.59428954132, 29.46532418569, 4.12500003222, 0.00000000000, 0.00000001510, -0.00000002311
15, 50.00000000000, 322.32736911693, 38.86454341124, 4.12500003222, 0.00000000000, 0.00000000043, 0.00000005055
16, 50.00000000000, 324.95194017512, 4.25249269760, 4.12500003222, 0.00000000000, -0.00000000563, 0.00000002157
17, 50.00000000000, 342.77345886717, 42.79857666171, 4.12500003222, 0.00000000000, -0.00000000780, -0.00000001483
18, 50.00000000000, 320.77220573898, -30000000.00000000000, 0.00000000000, 0.00000000000, 0.00000086896, 0.66000001198
19, 50.00000000000, 395.40351416022, 85.53712951705, 4.12500003222, 0.00000000000, -0.00000000501, -0.00000002769
20, 50.00000000000, 354.78505746845, -30000000.00000000000, 0.00000000000, 0.00000000000, -0.00000024838, 0.66000001198
21, 50.00000000000, 418.54319524608, 37.30361915084, 4.12500003222, 0.00000000000, 0.00000000388, -0.00000001832
22, 50.00000000000, 436.58253051204, 111.67477603241, 4.12500003222, 0.00000000000, -0.00000000435, 0.00000000742
23, 50.00000000000, 441.63429804441, 57.35199146956, 4.12500003222, 0.00000000000, 0.00000001035, -0.00000002605
24, 50.00000000000, 432.27415748936, -30000000.00000000000, 0.00000000000, 0.00000000000, -0.00000154884, 0.66000001198
25, 50.00000000000, 458.28187939483, 68.29189942392, 4.12500003222, 0.00000000000, 0.00000000441, -0.00000002381
26, 50.00000000000, 476.92955728130, 52.88437411956, 4.12500003222, 0.00000000000, 0.00000000076, -0.00000000015
27, 50.00000000000, 494.52997578991, 45.99843578120, 4.12500003222, 0.00000000000, -0.00000000258, 0.00000002337
28, 50.00000000000, 490.80233750401, -30000000.00000000000, 0.00000000000, 0.00000000000, 0.00000049650, 0.66000001198
29, 50.00000000000, 545.81559202128, 132.23700555000, 4.12500003222, 0.00000000000, -0.00000000171, 0.00000000746
30, 50.00000000000, 548.71150381451, 58.09197971684, 4.12500003222, 0.00000000000, 0.00000000032, 0.00000001699
31, 50.00000000000, 543.19691392511, -30000000.00000000000, 0.00000000000, 0.00000000000, -0.00000031239, 0.66000001198
32, 50.00000000000, 553.51083804229, -30000000.00000000000, 0.00000000000, 0.00000000000, -0.00000083369, 0.66000001198
33, 50.00000000000, 579.37083240396, -30000000.00000000000, 0.00000000000, 0.00000000000, -0.00000082370, 0.66000001198
34, 50.00000000000, 605.38485395429, 62.37430844805, 4.12500003222, 0.00000000000, 0.00000000208, 0.00000002986
35, 50.00000000000, 630.61063283830, 99.47469595047, 4.12500003222, 0.00000000000, 0.00000000585, 0.00000000270
36, 50.00000000000, 634.34508717800, -30000000.00000000000, 0.00000000000, 0.00000000000, 0.00000103929, 0.66000001198
37, 50.00000000000, 652.04110327195, -30000000.00000000000, 0.00000000000, 0.00000000000, 0.00000034749, 0.66000001198
38, 50.00000000000, 665.81883992390, -30000000.00000000000, 0.00000000000, 0.00000000000, -0.00000046471, 0.66000001198
39, 50.00000000000, 689.62023614904, -30000000.00000000000, 0.00000000000, 0.00000000000, -0.00000146193, 0.66000001198
40, 50.00000000000, 700.00972289972, -30000000.00000000000, 0.00000000000, 0.00000000000, -0.00000081334, 0.66000001198
41, 50.00000000000, 719.85141430925, -30000000.00000000000, 0.00000000000, 0.00000000000, -0.00000036030, 0.66000001198
42, 50.00000000000, 731.28840190444, 61.75634401054, 4.12500003222, 0.00000000000, 0.00000000548, 0.00000001851
43, 50.00000000000, 747.52990164377, 89.93813311819, 4.12500003222, 0.00000000000, -0.00000000335, 0.00000000549
44, 50.00000000000, 765.34361272700, 90.41283769837, 4.12500003222, 0.00000000000, 0.00000000014, -0.00000003203
45, 50.00000000000, 785.39871402538, -30000000.00000000000, 0.00000000000, 0.00000000000, 0.00000067281, 0.66000001198
46, 50.00000000000, 802.72063867561, -30000000.00000000000, 0.00000000000, 0.00000000000, -0.00000020174, 0.66000001198
47, 50.00000000000, 821.86992796889, -30000000.00000000000, 0.00000000000, 0.00000000000, -0.00000056600, 0.66000001198
48, 50.00000000000, 835.05849387833, -30000000.00000000000, 0.00000000000, 0.00000000000, -0.00000162012, 0.66000001198
49, 50.00000000000, 836.79136806619, 74.51608042679, 4.12500003222, 0.00000000000, 0.00000000698, 0.00000000805
50, 50.00000000000, 877.38136137834, -30000000.00000000000, 0.00000000000, 0.00000000000, 0.00000194555, 0.66000001198
51, 50.00000000000, 893.77444871763, -30000000.00000000000, 0.00000000000, 0.00000000000, 0.00000027232, 0.66000001198
52, 50.00000000000, 864.70391497448, 176.74433679892, 4.12500003222, 0.00000000000, 0.00000000109, -0.00000000230
53, 50.00000000000, 929.93711020118, -30000000.00000000000, 0.00000000000, 0.00000000000, -0.00000148395, 0.66000001198
54, 50.00000000000, 942.00735429253, -30000000.00000000000, 0.00000000000, 0.00000000000, -0.00000026674, 0.66000001198
55, 50.00000000000, 956.53609056131, -30000000.00000000000, 0.00000000000, 0.00000000000, 0.00000118068, 0.66000001198
56, 50.00000000000, 977.98592740005, -30000000.00000000000, 0.00000000000, 0.00000000000, -0.00000065949, 0.66000001198
57, 50.00000000000, 967.26057577146, 22.50507706648, 4.12500003222, 0.00000000000, -0.00000000292, 0.00000001769
58, 50.00000000000, 1013.21777405636, -30000000.00000000000, 0.00000000000, 0.00000000000, 0.00000144585, 0.66000001198
59, 50.00000000000, 1008.91337148352, 20.01413037507, 4.12500003222, 0.00000000000, -0.00000000617, -0.00000000428
60, 50.00000000000, 1019.19347570832, 73.48228422523, 4.12500003222, 0.00000000000, -0.00000000238, -0.00000002077
61, 50.00000000000, 1061.90329918524, -30000000.00000000000, 0.00000000000, 0.00000000000, 0.00000017793, 0.66000001198
62, 50.00000000000, 1072.90617315572, -30000000.00000000000, 0.00000000000, 0.00000000000, 0.00000042735, 0.66000001198
63, 50.00000000000, 1086.71364848684, 92.60195454780, 4.12500003222, 0.00000000000, -0.00000000394, 0.00000000461
64, 50.00000000000, 1074.47255914776, 1.47589165659, 4.12500003222, 0.00000000000, 0.00000000885, 0.00000001376
65, 50.00000000000, 1097.74315271068, 70.26443044390, 4.12500003222, 0.00000000000, -0.00000000185, 0.00000002824
66, 50.00000000000, 1092.37164118036, 30.18360295002, 4.12500003222, 0.00000000000, 0.00000000963, 0.00000000007
67, 50.00000000000, 1130.14175187234, 65.48850200445, 4.12500003222, 0.00000000000, -0.00000000665, 0.00000000661
68, 50.00000000000, 1145.47342629794, 38.04527660015, 4.12500003222, 0.00000000000, -0.00000001096, 0.00000003366
69, 50.00000000000, 1152.26906645650, 4.74933276062, 4.12500003222, 0.00000000000, 0.00000000180, 0.00000001793
70, 50.00000000000, 1166.94454448131, 26.68776088050, 4.12500003222, 0.00000000000, -0.00000000395, -0.00000002674
71, 50.00000000000, 1182.03264850496, 26.36750851122, 4.12500003222, 0.00000000000, 0.00000000361, -0.00000001909
72, 50.00000000000, 1211.93602802470, 44.13329118128, 4.12500003222, 0.00000000000, -0.00000001684, 0.00000000624
73, 50.00000000000, 1175.04276168308, 100.86849064309, 4.12500003222, 0.00000000000, -0.00000000285, 0.00000000295
74, 50.00000000000, 1232.76910446070, 11.61861412824, 4.12500003222, 0.00000000000, -0.00000001149, 0.00000000567
75, 50.00000000000, 1243.78872402137, 5.77148233958, 4.12500003222, 0.00000000000, 0.00000000373, 0.00000000409
76, 50.00000000000, 1251.67725990257, 25.47188989158, 4.12500003222, 0.00000000000, -0.00000000105, -0.00000000376
77, 50.00000000000, 1256.81943197077, 37.26257040183, 4.12500003222, 0.00000000000, -0.00000001229, 0.00000002005
78, 50.00000000000, 1287.40711357713, 12.11422994335, 4.12500003222, 0.00000000000, -0.00000000181, 0.00000000115
79, 50.00000000000, 1268.50194154492, 84.74195472834, 4.12500003222, 0.00000000000, -0.00000000668, 0.00000000144
80, 50.00000000000, 83.38134060146, 13.36140447488, 4.12500003222, 0.00000000000, 0.00000000033, -0.00000002125
81, 50.00000000000, 104.21580553149, 25.84682130506, 4.12500003222, 0.00000000000, -0.00000002214, 0.00000000432
82, 50.00000000000, 124.15649370558, 22.84510928041, 4.12500003222, 0.00000000000, 0.00000000865, -0.00000002692
83, 50.00000000000, 136.68472657312, 15.09489107137, 4.12500003222, 0.00000000000, -0.00000000233, -0.00000006266
84, 50.00000000000, 139.59350350958, 34.97843270748, 4.12500003222, 0.00000000000, 0.00000000293, -0.00000000312
85, 50.00000000000, 157.54146227524, 10.49372205502, 4.12500003222, 0.00000000000, 0.00000000605, 0.00000004140
86, 50.00000000000, 167.70385082773, 9.30647445755, 4.12500003222, 0.00000000000, 0.00000000977, 0.00000003377
87, 50.00000000000, 192.01367440516, 31.06763009567, 4.12500003222, 0.00000000000, 0.00000000319, -0.00000004220
88, 50.00000000000, 187.05545963699, 42.00719350647, 4.12500003222, 0.00000000000, -0.00000001056, 0.00000002774
89, 50.00000000000, 209.98257493537, 31.42710325044, 4.12500003222, 0.00000000000, 0.00000001799, 0.00000001484
90, 50.00000000000, 240.68360237948, 15.31200494640, 4.12500003222, 0.00000000000, -0.00000000495, 0.00000001152
91, 50.00000000000, 239.55661952936, 25.19723757595, 4.12500003222, 0.00000000000, -0.00000000071, -0.00000001413
92, 50.00000000000, 278.46119703369, 31.91410373932, 4.12500003222, 0.00000000000, -0.00000002267, -0.00000005029
93, 50.00000000000, 273.46045041172, 21.12338169135, 4.12500003222, 0.00000000000, 0.00000000452, 0.00000004056
94, 50.00000000000, 299.23807461775, 45.43281938746, 4.12500003222, 0.00000000000, -0.00000000176, 0.00000003227
95, 50.00000000000, 318.39609709558, 61.43780067680, 4.12500003222, 0.00000000000, -0.00000000558, -0.00000000052
96, 50.00000000000, 341.32231474332, 9.62269086108, 4.12500003222, 0.00000000000, -0.00000000472, 0.00000000580
97, 50.00000000000, 340.66608606282, 64.84070517991, 4.12500003222, 0.00000000000, 0.00000000376, -0.00000001805
98, 50.00000000000, 365.81585645239, 39.94285984051, 4.12500003222, 0.00000000000, 0.00000000788, 0.00000000537
99, 50.00000000000, 387.56928596919, 66.87583115992, 4.12500003222, 0.00000000000, 0.00000000742, -0.00000001409
100, 50.00000000000, 354.50184675772, -30000000.00000000000, 0.00000000000, 0.00000000000, -0.00000022625, 0.66000001198
101, 50.00000000000, 373.64157133848, -30000000.00000000000, 0.00000000000, 0.00000000000, -0.00000009073, 0.66000001198
102, 50.00000000000, 392.21622457898, -30000000.00000000000, 0.00000000000, 0.00000000000, 0.00000085312, 0.66000001198
103, 50.00000000000, 436.51066450538, 90.16634487685, 4.12500003222, 0.00000000000, 0.00000000843, -0.00000000925
104, 50.00000000000, 456.24173955791, 45.97721094370, 4.12500003222, 0.00000000000, 0.00000000556, 0.00000003034
105, 50.00000000000, 462.94658569499, 62.55594207785, 4.12500003222, 0.00000000000, -0.00000000681, -0.00000001449
106, 50.00000000000, 498.20683087845, 104.48086244061, 4.12500003222, 0.00000000000, 0.00000001492, -0.00000001842
107, 50.00000000000, 478.68647748534, -30000000.00000000000, 0.00000000000, 0.00000000000, 0.00000090104, 0.66000001198
108, 50.00000000000, 529.76691104114, 90.36356385362, 4.12500003222, 0.00000000000, 0.00000001269, 0.00000000342
109, 50.00000000000, 532.68414605189, 77.37360389144, 4.12500003222, 0.00000000000, 0.00000000285, 0.00000001639
110, 50.00000000000, 539.05201668111, -30000000.00000000000, 0.00000000000, 0.00000000000, 0.00000041767, 0.66000001198
111, 50.00000000000, 545.77179603882, -30000000.00000000000, 0.00000000000, 0.00000000000, -0.00000076431, 0.66000001198
112, 50.00000000000, 584.34950433729, 92.24542809938, 4.12500003222, 0.00000000000, 0.00000000019, 0.00000001015
113, 50.00000000000, 595.52977903510, 109.95746285899, 4.12500003222, 0.00000000000, 0.00000000810, 0.00000001622
114, 50.00000000000, 620.48267999534, 115.67965196163, 4.12500003222, 0.00000000000, -0.00000000525, 0.00000000647
115, 50.00000000000, 617.08287733555, -30000000.00000000000, 0.00000000000, 0.00000000000, 0.00000207609, 0.66000001198
116, 50.00000000000, 621.15503974163, -30000000.00000000000, 0.00000000000, 0.00000000000, 0.00000135948, 0.66000001198
117, 50.00000000000, 643.59352930570, -30000000.00000000000, 0.00000000000, 0.00000000000, 0.00000028890, 0.66000001198
118, 50.00000000000, 661.93821782888, -30000000.00000000000, 0.00000000000, 0.00000000000, -0.00000066518, 0.66000001198
119, 50.00000000000, 677.80786175520, -30000000.00000000000, 0.00000000000, 0.00000000000, -0.00000008347, 0.66000001198
120, 50.00000000000, 729.50711068344, 107.34911665716, 4.12500003222, 0.00000000000, -0.00000000008, -0.00000001763
121, 50.00000000000, 717.80043513657, 55.71885476642, 4.12500003222, 0.00000000000, -0.00000000386, 0.00000001973
122, 50.00000000000, 736.02353045489, 71.27224977527, 4.12500003222, 0.00000000000, -0.00000000725, -0.00000000585
123, 50.00000000000, 752.22759272297, -30000000.00000000000, 0.00000000000, 0.00000000000, 0.00000049558, 0.66000001198
124, 50.00000000000, 775.61677315234, 35.86898704648, 4.12500003222, 0.00000000000, 0.00000000331, 0.00000001806
125, 50.00000000000, 797.39715048192, 45.24807505013, 4.12500003222, 0.00000000000, 0.00000000615, 0.00000001098
126, 50.00000000000, 796.92100672307, -30000000.00000000000, 0.00000000000, 0.00000000000, 0.00000094659, 0.66000001198
127, 50.00000000000, 822.03916367755, -30000000.00000000000, 0.00000000000, 0.00000000000, -0.00000059331, 0.66000001198
128, 50.00000000000, 846.30204419394, 56.85388898935, 4.12500003222, 0.00000000000, -0.00000000026, -0.00000000114
129, 50.00000000000, 841.57685082277, 93.67123655720, 4.12500003222, 0.00000000000, -0.00000000015, -0.00000002310
130, 50.00000000000, 889.01863070547, 55.63544580536, 4.12500003222, 0.00000000000, -0.00000000385, 0.00000003414
131, 50.00000000000, 881.29162901969, -30000000.00000000000, 0.00000000000, 0.00000000000, 0.00000181700, 0.66000001198
132, 50.00000000000, 901.95507911787, -30000000.00000000000, 0.00000000000, 0.00000000000, -0.00000031456, 0.66000001198
133, 50.00000000000, 899.77600027461, 169.31367923425, 4.12500003222, 0.00000000000, -0.00000000708, -0.00000001436
134, 50.00000000000, 938.99613701137, 46.12129608784, 4.12500003222, 0.00000000000, -0.00000000405, 0.00000001903
135, 50.00000000000, 950.72226186139, 27.66196776899, 4.12500003222, 0.00000000000, 0.00000000323, 0.00000000160
136, 50.00000000000, 972.40402886907, -30000000.00000000000, 0.00000000000, 0.00000000000, -0.00000035837, 0.66000001198
137, 50.00000000000, 985.99803341545, 34.42841672640, 4.12500003222, 0.00000000000, 0.00000000554, 0.00000003784
138, 50.00000000000, 985.08188554575, 67.93160533465, 4.12500003222, 0.00000000000, -0.00000000249, -0.00000000063
139, 50.00000000000, 1031.32907735432, -30000000.00000000000, 0.00000000000, 0.00000000000, -0.00000093901, 0.66000001198
140, 50.00000000000, 1040.42099259026, -30000000.00000000000, 0.00000000000, 0.00000000000, -0.00000085620, 0.66000001198
141, 50.00000000000, 1029.16153790090, 34.30837399311, 4.12500003222, 0.00000000000, 0.00000000882, 0.00000002914
142, 50.00000000000, 1080.47056507641, -30000000.00000000000, 0.00000000000, 0.00000000000, -0.00000023831, 0.66000001198
143, 50.00000000000, 1062.77257254272, 44.42447360199, 4.12500003222, 0.00000000000, 0.00000000634, 0.00000005554
144, 50.00000000000, 1054.43451780727, 11.24667415508, 4.12500003222, 0.00000000000, 0.00000000392, -0.00000000538
145, 50.00000000000, 1079.37063336529, 16.96723938390, 4.12500003222, 0.00000000000, -0.00000001126, -0.00000002715
146, 50.00000000000, 1108.46283650612, 35.54447087814, 4.12500003222, 0.00000000000, 0.00000000145, -0.00000000905
147, 50.00000000000, 1128.96587635785, 27.36648846331, 4.12500003222, 0.00000000000, -0.00000000802, 0.00000003864
148, 50.00000000000, 1137.95333418844, 117.15925531038, 4.12500003222, 0.00000000000, -0.00000000341, -0.00000000831
149, 50.00000000000, 1145.82357373743, 26.82361893326, 4.12500003222, 0.00000000000, -0.00000000704, -0.00000001921
150, 50.00000000000, 1162.29027395201, 35.97641148222, 4.12500003222, 0.00000000000, -0.00000000615, -0.00000000041
151, 50.00000000000, 1187.73757934258, 12.80677278273, 4.12500003222, 0.00000000000, -0.00000000602, -0.00000000566
152, 50.00000000000, 1173.72849893602, 122.94080909422, 4.12500003222, 0.00000000000, 0.00000000209, -0.00000002161
153, 50.00000000000, 1220.70593528154, 11.37385170398, 4.12500003222, 0.00000000000, -0.00000000090, 0.00000000324
154, 50.00000000000, 1237.03781836835, 27.69346734686, 4.12500003222, 0.00000000000, -0.00000000203, 0.00000000777
155, 50.00000000000, 1232.57661460245, 59.98002179391, 4.12500003222, 0.00000000000, -0.00000000359, 0.00000000915
156, 50.00000000000, 1237.32149694461, 98.15225887577, 4.12500003222, 0.00000000000, 0.00000000203, 0.00000003321
157, 50.00000000000, 1251.41637846499, 58.16710089788, 4.12500003222, 0.00000000000, 0.00000000122, 0.00000001822
158, 50.00000000000, 1252.71693550018, 112.31884227029, 4.12500003222, 0.00000000000, -0.00000000172, 0.00000000159
159, 50.00000000000, 1266.22492687762, 61.49933948995, 4.12500003222, 0.00000000000, 0.00000000060, 0.00000001884
160, 50.00000000000, 100.15853277769, 31.07775692240, 4.12500003222, 0.00000000000, 0.00000001162, -0.00000001469
161, 50.00000000000, 107.40133314744, 64.51790340167, 4.12500003222, 0.00000000000, 0.00000000357, -0.00000001012
162, 50.00000000000, 127.75357005350, 4.21583124765, 4.12500003222, 0.00000000000, -0.00000000030, 0.00000002336
163, 50.00000000000, 137.05764614357, 25.31141777241, 4.12500003222, 0.00000000000, 0.00000001388, 0.00000002622
164, 50.00000000000, 140.85823259864, 49.12576431147, 4.12500003222, 0.00000000000, -0.00000001646, 0.00000002319
165, 50.00000000000, 147.93309233571, 43.20698475494, 4.12500003222, 0.00000000000, 0.00000000138, -0.00000003324
166, 50.00000000000, 179.21623452843, 36.71565833021, 4.12500003222, 0.00000000000, -0.00000003383, 0.00000005822
167, 50.00000000000, 188.14808108566, 21.62434844798, 4.12500003222, 0.00000000000, -0.00000000260, -0.00000001085
168, 50.00000000000, 190.66739999174, 57.21057647509, 4.12500003222, 0.00000000000, 0.00000001002, 0.00000003468
169, 50.00000000000, 222.63768602970, 16.20742004427, 4.12500003222, 0.00000000000, 0.00000000395, -0.00000000506
170, 50.00000000000, 237.93730561751, 5.57470959017, 4.12500003222, 0.00000000000, 0.00000000071, -0.00000000118
171, 50.00000000000, 254.78449423001, 34.35237195423, 4.12500003222, 0.00000000000, 0.00000000406, 0.00000000557
172, 50.00000000000, 276.05557978528, 8.46933313141, 4.12500003222, 0.00000000000, 0.00000000672, -0.00000002236
173, 50.00000000000, 287.36175685461, 48.47760409967, 4.12500003222, 0.00000000000, 0.00000001047, 0.00000004082
174, 50.00000000000, 306.28488604855, 7.66342097422, 4.12500003222, 0.00000000000, 0.00000000554, 0.00000001568
175, 50.00000000000, 314.73048925951, 14.55783562304, 4.12500003222, 0.00000000000, -0.00000000437, -0.00000003554
176, 50.00000000000, 334.79131540365, 25.46937337851, 4.12500003222, 0.00000000000, 0.00000001487, 0.00000000542
177, 50.00000000000, 355.13606815661, 48.27334644605, 4.12500003222, 0.00000000000, 0.00000000351, 0.00000003773
178, 50.00000000000, 373.97295886655, 86.61836812490, 4.12500003222, 0.00000000000, 0.00000000115, -0.00000001591
179, 50.00000000000, 382.85631179187, 99.15619834480, 4.12500003222, 0.00000000000, -0.00000001026, -0.00000001944
180, 50.00000000000, 403.13307854431, 100.74279659720, 4.12500003222, 0.00000000000, 0.00000000093, 0.00000000035
181, 50.00000000000, 416.95811945265, 85.30127571945, 4.12500003222, 0.00000000000, 0.00000000095, 0.00000002229
182, 50.00000000000, 440.09752697282, 100.30332564811, 4.12500003222, 0.00000000000, -0.00000000157, -0.00000003937
183, 50.00000000000, 436.98540540221, 42.53803339374, 4.12500003222, 0.00000000000, 0.00000000126, -0.00000003409
184, 50.00000000000, 419.54036532895, -30000000.00000000000, 0.00000000000, 0.00000000000, 0.00000008439, 0.66000001198
185, 50.00000000000, 469.36422377637, 117.20230293929, 4.12500003222, 0.00000000000, -0.00000000076, 0.00000001838
186, 50.00000000000, 488.47865709395, 82.55500211556, 4.12500003222, 0.00000000000, -0.00000000683, -0.00000002144
187, 50.00000000000, 495.17933680632, 85.20342067123, 4.12500003222, 0.00000000000, -0.00000000731, -0.00000000853
188, 50.00000000000, 514.33863105292, 59.94755005211, 4.12500003222, 0.00000000000, -0.00000001293, -0.00000000397
189, 50.00000000000, 530.90636764182, 42.93703649640, 4.12500003222, 0.00000000000, -0.00000000025, 0.00000001426
190, 50.00000000000, 520.58267380689, -30000000.00000000000, 0.00000000000, 0.00000000000, 0.00000135806, 0.66000001198
191, 50.00000000000, 563.47942436324, 75.59170165897, 4.12500003222, 0.00000000000, 0.00000000582, 0.00000000455
192, 50.00000000000, 575.03419779547, 146.22078297860, 4.12500003222, 0.00000000000, -0.00000000021, 0.00000000120
193, 50.00000000000, 583.36396051672, 180.49329229774, 4.12500003222, 0.00000000000, 0.00000000553, -0.00000000632
194, 50.00000000000, 600.61942843593, 166.88876585246, 4.12500003222, 0.00000000000, 0.00000000699, -0.00000001225
195, 50.00000000000, 612.28101428985, -30000000.00000000000, 0.00000000000, 0.00000000000, 0.00000223237, 0.66000001198
196, 50.00000000000, 639.89820585641, -30000000.00000000000, 0.00000000000, 0.00000000000, 0.00000073799, 0.66000001198
197, 50.00000000000, 653.53228575771, -30000000.00000000000, 0.00000000000, 0.00000000000, -0.00000007266, 0.66000001198
198, 50.00000000000, 674.02822493944, 50.77690861934, 4.12500003222, 0.00000000000, 0.00000000592, 0.00000000321
199, 50.00000000000, 673.06020826581, -30000000.00000000000, 0.00000000000, 0.00000000000, 0.00000070719, 0.66000001198
200, 50.00000000000, 710.02959814751, 91.39994629373, 4.12500003222, 0.00000000000, 0.00000000299, 0.00000000052
201, 50.00000000000, 725.81655250345, 93.37970745800, 4.12500003222, 0.00000000000, 0.00000000106, -0.00000001096
202, 50.00000000000, 726.68675644556, 39.26549153048, 4.12500003222, 0.00000000000, 0.00000000323, -0.00000001017
203, 50.00000000000, 756.44150424276, -30000000.00000000000, 0.00000000000, 0.00000000000, -0.00000024601, 0.66000001198
204, 50.00000000000, 765.68247227427, -30000000.00000000000, 0.00000000000, 0.00000000000, -0.00000020833, 0.66000001198
205, 50.00000000000, 794.26622443000, 30.70291826285, 4.12500003222, 0.00000000000, -0.00000000361, -0.00000000531
206, 50.00000000000, 813.47807268388, 26.54584509785, 4.12500003222, 0.00000000000, -0.00000000460, -0.00000000631
207, 50.00000000000, 807.08213296251, 59.61993044770, 4.12500003222, 0.00000000000, -0.00000000020, -0.00000003160
208, 50.00000000000, 825.36254968368, 89.88616900974, 4.12500003222, 0.00000000000, 0.00000000350, 0.00000000165
209, 50.00000000000, 826.46696268171, 58.23364351865, 4.12500003222, 0.00000000000, -0.00000000190, -0.00000002906
210, 50.00000000000, 866.59283745094, -30000000.00000000000, 0.00000000000, 0.00000000000, 0.00000161984, 0.66000001198
211, 50.00000000000, 890.63605409679, -30000000.00000000000, 0.00000000000, 0.00000000000, 0.00000103109, 0.66000001198
212, 50.00000000000, 894.73702189987, 33.88867258903, 4.12500003222, 0.00000000000, 0.00000000341, -0.00000002289
213, 50.00000000000, 915.76837511254, -30000000.00000000000, 0.00000000000, 0.00000000000, -0.00000147500, 0.66000001198
214, 50.00000000000, 934.54716194555, 90.92210848232, 4.12500003222, 0.00000000000, 0.00000000274, 0.00000000956
215, 50.00000000000, 952.54585045124, 39.52061413850, 4.12500003222, 0.00000000000, 0.00000000085, 0.00000000818
216, 50.00000000000, 971.94484717742, 33.00962004277, 4.12500003222, 0.00000000000, -0.00000000296, -0.00000001721
217, 50.00000000000, 984.27381532761, -30000000.00000000000, 0.00000000000, 0.00000000000, -0.00000176700, 0.66000001198
218, 50.00000000000, 1003.32229807529, -30000000.00000000000, 0.00000000000, 0.00000000000, 0.00000034875, 0.66000001198
219, 50.00000000000, 1025.88273151686, -30000000.00000000000, 0.00000000000, 0.00000000000, -0.00000022594, 0.66000001198
220, 50.00000000000, 995.52388079324, 101.69102856429, 4.12500003222, 0.00000000000, -0.00000000130, -0.00000000723
221, 50.00000000000, 1042.53175115340, 30.26720097010, 4.12500003222, 0.00000000000, -0.00000001034, 0.00000002385
222, 50.00000000000, 1052.79593905728, 46.71778328918, 4.12500003222, 0.00000000000, 0.00000001871, -0.00000002100
223, 50.00000000000, 1059.00229617724, 31.66734613554, 4.12500003222, 0.00000000000, -0.00000000428, 0.00000000535
224, 50.00000000000, 1065.51265125857, 9.83019273414, 4.12500003222, 0.00000000000, -0.00000000418, 0.00000002951
225, 50.00000000000, 1096.96030452136, 23.83322054912, 4.12500003222, 0.00000000000, 0.00000001464, -0.00000002295
226, 50.00000000000, 1094.46120087260, 78.73241273145, 4.12500003222, 0.00000000000, 0.00000000458, -0.00000000870
227, 50.00000000000, 1123.73973579340, 48.73423488943, 4.12500003222, 0.00000000000, 0.00000000910, 0.00000000556
228, 50.00000000000, 1131.00498570316, 9.91378783218, 4.12500003222, 0.00000000000, 0.00000000141, -0.00000000718
229, 50.00000000000, 1149.39785087625, 15.90045444027, 4.12500003222, 0.00000000000, 0.00000000454, -0.00000002979
230, 50.00000000000, 1165.55064812110, 14.19808692992, 4.12500003222, 0.00000000000, 0.00000000742, -0.00000001789
231, 50.00000000000, 1184.69896555377, 60.56474259892, 4.12500003222, 0.00000000000, -0.00000001539, -0.00000002123
232, 50.00000000000, 1205.01642393288, 30.49848132934, 4.12500003222, 0.00000000000, -0.00000000450, 0.00000002718
233, 50.00000000000, 1199.04648390370, 53.64146308422, 4.12500003222, 0.00000000000, -0.00000000170, -0.00000000604
234, 50.00000000000, 1207.85993791738, 61.38692910570, 4.12500003222, 0.00000000000, 0.00000000965, 0.00000000083
235, 50.00000000000, 1222.94265918901, 80.35869573944, 4.12500003222, 0.00000000000, -0.00000002090, -0.00000005382
236, 50.00000000000, 1266.56316136728, 7.01995489806, 4.12500003222, 0.00000000000, 0.00000000874, -0.00000000923
237, 50.00000000000, 1248.55750202496, 76.64285903594, 4.12500003222, 0.00000000000, 0.00000000445, -0.00000000064
238, 50.00000000000, 1255.29326520468, 89.97324224702, 4.12500003222, 0.00000000000, 0.00000001030, 0.00000004085
239, 50.00000000000, 1280.19925380243, 90.34136256025, 4.12500003222, 0.00000000000, -0.00000000021, 0.00000003487
240, 50.00000000000, 107.65176081235, 43.13352974804, 4.12500003222, 0.00000000000, 0.00000000801, -0.00000000296
241, 50.00000000000, 95.74949069094, 11.47041666282, 4.12500003222, 0.00000000000, -0.00000000774, -0.00000000138
242, 50.00000000000, 116.41748214113, 24.78159762422, 4.12500003222, 0.00000000000, -0.00000000745, -0.00000001487
243, 50.00000000000, 137.99551869819, 71.32517892809, 4.12500003222, 0.00000000000, -0.00000000065, -0.00000000214
244, 50.00000000000, 150.95711599147, 65.17804059578, 4.12500003222, 0.00000000000, 0.00000001040, -0.00000004175
245, 50.00000000000, 158.47540392429, 62.55156184196, 4.12500003222, 0.00000000000, -0.00000002467, -0.00000000257
246, 50.00000000000, 169.65462797331, 22.36113420126, 4.12500003222, 0.00000000000, 0.00000000336, 0.00000000666
247, 50.00000000000, 162.42488335679, 93.29168315572, 4.12500003222, 0.00000000000, 0.00000000136, 0.00000003112
248, 50.00000000000, 168.05180262020, 68.29378889181, 4.12500003222, 0.00000000000, -0.00000001484, 0.00000004377
249, 50.00000000000, 177.10176525838, 75.32788886309, 4.12500003222, 0.00000000000, -0.00000000166, 0.00000001076
250, 50.00000000000, 222.50529252459, 26.80369338620, 4.12500003222, 0.00000000000, 0.00000000472, -0.00000000836
251, 50.00000000000, 212.15560166229, 82.35627075218, 4.12500003222, 0.00000000000, 0.00000000169, -0.00000001396
252, 50.00000000000, 263.97201229997, 52.97717005463, 4.12500003222, 0.00000000000, -0.00000000928, 0.00000000024
253, 50.00000000000, 290.94868830943, 36.15907505975, 4.12500003222, 0.00000000000, -0.00000000698, 0.00000000023
254, 50.00000000000, 262.89070225906, 107.25754630426, 4.12500003222, 0.00000000000, -0.00000000155, -0.00000000993
255, 50.00000000000, 256.82279810439, 127.76926339881, 4.12500003222, 0.00000000000, -0.00000000079, 0.00000000004
256, 50.00000000000, 289.87722533292, 139.47104552440, 4.12500003222, 0.00000000000, 0.00000000095, -0.00000000365
257, 50.00000000000, 353.22240640017, 59.65545254367, 4.12500003222, 0.00000000000, 0.00000000094, 0.00000001463
258, 50.00000000000, 373.33697328033, 74.91457607452, 4.12500003222, 0.00000000000, 0.00000000098, 0.00000000382
259, 50.00000000000, 383.65907769168, 34.12074884451, 4.12500003222, 0.00000000000, -0.00000000404, 0.00000000333
260, 50.00000000000, 399.46183392193, 49.07547299977, 4.12500003222, 0.00000000000, -0.00000000558, 0.00000002802
261, 50.00000000000, 407.26874636168, 56.71524060875, 4.12500003222, 0.00000000000, -0.00000000991, 0.00000001376
262, 50.00000000000, 388.93887788843, -30000000.00000000000, 0.00000000000, 0.00000000000, 0.00000061209, 0.66000001198
263, 50.00000000000, 456.28392647932, 86.38968370318, 4.12500003222, 0.00000000000, -0.00000001090, 0.00000000263
264, 50.00000000000, 441.53137904456, 65.46359249551, 4.12500003222, 0.00000000000, 0.00000000598, 0.00000002987
265, 50.00000000000, 470.20988917310, 84.69862541834, 4.12500003222, 0.00000000000, 0.00000000168, -0.00000000698
266, 50.00000000000, 487.16910752033, 118.77648329584, 4.12500003222, 0.00000000000, -0.00000000134, 0.00000001315
267, 50.00000000000, 505.59141760775, 92.41078919776, 4.12500003222, 0.00000000000, -0.00000000700, 0.00000003832
268, 50.00000000000, 509.55121366416, 81.93149252834, 4.12500003222, 0.00000000000, -0.00000000632, -0.00000000901
269, 50.00000000000, 531.75333202588, 57.89458389137, 4.12500003222, 0.00000000000, 0.00000000195, -0.00000003306
270, 50.00000000000, 531.84524923006, -30000000.00000000000, 0.00000000000, 0.00000000000, -0.00000014633, 0.66000001198
271, 50.00000000000, 566.57658485441, 97.78749246384, 4.12500003222, 0.00000000000, 0.00000000468, -0.00000001092
272, 50.00000000000, 570.11461716653, 58.57174574614, 4.12500003222, 0.00000000000, 0.00000000166, 0.00000000835
273, 50.00000000000, 606.62605847281, 132.50855753176, 4.12500003222, 0.00000000000, -0.00000000006, -0.00000002464
274, 50.00000000000, 614.85511105042, 99.78418173615, 4.12500003222, 0.00000000000, -0.00000001038, 0.00000000658
275, 50.00000000000, 619.04887466601, 80.12554397205, 4.12500003222, 0.00000000000, 0.00000000113, -0.00000002204
276, 50.00000000000, 629.15038711257, -30000000.00000000000, 0.00000000000, 0.00000000000, 0.00000099221, 0.66000001198
277, 50.00000000000, 662.42861988001, 66.35426202462, 4.12500003222, 0.00000000000, -0.00000000281, -0.00000000412
278, 50.00000000000, 660.57065993030, -30000000.00000000000, 0.00000000000, 0.00000000000, -0.00000089032, 0.66000001198
279, 50.00000000000, 677.55641562232, 33.19240794667, 4.12500003222, 0.00000000000, 0.00000000895, -0.00000000060
280, 50.00000000000, 694.87787975621, -30000000.00000000000, 0.00000000000, 0.00000000000, -0.00000029079, 0.66000001198
281, 50.00000000000, 717.13615672936, 75.29453336986, 4.12500003222, 0.00000000000, 0.00000000195, -0.00000000583
282, 50.00000000000, 745.01697509145, -30000000.00000000000, 0.00000000000, 0.00000000000, -0.00000014535, 0.66000001198
283, 50.00000000000, 762.54372424463, 109.55129354789, 4.12500003222, 0.00000000000, 0.00000000072, 0.00000001946
284, 50.00000000000, 772.91129588435, 69.96588937351, 4.12500003222, 0.00000000000, 0.00000000056, 0.00000001864
285, 50.00000000000, 786.29845201467, -30000000.00000000000, 0.00000000000, 0.00000000000, 0.00000050588, 0.66000001198
286, 50.00000000000, 814.71172552127, 42.39707997092, 4.12500003222, 0.00000000000, 0.00000000246, 0.00000002780
287, 50.00000000000, 833.54909206724, 37.79205001886, 4.12500003222, 0.00000000000, 0.00000000014, 0.00000002150
288, 50.00000000000, 839.46921890601, -30000000.00000000000, 0.00000000000, 0.00000000000, -0.00000101373, 0.66000001198
289, 50.00000000000, 866.10928205645, 55.35713210148, 4.12500003222, 0.00000000000, -0.00000000257, 0.00000002368
290, 50.00000000000, 857.12738289404, 76.84079855639, 4.12500003222, 0.00000000000, -0.00000000129, -0.00000000223
291, 50.00000000000, 875.70630650058, 38.80054744185, 4.12500003222, 0.00000000000, -0.00000000452, -0.00000000973
292, 50.00000000000, 905.22338823391, -30000000.00000000000, 0.00000000000, 0.00000000000, -0.00000110819, 0.66000001198
293, 50.00000000000, 915.20543493053, 84.28307757597, 4.12500003222, 0.00000000000, -0.00000000420, -0.00000001812
294, 50.00000000000, 916.93659996739, 31.20546059963, 4.12500003222, 0.00000000000, -0.00000000274, 0.00000001556
295, 50.00000000000, 936.48019634076, 21.90320499961, 4.12500003222, 0.00000000000, 0.00000000312, -0.00000001085
296, 50.00000000000, 964.09473306174, 68.25672324412, 4.12500003222, 0.00000000000, 0.00000001002, 0.00000003346
297, 50.00000000000, 972.85391118270, 54.34399274390, 4.12500003222, 0.00000000000, 0.00000000732, 0.00000000098
298, 50.00000000000, 995.03380680486, 55.73786938127, 4.12500003222, 0.00000000000, -0.00000000369, -0.00000002017
299, 50.00000000000, 1030.85399897460, -30000000.00000000000, 0.00000000000, 0.00000000000, -0.00000088796, 0.66000001198
300, 50.00000000000, 1021.13461343651, 39.00460661659, 4.12500003222, 0.00000000000, 0.00000000818, -0.00000001225
301, 50.00000000000, 1038.09467623709, 65.28955448926, 4.12500003222, 0.00000000000, -0.00000000256, 0.00000000093
302, 50.00000000000, 1044.04249353804, 49.50723134329, 4.12500003222, 0.00000000000, -0.00000000403, 0.00000000761
303, 50.00000000000, 1095.76986868288, -30000000.00000000000, 0.00000000000, 0.00000000000, -0.00000083959, 0.66000001198
304, 50.00000000000, 1068.82403602245, 54.00914719591, 4.12500003222, 0.00000000000, 0.00000000247, -0.00000000157
305, 50.00000000000, 1100.97658922395, 46.46200226273, 4.12500003222, 0.00000000000, -0.00000002202, 0.00000002040
306, 50.00000000000, 1090.71114741105, 7.86738901458, 4.12500003222, 0.00000000000, -0.00000000329, -0.00000002095
307, 50.00000000000, 1111.31925690696, 67.99600628005, 4.12500003222, 0.00000000000, -0.00000000061, -0.00000002991
308, 50.00000000000, 1141.04060775122, 48.19457038995, 4.12500003222, 0.00000000000, 0.00000000193, -0.00000001350
309, 50.00000000000, 1160.59433358450, 57.27007095703, 4.12500003222, 0.00000000000, 0.00000000079, -0.00000000386
310, 50.00000000000, 1172.18296972712, 6.18978175461, 4.12500003222, 0.00000000000, -0.00000000706, 0.00000000155
311, 50.00000000000, 1169.34480069858, 66.56959097913, 4.12500003222, 0.00000000000, 0.00000000142, 0.00000000923
312, 50.00000000000, 1208.22650620599, 8.31982663870, 4.12500003222, 0.00000000000, 0.00000000052, -0.00000000844
313, 50.00000000000, 1201.16384490251, 22.73450771851, 4.12500003222, 0.00000000000, -0.00000000229, 0.00000000250
314, 50.00000000000, 1199.89636529824, 75.84712570072, 4.12500003222, 0.00000000000, 0.00000000936, -0.00000001651
315, 50.00000000000, 1220.40674473069, 46.10603134250, 4.12500003222, 0.00000000000, -0.00000000954, -0.00000000473
316, 50.00000000000, 1232.01714611606, 83.11939939278, 4.12500003222, 0.00000000000, -0.00000000522, -0.00000000737
317, 50.00000000000, 1251.03217608669, 45.47035312349, 4.12500003222, 0.00000000000, -0.00000000183, -0.00000001360
318, 50.00000000000, 1269.84064618535, 29.38256006275, 4.12500003222, 0.00000000000, -0.00000000078, -0.00000002398
319, 50.00000000000, 1289.21671239919, 53.84055577880, 4.12500003222, 0.00000000000, 0.00000000259, -0.00000002358
320, 50.00000000000, -15.81525601760, 147.78202984839, 4.12500003222, 0.00000000000, -0.00000000000, 0.00000000000
321, 50.00000000000, 106.17548665712, 7.25348249775, 4.12500003222, 0.00000000000, 0.00000000432, -0.00000001083
322, 50.00000000000, 118.51162568250, 58.64194540194, 4.12500003222, 0.00000000000, -0.00000000180, -0.00000003385
323, 50.00000000000, 124.26380228828, 35.90039860462, 4.12500003222, 0.00000000000, 0.00000001209, 0.00000001008
324, 50.00000000000, 73.44495054972, 184.53208135446, 4.12500003222, 0.00000000000, 0.00000000000, 0.00000000000
325, 50.00000000000, 158.90196974243, 23.09961446484, 4.12500003222, 0.00000000000, 0.00000000199, 0.00000000304
326, 50.00000000000, 173.22250051775, 43.63210754683, 4.12500003222, 0.00000000000, -0.00000000643, -0.00000005642
327, 50.00000000000, 194.29622778128, 41.75351996407, 4.12500003222, 0.00000000000, 0.00000000589, 0.00000005694
328, 50.00000000000, 201.32741719609, 24.60939317585, 4.12500003222, 0.00000000000, 0.00000001871, -0.00000003277
329, 50.00000000000, 199.31071429279, 63.19481278246, 4.12500003222, 0.00000000000, -0.00000001779, -0.00000001502
330, 50.00000000000, 212.07739858330, 98.36684215935, 4.12500003222, 0.00000000000, 0.00000000796, 0.00000001778
331, 50.00000000000, 213.70835295292, 64.77286181049, 4.12500003222, 0.00000000000, -0.00000000335, -0.00000000674
332, 50.00000000000, 279.96678425069, 55.70382137162, 4.12500003222, 0.00000000000, 0.00000000959, 0.00000002216
333, 50.00000000000, 291.67643656757, 84.35623849349, 4.12500003222, 0.00000000000, -0.00000000372, -0.00000000164
334, 50.00000000000, 310.77860731507, 79.95953414426, 4.12500003222, 0.00000000000, 0.00000000401, -0.00000000650
335, 50.00000000000, 270.01385736463, 143.29402724979, 4.12500003222, 0.00000000000, -0.00000000105, -0.00000000972
336, 50.00000000000, 332.72430425883, 49.14472791530, 4.12500003222, 0.00000000000, -0.00000000541, -0.00000002356
337, 50.00000000000, 362.98541979508, 91.01583451137, 4.12500003222, 0.00000000000, -0.00000000262, -0.00000001370
338, 50.00000000000, 366.38320508942, 64.06981071452, 4.12500003222, 0.00000000000, -0.00000000006, -0.00000000446
339, 50.00000000000, 340.00595498222, -30000000.00000000000, 0.00000000000, 0.00000000000, -0.00000017105, 0.66000001198
340, 50.00000000000, 386.37193632178, 53.51071710733, 4.12500003222, 0.00000000000, 0.00000000911, -0.00000001617
341, 50.00000000000, 421.24362516357, 51.34838897120, 4.12500003222, 0.00000000000, -0.00000000375, 0.00000000647
342, 50.00000000000, 424.66300690623, 73.31080494788, 4.12500003222, 0.00000000000, -0.00000000856, -0.00000000132
343, 50.00000000000, 411.95594727245, -30000000.00000000000, 0.00000000000, 0.00000000000, 0.00000040949, 0.66000001198
344, 50.00000000000, 421.63645327278, -30000000.00000000000, 0.00000000000, 0.00000000000, 0.00000031613, 0.66000001198
345, 50.00000000000, 474.74552950204, 99.26090112383, 4.12500003222, 0.00000000000, -0.00000000111, 0.00000000200
346, 50.00000000000, 475.58098593445, 75.80687554918, 4.12500003222, 0.00000000000, -0.00000000884, 0.00000004505
347, 50.00000000000, 498.34981562091, 68.55042017547, 4.12500003222, 0.00000000000, 0.00000000208, 0.00000001687
348, 50.00000000000, 512.03422067725, 49.26361354243, 4.12500003222, 0.00000000000, -0.00000000505, -0.00000000794
349, 50.00000000000, 508.76185780467, -30000000.00000000000, 0.00000000000, 0.00000000000, 0.00000080948, 0.66000001198
350, 50.00000000000, 565.09505853616, 130.19897305417, 4.12500003222, 0.00000000000, 0.00000000477, -0.00000001665
351, 50.00000000000, 574.21493657390, 81.41333338106, 4.12500003222, 0.00000000000, -0.00000000669, -0.00000001230
352, 50.00000000000, 577.57463542927, 113.02143971259, 4.12500003222, 0.00000000000, 0.00000000220, 0.00000001316
353, 50.00000000000, 586.26234145274, 69.84354341379, 4.12500003222, 0.00000000000, 0.00000000123, -0.00000000440
354, 50.00000000000, 604.83160903526, 98.92351234156, 4.12500003222, 0.00000000000, -0.00000000721, -0.00000000108
355, 50.00000000000, 621.60353858830, 91.67245318437, 4.12500003222, 0.00000000000, 0.00000000859, -0.00000002743
356, 50.00000000000, 622.16324543063, 169.03859637313, 4.12500003222, 0.00000000000, -0.00000000069, -0.00000002018
357, 50.00000000000, 651.46479630202, 100.28590640832, 4.12500003222, 0.00000000000, -0.00000000477, -0.00000001303
358, 50.00000000000, 643.17881931582, 168.33584954129, 4.12500003222, 0.00000000000, 0.00000000231, 0.00000000906
359, 50.00000000000, 683.79355610753, -30000000.00000000000, 0.00000000000, 0.00000000000, -0.00000056277, 0.66000001198
360, 50.00000000000, 710.98137013353, 110.81031339452, 4.12500003222, 0.00000000000, -0.00000000316, -0.00000000328
361, 50.00000000000, 722.42076731720, 24.10709935098, 4.12500003222, 0.00000000000, -0.00000000841, -0.00000001426
362, 50.00000000000, 745.81173077020, 103.48420733966, 4.12500003222, 0.00000000000, 0.00000000093, 0.00000001244
363, 50.00000000000, 741.12254574444, 27.41627881648, 4.12500003222, 0.00000000000, -0.00000000826, -0.00000001176
364, 50.00000000000, 752.87000300120, 71.99788694374, 4.12500003222, 0.00000000000, 0.00000000183, -0.00000003139
365, 50.00000000000, 792.22954531411, 253.18614698440, 4.12500003222, 0.00000000000, -0.00000000322, 0.00000002047
366, 50.00000000000, 807.98956735489, -30000000.00000000000, 0.00000000000, 0.00000000000, -0.00000008405, 0.66000001198
367, 50.00000000000, 811.47827788867, -30000000.00000000000, 0.00000000000, 0.00000000000, 0.00000036708, 0.66000001198
368, 50.00000000000, 833.69649444093, -30000000.00000000000, 0.00000000000, 0.00000000000, -0.00000141773, 0.66000001198
369, 50.00000000000, 826.86813950673, 112.85440025774, 4.12500003222, 0.00000000000, -0.00000000518, 0.00000000573
370, 50.00000000000, 859.26161394674, 98.95838658071, 4.12500003222, 0.00000000000, 0.00000000141, -0.00000001293
371, 50.00000000000, 890.63339669740, -30000000.00000000000, 0.00000000000, 0.00000000000, 0.00000103162, 0.66000001198
372, 50.00000000000, 894.19925257208, 78.03486651648, 4.12500003222, 0.00000000000, 0.00000000582, -0.00000002056
373, 50.00000000000, 907.39482323964, 46.30196337567, 4.12500003222, 0.00000000000, 0.00000001356, -0.00000002181
374, 50.00000000000, 930.06358617788, 36.53488623620, 4.12500003222, 0.00000000000, -0.00000000796, -0.00000000383
375, 50.00000000000, 963.24966930524, -30000000.00000000000, 0.00000000000, 0.00000000000, 0.00000058485, 0.66000001198
376, 50.00000000000, 975.56517072570, -30000000.00000000000, 0.00000000000, 0.00000000000, -0.00000023486, 0.66000001198
377, 50.00000000000, 977.47568182708, 11.17963417038, 4.12500003222, 0.00000000000, -0.00000000551, 0.00000001235
378, 50.00000000000, 990.88250506483, 22.91590123894, 4.12500003222, 0.00000000000, 0.00000000321, 0.00000000460
379, 50.00000000000, 1006.93495856160, 58.82089692752, 4.12500003222, 0.00000000000, 0.00000000518, 0.00000000203
380, 50.00000000000, 1018.42023769520, 51.09672928777, 4.12500003222, 0.00000000000, 0.00000000497, 0.00000002056
381, 50.00000000000, 1033.55744153018, 81.41074496062, 4.12500003222, 0.00000000000, 0.00000000756, 0.00000001194
382, 50.00000000000, 1048.50141255282, 63.18478620673, 4.12500003222, 0.00000000000, 0.00000001129, 0.00000002264
383, 50.00000000000, 1060.76738170277, 67.28101345012, 4.12500003222, 0.00000000000, -0.00000000543, -0.00000003864
384, 50.00000000000, 1067.84383518794, 30.52194168152, 4.12500003222, 0.00000000000, -0.00000001948, 0.00000002258
385, 50.00000000000, 1087.13206898870, 41.29921381781, 4.12500003222, 0.00000000000, 0.00000000208, 0.00000003209
386, 50.00000000000, 1110.24461492614, 43.49653336441, 4.12500003222, 0.00000000000, -0.00000000282, -0.00000002317
387, 50.00000000000, 1110.16126478441, 12.07546583572, 4.12500003222, 0.00000000000, 0.00000000039, 0.00000001837
388, 50.00000000000, 1126.77503603104, 41.80318576490, 4.12500003222, 0.00000000000, 0.00000001559, -0.00000002998
389, 50.00000000000, 1139.40370539609, 84.55170973814, 4.12500003222, 0.00000000000, -0.00000000022, -0.00000001600
390, 50.00000000000, 1162.61621711046, 89.01912439315, 4.12500003222, 0.00000000000, -0.00000000011, -0.00000001609
391, 50.00000000000, 1173.41603912059, 76.13257399858, 4.12500003222, 0.00000000000, 0.00000000294, -0.00000000498
392, 50.00000000000, 1195.83422753176, 44.50054337127, 4.12500003222, 0.00000000000, 0.00000000245, -0.00000001584
393, 50.00000000000, 1220.74887104267, 27.30003343482, 4.12500003222, 0.00000000000, 0.00000000464, -0.00000001299
394, 50.00000000000, 1207.88737927897, 84.78602162146, 4.12500003222, 0.00000000000, 0.00000000182, -0.00000004563
395, 50.00000000000, 1221.30529993504, 64.68047136410, 4.12500003222, 0.00000000000, -0.00000001082, 0.00000004352
396, 50.00000000000, 1235.30303074623, 43.29140445156, 4.12500003222, 0.00000000000, 0.00000000968, -0.00000000502
397, 50.00000000000, 1243.59489242368, 92.80552612331, 4.12500003222, 0.00000000000, 0.00000000992, 0.00000000465
398, 50.00000000000, 1272.89966842940, 107.67258889689, 4.12500003222, 0.00000000000, -0.00000000124, -0.00000003706
399, 50.00000000000, 1270.02240441807, 42.34797520075, 4.12500003222, 0.00000000000, -0.00000000415, -0.00000004436
400, 50.00000000000, 85.46075775767, 31.70503253452, 4.12500003222, 0.00000000000, 0.00000000513, 0.00000000246
401, 50.00000000000, 97.66391702700, 50.52609697453, 4.12500003222, 0.00000000000, 0.00000001236, 0.00000000050
402, 50.00000000000, 129.83331191622, 91.85774603294, 4.12500003222, 0.00000000000, 0.00000000940, 0.00000000734
403, 50.00000000000, 128.34012763821, 55.39979481281, 4.12500003222, 0.00000000000, -0.00000001152, 0.00000003022
404, 50.00000000000, 152.82166606732, 52.74897104978, 4.12500003222, 0.00000000000, 0.00000001061, 0.00000003873
405, 50.00000000000, 146.35790641566, 10.12298431475, 4.12500003222, 0.00000000000, -0.00000000593, 0.00000000706
406, 50.00000000000, 169.11646150917, 33.42819378716, 4.12500003222, 0.00000000000, -0.00000001951, 0.00000000874
407, 50.00000000000, 160.83641851391, 76.81334683915, 4.12500003222, 0.00000000000, 0.00000000002, 0.00000001049
408, 50.00000000000, 175.08319784627, 57.96911544629, 4.12500003222, 0.00000000000, 0.00000001614, -0.00000004257
409, 50.00000000000, 198.65971942367, 49.86596881911, 4.12500003222, 0.00000000000, -0.00000001263, -0.00000000993
410, 50.00000000000, 191.36488401956, 72.84618955263, 4.12500003222, 0.00000000000, -0.00000000703, -0.00000000267
411, 50.00000000000, 204.71418049420, 210.78037031172, 4.12500003222, 0.00000000000, 0.00000000000, 0.00000000000
412, 50.00000000000, 243.42349011519, 111.85535707523, 4.12500003222, 0.00000000000, 0.00000000170, 0.00000001500
413, 50.00000000000, 234.67611552191, 223.44727559092, 4.12500003222, 0.00000000000, 0.00000000000, 0.00000000000
414, 50.00000000000, 297.63397737136, 68.21107928358, 4.12500003222, 0.00000000000, 0.00000000571, -0.00000005260
415, 50.00000000000, 329.75583940193, 80.85271291163, 4.12500003222, 0.00000000000, -0.00000000276, -0.00000000674
416, 50.00000000000, 326.51181475424, 15.28085535727, 4.12500003222, 0.00000000000, -0.00000000187, -0.00000002060
417, 50.00000000000, 346.54796471693, 29.12262347491, 4.12500003222, 0.00000000000, -0.00000000212, -0.00000000040
418, 50.00000000000, 322.42956292726, -30000000.00000000000, 0.00000000000, 0.00000000000, 0.00000072823, 0.66000001198
419, 50.00000000000, 339.49563006144, -30000000.00000000000, 0.00000000000, 0.00000000000, -0.00000011559, 0.66000001198
420, 50.00000000000, 353.13639307633, 201.59541894177, 4.12500003222, 0.00000000000, 0.00000000000, 0.00000000000
421, 50.00000000000, 418.46018858661, 107.53237471494, 4.12500003222, 0.00000000000, 0.00000000475, -0.00000000695
422, 50.00000000000, 430.55966635329, 122.81450731997, 4.12500003222, 0.00000000000, -0.00000000144, 0.00000000006
423, 50.00000000000, 405.77340567594, -30000000.00000000000, 0.00000000000, 0.00000000000, 0.00000163363, 0.66000001198
424, 50.00000000000, 450.78018054053, 121.55251958670, 4.12500003222, 0.00000000000, 0.00000000406, -0.00000001668
425, 50.00000000000, 431.99413008865, -30000000.00000000000, 0.00000000000, 0.00000000000, -0.00000150851, 0.66000001198
426, 50.00000000000, 480.85960421135, 65.97020620543, 4.12500003222, 0.00000000000, 0.00000001418, -0.00000003218
427, 50.00000000000, 457.61029227675, 221.25341641988, 4.12500003222, 0.00000000000, -0.00000000060, -0.00000000069
428, 50.00000000000, 520.41461661838, 79.17612963825, 4.12500003222, 0.00000000000, 0.00000001451, -0.00000001808
429, 50.00000000000, 507.52694227155, -30000000.00000000000, 0.00000000000, 0.00000000000, 0.00000032952, 0.66000001198
430, 50.00000000000, 554.92279552863, 112.23779032607, 4.12500003222, 0.00000000000, 0.00000000412, 0.00000002141
431, 50.00000000000, 550.86407036846, 91.45062431462, 4.12500003222, 0.00000000000, 0.00000000224, -0.00000000377
432, 50.00000000000, 567.79009194951, -30000000.00000000000, 0.00000000000, 0.00000000000, -0.00000171706, 0.66000001198
433, 50.00000000000, 597.61320552981, 86.03843090099, 4.12500003222, 0.00000000000, 0.00000000612, -0.00000001226
434, 50.00000000000, 594.97112905454, 145.86227041923, 4.12500003222, 0.00000000000, -0.00000000605, -0.00000000773
435, 50.00000000000, 625.68645790531, 67.97199586443, 4.12500003222, 0.00000000000, 0.00000000181, 0.00000000703
436, 50.00000000000, 641.74232547936, 79.11403890442, 4.12500003222, 0.00000000000, -0.00000000487, 0.00000002119
437, 50.00000000000, 659.19598419281, 82.72940646436, 4.12500003222, 0.00000000000, 0.00000000200, 0.00000000376
438, 50.00000000000, 661.40599038271, 49.37859270287, 4.12500003222, 0.00000000000, -0.00000000238, 0.00000003593
439, 50.00000000000, 685.56325552763, 55.10290430594, 4.12500003222, 0.00000000000, -0.00000000752, -0.00000001982
440, 50.00000000000, 699.42708973890, 70.93541618747, 4.12500003222, 0.00000000000, 0.00000000248, -0.00000000065
441, 50.00000000000, 718.97314057585, -30000000.00000000000, 0.00000000000, 0.00000000000, -0.00000019778, 0.66000001198
442, 50.00000000000, 730.38082713688, -30000000.00000000000, 0.00000000000, 0.00000000000, 0.00000005238, 0.66000001198
443, 50.00000000000, 753.56415052916, 36.82265776490, 4.12500003222, 0.00000000000, 0.00000000116, 0.00000002283
444, 50.00000000000, 744.97949389913, 122.05683258025, 4.12500003222, 0.00000000000, 0.00000000750, 0.00000001033
445, 50.00000000000, 784.34772971377, 53.43805453801, 4.12500003222, 0.00000000000, 0.00000000350, -0.00000002709
446, 50.00000000000, 801.91801850728, 90.94551884740, 4.12500003222, 0.00000000000, 0.00000000730, -0.00000000481
447, 50.00000000000, 794.29295047599, 69.55043909564, 4.12500003222, 0.00000000000, -0.00000000731, 0.00000001077
448, 50.00000000000, 817.81149638141, 101.05889399671, 4.12500003222, 0.00000000000, -0.00000000165, 0.00000000877
449, 50.00000000000, 854.69195836923, 37.91299543273, 4.12500003222, 0.00000000000, 0.00000000224, 0.00000000609
450, 50.00000000000, 840.15430519483, 150.00759906342, 4.12500003222, 0.00000000000, 0.00000000031, -0.00000000733
451, 50.00000000000, 876.36150039835, 70.51517476935, 4.12500003222, 0.00000000000, 0.00000000428, -0.00000000615
452, 50.00000000000, 906.72404817217, -30000000.00000000000, 0.00000000000, 0.00000000000, -0.00000081974, 0.66000001198
453, 50.00000000000, 884.38052420071, 183.36371095872, 4.12500003222, 0.00000000000, -0.00000000227, -0.00000000598
454, 50.00000000000, 930.77763353141, 68.67945618667, 4.12500003222, 0.00000000000, -0.00000000397, -0.00000000849
455, 50.00000000000, 960.53549386189, -30000000.00000000000, 0.00000000000, 0.00000000000, 0.00000106156, 0.66000001198
456, 50.00000000000, 951.20766324399, 60.33447789491, 4.12500003222, 0.00000000000, -0.00000000822, -0.00000002240
457, 50.00000000000, 993.12444048294, 230.54839040532, 4.12500003222, 0.00000000000, 0.00000000000, 0.00000000000
458, 50.00000000000, 978.47188508991, 86.21565220956, 4.12500003222, 0.00000000000, -0.00000001400, -0.00000000496
459, 50.00000000000, 1000.23110806369, 77.65215302024, 4.12500003222, 0.00000000000, 0.00000000719, -0.00000000815
460, 50.00000000000, 1012.30534247805, 91.63643060495, 4.12500003222, 0.00000000000, -0.00000000087, 0.00000002288
461, 50.00000000000, 1029.62565523785, 50.48333689217, 4.12500003222, 0.00000000000, -0.00000001063, -0.00000000466
462, 50.00000000000, 1029.73721209173, 95.98165463846, 4.12500003222, 0.00000000000, -0.00000000235, 0.00000000698
463, 50.00000000000, 1066.31270329329, 90.07441389655, 4.12500003222, 0.00000000000, -0.00000000010, 0.00000001354
464, 50.00000000000, 1074.27144890571, 23.39407573798, 4.12500003222, 0.00000000000, 0.00000000494, -0.00000003779
465, 50.00000000000, 1092.85858920031, 55.62043003837, 4.12500003222, 0.00000000000, -0.00000000555, -0.00000001810
466, 50.00000000000, 1106.37640216118, 57.89270337291, 4.12500003222, 0.00000000000, -0.00000000624, 0.00000003786
467, 50.00000000000, 1118.53634088740, 58.77790803687, 4.12500003222, 0.00000000000, -0.00000001225, 0.00000003407
468, 50.00000000000, 1129.44009399331, 79.57479230119, 4.12500003222, 0.00000000000, 0.00000000448, 0.00000002436
469, 50.00000000000, 1144.10840981629, 98.23316110074, 4.12500003222, 0.00000000000, -0.00000000295, 0.00000001737
470, 50.00000000000, 1151.61689016374, 78.38249733896, 4.12500003222, 0.00000000000, -0.00000000470, -0.00000000296
471, 50.00000000000, 1187.82900300797, 35.90635925890, 4.12500003222, 0.00000000000, 0.00000002376, 0.00000000726
472, 50.00000000000, 1154.22049762084, 130.41073071255, 4.12500003222, 0.00000000000, -0.00000000098, -0.00000000261
473, 50.00000000000, 1187.58503910648, 92.66906027401, 4.12500003222, 0.00000000000, -0.00000000436, -0.00000000928
474, 50.00000000000, 1213.96494244003, 69.98381237204, 4.12500003222, 0.00000000000, 0.00000001120, 0.00000001822
475, 50.00000000000, 1254.48219126404, 14.03837348503, 4.12500003222, 0.00000000000, 0.00000000927, 0.00000000654
476, 50.00000000000, 1219.73687635870, 89.84849499895, 4.12500003222, 0.00000000000, 0.00000000731, -0.00000002626
477, 50.00000000000, 1249.50199116397, 131.98923429404, 4.12500003222, 0.00000000000, 0.00000000324, 0.00000000770
478, 50.00000000000, 1261.96278527744, 74.67296919758, 4.12500003222, 0.00000000000, 0.00000000198, 0.00000000328
479, 50.00000000000, 1283.10981335205, 71.49616743837, 4.12500003222, 0.00000000000, -0.00000000668, -0.00000000806
480, 50.00000000000, 83.06348376207, 46.68419568788, 4.12500003222, 0.00000000000, -0.00000000499, -0.00000000114
481, 50.00000000000, 110.04101446654, 89.27028960989, 4.12500003222, 0.00000000000, -0.00000000602, 0.00000000238
482, 50.00000000000, 118.41816790645, 43.49405462946, 4.12500003222, 0.00000000000, 0.00000000348, 0.00000000146
483, 50.00000000000, 132.54524278574, 39.89139341799, 4.12500003222, 0.00000000000, -0.00000001255, 0.00000002123
484, 50.00000000000, 143.69808100720, 104.30872056857, 4.12500003222, 0.00000000000, 0.00000000540, -0.00000001167
485, 50.00000000000, 157.06657776906, 42.82236666659, 4.12500003222, 0.00000000000, 0.00000002048, -0.00000000724
486, 50.00000000000, 179.30972104814, 51.59414282628, 4.12500003222, 0.00000000000, 0.00000001648, 0.00000000641
487, 50.00000000000, 189.06331934921, 6.81325356220, 4.12500003222, 0.00000000000, 0.00000000327, -0.00000000763
488, 50.00000000000, 178.08134583564, 108.00612576365, 4.12500003222, 0.00000000000, -0.00000000240, -0.00000001153
489, 50.00000000000, 181.68191778598, 63.34932626473, 4.12500003222, 0.00000000000, 0.00000003046, -0.00000002160
490, 50.00000000000, 231.96942812161, 38.88167728273, 4.12500003222, 0.00000000000, -0.00000000036, -0.00000000233
491, 50.00000000000, 229.55070978470, 98.02020446352, 4.12500003222, 0.00000000000, 0.00000000553, -0.00000000790
492, 50.00000000000, 229.46680589072, 79.97680071559, 4.12500003222, 0.00000000000, 0.00000000889, 0.00000000762
493, 50.00000000000, 278.20476506075, 70.42444052191, 4.12500003222, 0.00000000000, -0.00000000177, 0.00000000333
494, 50.00000000000, 292.20545240079, 12.81481266802, 4.12500003222, 0.00000000000, 0.00000000216, 0.00000001720
495, 50.00000000000, 310.07354574054, 45.78313847778, 4.12500003222, 0.00000000000, 0.00000000247, 0.00000000456
496, 50.00000000000, 324.73215124027, 28.18423143034, 4.12500003222, 0.00000000000, 0.00000000530, -0.00000003068
497, 50.00000000000, 361.46054861365, 71.99034522773, 4.12500003222, 0.00000000000, 0.00000000303, 0.00000001319
498, 50.00000000000, 374.72599678613, 53.98369903994, 4.12500003222, 0.00000000000, 0.00000000696, -0.00000000163
499, 50.00000000000, 383.72498033758, 76.43061861379, 4.12500003222, 0.00000000000, -0.00000000095, 0.00000002971
500, 50.00000000000, 402.27168294638, 34.92206928952, 4.12500003222, 0.00000000000, -0.00000000035, -0.00000000878
501, 50.00000000000, 423.40693345037, 97.61745885258, 4.12500003222, 0.00000000000, -0.00000000253, 0.00000002609
502, 50.00000000000, 422.38985126177, 61.20422766771, 4.12500003222, 0.00000000000, -0.00000000789, 0.00000001165
503, 50.00000000000, 449.71779382090, 79.17129585006, 4.12500003222, 0.00000000000, 0.00000000274, 0.00000002285
504, 50.00000000000, 421.88715905444, -30000000.00000000000, 0.00000000000, 0.00000000000, 0.00000027989, 0.66000001198
505, 50.00000000000, 458.23148667843, 200.52381785459, 4.12500003222, 0.00000000000, 0.00000000004, 0.00000000110
506, 50.00000000000, 475.62125301130, 211.71210825847, 4.12500003222, 0.00000000000, -0.00000000215, -0.00000000345
507, 50.00000000000, 494.54202756035, 61.74347965102, 4.12500003222, 0.00000000000, 0.00000000697, -0.00000002635
508, 50.00000000000, 517.46300249025, 97.36067540005, 4.12500003222, 0.00000000000, 0.00000000566, 0.00000002354
509, 50.00000000000, 493.32779791647, 221.11952090611, 4.12500003222, 0.00000000000, 0.00000000150, 0.00000000227
510, 50.00000000000, 529.65376166794, -30000000.00000000000, 0.00000000000, 0.00000000000, 0.00000028521, 0.66000001198
511, 50.00000000000, 558.38632433760, 150.44619050654, 4.12500003222, 0.00000000000, 0.00000000072, 0.00000001118
512, 50.00000000000, 581.32359473640, 161.12214443129, 4.12500003222, 0.00000000000, -0.00000000321, 0.00000001105
513, 50.00000000000, 600.72965790802, 121.47042075677, 4.12500003222, 0.00000000000, 0.00000000785, -0.00000003414
514, 50.00000000000, 613.13743722180, 113.73066048293, 4.12500003222, 0.00000000000, -0.00000000400, 0.00000000197
515, 50.00000000000, 624.24664330243, 132.04233793170, 4.12500003222, 0.00000000000, -0.00000000038, -0.00000001586
516, 50.00000000000, 633.52634916971, -30000000.00000000000, 0.00000000000, 0.00000000000, 0.00000124373, 0.66000001198
517, 50.00000000000, 645.04854686823, 63.94519166671, 4.12500003222, 0.00000000000, 0.00000000507, -0.00000000632
518, 50.00000000000, 663.68514893870, 169.07348294418, 4.12500003222, 0.00000000000, -0.00000000003, -0.00000000035
519, 50.00000000000, 677.46301648089, 70.40398318346, 4.12500003222, 0.00000000000, -0.00000001104, -0.00000000245
520, 50.00000000000, 701.66737116100, -30000000.00000000000, 0.00000000000, 0.00000000000, -0.00000054288, 0.66000001198
521, 50.00000000000, 733.39118541598, 85.07224463289, 4.12500003222, 0.00000000000, -0.00000001318, -0.00000000378
522, 50.00000000000, 744.73409784546, 52.24542448881, 4.12500003222, 0.00000000000, 0.00000000933, 0.00000001790
523, 50.00000000000, 747.66260697377, -30000000.00000000000, 0.00000000000, 0.00000000000, -0.00000066804, 0.66000001198
524, 50.00000000000, 776.86684077908, 239.95037783251, 4.12500003222, 0.00000000000, -0.00000000374, -0.00000000005
525, 50.00000000000, 780.60005647343, -30000000.00000000000, 0.00000000000, 0.00000000000, -0.00000020647, 0.66000001198
526, 50.00000000000, 783.26724225953, 103.30094741396, 4.12500003222, 0.00000000000, 0.00000000403, 0.00000003101
527, 50.00000000000, 815.05536588705, 76.69095407243, 4.12500003222, 0.00000000000, 0.00000000179, 0.00000001930
528, 50.00000000000, 815.09675850013, 125.27946009987, 4.12500003222, 0.00000000000, 0.00000000151, -0.00000000691
529, 50.00000000000, 836.11553764167, 129.26733351739, 4.12500003222, 0.00000000000, -0.00000000219, 0.00000001592
530, 50.00000000000, 855.45960060655, 135.70399757944, 4.12500003222, 0.00000000000, 0.00000000086, 0.00000000335
531, 50.00000000000, 875.98522017255, 89.46444365299, 4.12500003222, 0.00000000000, -0.00000000096, -0.00000000600
532, 50.00000000000, 913.89300562644, -30000000.00000000000, 0.00000000000, 0.00000000000, -0.00000106621, 0.66000001198
533, 50.00000000000, 922.36543005334, 53.31506073207, 4.12500003222, 0.00000000000, 0.00000000955, -0.00000002010
534, 50.00000000000, 919.51884896668, 175.25268492287, 4.12500003222, 0.00000000000, 0.00000000005, 0.00000000088
535, 50.00000000000, 947.23869522356, 77.55002753575, 4.12500003222, 0.00000000000, 0.00000000190, 0.00000001052
536, 50.00000000000, 968.34835932437, 78.46526044676, 4.12500003222, 0.00000000000, 0.00000000975, 0.00000001858
537, 50.00000000000, 954.63729473195, 8.94746540290, 4.12500003222, 0.00000000000, -0.00000000255, -0.00000000300
538, 50.00000000000, 986.73307340018, 46.00527830023, 4.12500003222, 0.00000000000, 0.00000001442, -0.00000001406
539, 50.00000000000, 1003.51437098449, 35.00152378382, 4.12500003222, 0.00000000000, -0.00000001477, 0.00000000187
540, 50.00000000000, 1021.01639381300, 27.05703509277, 4.12500003222, 0.00000000000, 0.00000000155, 0.00000000692
541, 50.00000000000, 1038.93073908152, 40.99446609975, 4.12500003222, 0.00000000000, -0.00000000579, -0.00000005298
542, 50.00000000000, 1050.37418072893, 25.43347613284, 4.12500003222, 0.00000000000, 0.00000000662, -0.00000002445
543, 50.00000000000, 1098.15561847898, 195.87153555536, 4.12500003222, 0.00000000000, 0.00000000000, 0.00000000000
544, 50.00000000000, 1081.90498710425, 59.50392104933, 4.12500003222, 0.00000000000, 0.00000000036, -0.00000001115
545, 50.00000000000, 1131.95210302670, 207.96060735536, 4.12500003222, 0.00000000000, 0.00000000032, 0.00000000025
546, 50.00000000000, 1148.22782610742, 220.97104698873, 4.12500003222, 0.00000000000, -0.00000000032, -0.00000000025
547, 50.00000000000, 1115.27784483710, 26.07449308328, 4.12500003222, 0.00000000000, 0.00000000541, -0.00000003128
548, 50.00000000000, 1124.94712306175, 99.84286652020, 4.12500003222, 0.00000000000, 0.00000000945, 0.00000001454
549, 50.00000000000, 1157.48676972714, 47.92847791124, 4.12500003222, 0.00000000000, 0.00000000446, -0.00000001001
550, 50.00000000000, 1177.03634888942, 51.34668613771, 4.12500003222, 0.00000000000, -0.00000000005, 0.00000002665
551, 50.00000000000, 1158.22797965419, 110.52069593480, 4.12500003222, 0.00000000000, -0.00000000047, 0.00000001971
552, 50.00000000000, 1191.11015836880, 69.97735968364, 4.12500003222, 0.00000000000, 0.00000001396, 0.00000000180
553, 50.00000000000, 1200.92383347158, 93.01016707068, 4.12500003222, 0.00000000000, -0.00000001059, -0.00000002589
554, 50.00000000000, 1205.64835494890, 106.93199848191, 4.12500003222, 0.00000000000, -0.00000000357, 0.00000002558
555, 50.00000000000, 1221.68917798820, 102.83853151385, 4.12500003222, 0.00000000000, 0.00000001619, 0.00000000893
556, 50.00000000000, 1235.02166592805, 116.04066126497, 4.12500003222, 0.00000000000, 0.00000000283, -0.00000000585
557, 50.00000000000, 1244.52540714898, 152.26425723569, 4.12500003222, 0.00000000000, -0.00000000258, -0.00000000449
558, 50.00000000000, 1260.59243010733, 98.37411208011, 4.12500003222, 0.00000000000, -0.00000000654, -0.00000001659
559, 50.00000000000, 1272.86224971066, 52.42609253477, 4.12500003222, 0.00000000000, 0.00000000710, 0.00000002948
560, 50.00000000000, 100.23417027350, 74.67742379224, 4.12500003222, 0.00000000000, -0.00000000400, 0.00000001526
561, 50.00000000000, 27.40234885013, 316.29024512287, 4.12500003222, 0.00000000000, 0.00000000000, 0.00000000000
562, 50.00000000000, 122.77371019876, 75.92428875596, 4.12500003222, 0.00000000000, 0.00000000760, -0.00000001851
563, 50.00000000000, 146.22421132144, 82.32833907798, 4.12500003222, 0.00000000000, -0.00000000414, -0.00000001157
564, 50.00000000000, 121.88272591650, 108.45043220932, 4.12500003222, 0.00000000000, -0.00000000546, 0.00000000972
565, 50.00000000000, 155.71160425632, 31.30499148557, 4.12500003222, 0.00000000000, 0.00000001090, 0.00000001032
566, 50.00000000000, 165.81633993049, 54.47021009979, 4.12500003222, 0.00000000000, -0.00000001078, -0.00000002231
567, 50.00000000000, 159.81308677494, 115.09097569357, 4.12500003222, 0.00000000000, 0.00000000379, -0.00000002259
568, 50.00000000000, 178.51997502325, 87.77581776002, 4.12500003222, 0.00000000000, -0.00000000152, 0.00000002255
569, 50.00000000000, 198.17578114324, 80.27651434794, 4.12500003222, 0.00000000000, 0.00000000120, 0.00000001431
570, 50.00000000000, 193.16379562085, 94.88036554532, 4.12500003222, 0.00000000000, -0.00000000909, 0.00000001210
571, 50.00000000000, 222.85784849331, 116.91130564383, 4.12500003222, 0.00000000000, -0.00000000637, 0.00000000529
572, 50.00000000000, 272.51292839200, 39.46574737379, 4.12500003222, 0.00000000000, -0.00000000948, -0.00000002019
573, 50.00000000000, 248.19802598674, 91.38641686758, 4.12500003222, 0.00000000000, -0.00000000029, -0.00000000513
574, 50.00000000000, 298.78163800584, 60.38731704656, 4.12500003222, 0.00000000000, -0.00000000116, 0.00000003937
575, 50.00000000000, 311.16078120559, 25.57346135044, 4.12500003222, 0.00000000000, -0.00000000199, -0.00000002550
576, 50.00000000000, 276.70950062769, 123.11710198039, 4.12500003222, 0.00000000000, -0.00000000107, 0.00000000912
577, 50.00000000000, 350.68045407718, 80.74627368965, 4.12500003222, 0.00000000000, 0.00000000128, 0.00000001337
578, 50.00000000000, 320.24312966861, 192.30744795623, 4.12500003222, 0.00000000000, 0.00000000000, 0.00000000000
579, 50.00000000000, 395.58093785581, 116.94359940512, 4.12500003222, 0.00000000000, 0.00000000397, 0.00000000438
580, 50.00000000000, 404.81598075014, 69.40067088989, 4.12500003222, 0.00000000000, -0.00000000155, -0.00000000592
581, 50.00000000000, 413.90706154683, 120.61567669157, 4.12500003222, 0.00000000000, 0.00000000158, -0.00000000017
582, 50.00000000000, 390.77758831900, 220.05809980434, 4.12500003222, 0.00000000000, 0.00000000000, 0.00000000000
583, 50.00000000000, 436.10511002432, 78.45254776036, 4.12500003222, 0.00000000000, 0.00000000224, 0.00000003775
584, 50.00000000000, 457.30397548160, 101.92277842100, 4.12500003222, 0.00000000000, -0.00000000732, -0.00000003289
585, 50.00000000000, 442.52616531724, -30000000.00000000000, 0.00000000000, 0.00000000000, -0.00000187657, 0.66000001198
586, 50.00000000000, 483.32757055931, 99.43732507583, 4.12500003222, 0.00000000000, 0.00000000007, 0.00000001326
587, 50.00000000000, 475.28674449147, 232.16125546071, 4.12500003222, 0.00000000000, 0.00000000122, 0.00000000077
588, 50.00000000000, 511.86612767201, 72.16212457783, 4.12500003222, 0.00000000000, -0.00000000232, -0.00000003823
589, 50.00000000000, 527.73849974137, 65.90922149015, 4.12500003222, 0.00000000000, -0.00000001163, 0.00000001567
590, 50.00000000000, 544.88957968993, 75.01194772006, 4.12500003222, 0.00000000000, -0.00000000019, -0.00000000742
591, 50.00000000000, 565.28953054698, 168.33938137011, 4.12500003222, 0.00000000000, -0.00000000365, -0.00000001828
592, 50.00000000000, 585.12117042591, 129.65178780729, 4.12500003222, 0.00000000000, -0.00000000690, 0.00000001057
593, 50.00000000000, 605.32588614972, 78.16621758944, 4.12500003222, 0.00000000000, -0.00000000555, 0.00000000669
594, 50.00000000000, 614.18300451123, 150.64478522345, 4.12500003222, 0.00000000000, 0.00000000126, 0.00000003278
595, 50.00000000000, 635.44259588719, 111.72329481801, 4.12500003222, 0.00000000000, -0.00000000319, -0.00000000903
596, 50.00000000000, 637.24807462650, 88.05899159187, 4.12500003222, 0.00000000000, -0.00000000076, 0.00000001416
597, 50.00000000000, 633.81968810468, 150.40539951909, 4.12500003222, 0.00000000000, -0.00000000253, 0.00000001048
598, 50.00000000000, 667.19049989530, -30000000.00000000000, 0.00000000000, 0.00000000000, -0.00000021048, 0.66000001198
599, 50.00000000000, 654.41274522320, 150.49202844976, 4.12500003222, 0.00000000000, -0.00000000036, 0.00000000127
600, 50.00000000000, 703.58707089712, -30000000.00000000000, 0.00000000000, 0.00000000000, -0.00000033473, 0.66000001198
601, 50.00000000000, 724.42619323489, 126.86586967639, 4.12500003222, 0.00000000000, 0.00000000240, -0.00000000132
602, 50.00000000000, 734.76295157770, 45.53577016256, 4.12500003222, 0.00000000000, 0.00000000570, -0.00000000658
603, 50.00000000000, 762.33613964542, -30000000.00000000000, 0.00000000000, 0.00000000000, 0.00000045388, 0.66000001198
604, 50.00000000000, 764.16726709134, 53.53241074641, 4.12500003222, 0.00000000000, -0.00000000925, -0.00000000708
605, 50.00000000000, 783.82126669889, 84.91213853538, 4.12500003222, 0.00000000000, -0.00000000356, -0.00000001264
606, 50.00000000000, 796.36500913404, 233.89775986433, 4.12500003222, 0.00000000000, 0.00000000696, -0.00000002041
607, 50.00000000000, 802.93865231935, 111.20007595235, 4.12500003222, 0.00000000000, -0.00000000588, 0.00000000162
608, 50.00000000000, 838.82924881578, 107.65877193442, 4.12500003222, 0.00000000000, -0.00000000100, -0.00000002428
609, 50.00000000000, 850.75293745495, 115.98938140320, 4.12500003222, 0.00000000000, 0.00000000332, 0.00000002091
610, 50.00000000000, 860.01652303296, 156.22004798462, 4.12500003222, 0.00000000000, 0.00000000015, -0.00000000095
611, 50.00000000000, 875.13352129610, 142.13084201363, 4.12500003222, 0.00000000000, -0.00000000020, -0.00000000030
612, 50.00000000000, 880.02371504408, 162.72625566732, 4.12500003222, 0.00000000000, 0.00000000217, 0.00000000784
613, 50.00000000000, 908.68907394221, 65.75445178336, 4.12500003222, 0.00000000000, -0.00000001128, 0.00000003290
614, 50.00000000000, 904.04090393689, 188.94270521142, 4.12500003222, 0.00000000000, 0.00000000399, 0.00000001206
615, 50.00000000000, 957.05376943082, 92.12345376785, 4.12500003222, 0.00000000000, 0.00000000478, -0.00000000600
616, 50.00000000000, 963.90790023833, 45.19166798091, 4.12500003222, 0.00000000000, -0.00000001003, -0.00000003282
617, 50.00000000000, 973.99342238290, 102.24197751279, 4.12500003222, 0.00000000000, 0.00000000021, -0.00000001271
618, 50.00000000000, 990.39059378595, 87.64283793300, 4.12500003222, 0.00000000000, -0.00000000680, 0.00000000493
619, 50.00000000000, 1007.32877358498, 42.23896703096, 4.12500003222, 0.00000000000, -0.00000000162, -0.00000000366
620, 50.00000000000, 1026.06810474850, 60.00567424958, 4.12500003222, 0.00000000000, -0.00000001735, 0.00000001191
621, 50.00000000000, 1032.20400472623, 15.62812747887, 4.12500003222, 0.00000000000, 0.00000000640, -0.00000005295
622, 50.00000000000, 1047.77578326848, 101.12731454891, 4.12500003222, 0.00000000000, 0.00000000029, -0.00000000864
623, 50.00000000000, 1049.23032143273, 83.34639064504, 4.12500003222, 0.00000000000, -0.00000000459, -0.00000000741
624, 50.00000000000, 1078.00628417594, 40.29009191309, 4.12500003222, 0.00000000000, 0.00000000076, 0.00000002382
625, 50.00000000000, 1077.60084441563, 74.52459055359, 4.12500003222, 0.00000000000, 0.00000000769, -0.00000001499
626, 50.00000000000, 1107.44917628237, 91.28260085555, 4.12500003222, 0.00000000000, -0.00000000494, -0.00000001510
627, 50.00000000000, 1116.17886157737, 80.03723749822, 4.12500003222, 0.00000000000, 0.00000000082, -0.00000002779
628, 50.00000000000, 1140.20882948488, 60.41646531859, 4.12500003222, 0.00000000000, 0.00000001161, 0.00000002440
629, 50.00000000000, 1150.98180587115, 68.78133125174, 4.12500003222, 0.00000000000, -0.00000000195, 0.00000000145
630, 50.00000000000, 1176.15097605838, 43.61661902553, 4.12500003222, 0.00000000000, 0.00000000362, 0.00000007754
631, 50.00000000000, 1170.45334539431, 143.32968949207, 4.12500003222, 0.00000000000, -0.00000000001, 0.00000000053
632, 50.00000000000, 1183.66447738818, 83.96399093742, 4.12500003222, 0.00000000000, 0.00000000045, -0.00000002149
633, 50.00000000000, 1188.65620556881, 109.95222845207, 4.12500003222, 0.00000000000, -0.00000000491, 0.00000003148
634, 50.00000000000, 1224.74599063357, 157.60218994927, 4.12500003222, 0.00000000000, 0.00000000491, -0.00000001890
635, 50.00000000000, 1216.00713195326, 123.44186439266, 4.12500003222, 0.00000000000, -0.00000000243, -0.00000000343
636, 50.00000000000, 1238.29622042381, 74.33803178778, 4.12500003222, 0.00000000000, -0.00000001484, -0.00000001809
637, 50.00000000000, 1230.24470605811, 137.21214118886, 4.12500003222, 0.00000000000, 0.00000000112, 0.00000003664
638, 50.00000000000, 1273.10730428670, 20.83927109601, 4.12500003222, 0.00000000000, 0.00000000029, -0.00000000574
639, 50.00000000000, 1288.12111529726, 34.17170804390, 4.12500003222, 0.00000000000, 0.00000000568, 0.00000001811
