0, 50.00000000000, 31.16328124862, 83.14996522014, 4.12500003222, 0.00000000000, 0.00000000524, 0.00000003158
1, 50.00000000000, 31.17842742412, 191.94361091465, 4.12500003222, 0.00000000000, 0.00000000000, 0.00000000000
2, 50.00000000000, 64.07554906059, 6.92444146097, 4.12500003222, 0.00000000000, 0.00000000210, 0.00000001989
3, 50.00000000000, 95.46893129882, 82.79458432015, 4.12500003222, 0.00000000000, 0.00000000721, 0.00000001789
4, 50.00000000000, 107.65498922962, 26.06770228221, 4.12500003222, 0.00000000000, 0.00000000355, -0.00000001876
5, 50.00000000000, 122.13830217629, 39.22437196515, 4.12500003222, 0.00000000000, -0.00000000936, 0.00000001581
6, 50.00000000000, 140.03127208351, 25.54886036926, 4.12500003222, 0.00000000000, -0.00000000808, -0.00000002806
7, 50.00000000000, 145.75633792515, 9.68348400741, 4.12500003222, 0.00000000000, -0.00000001359, -0.00000000533
8, 50.00000000000, 170.83973118045, 7.51876570812, 4.12500003222, 0.00000000000, 0.00000001396, -0.00000002021
9, 50.00000000000, 170.15510219419, 48.65301789974, 4.12500003222, 0.00000000000, 0.00000000015, -0.00000000622
10, 50.00000000000, 191.10648823546, 4.99415518561, 4.12500003222, 0.00000000000, -0.00000000339, 0.00000001808
11, 50.00000000000, 227.45191430682, 21.67091095095, 4.12500003222, 0.00000000000, -0.00000001300, 0.00000000076
12, 50.00000000000, 225.37045352582, 8.80965573947, 4.12500003222, 0.00000000000, 0.00000000153, 0.00000003114
13, 50.00000000000, 261.86134445492, 25.00553914978, 4.12500003222, 0.00000000000, 0.00000001068, 0.00000002866
14, 50.00000000000, 272.99732717725, 29.05420688575, 4.12500003222, 0.00000000000, 0.00000000976, -0.00000001846
15, 50.00000000000, 291.99900990308, 38.19092055341, 4.12500003222, 0.00000000000, 0.00000000136, -0.00000000172
16, 50.00000000000, 294.29789329732, 4.35851902782, 4.12500003222, 0.00000000000, 0.00000000132, -0.00000002318
17, 50.00000000000, 312.78159825590, 41.52936889233, 4.12500003222, 0.00000000000, 0.00000000669, 0.00000001616
18, 50.00000000000, 320.77220573898, -30000000.00000000000, 0.00000000000, 0.00000000000, 0.00000086896, 0.66000001198
19, 50.00000000000, 367.36660192431, 83.56237048343, 4.12500003222, 0.00000000000, -0.00000001617, -0.00000001211
20, 50.00000000000, 354.78505746845, -30000000.00000000000, 0.00000000000, 0.00000000000, -0.00000024838, 0.66000001198
21, 50.00000000000, 388.33787253777, 32.09762243108, 4.12500003222, 0.00000000000, 0.00000000128, 0.00000001113
22, 50.00000000000, 408.78225021708, 116.83221545068, 4.12500003222, 0.00000000000, -0.00000000125, 0.00000001922
23, 50.00000000000, 411.87390834724, 53.91233589184, 4.12500003222, 0.00000000000, 0.00000000769, -0.00000001524
24, 50.00000000000, 432.27415748936, -30000000.00000000000, 0.00000000000, 0.00000000000, -0.00000154884, 0.66000001198
25, 50.00000000000, 437.22915994932, 61.92116899338, 4.12500003222, 0.00000000000, 0.00000000127, 0.00000001558
26, 50.00000000000, 464.90292155610, 46.44046480866, 4.12500003222, 0.00000000000, 0.00000000420, -0.00000000223
27, 50.00000000000, 481.42967907791, 44.63594641941, 4.12500003222, 0.00000000000, 0.00000000374, 0.00000001274
28, 50.00000000000, 490.80233750401, -30000000.00000000000, 0.00000000000, 0.00000000000, 0.00000049650, 0.66000001198
29, 50.00000000000, 526.28200557343, 128.40651206648, 4.12500003222, 0.00000000000, 0.00000000234, 0.00000002636
30, 50.00000000000, 534.83995153257, 62.55981479183, 4.12500003222, 0.00000000000, -0.00000000493, 0.00000002394
31, 50.00000000000, 543.19691392511, -30000000.00000000000, 0.00000000000, 0.00000000000, -0.00000031239, 0.66000001198
32, 50.00000000000, 553.51083804229, -30000000.00000000000, 0.00000000000, 0.00000000000, -0.00000083369, 0.66000001198
33, 50.00000000000, 579.37083240396, -30000000.00000000000, 0.00000000000, 0.00000000000, -0.00000082370, 0.66000001198
34, 50.00000000000, 597.21364453325, 64.16135201131, 4.12500003222, 0.00000000000, -0.00000000048, -0.00000000837
35, 50.00000000000, 618.58510781412, 102.93031232984, 4.12500003222, 0.00000000000, 0.00000000149, -0.00000000036
36, 50.00000000000, 634.34508717800, -30000000.00000000000, 0.00000000000, 0.00000000000, 0.00000103929, 0.66000001198
37, 50.00000000000, 652.04110327195, -30000000.00000000000, 0.00000000000, 0.00000000000, 0.00000034749, 0.66000001198
38, 50.00000000000, 665.81883992390, -30000000.00000000000, 0.00000000000, 0.00000000000, -0.00000046471, 0.66000001198
39, 50.00000000000, 689.62023614904, -30000000.00000000000, 0.00000000000, 0.00000000000, -0.00000146193, 0.66000001198
40, 50.00000000000, 700.00972289972, -30000000.00000000000, 0.00000000000, 0.00000000000, -0.00000081334, 0.66000001198
41, 50.00000000000, 719.85141430925, -30000000.00000000000, 0.00000000000, 0.00000000000, -0.00000036030, 0.66000001198
42, 50.00000000000, 732.75774990744, 74.06802952857, 4.12500003222, 0.00000000000, 0.00000000734, 0.00000001256
43, 50.00000000000, 750.28072529997, 102.09649065305, 4.12500003222, 0.00000000000, 0.00000000534, -0.00000000001
44, 50.00000000000, 768.52706767179, 101.73117204372, 4.12500003222, 0.00000000000, -0.00000000472, 0.00000002481
45, 50.00000000000, 785.39871402538, -30000000.00000000000, 0.00000000000, 0.00000000000, 0.00000067281, 0.66000001198
46, 50.00000000000, 802.72063867561, -30000000.00000000000, 0.00000000000, 0.00000000000, -0.00000020174, 0.66000001198
47, 50.00000000000, 821.86992796889, -30000000.00000000000, 0.00000000000, 0.00000000000, -0.00000056600, 0.66000001198
48, 50.00000000000, 835.05849387833, -30000000.00000000000, 0.00000000000, 0.00000000000, -0.00000162012, 0.66000001198
49, 50.00000000000, 846.11988515370, 84.32728098585, 4.12500003222, 0.00000000000, 0.00000000469, 0.00000001038
50, 50.00000000000, 877.38136137834, -30000000.00000000000, 0.00000000000, 0.00000000000, 0.00000194555, 0.66000001198
51, 50.00000000000, 893.77444871763, -30000000.00000000000, 0.00000000000, 0.00000000000, 0.00000027232, 0.66000001198
52, 50.00000000000, 873.38736668132, 187.32135439718, 4.12500003222, 0.00000000000, 0.00000000004, 0.00000000094
53, 50.00000000000, 929.93711020118, -30000000.00000000000, 0.00000000000, 0.00000000000, -0.00000148395, 0.66000001198
54, 50.00000000000, 942.00735429253, -30000000.00000000000, 0.00000000000, 0.00000000000, -0.00000026674, 0.66000001198
55, 50.00000000000, 956.53609056131, -30000000.00000000000, 0.00000000000, 0.00000000000, 0.00000118068, 0.66000001198
56, 50.00000000000, 977.98592740005, -30000000.00000000000, 0.00000000000, 0.00000000000, -0.00000065949, 0.66000001198
57, 50.00000000000, 987.78818400610, 50.16308421159, 4.12500003222, 0.00000000000, 0.00000000642, -0.00000002966
58, 50.00000000000, 1013.21777405636, -30000000.00000000000, 0.00000000000, 0.00000000000, 0.00000144585, 0.66000001198
59, 50.00000000000, 1026.60148370683, 49.12395139738, 4.12500003222, 0.00000000000, 0.00000000401, 0.00000000335
60, 50.00000000000, 1037.68931847421, 114.85275133366, 4.12500003222, 0.00000000000, -0.00000000491, 0.00000000462
61, 50.00000000000, 1061.90329918524, -30000000.00000000000, 0.00000000000, 0.00000000000, 0.00000017793, 0.66000001198
62, 50.00000000000, 1072.90617315572, -30000000.00000000000, 0.00000000000, 0.00000000000, 0.00000042735, 0.66000001198
63, 50.00000000000, 1112.41244976667, 100.52766954027, 4.12500003222, 0.00000000000, -0.00000000002, 0.00000000103
64, 50.00000000000, 1105.47982459490, 1.73159777695, 4.12500003222, 0.00000000000, -0.00000000364, -0.00000000874
65, 50.00000000000, 1132.35275647762, 74.76899447789, 4.12500003222, 0.00000000000, -0.00000000504, 0.00000003325
66, 50.00000000000, 1128.59971287585, 29.96208424993, 4.12500003222, 0.00000000000, -0.00000000279, 0.00000007793
67, 50.00000000000, 1164.24803473106, 66.44918205312, 4.12500003222, 0.00000000000, 0.00000000164, -0.00000000813
68, 50.00000000000, 1183.33345196116, 40.17880160723, 4.12500003222, 0.00000000000, -0.00000000879, 0.00000000739
69, 50.00000000000, 1187.13472741707, 5.89637990628, 4.12500003222, 0.00000000000, 0.00000000296, -0.00000001825
70, 50.00000000000, 1200.18021666438, 25.72301248171, 4.12500003222, 0.00000000000, 0.00000000215, -0.00000002321
71, 50.00000000000, 1218.82646908126, 32.21630151982, 4.12500003222, 0.00000000000, 0.00000000259, -0.00000000634
72, 50.00000000000, 1250.27822309018, 58.61290128951, 4.12500003222, 0.00000000000, 0.00000000167, 0.00000000237
73, 50.00000000000, 1221.26078899299, 130.70849186231, 4.12500003222, 0.00000000000, 0.00000000532, 0.00000000441
74, 50.00000000000, 1271.71155123363, 9.05049257869, 4.12500003222, 0.00000000000, 0.00000000015, 0.00000001911
75, 50.00000000000, 1287.30194043523, 7.47810916408, 4.12500003222, 0.00000000000, -0.00000000606, -0.00000001018
76, 50.00000000000, 1296.61685207889, 29.55333716112, 4.12500003222, 0.00000000000, -0.00000000571, 0.00000000679
77, 50.00000000000, 1305.46742559236, 48.99729719717, 4.12500003222, 0.00000000000, 0.00000000336, 0.00000000855
78, 50.00000000000, 1330.37474452938, 11.24387120502, 4.12500003222, 0.00000000000, -0.00000000215, 0.00000000057
79, 50.00000000000, 1325.26829292647, 100.89328443341, 4.12500003222, 0.00000000000, 0.00000000167, 0.00000001457
80, 50.00000000000, 30.20050481604, 9.77228020961, 4.12500003222, 0.00000000000, 0.00000000520, 0.00000003275
81, 50.00000000000, 48.68965650805, 29.13512422771, 4.12500003222, 0.00000000000, 0.00000000199, -0.00000001968
82, 50.00000000000, 71.76330872513, 28.21462695410, 4.12500003222, 0.00000000000, 0.00000000161, 0.00000001087
83, 50.00000000000, 87.06336976891, 13.57401095898, 4.12500003222, 0.00000000000, 0.00000000209, 0.00000001178
84, 50.00000000000, 100.18166125886, 43.08405899915, 4.12500003222, 0.00000000000, -0.00000000077, 0.00000003713
85, 50.00000000000, 121.29891799282, 7.28541048173, 4.12500003222, 0.00000000000, 0.00000000340, 0.00000004891
86, 50.00000000000, 136.08324751869, 4.24938986403, 4.12500003222, 0.00000000000, 0.00000000241, -0.00000000882
87, 50.00000000000, 157.00117963815, 27.92636595667, 4.12500003222, 0.00000000000, -0.00000000208, 0.00000002848
88, 50.00000000000, 149.30112619020, 59.53029805907, 4.12500003222, 0.00000000000, -0.00000001367, 0.00000001094
89, 50.00000000000, 173.04324326380, 30.69015598936, 4.12500003222, 0.00000000000, -0.00000000749, 0.00000001387
90, 50.00000000000, 209.82116420713, 15.39638241433, 4.12500003222, 0.00000000000, 0.00000000466, 0.00000001320
91, 50.00000000000, 206.67194908912, 26.76015962818, 4.12500003222, 0.00000000000, 0.00000001385, -0.00000001173
92, 50.00000000000, 247.96995555587, 31.98244183242, 4.12500003222, 0.00000000000, 0.00000001344, -0.00000001323
93, 50.00000000000, 242.83066738693, 20.99472931096, 4.12500003222, 0.00000000000, -0.00000001337, -0.00000000868
94, 50.00000000000, 268.86055544902, 45.00929441874, 4.12500003222, 0.00000000000, 0.00000000018, 0.00000000667
95, 50.00000000000, 288.58576378111, 60.80590695742, 4.12500003222, 0.00000000000, -0.00000000486, 0.00000000962
96, 50.00000000000, 310.67632761235, 9.33739690106, 4.12500003222, 0.00000000000, 0.00000000651, -0.00000001632
97, 50.00000000000, 311.35205266452, 63.82120825437, 4.12500003222, 0.00000000000, -0.00000000584, -0.00000000636
98, 50.00000000000, 335.64704069536, 38.41547095924, 4.12500003222, 0.00000000000, -0.00000000401, 0.00000000446
99, 50.00000000000, 358.76847405531, 64.12551625264, 4.12500003222, 0.00000000000, 0.00000001015, -0.00000004052
100, 50.00000000000, 354.50184675772, -30000000.00000000000, 0.00000000000, 0.00000000000, -0.00000022625, 0.66000001198
101, 50.00000000000, 373.64157133848, -30000000.00000000000, 0.00000000000, 0.00000000000, -0.00000009073, 0.66000001198
102, 50.00000000000, 392.21622457898, -30000000.00000000000, 0.00000000000, 0.00000000000, 0.00000085312, 0.66000001198
103, 50.00000000000, 405.10826353708, 86.06673810183, 4.12500003222, 0.00000000000, -0.00000000001, 0.00000000647
104, 50.00000000000, 429.20814591587, 38.51878473390, 4.12500003222, 0.00000000000, -0.00000000019, -0.00000002049
105, 50.00000000000, 446.26941518470, 47.34864566842, 4.12500003222, 0.00000000000, 0.00000000199, -0.00000001466
106, 50.00000000000, 468.42481201748, 101.85250963773, 4.12500003222, 0.00000000000, 0.00000001269, -0.00000000968
107, 50.00000000000, 478.68647748534, -30000000.00000000000, 0.00000000000, 0.00000000000, 0.00000090104, 0.66000001198
108, 50.00000000000, 503.90345938018, 93.44301349876, 4.12500003222, 0.00000000000, 0.00000000640, -0.00000001151
109, 50.00000000000, 514.85725928485, 93.73113877454, 4.12500003222, 0.00000000000, -0.00000000863, -0.00000000098
110, 50.00000000000, 539.05201668111, -30000000.00000000000, 0.00000000000, 0.00000000000, 0.00000041767, 0.66000001198
111, 50.00000000000, 545.77179603882, -30000000.00000000000, 0.00000000000, 0.00000000000, -0.00000076431, 0.66000001198
112, 50.00000000000, 570.93427480750, 94.34927893089, 4.12500003222, 0.00000000000, 0.00000000139, 0.00000002169
113, 50.00000000000, 582.90084063000, 110.86520751438, 4.12500003222, 0.00000000000, -0.00000000974, -0.00000003264
114, 50.00000000000, 607.27877939919, 118.62185968934, 4.12500003222, 0.00000000000, -0.00000000002, -0.00000000762
115, 50.00000000000, 617.08287733555, -30000000.00000000000, 0.00000000000, 0.00000000000, 0.00000207609, 0.66000001198
116, 50.00000000000, 621.15503974163, -30000000.00000000000, 0.00000000000, 0.00000000000, 0.00000135948, 0.66000001198
117, 50.00000000000, 643.59352930570, -30000000.00000000000, 0.00000000000, 0.00000000000, 0.00000028890, 0.66000001198
118, 50.00000000000, 661.93821782888, -30000000.00000000000, 0.00000000000, 0.00000000000, -0.00000066518, 0.66000001198
119, 50.00000000000, 677.80786175520, -30000000.00000000000, 0.00000000000, 0.00000000000, -0.00000008347, 0.66000001198
120, 50.00000000000, 732.59648714888, 118.97074255091, 4.12500003222, 0.00000000000, 0.00000000074, 0.00000001884
121, 50.00000000000, 718.99289979137, 68.89925147825, 4.12500003222, 0.00000000000, 0.00000000309, 0.00000001432
122, 50.00000000000, 737.76868888790, 83.21642508833, 4.12500003222, 0.00000000000, -0.00000001021, -0.00000003326
123, 50.00000000000, 752.22759272297, -30000000.00000000000, 0.00000000000, 0.00000000000, 0.00000049558, 0.66000001198
124, 50.00000000000, 777.53753382828, 48.36359667942, 4.12500003222, 0.00000000000, -0.00000000322, 0.00000000992
125, 50.00000000000, 800.53483963865, 58.22317037409, 4.12500003222, 0.00000000000, -0.00000000112, -0.00000001008
126, 50.00000000000, 796.92100672307, -30000000.00000000000, 0.00000000000, 0.00000000000, 0.00000094659, 0.66000001198
127, 50.00000000000, 822.03916367755, -30000000.00000000000, 0.00000000000, 0.00000000000, -0.00000059331, 0.66000001198
128, 50.00000000000, 852.01657857883, 63.50983992104, 4.12500003222, 0.00000000000, -0.00000000269, -0.00000001926
129, 50.00000000000, 849.16933666090, 106.57313481613, 4.12500003222, 0.00000000000, 0.00000000236, 0.00000001503
130, 50.00000000000, 888.91494183782, 67.93148838346, 4.12500003222, 0.00000000000, 0.00000000379, -0.00000002885
131, 50.00000000000, 881.29162901969, -30000000.00000000000, 0.00000000000, 0.00000000000, 0.00000181700, 0.66000001198
132, 50.00000000000, 901.95507911787, -30000000.00000000000, 0.00000000000, 0.00000000000, -0.00000031456, 0.66000001198
133, 50.00000000000, 906.14827428192, 173.00478534766, 4.12500003222, 0.00000000000, -0.00000000224, 0.00000000157
134, 50.00000000000, 954.70682085609, 70.66829045325, 4.12500003222, 0.00000000000, 0.00000000361, 0.00000000154
135, 50.00000000000, 970.99136753849, 54.03464110422, 4.12500003222, 0.00000000000, -0.00000000333, 0.00000000897
136, 50.00000000000, 972.40402886907, -30000000.00000000000, 0.00000000000, 0.00000000000, -0.00000035837, 0.66000001198
137, 50.00000000000, 1005.85756551083, 63.64772533496, 4.12500003222, 0.00000000000, 0.00000000411, 0.00000003540
138, 50.00000000000, 1003.94581572916, 105.40412895493, 4.12500003222, 0.00000000000, -0.00000000033, -0.00000004094
139, 50.00000000000, 1031.32907735432, -30000000.00000000000, 0.00000000000, 0.00000000000, -0.00000093901, 0.66000001198
140, 50.00000000000, 1040.42099259026, -30000000.00000000000, 0.00000000000, 0.00000000000, -0.00000085620, 0.66000001198
141, 50.00000000000, 1056.26644766788, 58.47485899113, 4.12500003222, 0.00000000000, 0.00000002261, -0.00000003803
142, 50.00000000000, 1080.47056507641, -30000000.00000000000, 0.00000000000, 0.00000000000, -0.00000023831, 0.66000001198
143, 50.00000000000, 1093.01051493940, 51.11567553147, 4.12500003222, 0.00000000000, -0.00000000018, -0.00000002814
144, 50.00000000000, 1090.35803419557, 15.11002923828, 4.12500003222, 0.00000000000, -0.00000000223, -0.00000002241
145, 50.00000000000, 1115.38159745875, 12.55972643508, 4.12500003222, 0.00000000000, -0.00000000634, -0.00000001049
146, 50.00000000000, 1146.65269514359, 35.75062160794, 4.12500003222, 0.00000000000, -0.00000000734, 0.00000007178
147, 50.00000000000, 1165.42214568481, 28.75531185164, 4.12500003222, 0.00000000000, 0.00000000570, 0.00000005194
148, 50.00000000000, 1171.65284188373, 131.76056313171, 4.12500003222, 0.00000000000, 0.00000000042, 0.00000000477
149, 50.00000000000, 1182.48456236826, 27.89132690172, 4.12500003222, 0.00000000000, -0.00000001010, 0.00000000534
150, 50.00000000000, 1201.30892983741, 41.19462086328, 4.12500003222, 0.00000000000, -0.00000000211, -0.00000002457
151, 50.00000000000, 1220.66219216482, 12.60859497642, 4.12500003222, 0.00000000000, -0.00000000122, -0.00000000571
152, 50.00000000000, 1225.48311014155, 151.37076780960, 4.12500003222, 0.00000000000, -0.00000000041, -0.00000000293
153, 50.00000000000, 1255.93531208944, 11.25947753181, 4.12500003222, 0.00000000000, 0.00000000362, 0.00000000129
154, 50.00000000000, 1276.04328681429, 25.51359348977, 4.12500003222, 0.00000000000, 0.00000000393, -0.00000000905
155, 50.00000000000, 1284.26287220397, 80.90465329385, 4.12500003222, 0.00000000000, -0.00000000556, 0.00000000387
156, 50.00000000000, 1292.72101746683, 117.96972635537, 4.12500003222, 0.00000000000, 0.00000000870, 0.00000001078
157, 50.00000000000, 1303.15188047381, 74.96914641849, 4.12500003222, 0.00000000000, 0.00000000150, -0.00000000825
158, 50.00000000000, 1307.22461441417, 130.96844951054, 4.12500003222, 0.00000000000, -0.00000000164, -0.00000000060
159, 50.00000000000, 1323.76773320346, 78.12761635174, 4.12500003222, 0.00000000000, -0.00000000251, -0.00000001865
160, 50.00000000000, 32.44825327855, 25.14500865993, 4.12500003222, 0.00000000000, -0.00000000123, -0.00000002266
161, 50.00000000000, 49.65562496619, 91.29657874096, 4.12500003222, 0.00000000000, -0.00000000096, 0.00000001337
162, 50.00000000000, 77.60426082404, 8.40708504939, 4.12500003222, 0.00000000000, 0.00000000447, 0.00000001266
163, 50.00000000000, 86.60624426314, 29.58819609940, 4.12500003222, 0.00000000000, -0.00000000432, -0.00000002338
164, 50.00000000000, 99.04281439179, 61.61496087984, 4.12500003222, 0.00000000000, 0.00000000016, -0.00000001716
165, 50.00000000000, 111.07936401785, 51.04161447440, 4.12500003222, 0.00000000000, 0.00000000321, -0.00000000782
166, 50.00000000000, 140.88342154261, 39.50590617259, 4.12500003222, 0.00000000000, 0.00000001898, 0.00000000770
167, 50.00000000000, 153.19629240605, 20.53482739666, 4.12500003222, 0.00000000000, -0.00000000901, 0.00000001288
168, 50.00000000000, 160.49121638046, 64.18170431325, 4.12500003222, 0.00000000000, 0.00000000925, 0.00000002357
169, 50.00000000000, 188.41283362043, 15.51498052310, 4.12500003222, 0.00000000000, 0.00000000424, -0.00000001807
170, 50.00000000000, 207.26019409353, 5.72261252819, 4.12500003222, 0.00000000000, -0.00000000235, 0.00000001137
171, 50.00000000000, 224.49577505136, 34.13488976778, 4.12500003222, 0.00000000000, -0.00000001061, -0.00000002805
172, 50.00000000000, 245.01979556158, 7.62747780519, 4.12500003222, 0.00000000000, -0.00000000403, -0.00000000408
173, 50.00000000000, 257.05715371965, 48.77826010360, 4.12500003222, 0.00000000000, -0.00000000204, 0.00000000475
174, 50.00000000000, 275.41480902266, 7.58417686992, 4.12500003222, 0.00000000000, 0.00000000071, 0.00000001544
175, 50.00000000000, 283.98456220981, 14.13123560966, 4.12500003222, 0.00000000000, -0.00000000582, 0.00000001321
176, 50.00000000000, 304.35432283083, 25.03203178612, 4.12500003222, 0.00000000000, -0.00000000854, 0.00000001054
177, 50.00000000000, 325.34008334747, 47.11255446080, 4.12500003222, 0.00000000000, -0.00000000138, 0.00000001909
178, 50.00000000000, 345.70971307261, 84.29213426830, 4.12500003222, 0.00000000000, 0.00000000221, 0.00000002332
179, 50.00000000000, 354.19167577832, 96.83800786870, 4.12500003222, 0.00000000000, -0.00000001320, -0.00000003159
180, 50.00000000000, 373.74011687791, 100.94322047194, 4.12500003222, 0.00000000000, 0.00000000954, -0.00000000494
181, 50.00000000000, 388.38111998422, 86.32263516701, 4.12500003222, 0.00000000000, 0.00000001394, -0.00000000812
182, 50.00000000000, 408.01547973295, 101.89037991047, 4.12500003222, 0.00000000000, 0.00000001023, -0.00000001117
183, 50.00000000000, 408.65148916461, 35.42768996676, 4.12500003222, 0.00000000000, -0.00000000651, 0.00000004675
184, 50.00000000000, 419.54036532895, -30000000.00000000000, 0.00000000000, 0.00000000000, 0.00000008439, 0.66000001198
185, 50.00000000000, 439.19589601860, 120.83939068541, 4.12500003222, 0.00000000000, 0.00000000137, -0.00000000370
186, 50.00000000000, 459.29738554151, 84.74278740719, 4.12500003222, 0.00000000000, 0.00000000837, -0.00000004887
187, 50.00000000000, 473.60235842168, 80.21033788114, 4.12500003222, 0.00000000000, -0.00000000375, -0.00000000769
188, 50.00000000000, 498.23575537754, 61.25886157232, 4.12500003222, 0.00000000000, -0.00000000326, -0.00000000509
189, 50.00000000000, 517.45461077708, 46.91501090395, 4.12500003222, 0.00000000000, -0.00000001098, 0.00000003347
190, 50.00000000000, 520.58267380689, -30000000.00000000000, 0.00000000000, 0.00000000000, 0.00000135806, 0.66000001198
191, 50.00000000000, 547.16949568789, 80.69079187416, 4.12500003222, 0.00000000000, -0.00000000094, -0.00000002084
192, 50.00000000000, 560.85144857573, 150.84706820004, 4.12500003222, 0.00000000000, -0.00000001473, 0.00000002781
193, 50.00000000000, 573.99971917082, 185.34973925441, 4.12500003222, 0.00000000000, -0.00000000287, -0.00000000155
194, 50.00000000000, 589.31523733122, 170.73103589142, 4.12500003222, 0.00000000000, 0.00000000223, -0.00000000541
195, 50.00000000000, 612.28101428985, -30000000.00000000000, 0.00000000000, 0.00000000000, 0.00000223237, 0.66000001198
196, 50.00000000000, 639.89820585641, -30000000.00000000000, 0.00000000000, 0.00000000000, 0.00000073799, 0.66000001198
197, 50.00000000000, 653.53228575771, -30000000.00000000000, 0.00000000000, 0.00000000000, -0.00000007266, 0.66000001198
198, 50.00000000000, 674.23950526454, 62.73440350130, 4.12500003222, 0.00000000000, -0.00000000576, 0.00000000321
199, 50.00000000000, 673.06020826581, -30000000.00000000000, 0.00000000000, 0.00000000000, 0.00000070719, 0.66000001198
200, 50.00000000000, 712.39495213838, 103.67163410102, 4.12500003222, 0.00000000000, -0.00000000228, -0.00000000745
201, 50.00000000000, 728.50524879524, 106.28610276536, 4.12500003222, 0.00000000000, -0.00000000336, -0.00000000668
202, 50.00000000000, 727.98912940327, 51.79267516753, 4.12500003222, 0.00000000000, 0.00000001035, 0.00000001124
203, 50.00000000000, 756.44150424276, -30000000.00000000000, 0.00000000000, 0.00000000000, -0.00000024601, 0.66000001198
204, 50.00000000000, 765.68247227427, -30000000.00000000000, 0.00000000000, 0.00000000000, -0.00000020833, 0.66000001198
205, 50.00000000000, 796.26530443369, 42.70805945728, 4.12500003222, 0.00000000000, 0.00000000776, 0.00000000215
206, 50.00000000000, 814.91098667307, 38.03774576490, 4.12500003222, 0.00000000000, -0.00000000622, 0.00000001174
207, 50.00000000000, 814.12465032648, 71.45614004608, 4.12500003222, 0.00000000000, 0.00000000036, -0.00000001294
208, 50.00000000000, 835.69000059534, 100.03740708909, 4.12500003222, 0.00000000000, -0.00000000332, -0.00000000373
209, 50.00000000000, 833.07423494525, 68.63916502578, 4.12500003222, 0.00000000000, 0.00000000543, -0.00000002747
210, 50.00000000000, 866.59283745094, -30000000.00000000000, 0.00000000000, 0.00000000000, 0.00000161984, 0.66000001198
211, 50.00000000000, 890.63605409679, -30000000.00000000000, 0.00000000000, 0.00000000000, 0.00000103109, 0.66000001198
212, 50.00000000000, 914.83966264455, 46.44825128625, 4.12500003222, 0.00000000000, -0.00000000241, 0.00000000730
213, 50.00000000000, 915.76837511254, -30000000.00000000000, 0.00000000000, 0.00000000000, -0.00000147500, 0.66000001198
214, 50.00000000000, 948.83869255582, 113.95919949326, 4.12500003222, 0.00000000000, -0.00000000672, 0.00000000003
215, 50.00000000000, 969.72587586350, 65.62794573889, 4.12500003222, 0.00000000000, -0.00000000384, 0.00000000983
216, 50.00000000000, 990.88011883857, 63.18454241681, 4.12500003222, 0.00000000000, 0.00000000546, 0.00000001870
217, 50.00000000000, 984.27381532761, -30000000.00000000000, 0.00000000000, 0.00000000000, -0.00000176700, 0.66000001198
218, 50.00000000000, 1003.32229807529, -30000000.00000000000, 0.00000000000, 0.00000000000, 0.00000034875, 0.66000001198
219, 50.00000000000, 1025.88273151686, -30000000.00000000000, 0.00000000000, 0.00000000000, -0.00000022594, 0.66000001198
220, 50.00000000000, 1018.64502317779, 143.46240280612, 4.12500003222, 0.00000000000, -0.00000001077, -0.00000000362
221, 50.00000000000, 1062.43215529272, 51.06233972863, 4.12500003222, 0.00000000000, -0.00000002113, 0.00000005666
222, 50.00000000000, 1080.76056856356, 58.85498995133, 4.12500003222, 0.00000000000, -0.00000000353, -0.00000002805
223, 50.00000000000, 1091.47815559113, 35.59698084967, 4.12500003222, 0.00000000000, -0.00000000220, 0.00000003334
224, 50.00000000000, 1101.52983192369, 14.46599795560, 4.12500003222, 0.00000000000, 0.00000000134, -0.00000002536
225, 50.00000000000, 1134.24131510224, 21.98699661032, 4.12500003222, 0.00000000000, -0.00000000022, -0.00000001742
226, 50.00000000000, 1131.86351327306, 93.39892653165, 4.12500003222, 0.00000000000, 0.00000000993, -0.00000000193
227, 50.00000000000, 1158.85354906971, 47.62002177342, 4.12500003222, 0.00000000000, -0.00000002386, -0.00000000001
228, 50.00000000000, 1166.64728867828, 9.96172499035, 4.12500003222, 0.00000000000, 0.00000000321, 0.00000001359
229, 50.00000000000, 1183.37579788454, 15.56171396315, 4.12500003222, 0.00000000000, -0.00000000345, 0.00000000301
230, 50.00000000000, 1203.19087361916, 16.35162517036, 4.12500003222, 0.00000000000, -0.00000000195, 0.00000003118
231, 50.00000000000, 1225.72094729644, 81.60755535962, 4.12500003222, 0.00000000000, -0.00000000475, -0.00000001904
232, 50.00000000000, 1241.65646409797, 42.07162807907, 4.12500003222, 0.00000000000, -0.00000000596, -0.00000000913
233, 50.00000000000, 1243.52641923001, 79.21044088328, 4.12500003222, 0.00000000000, 0.00000000454, -0.00000000633
234, 50.00000000000, 1260.09238179384, 74.70906180277, 4.12500003222, 0.00000000000, -0.00000000380, -0.00000001204
235, 50.00000000000, 1276.76664652768, 101.49143805826, 4.12500003222, 0.00000000000, 0.00000000888, 0.00000002398
236, 50.00000000000, 1310.00396610871, 8.83993328266, 4.12500003222, 0.00000000000, 0.00000000334, -0.00000002363
237, 50.00000000000, 1304.97150156680, 93.52919362091, 4.12500003222, 0.00000000000, 0.00000000446, 0.00000001517
238, 50.00000000000, 1311.45469217611, 108.95055907871, 4.12500003222, 0.00000000000, -0.00000001235, -0.00000001708
239, 50.00000000000, 1335.88503299152, 108.83272470835, 4.12500003222, 0.00000000000, -0.00000000096, -0.00000002878
240, 50.00000000000, 47.97832299896, 51.05584889132, 4.12500003222, 0.00000000000, 0.00000000104, -0.00000000616
241, 50.00000000000, 44.86550194636, 6.70233538653, 4.12500003222, 0.00000000000, 0.00000000062, 0.00000001348
242, 50.00000000000, 65.22131325484, 21.10851736239, 4.12500003222, 0.00000000000, 0.00000000029, -0.00000000984
243, 50.00000000000, 82.94675109069, 96.88895558024, 4.12500003222, 0.00000000000, -0.00000000620, 0.00000002626
244, 50.00000000000, 104.93068828287, 97.24112966039, 4.12500003222, 0.00000000000, -0.00000000436, 0.00000000893
245, 50.00000000000, 118.95932257485, 84.13533530735, 4.12500003222, 0.00000000000, -0.00000000199, -0.00000000726
246, 50.00000000000, 133.33717161744, 16.87149930449, 4.12500003222, 0.00000000000, -0.00000000210, 0.00000001115
247, 50.00000000000, 133.73408180213, 131.72239173655, 4.12500003222, 0.00000000000, 0.00000000147, -0.00000000183
248, 50.00000000000, 136.63756895476, 91.05721008773, 4.12500003222, 0.00000000000, 0.00000000769, 0.00000000224
249, 50.00000000000, 154.38106348349, 101.28699744503, 4.12500003222, 0.00000000000, 0.00000000713, 0.00000000270
250, 50.00000000000, 189.97683597172, 24.80451711279, 4.12500003222, 0.00000000000, 0.00000000375, -0.00000003360
251, 50.00000000000, 189.33059733780, 119.80034765418, 4.12500003222, 0.00000000000, 0.00000000419, -0.00000001242
252, 50.00000000000, 233.66521890116, 52.66875343058, 4.12500003222, 0.00000000000, 0.00000000923, 0.00000001635
253, 50.00000000000, 260.45268928949, 36.52226098004, 4.12500003222, 0.00000000000, 0.00000000298, -0.00000001510
254, 50.00000000000, 241.76335830433, 148.40458295018, 4.12500003222, 0.00000000000, -0.00000000016, -0.00000000015
255, 50.00000000000, 258.72025528320, 173.76725342425, 4.12500003222, 0.00000000000, -0.00000000001, -0.00000000000
256, 50.00000000000, 287.98386826528, 155.89228166800, 4.12500003222, 0.00000000000, -0.00000000018, 0.00000000061
257, 50.00000000000, 323.83695806078, 58.15704059962, 4.12500003222, 0.00000000000, 0.00000000110, -0.00000001294
258, 50.00000000000, 344.87397010097, 72.67063538354, 4.12500003222, 0.00000000000, -0.00000000426, -0.00000000164
259, 50.00000000000, 352.78486375691, 31.65075997674, 4.12500003222, 0.00000000000, 0.00000000600, -0.00000000784
260, 50.00000000000, 369.86235903339, 45.34489953130, 4.12500003222, 0.00000000000, 0.00000000887, 0.00000003611
261, 50.00000000000, 377.61576770328, 53.06624862449, 4.12500003222, 0.00000000000, -0.00000001548, -0.00000001904
262, 50.00000000000, 388.93887788843, -30000000.00000000000, 0.00000000000, 0.00000000000, 0.00000061209, 0.66000001198
263, 50.00000000000, 422.96163232075, 88.67783486488, 4.12500003222, 0.00000000000, -0.00000000366, 0.00000002866
264, 50.00000000000, 424.35156992697, 53.10317865155, 4.12500003222, 0.00000000000, -0.00000000406, 0.00000000552
265, 50.00000000000, 439.90013136060, 83.20118818762, 4.12500003222, 0.00000000000, 0.00000000674, -0.00000004013
266, 50.00000000000, 458.46078245737, 119.28178414485, 4.12500003222, 0.00000000000, -0.00000000652, 0.00000001675
267, 50.00000000000, 480.49031645903, 90.45110035534, 4.12500003222, 0.00000000000, 0.00000000443, 0.00000001368
268, 50.00000000000, 491.97083697988, 81.14571345177, 4.12500003222, 0.00000000000, -0.00000000208, 0.00000001411
269, 50.00000000000, 516.94503261740, 61.53017722956, 4.12500003222, 0.00000000000, 0.00000000085, -0.00000002886
270, 50.00000000000, 531.84524923006, -30000000.00000000000, 0.00000000000, 0.00000000000, -0.00000014633, 0.66000001198
271, 50.00000000000, 553.98583434268, 100.79207549715, 4.12500003222, 0.00000000000, -0.00000000812, 0.00000002301
272, 50.00000000000, 556.59605482900, 63.08089500116, 4.12500003222, 0.00000000000, 0.00000000531, 0.00000001074
273, 50.00000000000, 592.14206110831, 134.62122465580, 4.12500003222, 0.00000000000, -0.00000000167, 0.00000001517
274, 50.00000000000, 603.28946511013, 101.27088677298, 4.12500003222, 0.00000000000, -0.00000000094, -0.00000001031
275, 50.00000000000, 609.35109181932, 82.86643469362, 4.12500003222, 0.00000000000, -0.00000000767, 0.00000002504
276, 50.00000000000, 629.15038711257, -30000000.00000000000, 0.00000000000, 0.00000000000, 0.00000099221, 0.66000001198
277, 50.00000000000, 661.91562255134, 76.91690965628, 4.12500003222, 0.00000000000, 0.00000000133, -0.00000002033
278, 50.00000000000, 660.57065993030, -30000000.00000000000, 0.00000000000, 0.00000000000, -0.00000089032, 0.66000001198
279, 50.00000000000, 678.31712897113, 46.09749463845, 4.12500003222, 0.00000000000, -0.00000000074, 0.00000000171
280, 50.00000000000, 694.87787975621, -30000000.00000000000, 0.00000000000, 0.00000000000, -0.00000029079, 0.66000001198
281, 50.00000000000, 718.50104181493, 87.56115556277, 4.12500003222, 0.00000000000, 0.00000000068, -0.00000000062
282, 50.00000000000, 745.01697509145, -30000000.00000000000, 0.00000000000, 0.00000000000, -0.00000014535, 0.66000001198
283, 50.00000000000, 766.16882848258, 120.29895519791, 4.12500003222, 0.00000000000, 0.00000000170, -0.00000001094
284, 50.00000000000, 776.31691794961, 81.76814727340, 4.12500003222, 0.00000000000, 0.00000000499, -0.00000000541
285, 50.00000000000, 786.29845201467, -30000000.00000000000, 0.00000000000, 0.00000000000, 0.00000050588, 0.66000001198
286, 50.00000000000, 817.79652634697, 54.01299859529, 4.12500003222, 0.00000000000, 0.00000000454, -0.00000000447
287, 50.00000000000, 835.91846356665, 47.20471892784, 4.12500003222, 0.00000000000, 0.00000000132, 0.00000003326
288, 50.00000000000, 839.46921890601, -30000000.00000000000, 0.00000000000, 0.00000000000, -0.00000101373, 0.66000001198
289, 50.00000000000, 872.63529675816, 55.09684225760, 4.12500003222, 0.00000000000, -0.00000000292, 0.00000000047
290, 50.00000000000, 866.93136953568, 94.63449430471, 4.12500003222, 0.00000000000, 0.00000000884, -0.00000000363
291, 50.00000000000, 892.89268455893, 47.05928142285, 4.12500003222, 0.00000000000, -0.00000000179, 0.00000002762
292, 50.00000000000, 905.22338823391, -30000000.00000000000, 0.00000000000, 0.00000000000, -0.00000110819, 0.66000001198
293, 50.00000000000, 929.09401539541, 105.53708289004, 4.12500003222, 0.00000000000, -0.00000000291, -0.00000000304
294, 50.00000000000, 935.95344811183, 52.14848202675, 4.12500003222, 0.00000000000, 0.00000000015, 0.00000000272
295, 50.00000000000, 956.82902594356, 46.19535972915, 4.12500003222, 0.00000000000, -0.00000000906, 0.00000000144
296, 50.00000000000, 983.05302046605, 97.42466189717, 4.12500003222, 0.00000000000, 0.00000000974, 0.00000004392
297, 50.00000000000, 994.56351630304, 86.01832646691, 4.12500003222, 0.00000000000, 0.00000001133, -0.00000004606
298, 50.00000000000, 1013.87850397164, 86.64510754252, 4.12500003222, 0.00000000000, 0.00000000298, 0.00000001436
299, 50.00000000000, 1030.85399897460, -30000000.00000000000, 0.00000000000, 0.00000000000, -0.00000088796, 0.66000001198
300, 50.00000000000, 1044.64283335091, 65.38426581617, 4.12500003222, 0.00000000000, -0.00000000652, -0.00000005132
301, 50.00000000000, 1062.83585734957, 94.81228295641, 4.12500003222, 0.00000000000, -0.00000000763, 0.00000000536
302, 50.00000000000, 1068.89527656805, 73.89963069067, 4.12500003222, 0.00000000000, 0.00000000912, -0.00000001406
303, 50.00000000000, 1095.76986868288, -30000000.00000000000, 0.00000000000, 0.00000000000, -0.00000083959, 0.66000001198
304, 50.00000000000, 1104.44512305762, 56.25881072596, 4.12500003222, 0.00000000000, -0.00000001306, 0.00000000362
305, 50.00000000000, 1134.20726991621, 53.03446421159, 4.12500003222, 0.00000000000, -0.00000000035, -0.00000005624
306, 50.00000000000, 1126.25708310350, 6.97873352411, 4.12500003222, 0.00000000000, -0.00000000240, -0.00000000676
307, 50.00000000000, 1145.85713291604, 76.24797390256, 4.12500003222, 0.00000000000, 0.00000001028, 0.00000005317
308, 50.00000000000, 1178.22032350172, 51.13366318570, 4.12500003222, 0.00000000000, 0.00000000092, -0.00000002231
309, 50.00000000000, 1203.56052027622, 77.80619187192, 4.12500003222, 0.00000000000, 0.00000000466, -0.00000002671
310, 50.00000000000, 1203.84688704640, 3.70428981336, 4.12500003222, 0.00000000000, 0.00000000094, 0.00000000627
311, 50.00000000000, 1212.19452192082, 91.18561453328, 4.12500003222, 0.00000000000, 0.00000000311, -0.00000001269
312, 50.00000000000, 1239.76250058301, 9.14248702041, 4.12500003222, 0.00000000000, 0.00000000234, -0.00000000555
313, 50.00000000000, 1236.75416633360, 25.55933602239, 4.12500003222, 0.00000000000, -0.00000000003, 0.00000001977
314, 50.00000000000, 1252.05390736838, 97.02940895496, 4.12500003222, 0.00000000000, -0.00000000553, -0.00000001023
315, 50.00000000000, 1271.84957059820, 66.99705657714, 4.12500003222, 0.00000000000, -0.00000000506, -0.00000001552
316, 50.00000000000, 1287.78187937457, 104.93203318684, 4.12500003222, 0.00000000000, 0.00000000544, -0.00000001002
317, 50.00000000000, 1313.47935049772, 61.39676453727, 4.12500003222, 0.00000000000, 0.00000000409, -0.00000004888
318, 50.00000000000, 1314.89439858837, 39.49694405204, 4.12500003222, 0.00000000000, -0.00000000390, 0.00000005351
319, 50.00000000000, 1344.07590895740, 69.65757569059, 4.12500003222, 0.00000000000, 0.00000000041, -0.00000001066
320, 50.00000000000, -15.81525601760, 77.96202076602, 4.12500003222, 0.00000000000, -0.00000000000, 0.00000000000
321, 50.00000000000, 52.77748243782, 13.89082601309, 4.12500003222, 0.00000000000, 0.00000000142, -0.00000000370
322, 50.00000000000, 66.12260657731, 61.43702164340, 4.12500003222, 0.00000000000, -0.00000000366, 0.00000000515
323, 50.00000000000, 81.04956210201, 49.39094625388, 4.12500003222, 0.00000000000, -0.00000000523, -0.00000004576
324, 50.00000000000, 73.44495054972, 243.08717789710, 4.12500003222, 0.00000000000, 0.00000000000, 0.00000000000
325, 50.00000000000, 120.41181410580, 15.43763828205, 4.12500003222, 0.00000000000, 0.00000000278, 0.00000001343
326, 50.00000000000, 132.79964765779, 49.95272017296, 4.12500003222, 0.00000000000, 0.00000000289, 0.00000006498
327, 50.00000000000, 153.68044708369, 42.70173526592, 4.12500003222, 0.00000000000, 0.00000000603, -0.00000000324
328, 50.00000000000, 170.36213189356, 15.29006062955, 4.12500003222, 0.00000000000, 0.00000000926, 0.00000001922
329, 50.00000000000, 173.53490034170, 84.00877112719, 4.12500003222, 0.00000000000, 0.00000000185, -0.00000003850
330, 50.00000000000, 185.66889289982, 136.60089403973, 4.12500003222, 0.00000000000, -0.00000000021, 0.00000000482
331, 50.00000000000, 187.69170743272, 99.99864564999, 4.12500003222, 0.00000000000, -0.00000000462, 0.00000001500
332, 50.00000000000, 249.70472838372, 55.37691108814, 4.12500003222, 0.00000000000, -0.00000000839, 0.00000001450
333, 50.00000000000, 262.37940915985, 84.34480023605, 4.12500003222, 0.00000000000, -0.00000000245, -0.00000000966
334, 50.00000000000, 281.50655066724, 79.29335858854, 4.12500003222, 0.00000000000, -0.00000000208, 0.00000000229
335, 50.00000000000, 279.31252409426, 174.57247923248, 4.12500003222, 0.00000000000, 0.00000000020, -0.00000000041
336, 50.00000000000, 302.82151345513, 47.57546740886, 4.12500003222, 0.00000000000, 0.00000000411, 0.00000000438
337, 50.00000000000, 334.74449319707, 88.95358442506, 4.12500003222, 0.00000000000, 0.00000000175, -0.00000000394
338, 50.00000000000, 337.30490436987, 62.23183360685, 4.12500003222, 0.00000000000, 0.00000000491, -0.00000001024
339, 50.00000000000, 340.00595498222, -30000000.00000000000, 0.00000000000, 0.00000000000, -0.00000017105, 0.66000001198
340, 50.00000000000, 356.98021712203, 50.92582693087, 4.12500003222, 0.00000000000, 0.00000001267, 0.00000002936
341, 50.00000000000, 389.62581141597, 45.78543355916, 4.12500003222, 0.00000000000, -0.00000001367, -0.00000005799
342, 50.00000000000, 394.98106225071, 67.88392484556, 4.12500003222, 0.00000000000, 0.00000000816, 0.00000001908
343, 50.00000000000, 411.95594727245, -30000000.00000000000, 0.00000000000, 0.00000000000, 0.00000040949, 0.66000001198
344, 50.00000000000, 421.63645327278, -30000000.00000000000, 0.00000000000, 0.00000000000, 0.00000031613, 0.66000001198
345, 50.00000000000, 443.46017263208, 99.57319594674, 4.12500003222, 0.00000000000, -0.00000000717, 0.00000001723
346, 50.00000000000, 455.58645512463, 68.04138804751, 4.12500003222, 0.00000000000, 0.00000000190, 0.00000002328
347, 50.00000000000, 477.54468120479, 67.86648270249, 4.12500003222, 0.00000000000, 0.00000000273, -0.00000000639
348, 50.00000000000, 498.31080199056, 51.07807897623, 4.12500003222, 0.00000000000, 0.00000000494, 0.00000001609
349, 50.00000000000, 508.76185780467, -30000000.00000000000, 0.00000000000, 0.00000000000, 0.00000080948, 0.66000001198
350, 50.00000000000, 528.18289167824, 149.94145024665, 4.12500003222, 0.00000000000, -0.00000000343, -0.00000002705
351, 50.00000000000, 561.56759183176, 83.29926157913, 4.12500003222, 0.00000000000, -0.00000000475, -0.00000000501
352, 50.00000000000, 565.71236007381, 115.09934535443, 4.12500003222, 0.00000000000, 0.00000000792, 0.00000003995
353, 50.00000000000, 576.71063660486, 71.52996193024, 4.12500003222, 0.00000000000, -0.00000000552, -0.00000002020
354, 50.00000000000, 592.92620641226, 99.66503227449, 4.12500003222, 0.00000000000, 0.00000000101, -0.00000002153
355, 50.00000000000, 610.79509491987, 93.86973377735, 4.12500003222, 0.00000000000, 0.00000000032, -0.00000001742
356, 50.00000000000, 610.08735487903, 171.27339486171, 4.12500003222, 0.00000000000, 0.00000000033, 0.00000000193
357, 50.00000000000, 639.94410087973, 106.16528374801, 4.12500003222, 0.00000000000, -0.00000000060, 0.00000000874
358, 50.00000000000, 666.48610873024, 157.91412994177, 4.12500003222, 0.00000000000, -0.00000000348, -0.00000000954
359, 50.00000000000, 683.79355610753, -30000000.00000000000, 0.00000000000, 0.00000000000, -0.00000056277, 0.66000001198
360, 50.00000000000, 714.01018089205, 122.89747084247, 4.12500003222, 0.00000000000, -0.00000000274, 0.00000000149
361, 50.00000000000, 723.48643030186, 36.14112648759, 4.12500003222, 0.00000000000, -0.00000000781, -0.00000001711
362, 50.00000000000, 749.03751703949, 115.38811312182, 4.12500003222, 0.00000000000, 0.00000000204, -0.00000001488
363, 50.00000000000, 742.49045242133, 39.27153090671, 4.12500003222, 0.00000000000, 0.00000000668, 0.00000002937
364, 50.00000000000, 754.88032070033, 83.57950257956, 4.12500003222, 0.00000000000, -0.00000000156, -0.00000000796
365, 50.00000000000, 796.11110042293, 216.21466039403, 4.12500003222, 0.00000000000, -0.00000000062, -0.00000000166
366, 50.00000000000, 807.98956735489, -30000000.00000000000, 0.00000000000, 0.00000000000, -0.00000008405, 0.66000001198
367, 50.00000000000, 811.47827788867, -30000000.00000000000, 0.00000000000, 0.00000000000, 0.00000036708, 0.66000001198
368, 50.00000000000, 833.69649444093, -30000000.00000000000, 0.00000000000, 0.00000000000, -0.00000141773, 0.66000001198
369, 50.00000000000, 831.17017439585, 123.29277104406, 4.12500003222, 0.00000000000, 0.00000000039, 0.00000001559
370, 50.00000000000, 866.40074372656, 115.16972424491, 4.12500003222, 0.00000000000, 0.00000000183, -0.00000001092
371, 50.00000000000, 890.63339669740, -30000000.00000000000, 0.00000000000, 0.00000000000, 0.00000103162, 0.66000001198
372, 50.00000000000, 906.76399239059, 100.15279626002, 4.12500003222, 0.00000000000, -0.00000000059, -0.00000001179
373, 50.00000000000, 923.40932729407, 64.96676826366, 4.12500003222, 0.00000000000, -0.00000000131, -0.00000001392
374, 50.00000000000, 948.16041948923, 59.09381638666, 4.12500003222, 0.00000000000, 0.00000000368, 0.00000001309
375, 50.00000000000, 963.24966930524, -30000000.00000000000, 0.00000000000, 0.00000000000, 0.00000058485, 0.66000001198
376, 50.00000000000, 975.56517072570, -30000000.00000000000, 0.00000000000, 0.00000000000, -0.00000023486, 0.66000001198
377, 50.00000000000, 996.04545894710, 31.52662968267, 4.12500003222, 0.00000000000, -0.00000000469, 0.00000001585
378, 50.00000000000, 1008.02443705833, 49.58299092657, 4.12500003222, 0.00000000000, -0.00000000155, 0.00000000716
379, 50.00000000000, 1024.91562835446, 100.89909601328, 4.12500003222, 0.00000000000, 0.00000000098, -0.00000000478
380, 50.00000000000, 1046.15748853580, 78.59523206391, 4.12500003222, 0.00000000000, -0.00000000926, 0.00000004799
381, 50.00000000000, 1054.44591187864, 115.36317337485, 4.12500003222, 0.00000000000, -0.00000000230, 0.00000001627
382, 50.00000000000, 1078.39872076718, 83.08077758769, 4.12500003222, 0.00000000000, 0.00000000178, -0.00000000858
383, 50.00000000000, 1093.68936397822, 73.36324162894, 4.12500003222, 0.00000000000, 0.00000000390, -0.00000000986
384, 50.00000000000, 1105.19361372759, 33.36673861048, 4.12500003222, 0.00000000000, 0.00000000451, 0.00000001532
385, 50.00000000000, 1124.88937703399, 43.61686066099, 4.12500003222, 0.00000000000, 0.00000000256, -0.00000001515
386, 50.00000000000, 1142.99173978646, 42.83900543478, 4.12500003222, 0.00000000000, 0.00000000701, -0.00000003107
387, 50.00000000000, 1146.94669097732, 12.19415388536, 4.12500003222, 0.00000000000, -0.00000000283, -0.00000006474
388, 50.00000000000, 1165.21901173922, 43.26478962127, 4.12500003222, 0.00000000000, 0.00000001375, -0.00000006595
389, 50.00000000000, 1176.02815299818, 97.73606188557, 4.12500003222, 0.00000000000, -0.00000000674, -0.00000003891
390, 50.00000000000, 1199.09466194643, 109.85231714544, 4.12500003222, 0.00000000000, -0.00000000388, -0.00000000028
391, 50.00000000000, 1215.50964265310, 100.33560755451, 4.12500003222, 0.00000000000, 0.00000000297, 0.00000001573
392, 50.00000000000, 1233.04084036157, 63.29602652674, 4.12500003222, 0.00000000000, -0.00000000412, -0.00000000716
393, 50.00000000000, 1256.21597267698, 27.28563147948, 4.12500003222, 0.00000000000, -0.00000000120, -0.00000001854
394, 50.00000000000, 1256.74974940267, 108.58519876187, 4.12500003222, 0.00000000000, 0.00000000482, 0.00000003081
395, 50.00000000000, 1272.84202085749, 89.41601802367, 4.12500003222, 0.00000000000, 0.00000000250, 0.00000001623
396, 50.00000000000, 1290.71450694185, 60.45990313436, 4.12500003222, 0.00000000000, 0.00000000036, -0.00000000173
397, 50.00000000000, 1301.53694657444, 109.10980531801, 4.12500003222, 0.00000000000, -0.00000000312, -0.00000002362
398, 50.00000000000, 1328.46889801497, 125.17521274499, 4.12500003222, 0.00000000000, 0.00000000151, 0.00000001437
399, 50.00000000000, 1326.79979717487, 44.02363252101, 4.12500003222, 0.00000000000, 0.00000000122, 0.00000001755
400, 50.00000000000, 30.81266284499, 42.37861720338, 4.12500003222, 0.00000000000, 0.00000000321, 0.00000001149
401, 50.00000000000, 48.11779756912, 71.52860565532, 4.12500003222, 0.00000000000, 0.00000000496, -0.00000002293
402, 50.00000000000, 74.37157183500, 117.09215896751, 4.12500003222, 0.00000000000, 0.00000000712, -0.00000001928
403, 50.00000000000, 80.94588530242, 74.44898671863, 4.12500003222, 0.00000000000, 0.00000000291, 0.00000002950
404, 50.00000000000, 106.18395708355, 73.61368266060, 4.12500003222, 0.00000000000, -0.00000000192, 0.00000003168
405, 50.00000000000, 101.70388814212, 10.89881819472, 4.12500003222, 0.00000000000, -0.00000000478, 0.00000000967
406, 50.00000000000, 132.54254964821, 28.23154173013, 4.12500003222, 0.00000000000, 0.00000000244, -0.00000003994
407, 50.00000000000, 135.43996665638, 110.57500194816, 4.12500003222, 0.00000000000, 0.00000000057, 0.00000000735
408, 50.00000000000, 157.57293652504, 81.87668262856, 4.12500003222, 0.00000000000, -0.00000000933, -0.00000001935
409, 50.00000000000, 171.87292908655, 69.86647886934, 4.12500003222, 0.00000000000, -0.00000000306, 0.00000000317
410, 50.00000000000, 168.94663733099, 94.77026565734, 4.12500003222, 0.00000000000, -0.00000000039, 0.00000005193
411, 50.00000000000, 204.71418049420, 256.67098229170, 4.12500003222, 0.00000000000, 0.00000000000, 0.00000000000
412, 50.00000000000, 215.46776704827, 176.97381346516, 4.12500003222, 0.00000000000, -0.00000000007, 0.00000000001
413, 50.00000000000, 234.67611552191, 239.45382363865, 4.12500003222, 0.00000000000, 0.00000000000, 0.00000000000
414, 50.00000000000, 267.76882460059, 67.67705238058, 4.12500003222, 0.00000000000, 0.00000000263, -0.00000004409
415, 50.00000000000, 300.60991434712, 79.50559713026, 4.12500003222, 0.00000000000, 0.00000000532, 0.00000000155
416, 50.00000000000, 295.77074155565, 14.88802064891, 4.12500003222, 0.00000000000, 0.00000000049, -0.00000000049
417, 50.00000000000, 316.17082241766, 28.28780775059, 4.12500003222, 0.00000000000, -0.00000000123, -0.00000001406
418, 50.00000000000, 322.42956292726, -30000000.00000000000, 0.00000000000, 0.00000000000, 0.00000072823, 0.66000001198
419, 50.00000000000, 339.49563006144, -30000000.00000000000, 0.00000000000, 0.00000000000, -0.00000011559, 0.66000001198
420, 50.00000000000, 353.13639307633, 208.47810027144, 4.12500003222, 0.00000000000, 0.00000000000, 0.00000000000
421, 50.00000000000, 386.60299168297, 109.85791887766, 4.12500003222, 0.00000000000, -0.00000000054, 0.00000000058
422, 50.00000000000, 399.02384008179, 125.25291342755, 4.12500003222, 0.00000000000, -0.00000000074, 0.00000000802
423, 50.00000000000, 405.77340567594, -30000000.00000000000, 0.00000000000, 0.00000000000, 0.00000163363, 0.66000001198
424, 50.00000000000, 434.50472223061, 140.97675611970, 4.12500003222, 0.00000000000, 0.00000000049, -0.00000000211
425, 50.00000000000, 431.99413008865, -30000000.00000000000, 0.00000000000, 0.00000000000, -0.00000150851, 0.66000001198
426, 50.00000000000, 462.04141350825, 60.40302481607, 4.12500003222, 0.00000000000, 0.00000000495, 0.00000001449
427, 50.00000000000, 465.97472337886, 232.73064277005, 4.12500003222, 0.00000000000, -0.00000000405, -0.00000000404
428, 50.00000000000, 508.52111169569, 80.63173622201, 4.12500003222, 0.00000000000, -0.00000000990, 0.00000003896
429, 50.00000000000, 507.52694227155, -30000000.00000000000, 0.00000000000, 0.00000000000, 0.00000032952, 0.66000001198
430, 50.00000000000, 544.21700013492, 118.19962751403, 4.12500003222, 0.00000000000, 0.00000000868, -0.00000002798
431, 50.00000000000, 537.70254412310, 97.07862108032, 4.12500003222, 0.00000000000, 0.00000000204, -0.00000001079
432, 50.00000000000, 567.79009194951, -30000000.00000000000, 0.00000000000, 0.00000000000, -0.00000171706, 0.66000001198
433, 50.00000000000, 586.62463182811, 86.77984375501, 4.12500003222, 0.00000000000, 0.00000001514, -0.00000000046
434, 50.00000000000, 581.51182907944, 151.56144682283, 4.12500003222, 0.00000000000, 0.00000000359, -0.00000001192
435, 50.00000000000, 618.86057306207, 71.52276157448, 4.12500003222, 0.00000000000, 0.00000000416, -0.00000001930
436, 50.00000000000, 631.14303339862, 84.30522772711, 4.12500003222, 0.00000000000, -0.00000000735, 0.00000003063
437, 50.00000000000, 651.38147131109, 91.08614155648, 4.12500003222, 0.00000000000, 0.00000000440, -0.00000000506
438, 50.00000000000, 661.09532758710, 60.93275673258, 4.12500003222, 0.00000000000, -0.00000000056, 0.00000002891
439, 50.00000000000, 685.03959153782, 67.95631101044, 4.12500003222, 0.00000000000, 0.00000000344, 0.00000002180
440, 50.00000000000, 699.54030089008, 83.86207574586, 4.12500003222, 0.00000000000, -0.00000000609, -0.00000000113
441, 50.00000000000, 718.97314057585, -30000000.00000000000, 0.00000000000, 0.00000000000, -0.00000019778, 0.66000001198
442, 50.00000000000, 730.38082713688, -30000000.00000000000, 0.00000000000, 0.00000000000, 0.00000005238, 0.66000001198
443, 50.00000000000, 754.94064264407, 50.00487443445, 4.12500003222, 0.00000000000, -0.00000000337, -0.00000002993
444, 50.00000000000, 748.70210709038, 133.90686681334, 4.12500003222, 0.00000000000, -0.00000000024, 0.00000000197
445, 50.00000000000, 785.55212220588, 64.45035069040, 4.12500003222, 0.00000000000, -0.00000001010, 0.00000000049
446, 50.00000000000, 805.53438163347, 101.78597685243, 4.12500003222, 0.00000000000, 0.00000000267, -0.00000000249
447, 50.00000000000, 798.88716788174, 81.48348647428, 4.12500003222, 0.00000000000, 0.00000000049, -0.00000000557
448, 50.00000000000, 824.14562767009, 108.67906272257, 4.12500003222, 0.00000000000, -0.00000000325, 0.00000000436
449, 50.00000000000, 855.95117145244, 43.77165116064, 4.12500003222, 0.00000000000, 0.00000000184, -0.00000000355
450, 50.00000000000, 844.28485535099, 161.74743876013, 4.12500003222, 0.00000000000, 0.00000000305, 0.00000001482
451, 50.00000000000, 888.10731978058, 88.37384223331, 4.12500003222, 0.00000000000, 0.00000000248, 0.00000002560
452, 50.00000000000, 906.72404817217, -30000000.00000000000, 0.00000000000, 0.00000000000, -0.00000081974, 0.66000001198
453, 50.00000000000, 894.37643496877, 189.90436703092, 4.12500003222, 0.00000000000, -0.00000000351, -0.00000000137
454, 50.00000000000, 946.73447446377, 91.74087483592, 4.12500003222, 0.00000000000, 0.00000000325, -0.00000001363
455, 50.00000000000, 960.53549386189, -30000000.00000000000, 0.00000000000, 0.00000000000, 0.00000106156, 0.66000001198
456, 50.00000000000, 969.95084010445, 86.14540799627, 4.12500003222, 0.00000000000, -0.00000000334, -0.00000001133
457, 50.00000000000, 993.12444048294, 203.77320095754, 4.12500003222, 0.00000000000, 0.00000000000, 0.00000000000
458, 50.00000000000, 993.03982307846, 121.03102987962, 4.12500003222, 0.00000000000, -0.00000000992, -0.00000000131
459, 50.00000000000, 1018.01274442519, 119.06503924626, 4.12500003222, 0.00000000000, 0.00000001387, -0.00000003133
460, 50.00000000000, 1033.29453641711, 131.07247676290, 4.12500003222, 0.00000000000, -0.00000000445, 0.00000000097
461, 50.00000000000, 1055.94775393201, 77.28411436300, 4.12500003222, 0.00000000000, 0.00000000093, 0.00000001206
462, 50.00000000000, 1051.80712792146, 134.27095347246, 4.12500003222, 0.00000000000, 0.00000000595, -0.00000001035
463, 50.00000000000, 1087.55339904872, 138.86134079277, 4.12500003222, 0.00000000000, -0.00000000531, 0.00000000609
464, 50.00000000000, 1112.62448216023, 24.72589298046, 4.12500003222, 0.00000000000, 0.00000000135, 0.00000002271
465, 50.00000000000, 1127.61964679438, 62.54483775539, 4.12500003222, 0.00000000000, -0.00000000887, -0.00000003711
466, 50.00000000000, 1144.74667156226, 57.06859488751, 4.12500003222, 0.00000000000, 0.00000000689, -0.00000001059
467, 50.00000000000, 1153.39442991443, 60.98249777203, 4.12500003222, 0.00000000000, -0.00000000341, -0.00000002923
468, 50.00000000000, 1164.88141819000, 81.41531216732, 4.12500003222, 0.00000000000, 0.00000000062, 0.00000004576
469, 50.00000000000, 1182.02866738226, 114.51839149959, 4.12500003222, 0.00000000000, 0.00000000303, 0.00000002499
470, 50.00000000000, 1193.52470049622, 94.11792327141, 4.12500003222, 0.00000000000, -0.00000000761, -0.00000000830
471, 50.00000000000, 1226.55608708425, 47.20941989960, 4.12500003222, 0.00000000000, 0.00000000263, 0.00000000745
472, 50.00000000000, 1210.33890547594, 164.81183729125, 4.12500003222, 0.00000000000, -0.00000000238, -0.00000001017
473, 50.00000000000, 1235.16608031726, 112.39517113629, 4.12500003222, 0.00000000000, 0.00000000143, -0.00000000991
474, 50.00000000000, 1262.44982948310, 88.49203069941, 4.12500003222, 0.00000000000, -0.00000000459, -0.00000002977
475, 50.00000000000, 1295.31512014721, 13.47398467148, 4.12500003222, 0.00000000000, -0.00000000349, 0.00000003104
476, 50.00000000000, 1270.76709022957, 109.90660577962, 4.12500003222, 0.00000000000, 0.00000001098, 0.00000000672
477, 50.00000000000, 1304.17701765880, 151.96355066677, 4.12500003222, 0.00000000000, -0.00000000103, -0.00000001013
478, 50.00000000000, 1317.22315941700, 92.43525893034, 4.12500003222, 0.00000000000, -0.00000000117, 0.00000002847
479, 50.00000000000, 1339.58477066327, 88.17188503815, 4.12500003222, 0.00000000000, -0.00000000135, 0.00000005054
480, 50.00000000000, 30.13110265658, 62.70540298103, 4.12500003222, 0.00000000000, 0.00000000146, -0.00000000448
481, 50.00000000000, 53.09266870783, 115.50999713233, 4.12500003222, 0.00000000000, -0.00000000393, -0.00000001733
482, 50.00000000000, 64.76887058683, 41.93816943237, 4.12500003222, 0.00000000000, -0.00000000477, 0.00000001792
483, 50.00000000000, 88.51001057928, 61.74499374357, 4.12500003222, 0.00000000000, 0.00000000483, -0.00000004484
484, 50.00000000000, 85.90390888676, 133.70395443286, 4.12500003222, 0.00000000000, 0.00000000347, 0.00000000527
485, 50.00000000000, 118.29191534593, 60.36213956995, 4.12500003222, 0.00000000000, 0.00000001230, 0.00000001313
486, 50.00000000000, 138.66197802493, 70.99948072405, 4.12500003222, 0.00000000000, -0.00000000410, -0.00000000794
487, 50.00000000000, 154.72123327337, 5.44005289213, 4.12500003222, 0.00000000000, -0.00000000134, 0.00000001635
488, 50.00000000000, 150.95361560200, 143.25936547334, 4.12500003222, 0.00000000000, -0.00000000054, -0.00000000974
489, 50.00000000000, 150.07078624912, 79.57605828197, 4.12500003222, 0.00000000000, 0.00000001385, 0.00000000178
490, 50.00000000000, 190.19267466569, 40.61140288358, 4.12500003222, 0.00000000000, -0.00000000038, 0.00000001501
491, 50.00000000000, 197.07663097316, 167.58242390237, 4.12500003222, 0.00000000000, 0.00000000033, 0.00000000483
492, 50.00000000000, 205.99925292749, 131.50639578058, 4.12500003222, 0.00000000000, -0.00000000082, 0.00000000079
493, 50.00000000000, 248.26382289714, 70.23401200635, 4.12500003222, 0.00000000000, -0.00000000001, -0.00000000459
494, 50.00000000000, 261.41938776508, 11.98742858656, 4.12500003222, 0.00000000000, 0.00000000227, -0.00000000884
495, 50.00000000000, 279.75898856552, 45.96215424326, 4.12500003222, 0.00000000000, 0.00000000462, -0.00000001849
496, 50.00000000000, 294.16781964050, 27.43169624092, 4.12500003222, 0.00000000000, -0.00000000105, 0.00000001658
497, 50.00000000000, 332.71412133878, 69.96747935084, 4.12500003222, 0.00000000000, 0.00000001162, -0.00000001673
498, 50.00000000000, 345.33971610450, 52.08958369592, 4.12500003222, 0.00000000000, -0.00000000093, 0.00000001353
499, 50.00000000000, 355.45216233939, 74.16449381154, 4.12500003222, 0.00000000000, -0.00000001043, 0.00000001436
500, 50.00000000000, 371.19476901995, 31.05129384559, 4.12500003222, 0.00000000000, 0.00000000730, 0.00000000601
501, 50.00000000000, 394.63419338265, 103.34852385494, 4.12500003222, 0.00000000000, -0.00000000856, 0.00000000562
502, 50.00000000000, 394.88503451559, 53.60838770169, 4.12500003222, 0.00000000000, 0.00000000810, -0.00000000403
503, 50.00000000000, 421.28486116309, 72.10410418000, 4.12500003222, 0.00000000000, 0.00000000193, -0.00000001888
504, 50.00000000000, 421.88715905444, -30000000.00000000000, 0.00000000000, 0.00000000000, 0.00000027989, 0.66000001198
505, 50.00000000000, 456.02513646916, 214.94516403334, 4.12500003222, 0.00000000000, 0.00000000015, 0.00000000028
506, 50.00000000000, 456.76986196760, 194.37457158782, 4.12500003222, 0.00000000000, -0.00000000000, 0.00000000000
507, 50.00000000000, 480.31304851949, 59.35489090092, 4.12500003222, 0.00000000000, -0.00000000644, 0.00000000537
508, 50.00000000000, 491.26231898307, 97.96433013929, 4.12500003222, 0.00000000000, 0.00000000634, -0.00000003005
509, 50.00000000000, 500.82202250235, 245.52929129263, 4.12500003222, 0.00000000000, 0.00000000130, -0.00000000008
510, 50.00000000000, 529.65376166794, -30000000.00000000000, 0.00000000000, 0.00000000000, 0.00000028521, 0.66000001198
511, 50.00000000000, 545.58963528063, 160.70359825588, 4.12500003222, 0.00000000000, 0.00000000158, -0.00000002452
512, 50.00000000000, 569.27605815587, 166.31582826027, 4.12500003222, 0.00000000000, 0.00000000132, -0.00000000898
513, 50.00000000000, 588.45181649749, 121.53041012589, 4.12500003222, 0.00000000000, -0.00000001152, 0.00000002029
514, 50.00000000000, 600.68392833014, 114.60081601100, 4.12500003222, 0.00000000000, 0.00000000035, 0.00000000463
515, 50.00000000000, 610.28210719351, 134.14649120799, 4.12500003222, 0.00000000000, -0.00000000181, 0.00000001597
516, 50.00000000000, 633.52634916971, -30000000.00000000000, 0.00000000000, 0.00000000000, 0.00000124373, 0.66000001198
517, 50.00000000000, 641.77799483708, 72.61132924303, 4.12500003222, 0.00000000000, 0.00000001456, -0.00000002674
518, 50.00000000000, 666.75858733725, 197.42093547846, 4.12500003222, 0.00000000000, 0.00000000763, -0.00000002547
519, 50.00000000000, 675.26753399440, 84.25771371927, 4.12500003222, 0.00000000000, 0.00000000187, -0.00000003081
520, 50.00000000000, 701.66737116100, -30000000.00000000000, 0.00000000000, 0.00000000000, -0.00000054288, 0.66000001198
521, 50.00000000000, 735.59234494266, 96.95780250040, 4.12500003222, 0.00000000000, -0.00000000132, -0.00000000153
522, 50.00000000000, 745.93827779114, 64.44480526768, 4.12500003222, 0.00000000000, -0.00000000475, 0.00000001870
523, 50.00000000000, 747.66260697377, -30000000.00000000000, 0.00000000000, 0.00000000000, -0.00000066804, 0.66000001198
524, 50.00000000000, 776.72540385505, 208.83075129557, 4.12500003222, 0.00000000000, 0.00000000038, 0.00000000012
525, 50.00000000000, 780.60005647343, -30000000.00000000000, 0.00000000000, 0.00000000000, -0.00000020647, 0.66000001198
526, 50.00000000000, 787.36297026819, 114.90872472049, 4.12500003222, 0.00000000000, 0.00000000027, 0.00000000685
527, 50.00000000000, 822.01181413283, 87.25457155483, 4.12500003222, 0.00000000000, -0.00000000287, 0.00000000888
528, 50.00000000000, 818.80873817035, 139.92285235041, 4.12500003222, 0.00000000000, 0.00000000083, -0.00000000642
529, 50.00000000000, 839.26630708343, 140.98493380753, 4.12500003222, 0.00000000000, -0.00000000203, -0.00000000004
530, 50.00000000000, 859.21933255566, 148.80229994393, 4.12500003222, 0.00000000000, 0.00000000502, 0.00000000334
531, 50.00000000000, 885.41178657022, 107.48729211434, 4.12500003222, 0.00000000000, 0.00000000145, -0.00000002254
532, 50.00000000000, 913.89300562644, -30000000.00000000000, 0.00000000000, 0.00000000000, -0.00000106621, 0.66000001198
533, 50.00000000000, 937.59932016492, 74.49596322100, 4.12500003222, 0.00000000000, 0.00000000672, 0.00000000681
534, 50.00000000000, 926.49243245064, 173.69732009706, 4.12500003222, 0.00000000000, 0.00000000004, 0.00000000243
535, 50.00000000000, 963.33228081618, 102.69220218941, 4.12500003222, 0.00000000000, 0.00000000252, -0.00000000692
536, 50.00000000000, 983.74502538633, 107.00348501349, 4.12500003222, 0.00000000000, -0.00000001111, -0.00000002164
537, 50.00000000000, 974.73880653832, 34.20651706484, 4.12500003222, 0.00000000000, 0.00000000766, -0.00000000416
538, 50.00000000000, 1007.96610718430, 74.46867973980, 4.12500003222, 0.00000000000, -0.00000001779, -0.00000001515
539, 50.00000000000, 1024.41283067794, 67.17962574993, 4.12500003222, 0.00000000000, -0.00000001034, -0.00000003266
540, 50.00000000000, 1040.61640105547, 57.90968254450, 4.12500003222, 0.00000000000, 0.00000001647, 0.00000000728
541, 50.00000000000, 1064.32305879352, 63.34338921359, 4.12500003222, 0.00000000000, 0.00000000509, -0.00000002283
542, 50.00000000000, 1072.47650581615, 41.60182898558, 4.12500003222, 0.00000000000, 0.00000000150, 0.00000000762
543, 50.00000000000, 1098.15561847898, 264.26291140135, 4.12500003222, 0.00000000000, 0.00000000000, 0.00000000000
544, 50.00000000000, 1113.80007306675, 63.42348879805, 4.12500003222, 0.00000000000, -0.00000000587, 0.00000001272
545, 50.00000000000, 1135.41741467555, 167.32922988668, 4.12500003222, 0.00000000000, 0.00000000303, 0.00000000614
546, 50.00000000000, 1144.76251445857, 185.94483323066, 4.12500003222, 0.00000000000, -0.00000000303, -0.00000000614
547, 50.00000000000, 1152.51277067714, 25.45110467909, 4.12500003222, 0.00000000000, 0.00000001223, 0.00000002140
548, 50.00000000000, 1162.19594881239, 113.96501378685, 4.12500003222, 0.00000000000, -0.00000000412, 0.00000000421
549, 50.00000000000, 1195.07676025455, 59.42766130418, 4.12500003222, 0.00000000000, 0.00000000650, 0.00000002759
550, 50.00000000000, 1215.96460498958, 68.01493538815, 4.12500003222, 0.00000000000, -0.00000000899, 0.00000001019
551, 50.00000000000, 1205.96525448112, 144.19311032802, 4.12500003222, 0.00000000000, 0.00000000118, 0.00000001381
552, 50.00000000000, 1234.44137981642, 97.87090362557, 4.12500003222, 0.00000000000, -0.00000000336, -0.00000001198
553, 50.00000000000, 1242.21713731274, 118.19984791457, 4.12500003222, 0.00000000000, 0.00000000310, 0.00000001864
554, 50.00000000000, 1256.08513535155, 126.81731501402, 4.12500003222, 0.00000000000, -0.00000000672, 0.00000000962
555, 50.00000000000, 1274.97690890468, 124.13726588866, 4.12500003222, 0.00000000000, -0.00000000410, -0.00000003413
556, 50.00000000000, 1288.77267065539, 138.64661157722, 4.12500003222, 0.00000000000, 0.00000000329, 0.00000001110
557, 50.00000000000, 1300.44773254822, 172.20750302520, 4.12500003222, 0.00000000000, -0.00000000011, 0.00000000091
558, 50.00000000000, 1316.90405030459, 116.30405926099, 4.12500003222, 0.00000000000, -0.00000000281, -0.00000001101
559, 50.00000000000, 1329.48341156510, 56.46273826380, 4.12500003222, 0.00000000000, -0.00000000632, -0.00000002230
560, 50.00000000000, 38.54321983556, 104.15561289833, 4.12500003222, 0.00000000000, -0.00000000158, -0.00000001271
561, 50.00000000000, 27.40234885013, 258.99674499292, 4.12500003222, 0.00000000000, 0.00000000000, 0.00000000000
562, 50.00000000000, 63.16153998903, 101.38211930606, 4.12500003222, 0.00000000000, -0.00000000138, 0.00000000173
563, 50.00000000000, 94.49073925865, 114.68998077110, 4.12500003222, 0.00000000000, -0.00000000594, -0.00000001055
564, 50.00000000000, 78.82800102729, 152.92504927115, 4.12500003222, 0.00000000000, 0.00000000001, -0.00000000002
565, 50.00000000000, 118.21490556831, 30.46789641707, 4.12500003222, 0.00000000000, -0.00000000626, -0.00000007124
566, 50.00000000000, 127.88543582221, 70.30524260956, 4.12500003222, 0.00000000000, -0.00000000180, -0.00000003591
567, 50.00000000000, 132.31100686280, 152.29420590333, 4.12500003222, 0.00000000000, -0.00000000028, 0.00000000089
568, 50.00000000000, 152.04034513161, 122.62743435441, 4.12500003222, 0.00000000000, -0.00000000278, 0.00000000109
569, 50.00000000000, 171.91671614633, 115.14890797006, 4.12500003222, 0.00000000000, -0.00000000326, -0.00000003397
570, 50.00000000000, 168.72620135567, 132.72885015971, 4.12500003222, 0.00000000000, -0.00000000385, 0.00000000792
571, 50.00000000000, 198.39099748347, 188.66118190759, 4.12500003222, 0.00000000000, -0.00000000026, -0.00000000484
572, 50.00000000000, 242.14060033746, 39.52938450798, 4.12500003222, 0.00000000000, 0.00000000478, 0.00000002066
573, 50.00000000000, 226.62722144792, 134.00383414555, 4.12500003222, 0.00000000000, -0.00000000018, 0.00000000011
574, 50.00000000000, 268.76501255708, 60.28312160954, 4.12500003222, 0.00000000000, 0.00000000132, 0.00000003837
575, 50.00000000000, 280.64172813882, 25.94888778691, 4.12500003222, 0.00000000000, -0.00000000872, -0.00000001043
576, 50.00000000000, 287.33415086025, 135.49489463695, 4.12500003222, 0.00000000000, -0.00000000001, -0.00000000021
577, 50.00000000000, 321.95778790657, 79.66933999506, 4.12500003222, 0.00000000000, -0.00000000480, 0.00000002708
578, 50.00000000000, 320.24312966861, 203.02816024410, 4.12500003222, 0.00000000000, 0.00000000000, 0.00000000000
579, 50.00000000000, 364.25518592045, 115.51277487092, 4.12500003222, 0.00000000000, 0.00000000618, 0.00000003999
580, 50.00000000000, 376.49711757348, 66.74437266469, 4.12500003222, 0.00000000000, -0.00000000257, -0.00000002612
581, 50.00000000000, 382.85263230788, 123.39937782796, 4.12500003222, 0.00000000000, 0.00000000043, -0.00000002612
582, 50.00000000000, 390.77758831900, 196.41464552154, 4.12500003222, 0.00000000000, 0.00000000000, 0.00000000000
583, 50.00000000000, 408.05529456041, 70.46818668963, 4.12500003222, 0.00000000000, -0.00000000596, 0.00000001058
584, 50.00000000000, 428.03819101522, 104.90861577807, 4.12500003222, 0.00000000000, -0.00000000302, 0.00000001570
585, 50.00000000000, 442.52616531724, -30000000.00000000000, 0.00000000000, 0.00000000000, -0.00000187657, 0.66000001198
586, 50.00000000000, 451.71172803472, 103.57223141220, 4.12500003222, 0.00000000000, -0.00000000463, 0.00000000453
587, 50.00000000000, 480.48583005644, 246.67151632186, 4.12500003222, 0.00000000000, 0.00000000259, 0.00000000383
588, 50.00000000000, 496.10696247580, 74.25946212527, 4.12500003222, 0.00000000000, -0.00000002128, 0.00000000530
589, 50.00000000000, 512.94897976331, 71.13557835918, 4.12500003222, 0.00000000000, 0.00000002289, -0.00000005817
590, 50.00000000000, 527.11652752600, 80.95805607824, 4.12500003222, 0.00000000000, 0.00000000431, 0.00000000076
591, 50.00000000000, 555.09958699875, 175.10433581534, 4.12500003222, 0.00000000000, 0.00000001008, 0.00000001547
592, 50.00000000000, 572.63168888465, 132.66499375384, 4.12500003222, 0.00000000000, 0.00000000848, -0.00000003241
593, 50.00000000000, 597.22274681323, 78.43353857232, 4.12500003222, 0.00000000000, 0.00000000026, 0.00000004406
594, 50.00000000000, 601.45987471766, 153.23638695757, 4.12500003222, 0.00000000000, -0.00000000222, 0.00000001224
595, 50.00000000000, 622.75317067450, 115.34931505005, 4.12500003222, 0.00000000000, 0.00000000710, 0.00000000321
596, 50.00000000000, 628.13772881288, 93.42672834376, 4.12500003222, 0.00000000000, 0.00000000051, -0.00000001334
597, 50.00000000000, 657.54285441010, 138.97295401581, 4.12500003222, 0.00000000000, 0.00000000065, 0.00000000136
598, 50.00000000000, 667.19049989530, -30000000.00000000000, 0.00000000000, 0.00000000000, -0.00000021048, 0.66000001198
599, 50.00000000000, 673.00762746765, 176.86557247442, 4.12500003222, 0.00000000000, -0.00000000479, 0.00000003365
600, 50.00000000000, 703.58707089712, -30000000.00000000000, 0.00000000000, 0.00000000000, -0.00000033473, 0.66000001198
601, 50.00000000000, 722.58389089405, 158.08365180363, 4.12500003222, 0.00000000000, 0.00000000000, 0.00000000000
602, 50.00000000000, 736.12464456937, 57.54757423403, 4.12500003222, 0.00000000000, 0.00000000211, -0.00000000349
603, 50.00000000000, 762.33613964542, -30000000.00000000000, 0.00000000000, 0.00000000000, 0.00000045388, 0.66000001198
604, 50.00000000000, 765.78245789420, 66.15927113088, 4.12500003222, 0.00000000000, 0.00000000289, -0.00000000973
605, 50.00000000000, 787.37408160762, 96.41836538822, 4.12500003222, 0.00000000000, 0.00000000285, 0.00000000316
606, 50.00000000000, 792.62489094925, 195.90658668183, 4.12500003222, 0.00000000000, 0.00000000024, 0.00000000154
607, 50.00000000000, 808.82662900181, 121.29323206867, 4.12500003222, 0.00000000000, -0.00000000081, -0.00000000240
608, 50.00000000000, 844.08842885566, 119.34045595406, 4.12500003222, 0.00000000000, 0.00000000061, -0.00000000292
609, 50.00000000000, 854.53949369694, 129.64474891545, 4.12500003222, 0.00000000000, -0.00000000591, -0.00000000605
610, 50.00000000000, 864.72774903834, 167.94460610107, 4.12500003222, 0.00000000000, -0.00000000771, 0.00000000135
611, 50.00000000000, 878.85177703440, 152.97820672591, 4.12500003222, 0.00000000000, -0.00000000105, -0.00000001303
612, 50.00000000000, 885.65372009345, 171.37497692631, 4.12500003222, 0.00000000000, 0.00000000306, 0.00000000768
613, 50.00000000000, 924.01963694220, 86.79116704090, 4.12500003222, 0.00000000000, -0.00000000835, 0.00000002008
614, 50.00000000000, 915.19545065179, 191.34929795020, 4.12500003222, 0.00000000000, 0.00000000031, -0.00000000271
615, 50.00000000000, 971.10995451304, 118.98989018268, 4.12500003222, 0.00000000000, -0.00000000095, 0.00000000705
616, 50.00000000000, 984.78326878750, 73.58967606748, 4.12500003222, 0.00000000000, 0.00000000473, 0.00000000203
617, 50.00000000000, 996.87170411846, 142.94964256084, 4.12500003222, 0.00000000000, -0.00000000640, -0.00000001254
618, 50.00000000000, 1008.97765069251, 128.29679121012, 4.12500003222, 0.00000000000, -0.00000000242, 0.00000002703
619, 50.00000000000, 1031.45138405599, 80.30285732946, 4.12500003222, 0.00000000000, -0.00000000322, 0.00000005547
620, 50.00000000000, 1044.26527378173, 97.09626085607, 4.12500003222, 0.00000000000, -0.00000000372, -0.00000002086
621, 50.00000000000, 1048.79222070215, 42.23796398726, 4.12500003222, 0.00000000000, 0.00000000639, 0.00000002148
622, 50.00000000000, 1068.42240952233, 147.75779902991, 4.12500003222, 0.00000000000, -0.00000000323, -0.00000002205
623, 50.00000000000, 1071.09286075694, 127.18903593949, 4.12500003222, 0.00000000000, -0.00000000242, 0.00000000680
624, 50.00000000000, 1113.12415238171, 44.62737756320, 4.12500003222, 0.00000000000, -0.00000000174, -0.00000000322
625, 50.00000000000, 1113.55326389845, 80.27804406444, 4.12500003222, 0.00000000000, -0.00000000063, -0.00000001217
626, 50.00000000000, 1141.18640399773, 112.70720635426, 4.12500003222, 0.00000000000, -0.00000000451, -0.00000000059
627, 50.00000000000, 1153.34235083149, 96.54751624296, 4.12500003222, 0.00000000000, -0.00000000056, -0.00000002159
628, 50.00000000000, 1175.71016960359, 62.21692843174, 4.12500003222, 0.00000000000, 0.00000000303, 0.00000000574
629, 50.00000000000, 1183.62430931088, 75.72371877664, 4.12500003222, 0.00000000000, 0.00000000570, 0.00000003021
630, 50.00000000000, 1212.15514061287, 54.41495357035, 4.12500003222, 0.00000000000, 0.00000000201, 0.00000000289
631, 50.00000000000, 1230.05615146734, 171.76260266798, 4.12500003222, 0.00000000000, -0.00000000145, -0.00000000231
632, 50.00000000000, 1220.04423358807, 114.94959156932, 4.12500003222, 0.00000000000, -0.00000000253, 0.00000000333
633, 50.00000000000, 1236.73788631925, 134.27083940772, 4.12500003222, 0.00000000000, 0.00000000151, 0.00000001347
634, 50.00000000000, 1281.35718056736, 180.38905331449, 4.12500003222, 0.00000000000, 0.00000000088, -0.00000000493
635, 50.00000000000, 1269.07802975982, 143.99353112276, 4.12500003222, 0.00000000000, 0.00000000350, 0.00000000153
636, 50.00000000000, 1292.88204147440, 93.71650123075, 4.12500003222, 0.00000000000, -0.00000000163, 0.00000001856
637, 50.00000000000, 1284.41974432783, 159.45050411202, 4.12500003222, 0.00000000000, -0.00000000755, -0.00000001331
638, 50.00000000000, 1315.16468804065, 25.70458191333, 4.12500003222, 0.00000000000, -0.00000000736, -0.00000002376
639, 50.00000000000, 1335.73699932983, 31.87457963668, 4.12500003222, 0.00000000000, 0.00000000210, 0.00000001581
