0, 50.00000000000, 8.89740653316, 72.31509229070, 4.12500003222, 0.00000000000, 0.00000000009, -0.00000000004
1, 50.00000000000, 31.17842742412, 187.24560266062, 4.12500003222, 0.00000000000, 0.00000000000, -0.00000000000
2, 50.00000000000, 43.38443813574, -30.22554182048, 4.12500003222, 0.00000000000, -0.00000000139, 0.00000000006
3, 50.00000000000, 62.25757592610, 87.66229118384, 4.12500003222, 0.00000000000, 0.00000000234, 0.00000000161
4, 50.00000000000, 81.59755016088, -4.68802232518, 4.12500003222, 0.00000000000, 0.00000000057, 0.00000000020
5, 50.00000000000, 95.46282461734, 51.53076262672, 4.12500003222, 0.00000000000, -0.00000000109, 0.00000000011
6, 50.00000000000, 118.81110020564, -19.37642601865, 4.12500003222, 0.00000000000, 0.00000000407, -0.00000000009
7, 50.00000000000, 127.22999521319, -49.99518947288, 4.12500003222, 0.00000000000, 0.00000000028, 0.00000000005
8, 50.00000000000, 154.11320355476, 3.71322438647, 4.12500003222, 0.00000000000, 0.00000000075, -0.00000000049
9, 50.00000000000, 160.44522798330, 62.13388962414, 4.12500003222, 0.00000000000, 0.00000000088, -0.00000000145
10, 50.00000000000, 173.48429611323, -51.08667457119, 4.12500003222, 0.00000000000, -0.00000000044, 0.00000000000
11, 50.00000000000, 204.54342024043, 10.34425527200, 4.12500003222, 0.00000000000, 0.00000000006, -0.00000000034
12, 50.00000000000, 210.28396099529, -59.10253571581, 4.12500003222, 0.00000000000, -0.00000000164, 0.00000000003
13, 50.00000000000, 236.85100291544, -14.69916794216, 4.12500003222, 0.00000000000, 0.00000000137, 0.00000000010
14, 50.00000000000, 255.64556867752, -12.29895573290, 4.12500003222, 0.00000000000, 0.00000000147, -0.00000000017
15, 50.00000000000, 268.73834472171, 34.07789556315, 4.12500003222, 0.00000000000, 0.00000000396, 0.00000000203
16, 50.00000000000, 285.53797328624, -166.73171370226, 4.12500003222, 0.00000000000, 0.00000000000, -0.00000000000
17, 50.00000000000, 305.49370012509, 68.06948242992, 4.12500003222, 0.00000000000, 0.00000000023, -0.00000000233
18, 50.00000000000, 320.77220573898, -107.13457793486, 4.12500003222, 0.00000000000, 0.00000000000, -0.00000000000
19, 50.00000000000, 339.45260123019, 88.14891402426, 4.12500003222, 0.00000000000, -0.00000000004, -0.00000000124
20, 50.00000000000, 354.78505746845, -116.44302043472, 4.12500003222, 0.00000000000, 0.00000000000, -0.00000000000
21, 50.00000000000, 374.21271258223, 61.86921809260, 4.12500003222, 0.00000000000, -0.00000000016, 0.00000000063
22, 50.00000000000, 389.87480006907, 108.68740145428, 4.12500003222, 0.00000000000, -0.00000000076, -0.00000000301
23, 50.00000000000, 414.59881007100, 73.11568184842, 4.12500003222, 0.00000000000, 0.00000000175, -0.00000000218
24, 50.00000000000, 431.19043518424, -61.92527938672, 4.12500003222, 0.00000000000, 0.00000000014, -0.00000000002
25, 50.00000000000, 435.66525847201, 54.06433044862, 4.12500003222, 0.00000000000, -0.00000000103, -0.00000000136
26, 50.00000000000, 458.39051531420, 23.95446180197, 4.12500003222, 0.00000000000, 0.00000000041, 0.00000000098
27, 50.00000000000, 479.42167655615, 39.71985346877, 4.12500003222, 0.00000000000, 0.00000000178, 0.00000000317
28, 50.00000000000, 491.07395766932, -2.33638099188, 4.12500003222, 0.00000000000, 0.00000000000, -0.00000000000
29, 50.00000000000, 507.23493270099, 163.08539413341, 4.12500003222, 0.00000000000, 0.00000000000, -0.00000000000
30, 50.00000000000, 524.55965929045, 60.51215296422, 4.12500003222, 0.00000000000, 0.00000000080, -0.00000000326
31, 50.00000000000, 544.16401125189, -48.63347444585, 4.12500003222, 0.00000000000, -0.00000000050, 0.00000000035
32, 50.00000000000, 554.80487432373, -12.88771601212, 4.12500003222, 0.00000000000, 0.00000000042, -0.00000000008
33, 50.00000000000, 579.66466197153, -4.77976584421, 4.12500003222, 0.00000000000, -0.00000000003, 0.00000000011
34, 50.00000000000, 596.64652993683, 36.51466716964, 4.12500003222, 0.00000000000, 0.00000000139, -0.00000000061
35, 50.00000000000, 614.96292029988, 107.60472496739, 4.12500003222, 0.00000000000, 0.00000000142, 0.00000000118
36, 50.00000000000, 631.76797851625, -26.44834831250, 4.12500003222, 0.00000000000, 0.00000000328, 0.00000000009
37, 50.00000000000, 650.57406058073, -34.44969631867, 4.12500003222, 0.00000000000, 0.00000000281, 0.00000000011
38, 50.00000000000, 665.79603439572, -119.23106018455, 4.12500003222, 0.00000000000, -0.00000000002, 0.00000000003
39, 50.00000000000, 688.62993771365, -34.85524547032, 4.12500003222, 0.00000000000, -0.00000000180, -0.00000000005
40, 50.00000000000, 700.00972289972, -180.16709874718, 4.12500003222, 0.00000000000, 0.00000000000, -0.00000000000
41, 50.00000000000, 720.24792003958, -59.99829689160, 4.12500003222, 0.00000000000, 0.00000000118, -0.00000000007
42, 50.00000000000, 725.75286187045, 60.50483227220, 4.12500003222, 0.00000000000, 0.00000000235, 0.00000000056
43, 50.00000000000, 745.46235961639, 144.18133630833, 4.12500003222, 0.00000000000, -0.00000000355, -0.00000000041
44, 50.00000000000, 773.17550983899, 119.22061177593, 4.12500003222, 0.00000000000, -0.00000000225, 0.00000000008
45, 50.00000000000, 785.08333478320, -81.06511084296, 4.12500003222, 0.00000000000, 0.00000000034, -0.00000000006
46, 50.00000000000, 803.50104441865, -15.49631502231, 4.12500003222, 0.00000000000, -0.00000000171, -0.00000000008
47, 50.00000000000, 821.18457643751, -22.61718231487, 4.12500003222, 0.00000000000, 0.00000000150, 0.00000000000
48, 50.00000000000, 834.70888289585, -15.20444677479, 4.12500003222, 0.00000000000, 0.00000000064, -0.00000000003
49, 50.00000000000, 854.10329567064, 78.16732091149, 4.12500003222, 0.00000000000, 0.00000000244, 0.00000000044
50, 50.00000000000, 875.50604571976, 19.96145197979, 4.12500003222, 0.00000000000, 0.00000000133, 0.00000000168
51, 50.00000000000, 891.43671096063, -47.93506227957, 4.12500003222, 0.00000000000, 0.00000000354, -0.00000000004
52, 50.00000000000, 910.38383547555, 209.67726661428, 4.12500003222, 0.00000000000, -0.00000000009, 0.00000000004
53, 50.00000000000, 929.02541082736, -61.38419814290, 4.12500003222, 0.00000000000, 0.00000000020, 0.00000000002
54, 50.00000000000, 941.77878010701, 13.21007290472, 4.12500003222, 0.00000000000, 0.00000000130, -0.00000000008
55, 50.00000000000, 957.68375760202, -73.26845974282, 4.12500003222, 0.00000000000, 0.00000000000, -0.00000000000
56, 50.00000000000, 978.65273975722, -6.22938594489, 4.12500003222, 0.00000000000, 0.00000000006, 0.00000000011
57, 50.00000000000, 994.29076989099, 70.64190122854, 4.12500003222, 0.00000000000, -0.00000000189, -0.00000000075
58, 50.00000000000, 1012.32912782429, 19.68247719991, 4.12500003222, 0.00000000000, -0.00000000042, 0.00000000243
59, 50.00000000000, 1024.95167339390, 63.12499380959, 4.12500003222, 0.00000000000, -0.00000000176, -0.00000000211
60, 50.00000000000, 1047.59027822397, 134.64998008276, 4.12500003222, 0.00000000000, 0.00000000015, -0.00000000329
61, 50.00000000000, 1061.90329918524, -39.14236386258, 4.12500003222, 0.00000000000, 0.00000000000, -0.00000000000
62, 50.00000000000, 1076.05880452923, 19.66426612037, 4.12500003222, 0.00000000000, -0.00000000093, 0.00000000039
63, 50.00000000000, 1098.98669080031, 104.89254445200, 4.12500003222, 0.00000000000, 0.00000000122, -0.00000000030
64, 50.00000000000, 1115.54625858091, -85.19456301376, 4.12500003222, 0.00000000000, 0.00000000000, -0.00000000000
65, 50.00000000000, 1130.92561233136, 81.36634176540, 4.12500003222, 0.00000000000, -0.00000000269, -0.00000000445
66, 50.00000000000, 1139.04388634221, 43.79335297547, 4.12500003222, 0.00000000000, 0.00000000118, 0.00000000091
67, 50.00000000000, 1172.70686407413, 87.73964535026, 4.12500003222, 0.00000000000, 0.00000000108, -0.00000000160
68, 50.00000000000, 1186.17014744451, 42.21063865301, 4.12500003222, 0.00000000000, 0.00000000092, -0.00000000336
69, 50.00000000000, 1202.18567756472, 9.30114840283, 4.12500003222, 0.00000000000, -0.00000000150, -0.00000000163
70, 50.00000000000, 1224.20087622072, 23.29009349564, 4.12500003222, 0.00000000000, -0.00000000390, -0.00000000095
71, 50.00000000000, 1233.78459970933, 22.86960322321, 4.12500003222, 0.00000000000, -0.00000000125, -0.00000000115
72, 50.00000000000, 1256.02747224395, 50.84285241058, 4.12500003222, 0.00000000000, 0.00000000082, -0.00000000388
73, 50.00000000000, 1261.36165345150, 151.37877495242, 4.12500003222, 0.00000000000, -0.00000000410, -0.00000000011
74, 50.00000000000, 1282.14437349313, -68.09187133537, 4.12500003222, 0.00000000000, 0.00000000049, 0.00000000005
75, 50.00000000000, 1301.75180009894, -1.83881748000, 4.12500003222, 0.00000000000, -0.00000000081, 0.00000000005
76, 50.00000000000, 1317.77791008824, 6.90389209055, 4.12500003222, 0.00000000000, 0.00000000129, -0.00000000006
77, 50.00000000000, 1341.43640310709, 49.29129507834, 4.12500003222, 0.00000000000, -0.00000000112, 0.00000000356
78, 50.00000000000, 1355.96608988427, -32.35777350834, 4.12500003222, 0.00000000000, 0.00000000000, -0.00000000000
79, 50.00000000000, 1365.36433014260, 108.15463249062, 4.12500003222, 0.00000000000, 0.00000000088, -0.00000000144
80, 50.00000000000, 10.04658912943, -69.73514958799, 4.12500003222, 0.00000000000, -0.00000000010, -0.00000000013
81, 50.00000000000, 24.59588212606, 23.81904286701, 4.12500003222, 0.00000000000, 0.00000000218, -0.00000000304
82, 50.00000000000, 43.68041969344, 6.25580287977, 4.12500003222, 0.00000000000, -0.00000000132, 0.00000000311
83, 50.00000000000, 61.24955176360, -93.26022746938, 4.12500003222, 0.00000000000, 0.00000000000, -0.00000000000
84, 50.00000000000, 78.09297261439, 56.15210732286, 4.12500003222, 0.00000000000, -0.00000000110, 0.00000000195
85, 50.00000000000, 101.82637282564, -28.67456153301, 4.12500003222, 0.00000000000, -0.00000000118, 0.00000000034
86, 50.00000000000, 118.45781802646, -36.23026118408, 4.12500003222, 0.00000000000, 0.00000000009, 0.00000000006
87, 50.00000000000, 128.46115471947, 6.67656010385, 4.12500003222, 0.00000000000, -0.00000000078, 0.00000000232
88, 50.00000000000, 139.67281270662, 69.75562707603, 4.12500003222, 0.00000000000, -0.00000000075, -0.00000000059
89, 50.00000000000, 157.01567826196, 25.07058589801, 4.12500003222, 0.00000000000, 0.00000000112, -0.00000000046
90, 50.00000000000, 188.94061418614, -47.41276111012, 4.12500003222, 0.00000000000, 0.00000000060, 0.00000000010
91, 50.00000000000, 194.09200762631, -4.83588828973, 4.12500003222, 0.00000000000, 0.00000000012, 0.00000000019
92, 50.00000000000, 226.95953712018, 48.37517680593, 4.12500003222, 0.00000000000, 0.00000000407, 0.00000000122
93, 50.00000000000, 230.97393676523, -9.85212226695, 4.12500003222, 0.00000000000, -0.00000000130, -0.00000000012
94, 50.00000000000, 243.02759746495, 53.13291862749, 4.12500003222, 0.00000000000, -0.00000000320, -0.00000000012
95, 50.00000000000, 271.09179667922, 45.56235557093, 4.12500003222, 0.00000000000, -0.00000000024, 0.00000000264
96, 50.00000000000, 287.25890368362, -8.57219790300, 4.12500003222, 0.00000000000, 0.00000000054, 0.00000000011
97, 50.00000000000, 298.49705605833, 64.45127892596, 4.12500003222, 0.00000000000, 0.00000000077, -0.00000000170
98, 50.00000000000, 324.07936826739, 51.33258618677, 4.12500003222, 0.00000000000, -0.00000000329, -0.00000000082
99, 50.00000000000, 336.97425616160, 98.18988673579, 4.12500003222, 0.00000000000, 0.00000000020, 0.00000000064
100, 50.00000000000, 354.98076138928, -0.25632819025, 4.12500003222, 0.00000000000, -0.00000000143, 0.00000000013
101, 50.00000000000, 372.70675052597, 1.61094612559, 4.12500003222, 0.00000000000, 0.00000000098, 0.00000000002
102, 50.00000000000, 392.02725585293, -7.20274974262, 4.12500003222, 0.00000000000, -0.00000000122, 0.00000000001
103, 50.00000000000, 399.46089614735, 74.21362329644, 4.12500003222, 0.00000000000, 0.00000000135, -0.00000000648
104, 50.00000000000, 424.86222701663, 32.81857196449, 4.12500003222, 0.00000000000, 0.00000000188, 0.00000000481
105, 50.00000000000, 443.51789986267, 37.72787346351, 4.12500003222, 0.00000000000, -0.00000000223, -0.00000000148
106, 50.00000000000, 462.69473468837, 91.62546681304, 4.12500003222, 0.00000000000, 0.00000000359, 0.00000000171
107, 50.00000000000, 478.68647748534, -39.47943357533, 4.12500003222, 0.00000000000, 0.00000000000, -0.00000000000
108, 50.00000000000, 498.96643425128, 98.78263490681, 4.12500003222, 0.00000000000, 0.00000000053, 0.00000000147
109, 50.00000000000, 514.07301068864, 97.16783486569, 4.12500003222, 0.00000000000, -0.00000000066, -0.00000000018
110, 50.00000000000, 538.49257229791, 19.74642714336, 4.12500003222, 0.00000000000, -0.00000000118, 0.00000000081
111, 50.00000000000, 544.79048047311, -44.71154994184, 4.12500003222, 0.00000000000, 0.00000000050, -0.00000000035
112, 50.00000000000, 563.61670696535, 68.82558280184, 4.12500003222, 0.00000000000, -0.00000000015, -0.00000000018
113, 50.00000000000, 576.56375295033, 107.80059945262, 4.12500003222, 0.00000000000, -0.00000000058, 0.00000000097
114, 50.00000000000, 591.31226242073, 114.09392503641, 4.12500003222, 0.00000000000, 0.00000000236, 0.00000000086
115, 50.00000000000, 615.84212006974, -0.33501282576, 4.12500003222, 0.00000000000, 0.00000000164, 0.00000000012
116, 50.00000000000, 624.33978883048, -24.77735855948, 4.12500003222, 0.00000000000, -0.00000000260, -0.00000000002
117, 50.00000000000, 645.37548876475, -32.95904353487, 4.12500003222, 0.00000000000, -0.00000000391, -0.00000000022
118, 50.00000000000, 661.43388325298, -7.87149740296, 4.12500003222, 0.00000000000, 0.00000000033, -0.00000000022
119, 50.00000000000, 679.60059784018, 32.83047196984, 4.12500003222, 0.00000000000, -0.00000000211, 0.00000000120
120, 50.00000000000, 704.97584501300, 132.26483240313, 4.12500003222, 0.00000000000, 0.00000000092, 0.00000000003
121, 50.00000000000, 714.95685205466, 68.32845155392, 4.12500003222, 0.00000000000, -0.00000000211, 0.00000000197
122, 50.00000000000, 731.07417803652, 86.42044588799, 4.12500003222, 0.00000000000, -0.00000000058, -0.00000000226
123, 50.00000000000, 752.22759272297, -78.82898099158, 4.12500003222, 0.00000000000, 0.00000000000, -0.00000000000
124, 50.00000000000, 770.23535504396, 89.72812346642, 4.12500003222, 0.00000000000, -0.00000000118, -0.00000000803
125, 50.00000000000, 791.58850105989, 58.99723540781, 4.12500003222, 0.00000000000, -0.00000000024, 0.00000000228
126, 50.00000000000, 797.16704303968, -62.27703864739, 4.12500003222, 0.00000000000, -0.00000000119, 0.00000000011
127, 50.00000000000, 821.97797752026, -60.87665778142, 4.12500003222, 0.00000000000, 0.00000000057, 0.00000000004
128, 50.00000000000, 843.19445839384, 52.75963535779, 4.12500003222, 0.00000000000, -0.00000000019, 0.00000000155
129, 50.00000000000, 859.26771111441, 108.58608635809, 4.12500003222, 0.00000000000, 0.00000000056, 0.00000000178
130, 50.00000000000, 875.41325924591, 54.09930804652, 4.12500003222, 0.00000000000, 0.00000000136, 0.00000000171
131, 50.00000000000, 882.97669584973, -45.91979908062, 4.12500003222, 0.00000000000, -0.00000000262, 0.00000000004
132, 50.00000000000, 904.81051392357, 24.26418921439, 4.12500003222, 0.00000000000, -0.00000000359, -0.00000000179
133, 50.00000000000, 921.73124807999, 196.55471299594, 4.12500003222, 0.00000000000, 0.00000000014, 0.00000000009
134, 50.00000000000, 949.92617474898, 81.15439901342, 4.12500003222, 0.00000000000, -0.00000000027, -0.00000000059
135, 50.00000000000, 967.12198071547, 71.01553210677, 4.12500003222, 0.00000000000, 0.00000000512, 0.00000000182
136, 50.00000000000, 972.15312508863, -33.04455434846, 4.12500003222, 0.00000000000, -0.00000000031, -0.00000000018
137, 50.00000000000, 1002.56983279780, 74.97011494878, 4.12500003222, 0.00000000000, 0.00000000372, 0.00000000014
138, 50.00000000000, 1008.65229381253, 120.26109789131, 4.12500003222, 0.00000000000, 0.00000000008, 0.00000000138
139, 50.00000000000, 1031.32907735432, -88.80595892831, 4.12500003222, 0.00000000000, 0.00000000000, -0.00000000000
140, 50.00000000000, 1041.00616439874, 30.07383269258, 4.12500003222, 0.00000000000, -0.00000000087, -0.00000000143
141, 50.00000000000, 1059.82095311083, 68.61020495410, 4.12500003222, 0.00000000000, -0.00000000022, 0.00000000354
142, 50.00000000000, 1079.48346530597, 46.25501911429, 4.12500003222, 0.00000000000, -0.00000000161, 0.00000000135
143, 50.00000000000, 1100.09773154325, 59.41616604264, 4.12500003222, 0.00000000000, -0.00000000014, 0.00000000092
144, 50.00000000000, 1109.90839914846, -9.66834802099, 4.12500003222, 0.00000000000, 0.00000000105, -0.00000000002
145, 50.00000000000, 1125.54222294837, -11.91766980535, 4.12500003222, 0.00000000000, -0.00000000027, -0.00000000006
146, 50.00000000000, 1145.21267384534, 61.30668428154, 4.12500003222, 0.00000000000, -0.00000000412, 0.00000000121
147, 50.00000000000, 1169.64933494158, 30.01842123860, 4.12500003222, 0.00000000000, 0.00000000277, 0.00000000243
148, 50.00000000000, 1179.73428189406, 157.63062850074, 4.12500003222, 0.00000000000, -0.00000000217, -0.00000000001
149, 50.00000000000, 1196.17267811507, 24.83498614171, 4.12500003222, 0.00000000000, -0.00000000311, 0.00000000065
150, 50.00000000000, 1214.17090721990, 64.55447416972, 4.12500003222, 0.00000000000, -0.00000000194, 0.00000000015
151, 50.00000000000, 1238.35742145829, 4.73250402180, 4.12500003222, 0.00000000000, 0.00000000034, 0.00000000007
152, 50.00000000000, 1250.51327431594, 148.99314535389, 4.12500003222, 0.00000000000, -0.00000000361, 0.00000000028
153, 50.00000000000, 1269.84570670106, -57.80227962550, 4.12500003222, 0.00000000000, -0.00000000047, -0.00000000005
154, 50.00000000000, 1289.60486954681, -47.96488645804, 4.12500003222, 0.00000000000, -0.00000000003, 0.00000000000
155, 50.00000000000, 1312.08690694381, 83.16741095731, 4.12500003222, 0.00000000000, -0.00000000361, 0.00000000037
156, 50.00000000000, 1323.16829392457, 108.33193311629, 4.12500003222, 0.00000000000, 0.00000000111, -0.00000000121
157, 50.00000000000, 1332.03689329426, 67.22375474498, 4.12500003222, 0.00000000000, 0.00000000329, -0.00000000312
158, 50.00000000000, 1350.30005046372, 119.75135406469, 4.12500003222, 0.00000000000, -0.00000000063, 0.00000000256
159, 50.00000000000, 1377.50397621876, 75.84614027557, 4.12500003222, 0.00000000000, -0.00000000165, 0.00000000241
160, 50.00000000000, 12.51861137884, -11.88754583205, 4.12500003222, 0.00000000000, 0.00000000005, -0.00000000000
161, 50.00000000000, 27.15539264201, 105.32390614071, 4.12500003222, 0.00000000000, 0.00000000151, 0.00000000140
162, 50.00000000000, 48.86612520433, -30.06609572158, 4.12500003222, 0.00000000000, -0.00000000075, -0.00000000009
163, 50.00000000000, 63.12605784541, -21.21354568451, 4.12500003222, 0.00000000000, 0.00000000183, -0.00000000005
164, 50.00000000000, 77.73520868202, 82.61446477495, 4.12500003222, 0.00000000000, 0.00000000072, -0.00000000353
165, 50.00000000000, 93.46969818333, 74.54612958234, 4.12500003222, 0.00000000000, 0.00000000016, -0.00000000250
166, 50.00000000000, 120.34115384172, 22.25379037701, 4.12500003222, 0.00000000000, -0.00000000107, 0.00000000016
167, 50.00000000000, 135.23799740570, 2.47493090375, 4.12500003222, 0.00000000000, -0.00000000048, 0.00000000009
168, 50.00000000000, 153.71970032479, 67.87453216876, 4.12500003222, 0.00000000000, -0.00000000065, 0.00000000352
169, 50.00000000000, 165.19930724888, -32.66817005865, 4.12500003222, 0.00000000000, 0.00000000143, 0.00000000004
170, 50.00000000000, 187.41459273239, -32.79860388241, 4.12500003222, 0.00000000000, -0.00000000044, -0.00000000027
171, 50.00000000000, 199.66219845522, 32.61573412130, 4.12500003222, 0.00000000000, 0.00000000124, 0.00000000120
172, 50.00000000000, 222.74478306693, -48.90549951076, 4.12500003222, 0.00000000000, 0.00000000264, -0.00000000011
173, 50.00000000000, 229.98923294174, 70.72833234414, 4.12500003222, 0.00000000000, -0.00000000245, -0.00000000321
174, 50.00000000000, 250.51666025514, -41.77503225742, 4.12500003222, 0.00000000000, -0.00000000057, -0.00000000005
175, 50.00000000000, 270.88744453403, -22.66729316336, 4.12500003222, 0.00000000000, -0.00000000268, 0.00000000017
176, 50.00000000000, 291.02260825231, 10.70051950041, 4.12500003222, 0.00000000000, 0.00000000270, 0.00000000026
177, 50.00000000000, 305.62194605315, 39.48636093747, 4.12500003222, 0.00000000000, 0.00000000280, 0.00000000103
178, 50.00000000000, 317.20504528077, 97.48173212851, 4.12500003222, 0.00000000000, 0.00000000084, 0.00000000208
179, 50.00000000000, 338.22735540219, 136.64964285965, 4.12500003222, 0.00000000000, 0.00000000166, 0.00000000207
180, 50.00000000000, 356.63050864809, 126.58613615837, 4.12500003222, 0.00000000000, -0.00000000141, 0.00000000091
181, 50.00000000000, 375.81353193440, 76.51372372730, 4.12500003222, 0.00000000000, -0.00000000075, 0.00000000179
182, 50.00000000000, 395.23832260521, 114.28481571666, 4.12500003222, 0.00000000000, 0.00000000308, 0.00000000085
183, 50.00000000000, 408.27626436044, 54.03893655790, 4.12500003222, 0.00000000000, 0.00000000229, 0.00000000045
184, 50.00000000000, 420.62408763407, -76.45547974190, 4.12500003222, 0.00000000000, -0.00000000014, 0.00000000002
185, 50.00000000000, 445.65622595943, 107.75475276358, 4.12500003222, 0.00000000000, 0.00000000059, -0.00000000030
186, 50.00000000000, 454.95670062133, 87.52103842649, 4.12500003222, 0.00000000000, -0.00000000027, 0.00000000150
187, 50.00000000000, 471.70804797436, 67.61453126281, 4.12500003222, 0.00000000000, 0.00000000136, 0.00000000150
188, 50.00000000000, 494.30324640726, 52.92767664969, 4.12500003222, 0.00000000000, -0.00000000408, 0.00000000025
189, 50.00000000000, 513.09924114012, 26.24146582710, 4.12500003222, 0.00000000000, -0.00000000091, -0.00000000133
190, 50.00000000000, 520.97773242751, 25.27879838902, 4.12500003222, 0.00000000000, 0.00000000145, 0.00000000017
191, 50.00000000000, 550.43145808462, 66.45146029132, 4.12500003222, 0.00000000000, -0.00000000136, -0.00000000335
192, 50.00000000000, 564.74594393608, 177.55772955691, 4.12500003222, 0.00000000000, -0.00000000112, 0.00000000005
193, 50.00000000000, 574.15384524902, 210.93766300773, 4.12500003222, 0.00000000000, -0.00000000152, 0.00000000012
194, 50.00000000000, 598.19605623586, 154.22169204578, 4.12500003222, 0.00000000000, 0.00000000034, -0.00000000031
195, 50.00000000000, 611.14530641104, 15.45055036524, 4.12500003222, 0.00000000000, 0.00000000027, 0.00000000193
196, 50.00000000000, 638.84719896413, -2.28041692759, 4.12500003222, 0.00000000000, -0.00000000016, 0.00000000028
197, 50.00000000000, 649.65911733057, 17.03829699967, 4.12500003222, 0.00000000000, 0.00000000404, 0.00000000109
198, 50.00000000000, 670.26737501081, 42.60580896645, 4.12500003222, 0.00000000000, 0.00000000071, -0.00000000009
199, 50.00000000000, 675.14717350928, 14.69173758641, 4.12500003222, 0.00000000000, -0.00000000262, -0.00000000099
200, 50.00000000000, 701.52739108374, 104.63492912371, 4.12500003222, 0.00000000000, 0.00000000054, 0.00000000180
201, 50.00000000000, 716.50194690253, 122.56200878332, 4.12500003222, 0.00000000000, -0.00000000178, -0.00000000064
202, 50.00000000000, 740.18469358812, 38.20011837304, 4.12500003222, 0.00000000000, -0.00000000124, -0.00000000054
203, 50.00000000000, 756.21510857011, 18.93273552278, 4.12500003222, 0.00000000000, 0.00000000273, 0.00000000141
204, 50.00000000000, 765.70152807638, -39.85661974423, 4.12500003222, 0.00000000000, -0.00000000036, 0.00000000006
205, 50.00000000000, 785.56701438519, 45.42493351151, 4.12500003222, 0.00000000000, 0.00000000080, -0.00000000204
206, 50.00000000000, 806.83427899406, 49.63568508404, 4.12500003222, 0.00000000000, -0.00000000040, -0.00000000170
207, 50.00000000000, 822.09740005399, 83.06493441022, 4.12500003222, 0.00000000000, -0.00000000093, 0.00000000078
208, 50.00000000000, 837.00631006867, 88.65844698079, 4.12500003222, 0.00000000000, -0.00000000068, 0.00000000379
209, 50.00000000000, 847.94021975425, 79.04186305788, 4.12500003222, 0.00000000000, -0.00000000259, -0.00000000152
210, 50.00000000000, 867.64730753460, -1.21059670050, 4.12500003222, 0.00000000000, 0.00000000084, -0.00000000009
211, 50.00000000000, 890.70505774018, 1.44008840069, 4.12500003222, 0.00000000000, -0.00000000204, -0.00000000021
212, 50.00000000000, 911.23719504872, 40.82008557614, 4.12500003222, 0.00000000000, -0.00000000010, 0.00000000233
213, 50.00000000000, 916.18507837262, -47.70621731295, 4.12500003222, 0.00000000000, -0.00000000112, -0.00000000003
214, 50.00000000000, 942.11949149464, 125.62040007632, 4.12500003222, 0.00000000000, -0.00000000141, 0.00000000047
215, 50.00000000000, 959.21703637242, 69.71106121793, 4.12500003222, 0.00000000000, -0.00000000036, 0.00000000187
216, 50.00000000000, 984.57601171283, 66.40028478401, 4.12500003222, 0.00000000000, -0.00000000407, -0.00000000360
217, 50.00000000000, 984.15665877702, 10.33037145316, 4.12500003222, 0.00000000000, 0.00000000089, 0.00000000256
218, 50.00000000000, 1004.93736220401, 7.15996226880, 4.12500003222, 0.00000000000, -0.00000000089, 0.00000000013
219, 50.00000000000, 1025.44304272536, 7.59641114776, 4.12500003222, 0.00000000000, 0.00000000157, 0.00000000096
220, 50.00000000000, 1037.89978587483, 150.40796896463, 4.12500003222, 0.00000000000, -0.00000000106, -0.00000000037
221, 50.00000000000, 1060.51224440381, 66.67011090060, 4.12500003222, 0.00000000000, 0.00000000484, -0.00000000712
222, 50.00000000000, 1083.48354106967, 51.66801823206, 4.12500003222, 0.00000000000, 0.00000000006, 0.00000000431
223, 50.00000000000, 1093.00564386317, 39.79161620771, 4.12500003222, 0.00000000000, 0.00000000232, -0.00000000131
224, 50.00000000000, 1113.53597855794, -57.03383216769, 4.12500003222, 0.00000000000, -0.00000000077, -0.00000000008
225, 50.00000000000, 1136.15524977958, -21.23732574848, 4.12500003222, 0.00000000000, -0.00000000025, 0.00000000008
226, 50.00000000000, 1148.18584463614, 116.86484288287, 4.12500003222, 0.00000000000, -0.00000000086, -0.00000000157
227, 50.00000000000, 1164.00023936135, 67.33062975719, 4.12500003222, 0.00000000000, 0.00000000155, 0.00000000113
228, 50.00000000000, 1181.92824122684, -31.13891725223, 4.12500003222, 0.00000000000, -0.00000000134, -0.00000000011
229, 50.00000000000, 1203.47307403084, 29.89086885043, 4.12500003222, 0.00000000000, 0.00000000135, 0.00000000288
230, 50.00000000000, 1207.57249174560, 13.40103764202, 4.12500003222, 0.00000000000, 0.00000000392, 0.00000000181
231, 50.00000000000, 1236.65179818470, 99.40406272791, 4.12500003222, 0.00000000000, -0.00000000060, 0.00000000132
232, 50.00000000000, 1249.34912929269, 23.75429437322, 4.12500003222, 0.00000000000, 0.00000000046, 0.00000000150
233, 50.00000000000, 1274.99345647167, 80.27792443374, 4.12500003222, 0.00000000000, 0.00000000063, -0.00000000175
234, 50.00000000000, 1284.42415595685, 61.27458323467, 4.12500003222, 0.00000000000, -0.00000000094, 0.00000000106
235, 50.00000000000, 1302.70012046536, 100.74567469311, 4.12500003222, 0.00000000000, 0.00000000128, -0.00000000078
236, 50.00000000000, 1327.65515447326, -3.39884714320, 4.12500003222, 0.00000000000, -0.00000000153, -0.00000000002
237, 50.00000000000, 1341.53979629301, 84.19261868211, 4.12500003222, 0.00000000000, 0.00000000093, 0.00000000176
238, 50.00000000000, 1348.98986935562, 107.96806086988, 4.12500003222, 0.00000000000, -0.00000000384, -0.00000000133
239, 50.00000000000, 1371.93267835537, 124.64597498770, 4.12500003222, 0.00000000000, -0.00000000167, -0.00000000101
240, 50.00000000000, 20.43985473870, 33.13545365527, 4.12500003222, 0.00000000000, 0.00000000434, 0.00000000178
241, 50.00000000000, 26.40934630539, -45.98548297160, 4.12500003222, 0.00000000000, 0.00000000036, 0.00000000003
242, 50.00000000000, 44.82330495199, 2.14493879604, 4.12500003222, 0.00000000000, -0.00000000026, -0.00000000171
243, 50.00000000000, 74.91826252435, 130.01332719542, 4.12500003222, 0.00000000000, -0.00000000052, -0.00000000313
244, 50.00000000000, 80.62358256609, 137.30309711224, 4.12500003222, 0.00000000000, 0.00000000171, 0.00000000198
245, 50.00000000000, 95.16679696520, 111.84625118003, 4.12500003222, 0.00000000000, -0.00000000042, 0.00000000005
246, 50.00000000000, 109.31651755939, -17.23167098574, 4.12500003222, 0.00000000000, 0.00000000024, -0.00000000023
247, 50.00000000000, 131.66439907165, 161.06412591192, 4.12500003222, 0.00000000000, -0.00000000024, -0.00000000028
248, 50.00000000000, 145.69675175311, 125.25589087393, 4.12500003222, 0.00000000000, 0.00000000117, 0.00000000145
249, 50.00000000000, 169.96287714915, 123.80965597739, 4.12500003222, 0.00000000000, -0.00000000236, 0.00000000180
250, 50.00000000000, 176.54220378568, -0.25473679564, 4.12500003222, 0.00000000000, -0.00000000095, -0.00000000002
251, 50.00000000000, 201.60473477884, 139.16538220809, 4.12500003222, 0.00000000000, -0.00000000107, -0.00000000127
252, 50.00000000000, 211.78673924704, 49.04511113764, 4.12500003222, 0.00000000000, -0.00000000329, 0.00000000028
253, 50.00000000000, 236.79958884846, 64.93758545393, 4.12500003222, 0.00000000000, 0.00000000275, -0.00000000357
254, 50.00000000000, 251.89818991919, 139.66230308152, 4.12500003222, 0.00000000000, 0.00000000048, 0.00000000008
255, 50.00000000000, 267.84455079407, 197.27111668759, 4.12500003222, 0.00000000000, -0.00000000294, 0.00000000017
256, 50.00000000000, 286.12509630740, 150.11669054093, 4.12500003222, 0.00000000000, -0.00000000002, -0.00000000004
257, 50.00000000000, 308.36218106982, 50.46960990142, 4.12500003222, 0.00000000000, 0.00000000230, 0.00000000348
258, 50.00000000000, 325.16206479335, 67.00588264577, 4.12500003222, 0.00000000000, 0.00000000189, 0.00000000208
259, 50.00000000000, 336.49946277566, 55.21041801033, 4.12500003222, 0.00000000000, 0.00000000188, -0.00000000147
260, 50.00000000000, 358.80518046976, 41.91343730433, 4.12500003222, 0.00000000000, 0.00000000097, -0.00000000020
261, 50.00000000000, 367.60978515698, 65.44696199563, 4.12500003222, 0.00000000000, -0.00000000394, 0.00000000063
262, 50.00000000000, 389.02087059579, 47.82195299535, 4.12500003222, 0.00000000000, 0.00000000067, -0.00000000039
263, 50.00000000000, 407.41087653866, 128.99554518944, 4.12500003222, 0.00000000000, -0.00000000106, -0.00000000017
264, 50.00000000000, 424.63386625363, 61.75746658942, 4.12500003222, 0.00000000000, -0.00000000224, 0.00000000128
265, 50.00000000000, 435.15894630271, 102.60053144795, 4.12500003222, 0.00000000000, -0.00000000003, -0.00000000118
266, 50.00000000000, 467.50794839650, 139.37938330613, 4.12500003222, 0.00000000000, -0.00000000030, -0.00000000091
267, 50.00000000000, 475.91491411485, 99.32612327100, 4.12500003222, 0.00000000000, -0.00000000147, -0.00000000097
268, 50.00000000000, 485.51442308902, 79.03842508965, 4.12500003222, 0.00000000000, -0.00000000225, -0.00000000281
269, 50.00000000000, 514.32269757679, 38.31443323555, 4.12500003222, 0.00000000000, 0.00000000142, 0.00000000171
270, 50.00000000000, 532.97603889067, -3.45553180619, 4.12500003222, 0.00000000000, 0.00000000091, -0.00000000003
271, 50.00000000000, 541.56307750341, 86.03801012209, 4.12500003222, 0.00000000000, -0.00000000180, -0.00000000135
272, 50.00000000000, 548.10918830181, 37.91072744518, 4.12500003222, 0.00000000000, 0.00000000129, 0.00000000250
273, 50.00000000000, 587.77835325906, 148.65925428374, 4.12500003222, 0.00000000000, -0.00000000322, -0.00000000007
274, 50.00000000000, 600.70774416291, 53.69387881401, 4.12500003222, 0.00000000000, 0.00000000105, -0.00000000020
275, 50.00000000000, 609.04245854246, 86.08566958365, 4.12500003222, 0.00000000000, 0.00000000194, -0.00000000185
276, 50.00000000000, 627.98847063535, -13.44616030474, 4.12500003222, 0.00000000000, 0.00000000120, -0.00000000027
277, 50.00000000000, 655.29081156242, 46.23791991026, 4.12500003222, 0.00000000000, -0.00000000137, 0.00000000148
278, 50.00000000000, 661.92362015085, 38.02090776696, 4.12500003222, 0.00000000000, -0.00000000059, -0.00000000504
279, 50.00000000000, 685.12927397945, 31.51390169451, 4.12500003222, 0.00000000000, 0.00000000142, 0.00000000133
280, 50.00000000000, 695.12033630522, 26.68283045899, 4.12500003222, 0.00000000000, 0.00000000398, -0.00000000123
281, 50.00000000000, 709.84317756254, 87.36888250938, 4.12500003222, 0.00000000000, 0.00000000001, 0.00000000023
282, 50.00000000000, 743.13282350433, -43.93489749289, 4.12500003222, 0.00000000000, 0.00000000137, 0.00000000009
283, 50.00000000000, 753.19534326250, 142.42076996113, 4.12500003222, 0.00000000000, 0.00000000375, 0.00000000110
284, 50.00000000000, 766.91728705979, 94.62430485155, 4.12500003222, 0.00000000000, -0.00000000327, 0.00000000236
285, 50.00000000000, 786.70312637640, -32.61129638076, 4.12500003222, 0.00000000000, 0.00000000007, -0.00000000014
286, 50.00000000000, 802.48081298607, 23.78592044456, 4.12500003222, 0.00000000000, -0.00000000156, 0.00000000217
287, 50.00000000000, 823.70439540708, 41.64588985589, 4.12500003222, 0.00000000000, 0.00000000190, -0.00000000003
288, 50.00000000000, 839.36081991264, 12.68224802082, 4.12500003222, 0.00000000000, 0.00000000131, 0.00000000040
289, 50.00000000000, 867.67812821873, 50.69412626718, 4.12500003222, 0.00000000000, -0.00000000006, -0.00000000347
290, 50.00000000000, 866.74704284784, 99.13719749926, 4.12500003222, 0.00000000000, -0.00000000137, -0.00000000213
291, 50.00000000000, 892.95388056102, 46.60689830161, 4.12500003222, 0.00000000000, -0.00000000019, 0.00000000158
292, 50.00000000000, 905.49202503754, -5.24942913035, 4.12500003222, 0.00000000000, 0.00000000069, 0.00000000020
293, 50.00000000000, 918.94317811687, 122.85801749373, 4.12500003222, 0.00000000000, 0.00000000149, -0.00000000004
294, 50.00000000000, 930.21302056339, 52.24572184211, 4.12500003222, 0.00000000000, 0.00000000156, -0.00000000055
295, 50.00000000000, 957.22565563101, 60.84056872595, 4.12500003222, 0.00000000000, -0.00000000080, -0.00000000465
296, 50.00000000000, 967.76895358200, 124.75454578441, 4.12500003222, 0.00000000000, -0.00000000115, 0.00000000237
297, 50.00000000000, 992.34627038634, 80.54896179986, 4.12500003222, 0.00000000000, -0.00000000211, 0.00000000133
298, 50.00000000000, 1016.01065542398, 107.15441097872, 4.12500003222, 0.00000000000, -0.00000000137, 0.00000000021
299, 50.00000000000, 1030.85399897460, -31.45244140503, 4.12500003222, 0.00000000000, 0.00000000000, -0.00000000000
300, 50.00000000000, 1050.68413878338, 87.06677151597, 4.12500003222, 0.00000000000, -0.00000000199, -0.00000000279
301, 50.00000000000, 1059.84755524078, 101.93485691816, 4.12500003222, 0.00000000000, 0.00000000057, 0.00000000059
302, 50.00000000000, 1075.43427028876, 101.73888629557, 4.12500003222, 0.00000000000, -0.00000000247, -0.00000000148
303, 50.00000000000, 1095.67580073192, -36.17427534753, 4.12500003222, 0.00000000000, 0.00000000077, 0.00000000008
304, 50.00000000000, 1108.63526666185, 50.05906457995, 4.12500003222, 0.00000000000, -0.00000000007, -0.00000000020
305, 50.00000000000, 1139.30189490942, 83.65987970280, 4.12500003222, 0.00000000000, 0.00000000437, -0.00000000107
306, 50.00000000000, 1142.34775720429, -8.62588743184, 4.12500003222, 0.00000000000, -0.00000000101, -0.00000000027
307, 50.00000000000, 1158.72174987415, 90.79455340855, 4.12500003222, 0.00000000000, -0.00000000187, -0.00000000018
308, 50.00000000000, 1184.18143048872, 51.04531768165, 4.12500003222, 0.00000000000, 0.00000000196, -0.00000000033
309, 50.00000000000, 1210.45099144087, 98.56271902375, 4.12500003222, 0.00000000000, 0.00000000205, 0.00000000137
310, 50.00000000000, 1219.97823099364, 1.84339480423, 4.12500003222, 0.00000000000, 0.00000000129, -0.00000000006
311, 50.00000000000, 1235.45674459941, 122.14465926759, 4.12500003222, 0.00000000000, -0.00000000059, 0.00000000330
312, 50.00000000000, 1250.25033755482, -33.14577224777, 4.12500003222, 0.00000000000, 0.00000000025, -0.00000000002
313, 50.00000000000, 1266.79945614524, -15.95599617307, 4.12500003222, 0.00000000000, -0.00000000024, 0.00000000002
314, 50.00000000000, 1285.71289131800, 89.14534622243, 4.12500003222, 0.00000000000, -0.00000000001, -0.00000000117
315, 50.00000000000, 1298.43203852495, 64.42454784175, 4.12500003222, 0.00000000000, 0.00000000298, -0.00000000115
316, 50.00000000000, 1321.07055935232, 86.16856763567, 4.12500003222, 0.00000000000, 0.00000000035, 0.00000000429
317, 50.00000000000, 1343.16655781241, 44.47713604563, 4.12500003222, 0.00000000000, 0.00000000258, -0.00000000416
318, 50.00000000000, 1353.77096796727, 32.06849040253, 4.12500003222, 0.00000000000, -0.00000000099, 0.00000000163
319, 50.00000000000, 1378.75284507440, 67.81930318671, 4.12500003222, 0.00000000000, 0.00000000012, -0.00000000291
320, 50.00000000000, 9.15067830315, 103.11305629921, 4.12500003222, 0.00000000000, -0.00000000064, -0.00000000020
321, 50.00000000000, 33.36420239834, -10.65721994173, 4.12500003222, 0.00000000000, 0.00000000058, 0.00000000012
322, 50.00000000000, 40.99732336215, 66.95616999629, 4.12500003222, 0.00000000000, -0.00000000029, 0.00000000271
323, 50.00000000000, 56.50068771866, 64.67550317573, 4.12500003222, 0.00000000000, 0.00000000290, 0.00000000277
324, 50.00000000000, 73.40288136710, 234.23792645145, 4.12500003222, 0.00000000000, 0.00000000000, -0.00000000000
325, 50.00000000000, 103.48353277183, -19.32168108884, 4.12500003222, 0.00000000000, -0.00000000371, -0.00000000029
326, 50.00000000000, 107.56242117678, 45.85262170404, 4.12500003222, 0.00000000000, 0.00000000035, 0.00000000118
327, 50.00000000000, 135.32357286952, 85.70374392359, 4.12500003222, 0.00000000000, 0.00000000270, 0.00000000086
328, 50.00000000000, 146.08292399148, 6.54210774129, 4.12500003222, 0.00000000000, 0.00000000019, -0.00000000019
329, 50.00000000000, 166.98979467568, 120.51290318131, 4.12500003222, 0.00000000000, -0.00000000500, -0.00000000279
330, 50.00000000000, 186.91139033451, 149.89025822590, 4.12500003222, 0.00000000000, -0.00000000079, 0.00000000004
331, 50.00000000000, 194.94370672402, 104.97152901844, 4.12500003222, 0.00000000000, -0.00000000109, 0.00000000126
332, 50.00000000000, 221.58773555223, 66.67188696387, 4.12500003222, 0.00000000000, -0.00000000237, -0.00000000145
333, 50.00000000000, 239.38927827608, 104.29954033048, 4.12500003222, 0.00000000000, 0.00000000040, -0.00000000061
334, 50.00000000000, 252.52259496982, 84.75785921610, 4.12500003222, 0.00000000000, -0.00000000216, -0.00000000222
335, 50.00000000000, 272.31420796124, 199.80779133409, 4.12500003222, 0.00000000000, 0.00000000294, -0.00000000017
336, 50.00000000000, 284.04445119279, 60.73371298504, 4.12500003222, 0.00000000000, 0.00000000004, 0.00000000076
337, 50.00000000000, 301.85795697386, 115.41987778590, 4.12500003222, 0.00000000000, 0.00000000069, -0.00000000087
338, 50.00000000000, 317.62246514915, 69.64051153685, 4.12500003222, 0.00000000000, -0.00000000122, -0.00000000096
339, 50.00000000000, 339.91355953255, -20.62169810070, 4.12500003222, 0.00000000000, 0.00000000081, -0.00000000012
340, 50.00000000000, 350.77016534530, 77.29657986190, 4.12500003222, 0.00000000000, -0.00000000252, -0.00000000079
341, 50.00000000000, 375.75390178691, 54.77423563158, 4.12500003222, 0.00000000000, -0.00000000065, -0.00000000235
342, 50.00000000000, 389.89234626269, 77.40024424052, 4.12500003222, 0.00000000000, -0.00000000404, -0.00000000054
343, 50.00000000000, 412.47440745438, 1.10439635143, 4.12500003222, 0.00000000000, 0.00000000149, -0.00000000038
344, 50.00000000000, 421.67630879682, 29.05248088183, 4.12500003222, 0.00000000000, -0.00000000131, -0.00000000352
345, 50.00000000000, 444.57787428724, 88.30663304436, 4.12500003222, 0.00000000000, -0.00000000272, -0.00000000009
346, 50.00000000000, 458.16486140728, 51.38012656728, 4.12500003222, 0.00000000000, 0.00000000190, -0.00000000093
347, 50.00000000000, 477.07243454872, 38.20416872775, 4.12500003222, 0.00000000000, -0.00000000079, -0.00000000346
348, 50.00000000000, 495.18267506393, 34.27017877558, 4.12500003222, 0.00000000000, 0.00000000130, -0.00000000106
349, 50.00000000000, 508.10111992695, -35.16326737454, 4.12500003222, 0.00000000000, 0.00000000000, -0.00000000000
350, 50.00000000000, 529.81161593941, 125.58702240511, 4.12500003222, 0.00000000000, 0.00000000028, -0.00000000230
351, 50.00000000000, 553.79795534105, 84.48936937258, 4.12500003222, 0.00000000000, 0.00000000131, 0.00000000054
352, 50.00000000000, 561.02160272261, 119.60877793086, 4.12500003222, 0.00000000000, 0.00000000056, -0.00000000063
353, 50.00000000000, 569.66686086772, 56.32488541625, 4.12500003222, 0.00000000000, -0.00000000276, -0.00000000108
354, 50.00000000000, 599.10295301755, 96.21489856324, 4.12500003222, 0.00000000000, -0.00000000384, 0.00000000122
355, 50.00000000000, 609.46828044731, 100.53494412466, 4.12500003222, 0.00000000000, 0.00000000062, 0.00000000070
356, 50.00000000000, 631.58333190273, 179.26688374100, 4.12500003222, 0.00000000000, 0.00000000000, -0.00000000000
357, 50.00000000000, 650.15670276830, 78.66650528585, 4.12500003222, 0.00000000000, 0.00000000212, 0.00000000010
358, 50.00000000000, 668.15451832401, 143.60519852093, 4.12500003222, 0.00000000000, -0.00000000164, -0.00000000107
359, 50.00000000000, 684.74110328426, -9.51138585987, 4.12500003222, 0.00000000000, 0.00000000000, 0.00000000008
360, 50.00000000000, 693.95498977398, 123.33435775977, 4.12500003222, 0.00000000000, -0.00000000104, -0.00000000096
361, 50.00000000000, 719.02110760160, 54.01633988479, 4.12500003222, 0.00000000000, -0.00000000238, -0.00000000461
362, 50.00000000000, 746.81233588284, 129.88540154451, 4.12500003222, 0.00000000000, 0.00000000045, -0.00000000420
363, 50.00000000000, 743.97356636808, 55.46921970536, 4.12500003222, 0.00000000000, 0.00000000207, 0.00000000152
364, 50.00000000000, 763.64959736383, 103.08839668232, 4.12500003222, 0.00000000000, -0.00000000203, 0.00000000403
365, 50.00000000000, 787.33513572313, 185.50289021650, 4.12500003222, 0.00000000000, 0.00000000036, -0.00000000002
366, 50.00000000000, 808.57425784958, -56.00845920068, 4.12500003222, 0.00000000000, 0.00000000028, -0.00000000009
367, 50.00000000000, 812.49588644690, -23.35279086943, 4.12500003222, 0.00000000000, -0.00000000216, 0.00000000019
368, 50.00000000000, 833.29417230501, 25.17775141731, 4.12500003222, 0.00000000000, 0.00000000038, 0.00000000235
369, 50.00000000000, 850.78074670318, 122.19127358635, 4.12500003222, 0.00000000000, 0.00000000139, 0.00000000018
370, 50.00000000000, 871.13420597161, 132.07618622271, 4.12500003222, 0.00000000000, 0.00000000120, -0.00000000086
371, 50.00000000000, 891.38966565137, 39.22347693717, 4.12500003222, 0.00000000000, -0.00000000251, -0.00000000365
372, 50.00000000000, 904.06449026156, 114.17820853673, 4.12500003222, 0.00000000000, 0.00000000016, -0.00000000111
373, 50.00000000000, 924.57686233330, 46.51152916461, 4.12500003222, 0.00000000000, -0.00000000230, -0.00000000120
374, 50.00000000000, 943.85924114334, 38.81933737007, 4.12500003222, 0.00000000000, 0.00000000182, -0.00000000134
375, 50.00000000000, 962.55014888076, 18.55795386528, 4.12500003222, 0.00000000000, -0.00000000219, -0.00000000121
376, 50.00000000000, 975.16551843003, 22.96196624448, 4.12500003222, 0.00000000000, 0.00000000089, 0.00000000120
377, 50.00000000000, 994.96732402929, 32.26412385739, 4.12500003222, 0.00000000000, 0.00000000208, -0.00000000300
378, 50.00000000000, 1004.85715961292, 64.63376005845, 4.12500003222, 0.00000000000, 0.00000000268, -0.00000000075
379, 50.00000000000, 1026.79635563415, 114.82649637378, 4.12500003222, 0.00000000000, 0.00000000294, 0.00000000288
380, 50.00000000000, 1047.18167651640, 65.67427596812, 4.12500003222, 0.00000000000, 0.00000000105, -0.00000000298
381, 50.00000000000, 1064.69752759668, 154.25609305768, 4.12500003222, 0.00000000000, -0.00000000292, 0.00000000009
382, 50.00000000000, 1081.46905343442, 100.18908244134, 4.12500003222, 0.00000000000, 0.00000000315, -0.00000000209
383, 50.00000000000, 1098.32535855649, 79.67170361146, 4.12500003222, 0.00000000000, -0.00000000124, 0.00000000104
384, 50.00000000000, 1119.96015451292, 5.62051469297, 4.12500003222, 0.00000000000, -0.00000000043, -0.00000000155
385, 50.00000000000, 1125.96022868107, 58.27185251583, 4.12500003222, 0.00000000000, 0.00000000153, 0.00000000109
386, 50.00000000000, 1152.51225070171, 57.26516767240, 4.12500003222, 0.00000000000, 0.00000000040, -0.00000000392
387, 50.00000000000, 1159.77060881722, -12.06956855660, 4.12500003222, 0.00000000000, 0.00000000080, 0.00000000015
388, 50.00000000000, 1179.36062166549, 54.38319217931, 4.12500003222, 0.00000000000, -0.00000000156, 0.00000000173
389, 50.00000000000, 1193.39600042370, 128.59493850509, 4.12500003222, 0.00000000000, -0.00000000025, -0.00000000265
390, 50.00000000000, 1215.84478125286, 125.39743415138, 4.12500003222, 0.00000000000, -0.00000000122, -0.00000000196
391, 50.00000000000, 1230.40597744792, 109.38157700982, 4.12500003222, 0.00000000000, -0.00000000144, -0.00000000073
392, 50.00000000000, 1251.59765743083, 55.97140129897, 4.12500003222, 0.00000000000, -0.00000000148, 0.00000000233
393, 50.00000000000, 1274.70755385366, 4.86536622859, 4.12500003222, 0.00000000000, 0.00000000151, 0.00000000003
394, 50.00000000000, 1291.60238918066, 125.23300307884, 4.12500003222, 0.00000000000, -0.00000000234, 0.00000000121
395, 50.00000000000, 1301.90258157640, 74.87390808008, 4.12500003222, 0.00000000000, -0.00000000239, 0.00000000084
396, 50.00000000000, 1320.56740223659, 43.43494211243, 4.12500003222, 0.00000000000, -0.00000000015, 0.00000000263
397, 50.00000000000, 1340.28003264267, 94.92784144956, 4.12500003222, 0.00000000000, 0.00000000019, 0.00000000232
398, 50.00000000000, 1358.24702986595, 143.23814030093, 4.12500003222, 0.00000000000, 0.00000000004, -0.00000000088
399, 50.00000000000, 1358.91564730753, 57.97648530373, 4.12500003222, 0.00000000000, -0.00000000211, 0.00000000173
400, 50.00000000000, 11.66297765626, 38.88703686200, 4.12500003222, 0.00000000000, -0.00000000007, -0.00000000164
401, 50.00000000000, 28.09418562694, 63.09661248308, 4.12500003222, 0.00000000000, -0.00000000029, -0.00000000173
402, 50.00000000000, 43.33645809642, 144.13531352204, 4.12500003222, 0.00000000000, 0.00000000003, 0.00000000055
403, 50.00000000000, 58.86617902987, 88.79943252929, 4.12500003222, 0.00000000000, -0.00000000462, 0.00000000159
404, 50.00000000000, 79.44425294104, 98.85816430297, 4.12500003222, 0.00000000000, 0.00000000037, 0.00000000038
405, 50.00000000000, 85.06042189931, -31.02232772812, 4.12500003222, 0.00000000000, 0.00000000001, -0.00000000012
406, 50.00000000000, 113.58382148885, 41.68452754467, 4.12500003222, 0.00000000000, 0.00000000112, -0.00000000128
407, 50.00000000000, 136.66787037536, 123.64350715996, 4.12500003222, 0.00000000000, -0.00000000212, -0.00000000063
408, 50.00000000000, 150.74249749933, 113.41906117322, 4.12500003222, 0.00000000000, -0.00000000198, -0.00000000268
409, 50.00000000000, 160.60386482125, 93.68065144267, 4.12500003222, 0.00000000000, -0.00000000093, -0.00000000049
410, 50.00000000000, 180.79551249349, 121.03569903544, 4.12500003222, 0.00000000000, 0.00000000604, -0.00000000175
411, 50.00000000000, 204.71418049420, 253.04265478301, 4.12500003222, 0.00000000000, 0.00000000000, -0.00000000000
412, 50.00000000000, 217.20469997962, 155.37450224888, 4.12500003222, 0.00000000000, -0.00000000005, -0.00000000019
413, 50.00000000000, 234.67611552191, 220.42640758599, 4.12500003222, 0.00000000000, 0.00000000000, -0.00000000000
414, 50.00000000000, 249.61735214108, 55.64083521389, 4.12500003222, 0.00000000000, 0.00000000099, 0.00000000499
415, 50.00000000000, 273.53834070587, 87.18272160810, 4.12500003222, 0.00000000000, 0.00000000228, -0.00000000143
416, 50.00000000000, 281.51375200252, -22.09866742613, 4.12500003222, 0.00000000000, 0.00000000065, -0.00000000022
417, 50.00000000000, 298.28726508787, 45.82715497833, 4.12500003222, 0.00000000000, -0.00000000391, 0.00000000182
418, 50.00000000000, 322.78001112670, 13.07510698741, 4.12500003222, 0.00000000000, 0.00000000046, 0.00000000043
419, 50.00000000000, 339.89952744281, 29.06424504496, 4.12500003222, 0.00000000000, 0.00000000019, 0.00000000206
420, 50.00000000000, 353.13639307633, 175.85421885588, 4.12500003222, 0.00000000000, 0.00000000095, 0.00000000015
421, 50.00000000000, 372.21919071657, 135.79273468706, 4.12500003222, 0.00000000000, 0.00000000133, -0.00000000001
422, 50.00000000000, 388.14180336294, 118.15733027915, 4.12500003222, 0.00000000000, -0.00000000284, 0.00000000376
423, 50.00000000000, 405.94986939714, -3.17157974895, 4.12500003222, 0.00000000000, -0.00000000075, 0.00000000013
424, 50.00000000000, 428.70627421248, 170.51049628435, 4.12500003222, 0.00000000000, 0.00000000000, -0.00000000000
425, 50.00000000000, 431.95473781138, -11.68017231943, 4.12500003222, 0.00000000000, 0.00000000037, 0.00000000001
426, 50.00000000000, 456.46517331450, 43.37192592432, 4.12500003222, 0.00000000000, 0.00000000040, -0.00000000062
427, 50.00000000000, 473.20010498059, 243.99391827024, 4.12500003222, 0.00000000000, -0.00000000045, -0.00000000014
428, 50.00000000000, 502.47924599103, 84.73147119634, 4.12500003222, 0.00000000000, 0.00000000314, -0.00000000179
429, 50.00000000000, 508.39767531782, 41.50410435264, 4.12500003222, 0.00000000000, -0.00000000091, 0.00000000167
430, 50.00000000000, 528.58501010872, 134.46288885592, 4.12500003222, 0.00000000000, -0.00000000028, 0.00000000230
431, 50.00000000000, 535.73389470844, 70.77066967530, 4.12500003222, 0.00000000000, 0.00000000291, 0.00000000058
432, 50.00000000000, 566.35606466042, 0.14370540555, 4.12500003222, 0.00000000000, -0.00000000115, -0.00000000007
433, 50.00000000000, 576.90753569998, 86.01234882113, 4.12500003222, 0.00000000000, -0.00000000022, 0.00000000126
434, 50.00000000000, 596.30440740353, 181.71324627290, 4.12500003222, 0.00000000000, 0.00000000010, 0.00000000015
435, 50.00000000000, 619.89411875123, 45.66689640918, 4.12500003222, 0.00000000000, 0.00000000001, 0.00000000098
436, 50.00000000000, 632.26864129450, 64.80345666379, 4.12500003222, 0.00000000000, 0.00000000059, 0.00000000007
437, 50.00000000000, 644.22576594982, 78.02623258792, 4.12500003222, 0.00000000000, -0.00000000098, -0.00000000348
438, 50.00000000000, 665.30421920211, 59.88367147117, 4.12500003222, 0.00000000000, -0.00000000172, 0.00000000330
439, 50.00000000000, 681.26078196977, 47.14561213451, 4.12500003222, 0.00000000000, 0.00000000039, 0.00000000133
440, 50.00000000000, 695.21563371184, 53.74723929050, 4.12500003222, 0.00000000000, -0.00000000145, -0.00000000301
441, 50.00000000000, 718.77208680221, 9.29175211816, 4.12500003222, 0.00000000000, -0.00000000109, 0.00000000110
442, 50.00000000000, 731.55936669452, -43.09778071204, 4.12500003222, 0.00000000000, -0.00000000190, -0.00000000003
443, 50.00000000000, 749.37564621434, 73.26681716075, 4.12500003222, 0.00000000000, 0.00000000076, 0.00000000138
444, 50.00000000000, 763.71023620752, 160.00551717203, 4.12500003222, 0.00000000000, -0.00000000082, 0.00000000009
445, 50.00000000000, 789.18703683687, 81.13931896908, 4.12500003222, 0.00000000000, 0.00000000050, -0.00000000059
446, 50.00000000000, 808.16355621256, 128.07148349305, 4.12500003222, 0.00000000000, 0.00000000179, -0.00000000111
447, 50.00000000000, 811.03036305994, 92.03136610327, 4.12500003222, 0.00000000000, 0.00000000058, -0.00000000041
448, 50.00000000000, 832.48477562802, 122.11834690274, 4.12500003222, 0.00000000000, -0.00000000245, 0.00000000034
449, 50.00000000000, 851.37312563057, 39.35064421464, 4.12500003222, 0.00000000000, -0.00000000070, -0.00000000207
450, 50.00000000000, 870.15500700632, 199.63316106026, 4.12500003222, 0.00000000000, -0.00000000153, -0.00000000009
451, 50.00000000000, 884.92544360072, 79.61623007510, 4.12500003222, 0.00000000000, -0.00000000150, -0.00000000022
452, 50.00000000000, 907.07168261983, 8.41317261244, 4.12500003222, 0.00000000000, 0.00000000098, 0.00000000096
453, 50.00000000000, 929.65215116970, 192.00233732253, 4.12500003222, 0.00000000000, -0.00000000067, 0.00000000007
454, 50.00000000000, 939.64878002754, 86.11576910782, 4.12500003222, 0.00000000000, -0.00000000095, -0.00000000034
455, 50.00000000000, 959.87753245413, -7.33606027274, 4.12500003222, 0.00000000000, -0.00000000076, -0.00000000017
456, 50.00000000000, 974.45944524698, 108.48698739016, 4.12500003222, 0.00000000000, -0.00000000114, -0.00000000578
457, 50.00000000000, 993.12444048294, 225.72384881751, 4.12500003222, 0.00000000000, 0.00000000000, -0.00000000000
458, 50.00000000000, 1009.64218076159, 137.29047818713, 4.12500003222, 0.00000000000, -0.00000000197, -0.00000000175
459, 50.00000000000, 1029.75270027631, 131.93380154264, 4.12500003222, 0.00000000000, -0.00000000251, -0.00000000239
460, 50.00000000000, 1040.12136451360, 145.11578896742, 4.12500003222, 0.00000000000, 0.00000000153, 0.00000000008
461, 50.00000000000, 1067.63969718085, 47.02655542535, 4.12500003222, 0.00000000000, -0.00000000175, 0.00000000263
462, 50.00000000000, 1070.84901967423, 114.95287898952, 4.12500003222, 0.00000000000, -0.00000000128, 0.00000000158
463, 50.00000000000, 1101.74481260008, 165.65852257578, 4.12500003222, 0.00000000000, 0.00000000009, -0.00000000004
464, 50.00000000000, 1124.70831240921, 11.95688378410, 4.12500003222, 0.00000000000, 0.00000000125, -0.00000000018
465, 50.00000000000, 1134.32272747831, 89.01535192969, 4.12500003222, 0.00000000000, 0.00000000195, 0.00000000218
466, 50.00000000000, 1152.04963564444, 67.27090827186, 4.12500003222, 0.00000000000, -0.00000000108, 0.00000000397
467, 50.00000000000, 1170.48811176990, 58.01509962837, 4.12500003222, 0.00000000000, -0.00000000203, 0.00000000140
468, 50.00000000000, 1180.64038213504, 107.83106492906, 4.12500003222, 0.00000000000, -0.00000000080, -0.00000000141
469, 50.00000000000, 1195.99005508896, 136.06297151932, 4.12500003222, 0.00000000000, -0.00000000074, 0.00000000379
470, 50.00000000000, 1212.73560717715, 137.49179609566, 4.12500003222, 0.00000000000, 0.00000000146, 0.00000000058
471, 50.00000000000, 1232.93588294743, 56.87592893009, 4.12500003222, 0.00000000000, 0.00000000207, -0.00000000051
472, 50.00000000000, 1252.50357275179, 204.55896162880, 4.12500003222, 0.00000000000, -0.00000000049, 0.00000000010
473, 50.00000000000, 1265.51501233383, 144.31112047116, 4.12500003222, 0.00000000000, -0.00000000102, -0.00000000165
474, 50.00000000000, 1290.81411683589, 93.42076242218, 4.12500003222, 0.00000000000, 0.00000000238, 0.00000000083
475, 50.00000000000, 1307.93551786001, 13.60108435666, 4.12500003222, 0.00000000000, -0.00000000047, 0.00000000071
476, 50.00000000000, 1308.94463213306, 119.43846020591, 4.12500003222, 0.00000000000, 0.00000000336, 0.00000000144
477, 50.00000000000, 1337.30392278779, 172.14598881754, 4.12500003222, 0.00000000000, -0.00000000007, 0.00000000025
478, 50.00000000000, 1353.88365350813, 80.88168765958, 4.12500003222, 0.00000000000, 0.00000000051, 0.00000000008
479, 50.00000000000, 1380.98398679219, 105.99056312683, 4.12500003222, 0.00000000000, -0.00000000021, 0.00000000050
480, 50.00000000000, 9.90306144732, 38.32846766783, 4.12500003222, 0.00000000000, -0.00000000509, 0.00000000299
481, 50.00000000000, 26.67206918051, 131.96745381408, 4.12500003222, 0.00000000000, -0.00000000002, 0.00000000096
482, 50.00000000000, 48.69383642240, 56.82726317080, 4.12500003222, 0.00000000000, 0.00000000060, -0.00000000200
483, 50.00000000000, 62.98493628854, 80.94500146208, 4.12500003222, 0.00000000000, -0.00000000104, -0.00000000526
484, 50.00000000000, 80.67893002871, 185.89257017548, 4.12500003222, 0.00000000000, 0.00000000004, -0.00000000008
485, 50.00000000000, 99.09201411851, 83.82009753934, 4.12500003222, 0.00000000000, 0.00000000050, 0.00000000471
486, 50.00000000000, 113.17120726045, 106.30007467133, 4.12500003222, 0.00000000000, -0.00000000018, -0.00000000245
487, 50.00000000000, 128.00883223370, -4.98151385388, 4.12500003222, 0.00000000000, -0.00000000118, 0.00000000027
488, 50.00000000000, 145.99098722803, 185.43710407239, 4.12500003222, 0.00000000000, -0.00000000016, 0.00000000015
489, 50.00000000000, 160.52261366761, 110.60420497714, 4.12500003222, 0.00000000000, 0.00000000072, -0.00000000061
490, 50.00000000000, 182.29212482281, 36.33339941649, 4.12500003222, 0.00000000000, -0.00000000187, -0.00000000056
491, 50.00000000000, 192.29194388851, 201.11546073421, 4.12500003222, 0.00000000000, -0.00000000176, 0.00000000012
492, 50.00000000000, 217.75715613021, 143.57095225358, 4.12500003222, 0.00000000000, 0.00000000015, -0.00000000215
493, 50.00000000000, 233.89107740195, 75.78201808882, 4.12500003222, 0.00000000000, 0.00000000294, 0.00000000225
494, 50.00000000000, 250.15921727774, -21.70679292467, 4.12500003222, 0.00000000000, -0.00000000049, 0.00000000020
495, 50.00000000000, 263.52763313862, 29.26533623214, 4.12500003222, 0.00000000000, -0.00000000341, 0.00000000256
496, 50.00000000000, 285.19595123213, 6.85557317428, 4.12500003222, 0.00000000000, -0.00000000343, -0.00000000057
497, 50.00000000000, 309.42699065278, 80.25212785031, 4.12500003222, 0.00000000000, 0.00000000180, -0.00000000162
498, 50.00000000000, 320.39811201826, 87.97780868735, 4.12500003222, 0.00000000000, 0.00000000158, -0.00000000124
499, 50.00000000000, 336.73356301481, 78.92715090538, 4.12500003222, 0.00000000000, -0.00000000366, -0.00000000073
500, 50.00000000000, 353.42156896180, 46.21192582698, 4.12500003222, 0.00000000000, -0.00000000044, 0.00000000189
501, 50.00000000000, 368.61180490828, 151.17942675539, 4.12500003222, 0.00000000000, -0.00000000152, -0.00000000003
502, 50.00000000000, 382.42502336802, 64.39833595482, 4.12500003222, 0.00000000000, 0.00000000252, 0.00000000069
503, 50.00000000000, 409.69591326542, 84.56528154984, 4.12500003222, 0.00000000000, 0.00000000184, 0.00000000253
504, 50.00000000000, 422.14947349420, -6.93809389795, 4.12500003222, 0.00000000000, 0.00000000113, -0.00000000001
505, 50.00000000000, 441.12022009072, 221.71492735681, 4.12500003222, 0.00000000000, 0.00000000000, -0.00000000000
506, 50.00000000000, 459.01381583871, 187.20049989563, 4.12500003222, 0.00000000000, 0.00000000000, -0.00000000000
507, 50.00000000000, 472.76290111397, 40.91616611506, 4.12500003222, 0.00000000000, -0.00000000266, 0.00000000319
508, 50.00000000000, 487.98430288460, 101.25803400216, 4.12500003222, 0.00000000000, -0.00000000058, 0.00000000095
509, 50.00000000000, 509.38812521867, 246.58294612101, 4.12500003222, 0.00000000000, 0.00000000000, -0.00000000000
510, 50.00000000000, 529.00562290432, 45.08560819549, 4.12500003222, 0.00000000000, 0.00000000036, -0.00000000177
511, 50.00000000000, 542.11045061613, 188.32555492176, 4.12500003222, 0.00000000000, -0.00000000022, 0.00000000018
512, 50.00000000000, 561.92186071179, 190.35945821556, 4.12500003222, 0.00000000000, 0.00000000072, -0.00000000021
513, 50.00000000000, 580.55700493497, 135.19919071359, 4.12500003222, 0.00000000000, -0.00000000010, -0.00000000330
514, 50.00000000000, 594.39826760476, 86.32706490194, 4.12500003222, 0.00000000000, -0.00000000147, -0.00000000032
515, 50.00000000000, 613.27173215525, 126.13257014347, 4.12500003222, 0.00000000000, -0.00000000362, -0.00000000234
516, 50.00000000000, 637.46496920091, 12.75177466086, 4.12500003222, 0.00000000000, -0.00000000450, -0.00000000059
517, 50.00000000000, 643.41237354426, 51.47567945693, 4.12500003222, 0.00000000000, 0.00000000048, 0.00000000043
518, 50.00000000000, 664.15543084085, 203.90134799437, 4.12500003222, 0.00000000000, 0.00000000000, -0.00000000000
519, 50.00000000000, 680.55152008203, 75.64635546713, 4.12500003222, 0.00000000000, 0.00000000044, -0.00000000146
520, 50.00000000000, 701.33107396502, -31.39714625651, 4.12500003222, 0.00000000000, 0.00000000076, -0.00000000015
521, 50.00000000000, 726.71233188280, 120.36016022138, 4.12500003222, 0.00000000000, 0.00000000178, 0.00000000000
522, 50.00000000000, 734.14896563083, 49.41985303511, 4.12500003222, 0.00000000000, -0.00000000030, 0.00000000001
523, 50.00000000000, 748.27684242124, 12.78970233803, 4.12500003222, 0.00000000000, -0.00000000232, -0.00000000057
524, 50.00000000000, 771.83004711109, 232.36084406378, 4.12500003222, 0.00000000000, 0.00000000000, -0.00000000000
525, 50.00000000000, 780.62889134541, 10.20906184378, 4.12500003222, 0.00000000000, -0.00000000030, 0.00000000098
526, 50.00000000000, 795.97620200568, 133.02039226944, 4.12500003222, 0.00000000000, 0.00000000008, 0.00000000159
527, 50.00000000000, 827.82974432224, 74.22208730387, 4.12500003222, 0.00000000000, 0.00000000209, -0.00000000197
528, 50.00000000000, 838.46564051933, 157.93516350760, 4.12500003222, 0.00000000000, -0.00000000161, 0.00000000011
529, 50.00000000000, 852.55367561325, 161.90138780490, 4.12500003222, 0.00000000000, 0.00000000068, -0.00000000003
530, 50.00000000000, 869.23186357635, 168.56694613692, 4.12500003222, 0.00000000000, 0.00000000105, -0.00000000014
531, 50.00000000000, 888.61329953679, 124.63243192233, 4.12500003222, 0.00000000000, -0.00000000161, 0.00000000047
532, 50.00000000000, 912.38678269913, 27.58984241875, 4.12500003222, 0.00000000000, 0.00000000241, 0.00000000168
533, 50.00000000000, 927.39073704127, 67.96416443235, 4.12500003222, 0.00000000000, 0.00000000123, 0.00000000183
534, 50.00000000000, 940.24407386921, 175.70961926537, 4.12500003222, 0.00000000000, -0.00000000130, -0.00000000001
535, 50.00000000000, 952.54850698230, 121.98077111247, 4.12500003222, 0.00000000000, 0.00000000273, -0.00000000193
536, 50.00000000000, 975.00660027768, 111.36498895903, 4.12500003222, 0.00000000000, 0.00000000069, 0.00000000316
537, 50.00000000000, 986.43432934674, 38.64578613762, 4.12500003222, 0.00000000000, -0.00000000229, 0.00000000111
538, 50.00000000000, 1006.08908284461, 87.79092413464, 4.12500003222, 0.00000000000, 0.00000000175, -0.00000000002
539, 50.00000000000, 1027.79581684146, 69.89229587713, 4.12500003222, 0.00000000000, -0.00000000246, 0.00000000483
540, 50.00000000000, 1041.08241476005, 72.61575050840, 4.12500003222, 0.00000000000, 0.00000000172, 0.00000000261
541, 50.00000000000, 1067.14151945698, 83.00289924760, 4.12500003222, 0.00000000000, -0.00000000072, -0.00000000022
542, 50.00000000000, 1079.88869063267, 34.10700430162, 4.12500003222, 0.00000000000, -0.00000000057, -0.00000000283
543, 50.00000000000, 1098.15561847898, 240.88480833206, 4.12500003222, 0.00000000000, 0.00000000000, -0.00000000000
544, 50.00000000000, 1114.21776273181, 88.66011666834, 4.12500003222, 0.00000000000, 0.00000000101, 0.00000000008
545, 50.00000000000, 1131.54754330511, 155.27390115424, 4.12500003222, 0.00000000000, -0.00000000020, -0.00000000009
546, 50.00000000000, 1148.55874714864, 173.59666973699, 4.12500003222, 0.00000000000, -0.00000000069, 0.00000000008
547, 50.00000000000, 1165.57057468865, 41.79551713734, 4.12500003222, 0.00000000000, -0.00000000325, 0.00000000165
548, 50.00000000000, 1184.72810450182, 155.16781373598, 4.12500003222, 0.00000000000, 0.00000000332, 0.00000000018
549, 50.00000000000, 1200.14840177897, 79.71605265853, 4.12500003222, 0.00000000000, 0.00000000235, -0.00000000330
550, 50.00000000000, 1223.81225766289, 73.36335009102, 4.12500003222, 0.00000000000, 0.00000000093, 0.00000000351
551, 50.00000000000, 1233.53892104721, 179.41578051758, 4.12500003222, 0.00000000000, 0.00000000097, -0.00000000002
552, 50.00000000000, 1245.25445655801, 88.63691897490, 4.12500003222, 0.00000000000, -0.00000000029, -0.00000000157
553, 50.00000000000, 1271.85214468187, 146.89865087258, 4.12500003222, 0.00000000000, 0.00000000476, -0.00000000016
554, 50.00000000000, 1284.04157412619, 142.29806833676, 4.12500003222, 0.00000000000, 0.00000000359, -0.00000000055
555, 50.00000000000, 1303.93434915269, 121.77206503655, 4.12500003222, 0.00000000000, -0.00000000270, 0.00000000226
556, 50.00000000000, 1319.13537165478, 149.26301197804, 4.12500003222, 0.00000000000, 0.00000000185, -0.00000000010
557, 50.00000000000, 1341.20347701707, 190.63355404934, 4.12500003222, 0.00000000000, 0.00000000034, -0.00000000003
558, 50.00000000000, 1356.49133364562, 108.95491706917, 4.12500003222, 0.00000000000, 0.00000000109, -0.00000000446
559, 50.00000000000, 1365.25477463031, 47.24526516156, 4.12500003222, 0.00000000000, -0.00000000020, -0.00000000133
560, 50.00000000000, 16.27516666337, 119.82655422091, 4.12500003222, 0.00000000000, 0.00000000091, -0.00000000023
561, 50.00000000000, 27.40234885013, 257.18313788919, 4.12500003222, 0.00000000000, 0.00000000000, -0.00000000000
562, 50.00000000000, 43.01015033436, 125.51654310498, 4.12500003222, 0.00000000000, -0.00000000179, -0.00000000248
563, 50.00000000000, 63.23922411776, 172.48177116961, 4.12500003222, 0.00000000000, 0.00000000001, -0.00000000000
564, 50.00000000000, 82.24575509763, 210.08817042969, 4.12500003222, 0.00000000000, -0.00000000005, 0.00000000008
565, 50.00000000000, 96.66326492566, 13.53378344374, 4.12500003222, 0.00000000000, 0.00000000078, 0.00000000017
566, 50.00000000000, 119.91577562794, 118.93828929865, 4.12500003222, 0.00000000000, 0.00000000049, 0.00000000123
567, 50.00000000000, 128.85469516532, 188.94265285724, 4.12500003222, 0.00000000000, -0.00000000050, 0.00000000014
568, 50.00000000000, 147.76627734806, 166.97673115170, 4.12500003222, 0.00000000000, 0.00000000090, -0.00000000002
569, 50.00000000000, 176.70015070452, 126.23258165734, 4.12500003222, 0.00000000000, 0.00000000376, 0.00000000335
570, 50.00000000000, 185.92334874706, 134.71586629660, 4.12500003222, 0.00000000000, -0.00000000047, -0.00000000021
571, 50.00000000000, 201.44673289800, 207.61937327875, 4.12500003222, 0.00000000000, 0.00000000176, -0.00000000012
572, 50.00000000000, 217.32445542894, 52.51341577444, 4.12500003222, 0.00000000000, 0.00000000353, 0.00000000239
573, 50.00000000000, 233.76056788284, 135.78621853338, 4.12500003222, 0.00000000000, -0.00000000038, 0.00000000008
574, 50.00000000000, 251.35524437539, 47.12694734282, 4.12500003222, 0.00000000000, 0.00000000169, -0.00000000320
575, 50.00000000000, 262.85020810707, 29.33131108207, 4.12500003222, 0.00000000000, -0.00000000277, -0.00000000532
576, 50.00000000000, 287.03895835381, 130.59125458220, 4.12500003222, 0.00000000000, -0.00000000006, -0.00000000034
577, 50.00000000000, 302.01698417620, 85.82296116604, 4.12500003222, 0.00000000000, -0.00000000401, 0.00000000097
578, 50.00000000000, 320.24312966861, 199.00662152232, 4.12500003222, 0.00000000000, 0.00000000000, -0.00000000000
579, 50.00000000000, 332.85628974092, 131.84172001391, 4.12500003222, 0.00000000000, -0.00000000096, -0.00000000214
580, 50.00000000000, 358.86567796915, 77.23257721936, 4.12500003222, 0.00000000000, 0.00000000312, -0.00000000112
581, 50.00000000000, 373.67913137839, 124.06691815358, 4.12500003222, 0.00000000000, 0.00000000086, -0.00000000087
582, 50.00000000000, 390.77758831900, 183.00607016207, 4.12500003222, 0.00000000000, 0.00000000000, -0.00000000000
583, 50.00000000000, 397.24988803866, 77.99807524446, 4.12500003222, 0.00000000000, -0.00000000004, 0.00000000139
584, 50.00000000000, 423.77926139640, 122.15024059862, 4.12500003222, 0.00000000000, 0.00000000175, -0.00000000098
585, 50.00000000000, 442.14650929089, 8.53476856744, 4.12500003222, 0.00000000000, -0.00000000156, 0.00000000088
586, 50.00000000000, 459.60715719961, 114.67162293430, 4.12500003222, 0.00000000000, 0.00000000054, -0.00000000080
587, 50.00000000000, 477.35530824572, 229.48827582825, 4.12500003222, 0.00000000000, 0.00000000045, 0.00000000014
588, 50.00000000000, 492.35821734359, 86.12943517337, 4.12500003222, 0.00000000000, -0.00000000026, -0.00000000047
589, 50.00000000000, 508.86047418493, 55.30946831982, 4.12500003222, 0.00000000000, -0.00000000001, 0.00000000120
590, 50.00000000000, 520.59017844074, 67.66359623322, 4.12500003222, 0.00000000000, -0.00000000124, 0.00000000362
591, 50.00000000000, 550.32812637465, 199.56890273159, 4.12500003222, 0.00000000000, 0.00000000213, -0.00000000014
592, 50.00000000000, 559.97654292415, 132.74375174731, 4.12500003222, 0.00000000000, 0.00000000088, 0.00000000025
593, 50.00000000000, 583.28782329738, 53.51859422339, 4.12500003222, 0.00000000000, -0.00000000002, 0.00000000047
594, 50.00000000000, 600.87982783003, 147.48240333345, 4.12500003222, 0.00000000000, 0.00000000443, 0.00000000049
595, 50.00000000000, 616.86516795453, 131.96843501319, 4.12500003222, 0.00000000000, 0.00000000028, 0.00000000404
596, 50.00000000000, 627.91656403248, 88.46772119843, 4.12500003222, 0.00000000000, 0.00000000023, -0.00000000018
597, 50.00000000000, 649.16377693030, 130.12285775962, 4.12500003222, 0.00000000000, 0.00000000071, 0.00000000059
598, 50.00000000000, 667.21330542348, -97.89190990078, 4.12500003222, 0.00000000000, 0.00000000002, -0.00000000003
599, 50.00000000000, 682.32145185008, 150.70831811273, 4.12500003222, 0.00000000000, 0.00000000093, -0.00000000005
600, 50.00000000000, 703.92948621259, 1.11281788920, 4.12500003222, 0.00000000000, -0.00000000083, -0.00000000013
601, 50.00000000000, 722.55079096680, 158.74941386000, 4.12500003222, 0.00000000000, 0.00000000135, 0.00000000010
602, 50.00000000000, 729.23946409338, 62.32606194653, 4.12500003222, 0.00000000000, 0.00000000423, 0.00000000317
603, 50.00000000000, 761.57263243162, -18.63899295748, 4.12500003222, 0.00000000000, 0.00000000136, 0.00000000003
604, 50.00000000000, 771.05495023390, 90.17754486254, 4.12500003222, 0.00000000000, 0.00000000356, -0.00000000065
605, 50.00000000000, 786.98141759289, 121.94091544789, 4.12500003222, 0.00000000000, 0.00000000071, -0.00000000096
606, 50.00000000000, 806.29621239302, 199.47105337767, 4.12500003222, 0.00000000000, -0.00000000036, 0.00000000002
607, 50.00000000000, 823.24647662059, 137.84594086499, 4.12500003222, 0.00000000000, -0.00000000099, 0.00000000117
608, 50.00000000000, 844.18649687507, 116.62765357810, 4.12500003222, 0.00000000000, 0.00000000034, -0.00000000403
609, 50.00000000000, 860.98104176850, 134.21265506060, 4.12500003222, 0.00000000000, 0.00000000028, -0.00000000020
610, 50.00000000000, 880.86770626290, 192.80216716419, 4.12500003222, 0.00000000000, 0.00000000229, 0.00000000035
611, 50.00000000000, 890.34776734338, 173.38913095276, 4.12500003222, 0.00000000000, -0.00000000060, -0.00000000007
612, 50.00000000000, 904.38992341063, 186.55994688903, 4.12500003222, 0.00000000000, 0.00000000046, -0.00000000013
613, 50.00000000000, 923.12835781384, 95.99436382166, 4.12500003222, 0.00000000000, -0.00000000074, 0.00000000105
614, 50.00000000000, 945.26632256951, 188.93009952712, 4.12500003222, 0.00000000000, 0.00000000065, -0.00000000010
615, 50.00000000000, 961.23898968188, 153.09424200412, 4.12500003222, 0.00000000000, 0.00000000000, -0.00000000000
616, 50.00000000000, 980.09458262644, 79.72145855286, 4.12500003222, 0.00000000000, -0.00000000045, 0.00000000324
617, 50.00000000000, 992.23660887977, 166.09613525957, 4.12500003222, 0.00000000000, 0.00000000000, -0.00000000000
618, 50.00000000000, 1014.09784489626, 143.56841046010, 4.12500003222, 0.00000000000, 0.00000000385, 0.00000000206
619, 50.00000000000, 1027.63111025600, 98.11396333221, 4.12500003222, 0.00000000000, 0.00000000176, -0.00000000349
620, 50.00000000000, 1047.65230043150, 108.67970499372, 4.12500003222, 0.00000000000, -0.00000000061, 0.00000000130
621, 50.00000000000, 1060.49601500424, 41.20963955850, 4.12500003222, 0.00000000000, -0.00000000035, 0.00000000114
622, 50.00000000000, 1079.89208656976, 157.94246913392, 4.12500003222, 0.00000000000, -0.00000000049, -0.00000000003
623, 50.00000000000, 1089.86691200010, 152.42892167562, 4.12500003222, 0.00000000000, 0.00000000055, 0.00000000007
624, 50.00000000000, 1115.87736124954, 34.16146952327, 4.12500003222, 0.00000000000, 0.00000000111, 0.00000000034
625, 50.00000000000, 1125.32520590077, 104.15711054138, 4.12500003222, 0.00000000000, 0.00000000055, -0.00000000123
626, 50.00000000000, 1147.93999260982, 153.75057793905, 4.12500003222, 0.00000000000, 0.00000000089, 0.00000000001
627, 50.00000000000, 1162.63012697225, 103.77826109935, 4.12500003222, 0.00000000000, 0.00000000045, 0.00000000026
628, 50.00000000000, 1184.85382026286, 75.72460656924, 4.12500003222, 0.00000000000, -0.00000000128, -0.00000000227
629, 50.00000000000, 1200.98890038835, 82.48224750431, 4.12500003222, 0.00000000000, -0.00000000026, 0.00000000252
630, 50.00000000000, 1219.31711991408, 55.18221490808, 4.12500003222, 0.00000000000, -0.00000000217, -0.00000000114
631, 50.00000000000, 1235.78113001137, 197.41716085799, 4.12500003222, 0.00000000000, -0.00000000048, -0.00000000009
632, 50.00000000000, 1250.36604422662, 119.51955914987, 4.12500003222, 0.00000000000, 0.00000000266, 0.00000000332
633, 50.00000000000, 1271.05083535651, 135.74932289029, 4.12500003222, 0.00000000000, -0.00000000055, -0.00000000574
634, 50.00000000000, 1286.55905620392, 194.26904957876, 4.12500003222, 0.00000000000, 0.00000000000, -0.00000000000
635, 50.00000000000, 1302.97656369712, 151.73571426547, 4.12500003222, 0.00000000000, -0.00000000098, 0.00000000039
636, 50.00000000000, 1327.46214750025, 76.52128592281, 4.12500003222, 0.00000000000, 0.00000000070, 0.00000000011
637, 50.00000000000, 1334.54310370619, 178.60974401028, 4.12500003222, 0.00000000000, -0.00000000114, -0.00000000014
638, 50.00000000000, 1347.13520074164, 16.48171490058, 4.12500003222, 0.00000000000, -0.00000000107, 0.00000000025
639, 50.00000000000, 1364.28920354358, 26.25524488497, 4.12500003222, 0.00000000000, 0.00000000088, 0.00000000075
