0, 50.00000000000, 69.18821183625, 65.05501316756, 4.12500003222, 0.00000000000, 0.00000000884, -0.00000000966
1, 50.00000000000, 31.17842742412, 209.01555210998, 4.12500003222, 0.00000000000, 0.00000000000, 0.00000000000
2, 50.00000000000, 110.72466289650, 8.14002358141, 4.12500003222, 0.00000000000, 0.00000000541, 0.00000003580
3, 50.00000000000, 125.62959325268, 60.31132010447, 4.12500003222, 0.00000000000, 0.00000000479, 0.00000003026
4, 50.00000000000, 139.89601449387, 28.91221223245, 4.12500003222, 0.00000000000, 0.00000000121, 0.00000003249
5, 50.00000000000, 154.71332701302, 43.31801994406, 4.12500003222, 0.00000000000, -0.00000001208, 0.00000004536
6, 50.00000000000, 172.12465035243, 26.54256960060, 4.12500003222, 0.00000000000, -0.00000000390, -0.00000000261
7, 50.00000000000, 175.20052721251, 13.70210322143, 4.12500003222, 0.00000000000, -0.00000002054, 0.00000000584
8, 50.00000000000, 199.01764956116, 10.90453934409, 4.12500003222, 0.00000000000, 0.00000000643, -0.00000003661
9, 50.00000000000, 201.93636377211, 43.55122204705, 4.12500003222, 0.00000000000, 0.00000000597, -0.00000002316
10, 50.00000000000, 215.79636868631, 8.04373468474, 4.12500003222, 0.00000000000, -0.00000000549, -0.00000005210
11, 50.00000000000, 255.06851892218, 21.33346138161, 4.12500003222, 0.00000000000, -0.00000000372, -0.00000000547
12, 50.00000000000, 253.07422036154, 8.81215772067, 4.12500003222, 0.00000000000, -0.00000000137, 0.00000000953
13, 50.00000000000, 289.27011163757, 25.10199143205, 4.12500003222, 0.00000000000, -0.00000000363, 0.00000002340
14, 50.00000000000, 300.42045876544, 29.57593773967, 4.12500003222, 0.00000000000, -0.00000001097, 0.00000000030
15, 50.00000000000, 319.09680558292, 39.13738800719, 4.12500003222, 0.00000000000, 0.00000000228, -0.00000004369
16, 50.00000000000, 321.72122945894, 4.03238847289, 4.12500003222, 0.00000000000, -0.00000000498, 0.00000001608
17, 50.00000000000, 339.31068881726, 42.51062733055, 4.12500003222, 0.00000000000, 0.00000000526, 0.00000003411
18, 50.00000000000, 320.77220573898, -30000000.00000000000, 0.00000000000, 0.00000000000, 0.00000086896, 0.66000001198
19, 50.00000000000, 392.92400897783, 85.78044960172, 4.12500003222, 0.00000000000, 0.00000000098, -0.00000000194
20, 50.00000000000, 354.78505746845, -30000000.00000000000, 0.00000000000, 0.00000000000, -0.00000024838, 0.66000001198
21, 50.00000000000, 413.03529942851, 33.33114323983, 4.12500003222, 0.00000000000, 0.00000000211, -0.00000001661
22, 50.00000000000, 431.16161837728, 115.30674482574, 4.12500003222, 0.00000000000, -0.00000000841, 0.00000000766
23, 50.00000000000, 435.06570490359, 55.41597851344, 4.12500003222, 0.00000000000, 0.00000001013, -0.00000000322
24, 50.00000000000, 432.27415748936, -30000000.00000000000, 0.00000000000, 0.00000000000, -0.00000154884, 0.66000001198
25, 50.00000000000, 457.45605645088, 65.01252621774, 4.12500003222, 0.00000000000, -0.00000000795, -0.00000003163
26, 50.00000000000, 484.23869501289, 47.82126860736, 4.12500003222, 0.00000000000, -0.00000000523, -0.00000002260
27, 50.00000000000, 500.00479121635, 43.88278719568, 4.12500003222, 0.00000000000, -0.00000000142, -0.00000000702
28, 50.00000000000, 490.80233750401, -30000000.00000000000, 0.00000000000, 0.00000000000, 0.00000049650, 0.66000001198
29, 50.00000000000, 548.22271350771, 134.80086785329, 4.12500003222, 0.00000000000, -0.00000000757, 0.00000000139
30, 50.00000000000, 555.06953686513, 58.16419399057, 4.12500003222, 0.00000000000, 0.00000000605, -0.00000000331
31, 50.00000000000, 543.19691392511, -30000000.00000000000, 0.00000000000, 0.00000000000, -0.00000031239, 0.66000001198
32, 50.00000000000, 553.51083804229, -30000000.00000000000, 0.00000000000, 0.00000000000, -0.00000083369, 0.66000001198
33, 50.00000000000, 579.37083240396, -30000000.00000000000, 0.00000000000, 0.00000000000, -0.00000082370, 0.66000001198
34, 50.00000000000, 609.06350409000, 65.97930645805, 4.12500003222, 0.00000000000, 0.00000000178, 0.00000000205
35, 50.00000000000, 633.56426385471, 103.02306163123, 4.12500003222, 0.00000000000, 0.00000001249, 0.00000000046
36, 50.00000000000, 634.34508717800, -30000000.00000000000, 0.00000000000, 0.00000000000, 0.00000103929, 0.66000001198
37, 50.00000000000, 652.04110327195, -30000000.00000000000, 0.00000000000, 0.00000000000, 0.00000034749, 0.66000001198
38, 50.00000000000, 665.81883992390, -30000000.00000000000, 0.00000000000, 0.00000000000, -0.00000046471, 0.66000001198
39, 50.00000000000, 689.62023614904, -30000000.00000000000, 0.00000000000, 0.00000000000, -0.00000146193, 0.66000001198
40, 50.00000000000, 700.00972289972, -30000000.00000000000, 0.00000000000, 0.00000000000, -0.00000081334, 0.66000001198
41, 50.00000000000, 719.85141430925, -30000000.00000000000, 0.00000000000, 0.00000000000, -0.00000036030, 0.66000001198
42, 50.00000000000, 733.85007993773, 63.61015359018, 4.12500003222, 0.00000000000, 0.00000000411, 0.00000002655
43, 50.00000000000, 750.24019590240, 91.93101399591, 4.12500003222, 0.00000000000, 0.00000000330, 0.00000002063
44, 50.00000000000, 767.96640970713, 93.14081185487, 4.12500003222, 0.00000000000, 0.00000000601, -0.00000004244
45, 50.00000000000, 785.39871402538, -30000000.00000000000, 0.00000000000, 0.00000000000, 0.00000067281, 0.66000001198
46, 50.00000000000, 802.72063867561, -30000000.00000000000, 0.00000000000, 0.00000000000, -0.00000020174, 0.66000001198
47, 50.00000000000, 821.86992796889, -30000000.00000000000, 0.00000000000, 0.00000000000, -0.00000056600, 0.66000001198
48, 50.00000000000, 835.05849387833, -30000000.00000000000, 0.00000000000, 0.00000000000, -0.00000162012, 0.66000001198
49, 50.00000000000, 839.36999556073, 76.60808911298, 4.12500003222, 0.00000000000, -0.00000001187, 0.00000000418
50, 50.00000000000, 877.38136137834, -30000000.00000000000, 0.00000000000, 0.00000000000, 0.00000194555, 0.66000001198
51, 50.00000000000, 893.77444871763, -30000000.00000000000, 0.00000000000, 0.00000000000, 0.00000027232, 0.66000001198
52, 50.00000000000, 863.11897473721, 178.98713524316, 4.12500003222, 0.00000000000, -0.00000000742, -0.00000001918
53, 50.00000000000, 929.93711020118, -30000000.00000000000, 0.00000000000, 0.00000000000, -0.00000148395, 0.66000001198
54, 50.00000000000, 942.00735429253, -30000000.00000000000, 0.00000000000, 0.00000000000, -0.00000026674, 0.66000001198
55, 50.00000000000, 956.53609056131, -30000000.00000000000, 0.00000000000, 0.00000000000, 0.00000118068, 0.66000001198
56, 50.00000000000, 977.98592740005, -30000000.00000000000, 0.00000000000, 0.00000000000, -0.00000065949, 0.66000001198
57, 50.00000000000, 971.52833587981, 28.25277415470, 4.12500003222, 0.00000000000, 0.00000000857, -0.00000002477
58, 50.00000000000, 1013.21777405636, -30000000.00000000000, 0.00000000000, 0.00000000000, 0.00000144585, 0.66000001198
59, 50.00000000000, 1009.95441424341, 29.36992031876, 4.12500003222, 0.00000000000, -0.00000000147, -0.00000002230
60, 50.00000000000, 1020.93153017015, 84.36968572699, 4.12500003222, 0.00000000000, -0.00000000429, 0.00000001051
61, 50.00000000000, 1061.90329918524, -30000000.00000000000, 0.00000000000, 0.00000000000, 0.00000017793, 0.66000001198
62, 50.00000000000, 1072.90617315572, -30000000.00000000000, 0.00000000000, 0.00000000000, 0.00000042735, 0.66000001198
63, 50.00000000000, 1092.39251781238, 95.87580846633, 4.12500003222, 0.00000000000, 0.00000000112, -0.00000001283
64, 50.00000000000, 1077.68401508704, 1.83354982760, 4.12500003222, 0.00000000000, 0.00000000104, -0.00000001517
65, 50.00000000000, 1103.72078221107, 73.20127335863, 4.12500003222, 0.00000000000, 0.00000000287, -0.00000000448
66, 50.00000000000, 1097.68685208999, 29.05486444886, 4.12500003222, 0.00000000000, 0.00000000591, -0.00000003398
67, 50.00000000000, 1135.58467768962, 66.14898479053, 4.12500003222, 0.00000000000, 0.00000000287, 0.00000001832
68, 50.00000000000, 1151.19193731280, 38.80317592167, 4.12500003222, 0.00000000000, 0.00000001228, -0.00000001972
69, 50.00000000000, 1158.11975151511, 5.12628466382, 4.12500003222, 0.00000000000, 0.00000000073, 0.00000001925
70, 50.00000000000, 1172.56745872801, 26.54057186359, 4.12500003222, 0.00000000000, -0.00000000615, 0.00000003455
71, 50.00000000000, 1187.62619031712, 26.10001540471, 4.12500003222, 0.00000000000, 0.00000001698, 0.00000000495
72, 50.00000000000, 1217.52288215152, 45.13109540289, 4.12500003222, 0.00000000000, -0.00000001581, -0.00000003880
73, 50.00000000000, 1180.99198319206, 100.46562418881, 4.12500003222, 0.00000000000, -0.00000000997, 0.00000000957
74, 50.00000000000, 1238.46154575188, 10.86098581776, 4.12500003222, 0.00000000000, 0.00000000504, 0.00000001676
75, 50.00000000000, 1249.72294577047, 5.67198617606, 4.12500003222, 0.00000000000, 0.00000000480, 0.00000000581
76, 50.00000000000, 1257.41217753344, 25.92398638468, 4.12500003222, 0.00000000000, -0.00000000847, -0.00000000184
77, 50.00000000000, 1262.53298727617, 37.35792745712, 4.12500003222, 0.00000000000, 0.00000000482, 0.00000002771
78, 50.00000000000, 1293.34658363392, 12.20926315531, 4.12500003222, 0.00000000000, 0.00000000316, -0.00000000274
79, 50.00000000000, 1274.18289941829, 84.56536257297, 4.12500003222, 0.00000000000, -0.00000000779, 0.00000001632
80, 50.00000000000, 75.93433812035, 11.86809077633, 4.12500003222, 0.00000000000, 0.00000000310, 0.00000001924
81, 50.00000000000, 97.43473198744, 25.30827443845, 4.12500003222, 0.00000000000, -0.00000000299, -0.00000002538
82, 50.00000000000, 118.34736199880, 21.66230894991, 4.12500003222, 0.00000000000, -0.00000000265, -0.00000002859
83, 50.00000000000, 131.24784809428, 14.90004921256, 4.12500003222, 0.00000000000, -0.00000000211, -0.00000000918
84, 50.00000000000, 131.84778631792, 36.44309742820, 4.12500003222, 0.00000000000, 0.00000000118, 0.00000000526
85, 50.00000000000, 153.07373201132, 10.48514753954, 4.12500003222, 0.00000000000, -0.00000000165, 0.00000001326
86, 50.00000000000, 163.73517414523, 9.16384265602, 4.12500003222, 0.00000000000, -0.00000000677, 0.00000000072
87, 50.00000000000, 186.26489000169, 32.08078106743, 4.12500003222, 0.00000000000, 0.00000001095, 0.00000002612
88, 50.00000000000, 179.32436228405, 48.26393151118, 4.12500003222, 0.00000000000, 0.00000000157, 0.00000001330
89, 50.00000000000, 205.34582245227, 29.76831262469, 4.12500003222, 0.00000000000, -0.00000001308, 0.00000001851
90, 50.00000000000, 237.73887049592, 14.65857137786, 4.12500003222, 0.00000000000, 0.00000001215, 0.00000004279
91, 50.00000000000, 235.17791234374, 26.66501821433, 4.12500003222, 0.00000000000, 0.00000000851, 0.00000001001
92, 50.00000000000, 275.45247387897, 31.65345401388, 4.12500003222, 0.00000000000, 0.00000000894, -0.00000000180
93, 50.00000000000, 270.39408270309, 21.14132845008, 4.12500003222, 0.00000000000, -0.00000000015, -0.00000001658
94, 50.00000000000, 296.01769664970, 45.78972734210, 4.12500003222, 0.00000000000, -0.00000000256, 0.00000002968
95, 50.00000000000, 315.02264899594, 61.73563086214, 4.12500003222, 0.00000000000, -0.00000000475, -0.00000005573
96, 50.00000000000, 338.20057816144, 9.82507970473, 4.12500003222, 0.00000000000, 0.00000000348, -0.00000000951
97, 50.00000000000, 337.23007156852, 65.48581459037, 4.12500003222, 0.00000000000, 0.00000000729, -0.00000004621
98, 50.00000000000, 361.80342175389, 40.41079526283, 4.12500003222, 0.00000000000, -0.00000000686, 0.00000001709
99, 50.00000000000, 384.29541414568, 66.24998955964, 4.12500003222, 0.00000000000, -0.00000000936, 0.00000000190
100, 50.00000000000, 354.50184675772, -30000000.00000000000, 0.00000000000, 0.00000000000, -0.00000022625, 0.66000001198
101, 50.00000000000, 373.64157133848, -30000000.00000000000, 0.00000000000, 0.00000000000, -0.00000009073, 0.66000001198
102, 50.00000000000, 392.21622457898, -30000000.00000000000, 0.00000000000, 0.00000000000, 0.00000085312, 0.66000001198
103, 50.00000000000, 432.69804810885, 90.87499617230, 4.12500003222, 0.00000000000, 0.00000000476, -0.00000001314
104, 50.00000000000, 451.91269793387, 39.89483631497, 4.12500003222, 0.00000000000, 0.00000000279, 0.00000001762
105, 50.00000000000, 466.83256942419, 50.07905058075, 4.12500003222, 0.00000000000, -0.00000000864, 0.00000000716
106, 50.00000000000, 493.80207042819, 102.31820223052, 4.12500003222, 0.00000000000, 0.00000000064, -0.00000000854
107, 50.00000000000, 478.68647748534, -30000000.00000000000, 0.00000000000, 0.00000000000, 0.00000090104, 0.66000001198
108, 50.00000000000, 530.60353664098, 92.48852444352, 4.12500003222, 0.00000000000, -0.00000000998, 0.00000000272
109, 50.00000000000, 536.93489029772, 83.43687918938, 4.12500003222, 0.00000000000, -0.00000000302, -0.00000001055
110, 50.00000000000, 539.05201668111, -30000000.00000000000, 0.00000000000, 0.00000000000, 0.00000041767, 0.66000001198
111, 50.00000000000, 545.77179603882, -30000000.00000000000, 0.00000000000, 0.00000000000, -0.00000076431, 0.66000001198
112, 50.00000000000, 587.57109117594, 95.20126864113, 4.12500003222, 0.00000000000, -0.00000000106, -0.00000001920
113, 50.00000000000, 598.42144729984, 112.48088863182, 4.12500003222, 0.00000000000, -0.00000000400, 0.00000001467
114, 50.00000000000, 623.31460001662, 119.33776662589, 4.12500003222, 0.00000000000, -0.00000000182, 0.00000001187
115, 50.00000000000, 617.08287733555, -30000000.00000000000, 0.00000000000, 0.00000000000, 0.00000207609, 0.66000001198
116, 50.00000000000, 621.15503974163, -30000000.00000000000, 0.00000000000, 0.00000000000, 0.00000135948, 0.66000001198
117, 50.00000000000, 643.59352930570, -30000000.00000000000, 0.00000000000, 0.00000000000, 0.00000028890, 0.66000001198
118, 50.00000000000, 661.93821782888, -30000000.00000000000, 0.00000000000, 0.00000000000, -0.00000066518, 0.66000001198
119, 50.00000000000, 677.80786175520, -30000000.00000000000, 0.00000000000, 0.00000000000, -0.00000008347, 0.66000001198
120, 50.00000000000, 732.18999285679, 109.33553524568, 4.12500003222, 0.00000000000, 0.00000000873, 0.00000000139
121, 50.00000000000, 720.47113112839, 58.42861011652, 4.12500003222, 0.00000000000, -0.00000000261, -0.00000000473
122, 50.00000000000, 738.61817939599, 73.22331698055, 4.12500003222, 0.00000000000, -0.00000000443, 0.00000002883
123, 50.00000000000, 752.22759272297, -30000000.00000000000, 0.00000000000, 0.00000000000, 0.00000049558, 0.66000001198
124, 50.00000000000, 778.12008565403, 38.70848538697, 4.12500003222, 0.00000000000, -0.00000000354, 0.00000000984
125, 50.00000000000, 799.90518736772, 47.49131498605, 4.12500003222, 0.00000000000, -0.00000000272, 0.00000001160
126, 50.00000000000, 796.92100672307, -30000000.00000000000, 0.00000000000, 0.00000000000, 0.00000094659, 0.66000001198
127, 50.00000000000, 822.03916367755, -30000000.00000000000, 0.00000000000, 0.00000000000, -0.00000059331, 0.66000001198
128, 50.00000000000, 848.92622185110, 59.17813366497, 4.12500003222, 0.00000000000, 0.00000000666, 0.00000000976
129, 50.00000000000, 844.28401830708, 95.26444786213, 4.12500003222, 0.00000000000, -0.00000000636, 0.00000005117
130, 50.00000000000, 891.52615885580, 57.00562350172, 4.12500003222, 0.00000000000, 0.00000000076, 0.00000001372
131, 50.00000000000, 881.29162901969, -30000000.00000000000, 0.00000000000, 0.00000000000, 0.00000181700, 0.66000001198
132, 50.00000000000, 901.95507911787, -30000000.00000000000, 0.00000000000, 0.00000000000, -0.00000031456, 0.66000001198
133, 50.00000000000, 898.47512145494, 176.17465588502, 4.12500003222, 0.00000000000, 0.00000000595, 0.00000002073
134, 50.00000000000, 941.41701127385, 49.24989576425, 4.12500003222, 0.00000000000, -0.00000000191, -0.00000000483
135, 50.00000000000, 954.65937215378, 30.60850571706, 4.12500003222, 0.00000000000, -0.00000000034, 0.00000001907
136, 50.00000000000, 972.40402886907, -30000000.00000000000, 0.00000000000, 0.00000000000, -0.00000035837, 0.66000001198
137, 50.00000000000, 989.33483943626, 43.35358295468, 4.12500003222, 0.00000000000, 0.00000000635, -0.00000005237
138, 50.00000000000, 987.56578034353, 76.43601396572, 4.12500003222, 0.00000000000, -0.00000000177, -0.00000000199
139, 50.00000000000, 1031.32907735432, -30000000.00000000000, 0.00000000000, 0.00000000000, -0.00000093901, 0.66000001198
140, 50.00000000000, 1040.42099259026, -30000000.00000000000, 0.00000000000, 0.00000000000, -0.00000085620, 0.66000001198
141, 50.00000000000, 1031.48004667278, 40.31223926039, 4.12500003222, 0.00000000000, 0.00000000492, -0.00000002706
142, 50.00000000000, 1080.47056507641, -30000000.00000000000, 0.00000000000, 0.00000000000, -0.00000023831, 0.66000001198
143, 50.00000000000, 1064.07768742449, 50.25110157750, 4.12500003222, 0.00000000000, 0.00000000417, 0.00000001445
144, 50.00000000000, 1061.14899676500, 12.19566415462, 4.12500003222, 0.00000000000, -0.00000000703, -0.00000000229
145, 50.00000000000, 1085.89501960569, 12.78208774241, 4.12500003222, 0.00000000000, 0.00000001318, -0.00000001357
146, 50.00000000000, 1115.41185623397, 35.40003557062, 4.12500003222, 0.00000000000, 0.00000000138, -0.00000000148
147, 50.00000000000, 1134.72542790803, 27.89026197921, 4.12500003222, 0.00000000000, 0.00000000179, 0.00000001182
148, 50.00000000000, 1144.28797156557, 117.04215099187, 4.12500003222, 0.00000000000, -0.00000000598, -0.00000000839
149, 50.00000000000, 1151.65229460411, 27.28988441841, 4.12500003222, 0.00000000000, 0.00000001088, -0.00000003118
150, 50.00000000000, 1167.95373798996, 35.43318609815, 4.12500003222, 0.00000000000, -0.00000000143, 0.00000000605
151, 50.00000000000, 1193.44344451360, 12.33999889147, 4.12500003222, 0.00000000000, 0.00000000058, -0.00000000041
152, 50.00000000000, 1179.88009868105, 122.53549233416, 4.12500003222, 0.00000000000, 0.00000000446, -0.00000001133
153, 50.00000000000, 1226.38216747423, 12.10438097143, 4.12500003222, 0.00000000000, 0.00000000478, 0.00000000615
154, 50.00000000000, 1242.82380376778, 27.50908203463, 4.12500003222, 0.00000000000, -0.00000000863, 0.00000002978
155, 50.00000000000, 1238.29196965183, 59.86379382544, 4.12500003222, 0.00000000000, 0.00000000114, 0.00000000760
156, 50.00000000000, 1243.07988164434, 98.58955921337, 4.12500003222, 0.00000000000, 0.00000000458, 0.00000000286
157, 50.00000000000, 1257.30728220571, 58.91846010989, 4.12500003222, 0.00000000000, 0.00000000474, -0.00000005090
158, 50.00000000000, 1258.29835119642, 112.97577941746, 4.12500003222, 0.00000000000, -0.00000000376, 0.00000002080
159, 50.00000000000, 1272.06848160508, 61.56003709213, 4.12500003222, 0.00000000000, -0.00000000183, 0.00000000173
160, 50.00000000000, 88.24437503721, 30.49298230259, 4.12500003222, 0.00000000000, 0.00000000230, 0.00000000045
161, 50.00000000000, 91.92753521764, 67.96429969832, 4.12500003222, 0.00000000000, -0.00000000512, -0.00000002000
162, 50.00000000000, 122.08451693267, 4.34473663822, 4.12500003222, 0.00000000000, -0.00000000040, 0.00000002746
163, 50.00000000000, 127.86929339940, 26.42043326465, 4.12500003222, 0.00000000000, -0.00000000158, 0.00000000149
164, 50.00000000000, 133.41734627936, 48.78565119162, 4.12500003222, 0.00000000000, 0.00000000638, 0.00000001519
165, 50.00000000000, 141.65087175091, 43.84300526833, 4.12500003222, 0.00000000000, 0.00000000495, -0.00000002928
166, 50.00000000000, 171.06518605247, 38.57966653442, 4.12500003222, 0.00000000000, -0.00000000137, -0.00000000675
167, 50.00000000000, 183.26941287421, 25.81507352023, 4.12500003222, 0.00000000000, 0.00000000732, 0.00000000544
168, 50.00000000000, 184.66489928970, 56.55693325523, 4.12500003222, 0.00000000000, -0.00000001449, -0.00000003334
169, 50.00000000000, 218.70340863877, 16.25362374947, 4.12500003222, 0.00000000000, 0.00000001098, -0.00000000696
170, 50.00000000000, 233.83377726775, 6.21465534076, 4.12500003222, 0.00000000000, -0.00000000233, -0.00000001834
171, 50.00000000000, 252.09826391175, 33.48250806653, 4.12500003222, 0.00000000000, -0.00000000242, -0.00000000513
172, 50.00000000000, 272.74356030922, 8.07423748373, 4.12500003222, 0.00000000000, -0.00000000312, 0.00000002548
173, 50.00000000000, 284.01606469243, 48.98592566950, 4.12500003222, 0.00000000000, -0.00000000507, 0.00000002089
174, 50.00000000000, 303.05017338326, 7.70892732101, 4.12500003222, 0.00000000000, 0.00000000716, 0.00000000054
175, 50.00000000000, 311.55992426973, 14.29853984326, 4.12500003222, 0.00000000000, 0.00000001120, -0.00000003713
176, 50.00000000000, 331.65532066317, 25.59095222123, 4.12500003222, 0.00000000000, -0.00000000904, 0.00000002536
177, 50.00000000000, 351.47322093112, 49.59873338793, 4.12500003222, 0.00000000000, -0.00000000655, 0.00000001750
178, 50.00000000000, 371.11741196585, 87.15641503967, 4.12500003222, 0.00000000000, 0.00000000220, -0.00000000558
179, 50.00000000000, 379.51496308389, 98.93736450507, 4.12500003222, 0.00000000000, -0.00000000921, -0.00000002234
180, 50.00000000000, 398.73565290025, 102.44587409589, 4.12500003222, 0.00000000000, 0.00000000416, -0.00000001167
181, 50.00000000000, 414.50922753445, 88.53298957138, 4.12500003222, 0.00000000000, -0.00000000030, -0.00000002184
182, 50.00000000000, 434.31559398336, 104.44008484263, 4.12500003222, 0.00000000000, 0.00000001172, -0.00000001968
183, 50.00000000000, 432.36001065467, 36.59412898296, 4.12500003222, 0.00000000000, -0.00000000662, 0.00000000249
184, 50.00000000000, 419.54036532895, -30000000.00000000000, 0.00000000000, 0.00000000000, 0.00000008439, 0.66000001198
185, 50.00000000000, 464.77249282718, 120.69230708973, 4.12500003222, 0.00000000000, 0.00000000015, -0.00000001096
186, 50.00000000000, 483.89290796853, 85.16090447104, 4.12500003222, 0.00000000000, 0.00000000340, 0.00000001303
187, 50.00000000000, 496.30545124674, 80.21517916613, 4.12500003222, 0.00000000000, 0.00000000804, -0.00000000133
188, 50.00000000000, 517.97942266771, 57.95658879148, 4.12500003222, 0.00000000000, 0.00000000245, -0.00000001574
189, 50.00000000000, 536.85900293983, 44.53635515716, 4.12500003222, 0.00000000000, -0.00000000004, -0.00000001909
190, 50.00000000000, 520.58267380689, -30000000.00000000000, 0.00000000000, 0.00000000000, 0.00000135806, 0.66000001198
191, 50.00000000000, 567.12277207809, 78.10478487759, 4.12500003222, 0.00000000000, -0.00000000085, 0.00000000108
192, 50.00000000000, 577.33586287058, 148.98359802982, 4.12500003222, 0.00000000000, 0.00000000399, 0.00000000801
193, 50.00000000000, 585.41035813952, 182.71621442584, 4.12500003222, 0.00000000000, 0.00000000992, 0.00000000795
194, 50.00000000000, 602.40895440068, 168.44757656921, 4.12500003222, 0.00000000000, 0.00000000140, 0.00000002660
195, 50.00000000000, 612.28101428985, -30000000.00000000000, 0.00000000000, 0.00000000000, 0.00000223237, 0.66000001198
196, 50.00000000000, 639.89820585641, -30000000.00000000000, 0.00000000000, 0.00000000000, 0.00000073799, 0.66000001198
197, 50.00000000000, 653.53228575771, -30000000.00000000000, 0.00000000000, 0.00000000000, -0.00000007266, 0.66000001198
198, 50.00000000000, 676.85835213770, 53.71358306870, 4.12500003222, 0.00000000000, -0.00000000185, 0.00000000262
199, 50.00000000000, 673.06020826581, -30000000.00000000000, 0.00000000000, 0.00000000000, 0.00000070719, 0.66000001198
200, 50.00000000000, 712.83036598433, 93.39584491458, 4.12500003222, 0.00000000000, -0.00000000120, 0.00000000462
201, 50.00000000000, 728.64474339622, 95.75065995457, 4.12500003222, 0.00000000000, -0.00000000074, -0.00000004221
202, 50.00000000000, 729.33718693903, 41.07974470548, 4.12500003222, 0.00000000000, -0.00000000111, 0.00000000593
203, 50.00000000000, 756.44150424276, -30000000.00000000000, 0.00000000000, 0.00000000000, -0.00000024601, 0.66000001198
204, 50.00000000000, 765.68247227427, -30000000.00000000000, 0.00000000000, 0.00000000000, -0.00000020833, 0.66000001198
205, 50.00000000000, 796.73794955069, 33.33124632490, 4.12500003222, 0.00000000000, 0.00000000582, -0.00000000391
206, 50.00000000000, 815.87027141792, 28.47691599741, 4.12500003222, 0.00000000000, 0.00000000146, 0.00000001652
207, 50.00000000000, 809.62824377160, 61.85216292202, 4.12500003222, 0.00000000000, -0.00000000510, 0.00000003760
208, 50.00000000000, 828.04629995362, 92.49887915682, 4.12500003222, 0.00000000000, -0.00000000128, -0.00000002378
209, 50.00000000000, 829.09476308899, 60.71164573460, 4.12500003222, 0.00000000000, -0.00000000008, 0.00000002552
210, 50.00000000000, 866.59283745094, -30000000.00000000000, 0.00000000000, 0.00000000000, 0.00000161984, 0.66000001198
211, 50.00000000000, 890.63605409679, -30000000.00000000000, 0.00000000000, 0.00000000000, 0.00000103109, 0.66000001198
212, 50.00000000000, 897.41366917596, 35.17181933102, 4.12500003222, 0.00000000000, -0.00000000026, 0.00000000382
213, 50.00000000000, 915.76837511254, -30000000.00000000000, 0.00000000000, 0.00000000000, -0.00000147500, 0.66000001198
214, 50.00000000000, 935.27248351811, 94.05366427642, 4.12500003222, 0.00000000000, 0.00000000528, 0.00000000090
215, 50.00000000000, 953.95572750644, 43.26082249871, 4.12500003222, 0.00000000000, -0.00000000803, -0.00000001833
216, 50.00000000000, 974.18395052981, 41.00626213631, 4.12500003222, 0.00000000000, -0.00000000095, -0.00000000056
217, 50.00000000000, 984.27381532761, -30000000.00000000000, 0.00000000000, 0.00000000000, -0.00000176700, 0.66000001198
218, 50.00000000000, 1003.32229807529, -30000000.00000000000, 0.00000000000, 0.00000000000, 0.00000034875, 0.66000001198
219, 50.00000000000, 1025.88273151686, -30000000.00000000000, 0.00000000000, 0.00000000000, -0.00000022594, 0.66000001198
220, 50.00000000000, 995.72210163846, 110.45129726459, 4.12500003222, 0.00000000000, -0.00000000490, 0.00000000998
221, 50.00000000000, 1043.91080939801, 37.09849318416, 4.12500003222, 0.00000000000, -0.00000000595, 0.00000000770
222, 50.00000000000, 1055.93754249379, 48.49084180997, 4.12500003222, 0.00000000000, 0.00000000516, 0.00000000674
223, 50.00000000000, 1062.93411164613, 34.25577964142, 4.12500003222, 0.00000000000, -0.00000000434, 0.00000003754
224, 50.00000000000, 1071.26851470491, 14.15075132288, 4.12500003222, 0.00000000000, -0.00000000389, -0.00000000865
225, 50.00000000000, 1104.59870900976, 24.00541799203, 4.12500003222, 0.00000000000, -0.00000000952, -0.00000000234
226, 50.00000000000, 1099.55884824223, 81.02550749771, 4.12500003222, 0.00000000000, -0.00000000793, 0.00000000637
227, 50.00000000000, 1127.92518452697, 48.54509966481, 4.12500003222, 0.00000000000, -0.00000000803, -0.00000001373
228, 50.00000000000, 1136.99306274889, 10.09290185717, 4.12500003222, 0.00000000000, 0.00000000148, -0.00000001833
229, 50.00000000000, 1155.01346234432, 15.72020644172, 4.12500003222, 0.00000000000, -0.00000000438, 0.00000003506
230, 50.00000000000, 1171.42469087237, 14.34471413497, 4.12500003222, 0.00000000000, -0.00000000573, -0.00000002380
231, 50.00000000000, 1190.38219125658, 60.83112724206, 4.12500003222, 0.00000000000, -0.00000001587, 0.00000000825
232, 50.00000000000, 1210.64192440488, 30.49066224199, 4.12500003222, 0.00000000000, -0.00000000578, 0.00000001418
233, 50.00000000000, 1204.75192189614, 54.50889808726, 4.12500003222, 0.00000000000, -0.00000001230, -0.00000004385
234, 50.00000000000, 1213.71715789749, 61.55767504839, 4.12500003222, 0.00000000000, 0.00000000666, -0.00000001145
235, 50.00000000000, 1228.77061381800, 79.58483867251, 4.12500003222, 0.00000000000, 0.00000000783, 0.00000001028
236, 50.00000000000, 1272.47261655274, 7.06666069185, 4.12500003222, 0.00000000000, -0.00000000653, -0.00000000501
237, 50.00000000000, 1254.36813574056, 76.74569359613, 4.12500003222, 0.00000000000, 0.00000000176, 0.00000004976
238, 50.00000000000, 1260.89622371959, 91.02068445963, 4.12500003222, 0.00000000000, -0.00000000555, -0.00000004394
239, 50.00000000000, 1285.92176984386, 90.56296882943, 4.12500003222, 0.00000000000, -0.00000000105, 0.00000001744
240, 50.00000000000, 96.27788360096, 44.63846466557, 4.12500003222, 0.00000000000, 0.00000000082, 0.00000000463
241, 50.00000000000, 88.72774306153, 12.13536754060, 4.12500003222, 0.00000000000, 0.00000000453, 0.00000000294
242, 50.00000000000, 109.15507454928, 25.08195771481, 4.12500003222, 0.00000000000, -0.00000000334, -0.00000001597
243, 50.00000000000, 120.96313736035, 77.29869515210, 4.12500003222, 0.00000000000, -0.00000000423, 0.00000000729
244, 50.00000000000, 138.24792156649, 78.70061017655, 4.12500003222, 0.00000000000, 0.00000000175, -0.00000000783
245, 50.00000000000, 149.57959090968, 64.85073544164, 4.12500003222, 0.00000000000, -0.00000000865, -0.00000000452
246, 50.00000000000, 163.05206207630, 22.21159990655, 4.12500003222, 0.00000000000, -0.00000000193, 0.00000001062
247, 50.00000000000, 144.95682517368, 108.18885988758, 4.12500003222, 0.00000000000, 0.00000000396, 0.00000000412
248, 50.00000000000, 155.54030680904, 73.85664411803, 4.12500003222, 0.00000000000, -0.00000000422, 0.00000001098
249, 50.00000000000, 163.71273366407, 79.99908734734, 4.12500003222, 0.00000000000, -0.00000000351, -0.00000003577
250, 50.00000000000, 218.37248864812, 26.52481097111, 4.12500003222, 0.00000000000, 0.00000000128, 0.00000001297
251, 50.00000000000, 195.82434895739, 94.47366779647, 4.12500003222, 0.00000000000, 0.00000000465, 0.00000001344
252, 50.00000000000, 260.57087794456, 52.13564864475, 4.12500003222, 0.00000000000, 0.00000000430, 0.00000004136
253, 50.00000000000, 287.77568876853, 36.67539297445, 4.12500003222, 0.00000000000, -0.00000000411, -0.00000005103
254, 50.00000000000, 252.91861663738, 113.82846676173, 4.12500003222, 0.00000000000, 0.00000000306, 0.00000001061
255, 50.00000000000, 254.72861729221, 135.41694957643, 4.12500003222, 0.00000000000, 0.00000000175, 0.00000000076
256, 50.00000000000, 277.49606605748, 163.82857191159, 4.12500003222, 0.00000000000, -0.00000000213, -0.00000000414
257, 50.00000000000, 349.59114450947, 60.52066152141, 4.12500003222, 0.00000000000, -0.00000000405, -0.00000002325
258, 50.00000000000, 370.32689873828, 74.88809841251, 4.12500003222, 0.00000000000, 0.00000000545, 0.00000000764
259, 50.00000000000, 378.47418283943, 33.91965622995, 4.12500003222, 0.00000000000, 0.00000000373, -0.00000000812
260, 50.00000000000, 395.21303257486, 48.11615799887, 4.12500003222, 0.00000000000, 0.00000000561, 0.00000001267
261, 50.00000000000, 403.26080181304, 55.76708797050, 4.12500003222, 0.00000000000, -0.00000000168, 0.00000000116
262, 50.00000000000, 388.93887788843, -30000000.00000000000, 0.00000000000, 0.00000000000, 0.00000061209, 0.66000001198
263, 50.00000000000, 449.93186762627, 87.56326449111, 4.12500003222, 0.00000000000, 0.00000000399, 0.00000001984
264, 50.00000000000, 445.49031230935, 54.12480694894, 4.12500003222, 0.00000000000, 0.00000000279, 0.00000000761
265, 50.00000000000, 465.58729202831, 82.83946564196, 4.12500003222, 0.00000000000, -0.00000000051, 0.00000000605
266, 50.00000000000, 483.71377685520, 119.70098205355, 4.12500003222, 0.00000000000, -0.00000000366, -0.00000001437
267, 50.00000000000, 506.10806100975, 89.27915770525, 4.12500003222, 0.00000000000, 0.00000000934, 0.00000000781
268, 50.00000000000, 513.41409154261, 78.15251508526, 4.12500003222, 0.00000000000, 0.00000000536, 0.00000003055
269, 50.00000000000, 537.23197722996, 59.37297409109, 4.12500003222, 0.00000000000, -0.00000000317, 0.00000001160
270, 50.00000000000, 531.84524923006, -30000000.00000000000, 0.00000000000, 0.00000000000, -0.00000014633, 0.66000001198
271, 50.00000000000, 569.57930221286, 100.38474735949, 4.12500003222, 0.00000000000, -0.00000000532, 0.00000002083
272, 50.00000000000, 575.17990429855, 61.33175988291, 4.12500003222, 0.00000000000, -0.00000000315, -0.00000002036
273, 50.00000000000, 609.14206752439, 135.79064796257, 4.12500003222, 0.00000000000, 0.00000000235, -0.00000000537
274, 50.00000000000, 618.00238244654, 103.16254491850, 4.12500003222, 0.00000000000, 0.00000000761, -0.00000001078
275, 50.00000000000, 622.59892312367, 83.31814590566, 4.12500003222, 0.00000000000, -0.00000001175, 0.00000003369
276, 50.00000000000, 629.15038711257, -30000000.00000000000, 0.00000000000, 0.00000000000, 0.00000099221, 0.66000001198
277, 50.00000000000, 665.88922711840, 70.54455670070, 4.12500003222, 0.00000000000, 0.00000000733, 0.00000000058
278, 50.00000000000, 660.57065993030, -30000000.00000000000, 0.00000000000, 0.00000000000, -0.00000089032, 0.66000001198
279, 50.00000000000, 679.55863541698, 37.18238694634, 4.12500003222, 0.00000000000, -0.00000000067, -0.00000000062
280, 50.00000000000, 694.87787975621, -30000000.00000000000, 0.00000000000, 0.00000000000, -0.00000029079, 0.66000001198
281, 50.00000000000, 720.03113133172, 77.16344800135, 4.12500003222, 0.00000000000, 0.00000000382, -0.00000001118
282, 50.00000000000, 745.01697509145, -30000000.00000000000, 0.00000000000, 0.00000000000, -0.00000014535, 0.66000001198
283, 50.00000000000, 765.10388318761, 111.31447808481, 4.12500003222, 0.00000000000, -0.00000000722, 0.00000000634
284, 50.00000000000, 775.69153263394, 72.66088568072, 4.12500003222, 0.00000000000, 0.00000000905, 0.00000005848
285, 50.00000000000, 786.29845201467, -30000000.00000000000, 0.00000000000, 0.00000000000, 0.00000050588, 0.66000001198
286, 50.00000000000, 817.16677684532, 45.49819657822, 4.12500003222, 0.00000000000, -0.00000000093, -0.00000005190
287, 50.00000000000, 835.91910706541, 40.44591866002, 4.12500003222, 0.00000000000, -0.00000000206, -0.00000000269
288, 50.00000000000, 839.46921890601, -30000000.00000000000, 0.00000000000, 0.00000000000, -0.00000101373, 0.66000001198
289, 50.00000000000, 868.74039155265, 57.91000637518, 4.12500003222, 0.00000000000, 0.00000000025, 0.00000000528
290, 50.00000000000, 859.81278098057, 79.06958827078, 4.12500003222, 0.00000000000, 0.00000000029, -0.00000003254
291, 50.00000000000, 878.19274304414, 40.32597289440, 4.12500003222, 0.00000000000, -0.00000000084, 0.00000000186
292, 50.00000000000, 905.22338823391, -30000000.00000000000, 0.00000000000, 0.00000000000, -0.00000110819, 0.66000001198
293, 50.00000000000, 916.88789521989, 86.78697957554, 4.12500003222, 0.00000000000, 0.00000000223, -0.00000000640
294, 50.00000000000, 919.88983731651, 33.53606743914, 4.12500003222, 0.00000000000, -0.00000000735, -0.00000001165
295, 50.00000000000, 939.94326399248, 24.50160943880, 4.12500003222, 0.00000000000, -0.00000000068, -0.00000000708
296, 50.00000000000, 966.11854773025, 74.86278124963, 4.12500003222, 0.00000000000, 0.00000001380, 0.00000002692
297, 50.00000000000, 976.43766281474, 62.90593417453, 4.12500003222, 0.00000000000, -0.00000000135, 0.00000005168
298, 50.00000000000, 998.12439116229, 64.64943669568, 4.12500003222, 0.00000000000, -0.00000000568, -0.00000003016
299, 50.00000000000, 1030.85399897460, -30000000.00000000000, 0.00000000000, 0.00000000000, -0.00000088796, 0.66000001198
300, 50.00000000000, 1023.79180324431, 48.13569442637, 4.12500003222, 0.00000000000, -0.00000000441, 0.00000002357
301, 50.00000000000, 1041.22658963220, 74.62807666825, 4.12500003222, 0.00000000000, -0.00000000299, -0.00000002980
302, 50.00000000000, 1044.54314140225, 59.34106041845, 4.12500003222, 0.00000000000, 0.00000000892, -0.00000000567
303, 50.00000000000, 1095.76986868288, -30000000.00000000000, 0.00000000000, 0.00000000000, -0.00000083959, 0.66000001198
304, 50.00000000000, 1074.45546419777, 56.08686287280, 4.12500003222, 0.00000000000, -0.00000000130, -0.00000001402
305, 50.00000000000, 1103.62482831899, 49.51495268655, 4.12500003222, 0.00000000000, 0.00000000198, -0.00000002345
306, 50.00000000000, 1096.85883763835, 7.62875034981, 4.12500003222, 0.00000000000, -0.00000000561, 0.00000002892
307, 50.00000000000, 1116.69005888590, 69.04596655801, 4.12500003222, 0.00000000000, 0.00000001544, 0.00000007556
308, 50.00000000000, 1146.57262301203, 48.53334756646, 4.12500003222, 0.00000000000, 0.00000000423, 0.00000005984
309, 50.00000000000, 1166.27957734283, 57.55740121676, 4.12500003222, 0.00000000000, -0.00000000977, 0.00000000042
310, 50.00000000000, 1177.81554836924, 5.33148530392, 4.12500003222, 0.00000000000, -0.00000000255, 0.00000000724
311, 50.00000000000, 1174.90268406907, 66.69769677928, 4.12500003222, 0.00000000000, 0.00000001447, -0.00000001162
312, 50.00000000000, 1213.96477553457, 8.22940254804, 4.12500003222, 0.00000000000, 0.00000000311, 0.00000000782
313, 50.00000000000, 1206.83761491650, 22.22820819161, 4.12500003222, 0.00000000000, 0.00000000304, 0.00000003201
314, 50.00000000000, 1205.63105898171, 75.29366045024, 4.12500003222, 0.00000000000, -0.00000001330, 0.00000000425
315, 50.00000000000, 1226.14221577600, 46.49049999661, 4.12500003222, 0.00000000000, -0.00000000134, -0.00000000616
316, 50.00000000000, 1237.79205857778, 82.94659419219, 4.12500003222, 0.00000000000, 0.00000000860, 0.00000000656
317, 50.00000000000, 1256.83996502319, 45.98502771505, 4.12500003222, 0.00000000000, 0.00000000940, -0.00000001162
318, 50.00000000000, 1275.58379544214, 29.57765089473, 4.12500003222, 0.00000000000, 0.00000000969, 0.00000001565
319, 50.00000000000, 1294.96422824605, 53.68784716134, 4.12500003222, 0.00000000000, -0.00000000300, -0.00000002790
320, 50.00000000000, -15.81525601760, 140.37705150882, 4.12500003222, 0.00000000000, -0.00000000000, 0.00000000000
321, 50.00000000000, 99.05507011519, 7.82728309419, 4.12500003222, 0.00000000000, 0.00000000882, 0.00000004947
322, 50.00000000000, 104.66362716257, 58.54696956393, 4.12500003222, 0.00000000000, -0.00000000443, 0.00000001773
323, 50.00000000000, 117.73156294735, 37.41084237392, 4.12500003222, 0.00000000000, 0.00000000586, -0.00000000218
324, 50.00000000000, 73.44495054972, 180.18503719991, 4.12500003222, 0.00000000000, 0.00000000000, 0.00000000000
325, 50.00000000000, 151.98889994611, 25.21505937121, 4.12500003222, 0.00000000000, 0.00000000023, -0.00000003809
326, 50.00000000000, 165.94692553884, 44.85973737754, 4.12500003222, 0.00000000000, -0.00000001305, 0.00000001456
327, 50.00000000000, 187.47165474304, 42.45269506385, 4.12500003222, 0.00000000000, 0.00000000871, -0.00000002099
328, 50.00000000000, 197.00856604978, 21.84273093524, 4.12500003222, 0.00000000000, -0.00000000733, 0.00000002934
329, 50.00000000000, 187.15561307963, 72.82869264758, 4.12500003222, 0.00000000000, 0.00000000378, -0.00000002285
330, 50.00000000000, 198.81712394063, 110.76044889638, 4.12500003222, 0.00000000000, -0.00000000522, 0.00000000290
331, 50.00000000000, 202.86433416361, 80.02863806097, 4.12500003222, 0.00000000000, 0.00000000755, 0.00000000588
332, 50.00000000000, 276.57479680796, 55.83704152235, 4.12500003222, 0.00000000000, -0.00000000242, -0.00000001810
333, 50.00000000000, 288.10321867129, 84.30780652602, 4.12500003222, 0.00000000000, -0.00000000111, 0.00000001066
334, 50.00000000000, 307.29534697086, 80.07114794869, 4.12500003222, 0.00000000000, 0.00000000502, 0.00000002106
335, 50.00000000000, 258.03111757614, 156.02460760141, 4.12500003222, 0.00000000000, 0.00000000015, -0.00000000772
336, 50.00000000000, 329.37307687475, 48.74379384093, 4.12500003222, 0.00000000000, 0.00000001002, 0.00000003833
337, 50.00000000000, 360.11086053616, 91.56160117608, 4.12500003222, 0.00000000000, 0.00000000543, -0.00000002195
338, 50.00000000000, 362.98502649870, 64.68056059227, 4.12500003222, 0.00000000000, 0.00000000264, 0.00000001174
339, 50.00000000000, 340.00595498222, -30000000.00000000000, 0.00000000000, 0.00000000000, -0.00000017105, 0.66000001198
340, 50.00000000000, 382.63067171918, 53.72643706397, 4.12500003222, 0.00000000000, -0.00000000365, 0.00000001288
341, 50.00000000000, 414.15146983637, 47.02287384535, 4.12500003222, 0.00000000000, 0.00000000050, 0.00000002456
342, 50.00000000000, 420.22151863897, 70.85603683861, 4.12500003222, 0.00000000000, -0.00000000173, 0.00000001831
343, 50.00000000000, 411.95594727245, -30000000.00000000000, 0.00000000000, 0.00000000000, 0.00000040949, 0.66000001198
344, 50.00000000000, 421.63645327278, -30000000.00000000000, 0.00000000000, 0.00000000000, 0.00000031613, 0.66000001198
345, 50.00000000000, 468.47027599097, 99.75772525546, 4.12500003222, 0.00000000000, -0.00000000821, 0.00000001482
346, 50.00000000000, 477.23289657200, 69.55297749510, 4.12500003222, 0.00000000000, 0.00000000142, -0.00000001241
347, 50.00000000000, 498.79104359555, 67.13163446585, 4.12500003222, 0.00000000000, -0.00000000054, -0.00000000697
348, 50.00000000000, 517.87420807146, 48.02509732847, 4.12500003222, 0.00000000000, 0.00000000413, -0.00000001040
349, 50.00000000000, 508.76185780467, -30000000.00000000000, 0.00000000000, 0.00000000000, 0.00000080948, 0.66000001198
350, 50.00000000000, 567.62202828287, 132.16742140960, 4.12500003222, 0.00000000000, 0.00000000469, -0.00000000835
351, 50.00000000000, 577.59731165568, 84.35222222857, 4.12500003222, 0.00000000000, 0.00000000984, 0.00000001456
352, 50.00000000000, 580.27768610713, 115.63170258716, 4.12500003222, 0.00000000000, -0.00000000040, -0.00000000691
353, 50.00000000000, 590.20492130542, 72.76429882816, 4.12500003222, 0.00000000000, 0.00000000619, -0.00000000433
354, 50.00000000000, 607.99909043885, 102.12637066881, 4.12500003222, 0.00000000000, 0.00000000054, -0.00000002280
355, 50.00000000000, 624.69066927514, 94.67345345082, 4.12500003222, 0.00000000000, 0.00000000570, 0.00000000466
356, 50.00000000000, 623.48641106817, 173.10573761906, 4.12500003222, 0.00000000000, -0.00000000402, -0.00000000270
357, 50.00000000000, 654.49881765002, 104.23223299210, 4.12500003222, 0.00000000000, -0.00000001287, -0.00000001658
358, 50.00000000000, 644.71541712734, 173.15698954646, 4.12500003222, 0.00000000000, -0.00000000051, 0.00000003388
359, 50.00000000000, 683.79355610753, -30000000.00000000000, 0.00000000000, 0.00000000000, -0.00000056277, 0.66000001198
360, 50.00000000000, 713.41746489488, 112.38292047022, 4.12500003222, 0.00000000000, -0.00000000423, 0.00000001386
361, 50.00000000000, 725.59796669241, 24.42982322540, 4.12500003222, 0.00000000000, 0.00000000057, 0.00000000656
362, 50.00000000000, 748.52807359041, 105.72541802786, 4.12500003222, 0.00000000000, 0.00000000924, 0.00000001665
363, 50.00000000000, 744.23916339779, 28.50605144880, 4.12500003222, 0.00000000000, 0.00000000250, 0.00000002803
364, 50.00000000000, 755.43022119062, 73.32330107773, 4.12500003222, 0.00000000000, -0.00000000412, 0.00000002050
365, 50.00000000000, 790.26322609647, 235.32207234079, 4.12500003222, 0.00000000000, -0.00000000088, 0.00000000290
366, 50.00000000000, 807.98956735489, -30000000.00000000000, 0.00000000000, 0.00000000000, -0.00000008405, 0.66000001198
367, 50.00000000000, 811.47827788867, -30000000.00000000000, 0.00000000000, 0.00000000000, 0.00000036708, 0.66000001198
368, 50.00000000000, 833.69649444093, -30000000.00000000000, 0.00000000000, 0.00000000000, -0.00000141773, 0.66000001198
369, 50.00000000000, 830.03873665305, 114.70920434209, 4.12500003222, 0.00000000000, 0.00000000685, -0.00000000289
370, 50.00000000000, 862.09386095431, 100.33609371027, 4.12500003222, 0.00000000000, 0.00000000282, -0.00000000459
371, 50.00000000000, 890.63339669740, -30000000.00000000000, 0.00000000000, 0.00000000000, 0.00000103162, 0.66000001198
372, 50.00000000000, 896.51045375743, 79.48665998491, 4.12500003222, 0.00000000000, 0.00000000164, -0.00000000860
373, 50.00000000000, 909.96651738162, 47.98256748551, 4.12500003222, 0.00000000000, 0.00000000283, 0.00000000015
374, 50.00000000000, 932.89191040555, 38.75342847727, 4.12500003222, 0.00000000000, -0.00000000041, 0.00000004006
375, 50.00000000000, 963.24966930524, -30000000.00000000000, 0.00000000000, 0.00000000000, 0.00000058485, 0.66000001198
376, 50.00000000000, 975.56517072570, -30000000.00000000000, 0.00000000000, 0.00000000000, -0.00000023486, 0.66000001198
377, 50.00000000000, 979.42703885147, 9.84088855419, 4.12500003222, 0.00000000000, -0.00000000031, 0.00000002923
378, 50.00000000000, 990.87896744589, 28.32311173840, 4.12500003222, 0.00000000000, -0.00000000643, -0.00000002295
379, 50.00000000000, 1010.03861325492, 68.05096525938, 4.12500003222, 0.00000000000, 0.00000000156, -0.00000000493
380, 50.00000000000, 1021.74238680489, 61.05049093648, 4.12500003222, 0.00000000000, 0.00000000086, 0.00000001834
381, 50.00000000000, 1035.20664536018, 91.84254743085, 4.12500003222, 0.00000000000, -0.00000000154, -0.00000000650
382, 50.00000000000, 1053.51134310017, 66.78006939641, 4.12500003222, 0.00000000000, 0.00000000587, -0.00000000108
383, 50.00000000000, 1064.76416096774, 71.76683699879, 4.12500003222, 0.00000000000, -0.00000000452, -0.00000002047
384, 50.00000000000, 1073.82997867493, 33.14784142997, 4.12500003222, 0.00000000000, -0.00000000632, 0.00000004240
385, 50.00000000000, 1093.60238289510, 42.76238053286, 4.12500003222, 0.00000000000, 0.00000000417, 0.00000002982
386, 50.00000000000, 1114.07064068341, 43.58902153772, 4.12500003222, 0.00000000000, 0.00000000105, 0.00000002292
387, 50.00000000000, 1116.41817297366, 11.76787411796, 4.12500003222, 0.00000000000, -0.00000000383, 0.00000002006
388, 50.00000000000, 1133.60182172177, 42.70339084126, 4.12500003222, 0.00000000000, -0.00000001273, -0.00000002058
389, 50.00000000000, 1145.27649356759, 84.77606924167, 4.12500003222, 0.00000000000, -0.00000000181, -0.00000001989
390, 50.00000000000, 1168.50441259239, 89.04939848043, 4.12500003222, 0.00000000000, 0.00000000073, 0.00000000086
391, 50.00000000000, 1179.25254515515, 76.14434814146, 4.12500003222, 0.00000000000, -0.00000000104, -0.00000002054
392, 50.00000000000, 1201.46118193928, 44.54701888632, 4.12500003222, 0.00000000000, 0.00000001021, -0.00000003579
393, 50.00000000000, 1226.52276900238, 27.70729476550, 4.12500003222, 0.00000000000, -0.00000000778, -0.00000002602
394, 50.00000000000, 1213.58500828367, 84.21029666107, 4.12500003222, 0.00000000000, -0.00000000409, 0.00000000641
395, 50.00000000000, 1227.07475769077, 64.71163754675, 4.12500003222, 0.00000000000, 0.00000000542, -0.00000000595
396, 50.00000000000, 1241.15687139335, 43.92505209651, 4.12500003222, 0.00000000000, -0.00000000247, -0.00000000892
397, 50.00000000000, 1249.22646416234, 92.51311563173, 4.12500003222, 0.00000000000, -0.00000000578, 0.00000001894
398, 50.00000000000, 1278.77927721817, 107.67642679991, 4.12500003222, 0.00000000000, 0.00000001155, 0.00000001010
399, 50.00000000000, 1275.81080577091, 42.45570193788, 4.12500003222, 0.00000000000, 0.00000000165, 0.00000001634
400, 50.00000000000, 75.99663119505, 30.72685694566, 4.12500003222, 0.00000000000, 0.00000000336, 0.00000000047
401, 50.00000000000, 85.38087801162, 52.99940184687, 4.12500003222, 0.00000000000, -0.00000000607, 0.00000000247
402, 50.00000000000, 111.80900408697, 95.67981924475, 4.12500003222, 0.00000000000, 0.00000000312, 0.00000001935
403, 50.00000000000, 113.90179259118, 60.04853188952, 4.12500003222, 0.00000000000, -0.00000000634, 0.00000001354
404, 50.00000000000, 136.88980001878, 61.79049282780, 4.12500003222, 0.00000000000, 0.00000000303, -0.00000002974
405, 50.00000000000, 141.01382886383, 11.51373814856, 4.12500003222, 0.00000000000, 0.00000000321, 0.00000001719
406, 50.00000000000, 163.43856166403, 34.09648798019, 4.12500003222, 0.00000000000, -0.00000000115, 0.00000001219
407, 50.00000000000, 147.95550748715, 90.15000966275, 4.12500003222, 0.00000000000, 0.00000000499, 0.00000000054
408, 50.00000000000, 167.86336527160, 60.38816518722, 4.12500003222, 0.00000000000, 0.00000000939, 0.00000001324
409, 50.00000000000, 194.35979328547, 62.22395651616, 4.12500003222, 0.00000000000, -0.00000000093, -0.00000000419
410, 50.00000000000, 179.66534066669, 79.77916675675, 4.12500003222, 0.00000000000, -0.00000000307, 0.00000003787
411, 50.00000000000, 204.71418049420, 254.07852119669, 4.12500003222, 0.00000000000, 0.00000000000, 0.00000000000
412, 50.00000000000, 236.22878624131, 126.59372991930, 4.12500003222, 0.00000000000, 0.00000000092, -0.00000000125
413, 50.00000000000, 234.67611552191, 215.74729174650, 4.12500003222, 0.00000000000, 0.00000000000, 0.00000000000
414, 50.00000000000, 294.17257522970, 67.77449020862, 4.12500003222, 0.00000000000, -0.00000000106, -0.00000003139
415, 50.00000000000, 326.32268556605, 80.99849716506, 4.12500003222, 0.00000000000, -0.00000000004, 0.00000002186
416, 50.00000000000, 323.31501341541, 15.83940102444, 4.12500003222, 0.00000000000, -0.00000000448, 0.00000000729
417, 50.00000000000, 343.14887392823, 29.72963143328, 4.12500003222, 0.00000000000, -0.00000000523, -0.00000003381
418, 50.00000000000, 322.42956292726, -30000000.00000000000, 0.00000000000, 0.00000000000, 0.00000072823, 0.66000001198
419, 50.00000000000, 339.49563006144, -30000000.00000000000, 0.00000000000, 0.00000000000, -0.00000011559, 0.66000001198
420, 50.00000000000, 353.13639307633, 166.53792361201, 4.12500003222, 0.00000000000, 0.00000000000, 0.00000000000
421, 50.00000000000, 411.44220242059, 111.77198223738, 4.12500003222, 0.00000000000, 0.00000000271, 0.00000002286
422, 50.00000000000, 425.45312334377, 127.30875640163, 4.12500003222, 0.00000000000, 0.00000000198, -0.00000001483
423, 50.00000000000, 405.77340567594, -30000000.00000000000, 0.00000000000, 0.00000000000, 0.00000163363, 0.66000001198
424, 50.00000000000, 446.10083688737, 124.64155219498, 4.12500003222, 0.00000000000, -0.00000000161, -0.00000001441
425, 50.00000000000, 431.99413008865, -30000000.00000000000, 0.00000000000, 0.00000000000, -0.00000150851, 0.66000001198
426, 50.00000000000, 481.71619419400, 62.58237063888, 4.12500003222, 0.00000000000, -0.00000000073, -0.00000000384
427, 50.00000000000, 457.58524893502, 215.13940809982, 4.12500003222, 0.00000000000, -0.00000000276, 0.00000000001
428, 50.00000000000, 526.53922013772, 79.10162733549, 4.12500003222, 0.00000000000, -0.00000001159, 0.00000000395
429, 50.00000000000, 507.52694227155, -30000000.00000000000, 0.00000000000, 0.00000000000, 0.00000032952, 0.66000001198
430, 50.00000000000, 557.82982809252, 115.44505026718, 4.12500003222, 0.00000000000, 0.00000000282, -0.00000001408
431, 50.00000000000, 553.78559818318, 93.23077725843, 4.12500003222, 0.00000000000, 0.00000000433, 0.00000000805
432, 50.00000000000, 567.79009194951, -30000000.00000000000, 0.00000000000, 0.00000000000, -0.00000171706, 0.66000001198
433, 50.00000000000, 600.90606126436, 88.62770620315, 4.12500003222, 0.00000000000, 0.00000000209, -0.00000000746
434, 50.00000000000, 597.04479722782, 148.49594097384, 4.12500003222, 0.00000000000, -0.00000000168, -0.00000001054
435, 50.00000000000, 629.49854989706, 71.84556840091, 4.12500003222, 0.00000000000, -0.00000000514, -0.00000004114
436, 50.00000000000, 645.44175933718, 83.21366453842, 4.12500003222, 0.00000000000, 0.00000000465, 0.00000002700
437, 50.00000000000, 662.85062489118, 87.20285464996, 4.12500003222, 0.00000000000, 0.00000000134, -0.00000001561
438, 50.00000000000, 664.23471664419, 54.57612252502, 4.12500003222, 0.00000000000, 0.00000000004, -0.00000001640
439, 50.00000000000, 688.30337083261, 58.48069913608, 4.12500003222, 0.00000000000, -0.00000000044, -0.00000000245
440, 50.00000000000, 702.39034847108, 72.93121744592, 4.12500003222, 0.00000000000, 0.00000000085, 0.00000000012
441, 50.00000000000, 718.97314057585, -30000000.00000000000, 0.00000000000, 0.00000000000, -0.00000019778, 0.66000001198
442, 50.00000000000, 730.38082713688, -30000000.00000000000, 0.00000000000, 0.00000000000, 0.00000005238, 0.66000001198
443, 50.00000000000, 756.09875057964, 39.82389072763, 4.12500003222, 0.00000000000, -0.00000000008, -0.00000002059
444, 50.00000000000, 747.61225772983, 124.36315671656, 4.12500003222, 0.00000000000, 0.00000000019, -0.00000000154
445, 50.00000000000, 787.04637495421, 55.99535322291, 4.12500003222, 0.00000000000, 0.00000000525, -0.00000001359
446, 50.00000000000, 804.62401460365, 93.55757190328, 4.12500003222, 0.00000000000, 0.00000000291, -0.00000000658
447, 50.00000000000, 796.99809096435, 72.65100445462, 4.12500003222, 0.00000000000, 0.00000000272, -0.00000001023
448, 50.00000000000, 820.69605614365, 103.43231031703, 4.12500003222, 0.00000000000, -0.00000000003, -0.00000001307
449, 50.00000000000, 857.16119559965, 39.96400662190, 4.12500003222, 0.00000000000, -0.00000000061, 0.00000000173
450, 50.00000000000, 842.80591682846, 150.36342271410, 4.12500003222, 0.00000000000, -0.00000000082, 0.00000001163
451, 50.00000000000, 878.94069377243, 72.46384524867, 4.12500003222, 0.00000000000, -0.00000000144, -0.00000002057
452, 50.00000000000, 906.72404817217, -30000000.00000000000, 0.00000000000, 0.00000000000, -0.00000081974, 0.66000001198
453, 50.00000000000, 881.44607048038, 187.14781827450, 4.12500003222, 0.00000000000, 0.00000001564, 0.00000001736
454, 50.00000000000, 932.94497636729, 71.72330431574, 4.12500003222, 0.00000000000, -0.00000000188, 0.00000001990
455, 50.00000000000, 960.53549386189, -30000000.00000000000, 0.00000000000, 0.00000000000, 0.00000106156, 0.66000001198
456, 50.00000000000, 953.85569381509, 64.97623956634, 4.12500003222, 0.00000000000, 0.00000000215, -0.00000002292
457, 50.00000000000, 993.12444048294, 216.06749372269, 4.12500003222, 0.00000000000, 0.00000000000, 0.00000000000
458, 50.00000000000, 979.81649448944, 93.83474214458, 4.12500003222, 0.00000000000, -0.00000000081, 0.00000000916
459, 50.00000000000, 1002.28350237228, 87.05768538636, 4.12500003222, 0.00000000000, 0.00000000929, -0.00000000287
460, 50.00000000000, 1014.15889159673, 102.22146485235, 4.12500003222, 0.00000000000, 0.00000000215, -0.00000000706
461, 50.00000000000, 1033.02182118430, 56.89956878710, 4.12500003222, 0.00000000000, -0.00000000496, 0.00000002876
462, 50.00000000000, 1033.79111330459, 105.16540568270, 4.12500003222, 0.00000000000, 0.00000000035, 0.00000002319
463, 50.00000000000, 1070.92261501771, 93.26082125247, 4.12500003222, 0.00000000000, 0.00000000371, 0.00000001281
464, 50.00000000000, 1082.77172390492, 24.26128988411, 4.12500003222, 0.00000000000, 0.00000001314, -0.00000002221
465, 50.00000000000, 1097.20879654970, 60.14085869191, 4.12500003222, 0.00000000000, -0.00000000685, -0.00000001511
466, 50.00000000000, 1111.65478210720, 58.96555969758, 4.12500003222, 0.00000000000, 0.00000000282, -0.00000002392
467, 50.00000000000, 1123.75968171883, 59.62073133952, 4.12500003222, 0.00000000000, -0.00000000134, -0.00000001861
468, 50.00000000000, 1135.07749872379, 80.24350757883, 4.12500003222, 0.00000000000, 0.00000000283, -0.00000001404
469, 50.00000000000, 1150.40130275663, 98.49568024459, 4.12500003222, 0.00000000000, -0.00000000403, 0.00000002313
470, 50.00000000000, 1157.31212875100, 78.39022417181, 4.12500003222, 0.00000000000, -0.00000000339, -0.00000000138
471, 50.00000000000, 1193.48147076530, 36.26019646675, 4.12500003222, 0.00000000000, 0.00000001025, 0.00000000121
472, 50.00000000000, 1160.56712916375, 130.46137952775, 4.12500003222, 0.00000000000, 0.00000000410, 0.00000000334
473, 50.00000000000, 1193.41685139324, 92.87991994942, 4.12500003222, 0.00000000000, 0.00000000838, 0.00000001243
474, 50.00000000000, 1219.69311325364, 69.83091923016, 4.12500003222, 0.00000000000, 0.00000000190, -0.00000001491
475, 50.00000000000, 1260.34488082234, 13.93779237879, 4.12500003222, 0.00000000000, -0.00000001267, -0.00000003197
476, 50.00000000000, 1225.46621772731, 89.55792809895, 4.12500003222, 0.00000000000, 0.00000000188, -0.00000002309
477, 50.00000000000, 1255.20906086114, 131.98328347985, 4.12500003222, 0.00000000000, 0.00000000034, -0.00000003451
478, 50.00000000000, 1267.71944240490, 75.30927634387, 4.12500003222, 0.00000000000, 0.00000000128, -0.00000000442
479, 50.00000000000, 1288.93787583071, 71.87633833260, 4.12500003222, 0.00000000000, -0.00000000272, -0.00000000545
480, 50.00000000000, 71.40355131100, 45.64270568693, 4.12500003222, 0.00000000000, -0.00000000242, 0.00000000851
481, 50.00000000000, 92.87154239320, 92.37200968599, 4.12500003222, 0.00000000000, 0.00000000477, 0.00000001507
482, 50.00000000000, 108.67945792703, 41.91189254253, 4.12500003222, 0.00000000000, -0.00000000151, -0.00000000458
483, 50.00000000000, 122.03642817651, 45.87541704930, 4.12500003222, 0.00000000000, -0.00000000031, -0.00000002593
484, 50.00000000000, 123.85092592676, 114.33325320826, 4.12500003222, 0.00000000000, 0.00000000242, 0.00000001586
485, 50.00000000000, 148.26456141919, 50.59157923671, 4.12500003222, 0.00000000000, 0.00000001029, -0.00000003033
486, 50.00000000000, 172.17561019143, 58.12073323146, 4.12500003222, 0.00000000000, -0.00000000142, -0.00000000485
487, 50.00000000000, 183.45167541517, 7.80459350142, 4.12500003222, 0.00000000000, 0.00000002005, -0.00000004735
488, 50.00000000000, 161.07771640645, 117.80432595288, 4.12500003222, 0.00000000000, 0.00000000601, 0.00000000140
489, 50.00000000000, 172.05965572211, 70.95825089551, 4.12500003222, 0.00000000000, -0.00000000158, 0.00000000585
490, 50.00000000000, 222.55360303916, 41.93657689347, 4.12500003222, 0.00000000000, 0.00000000305, -0.00000000424
491, 50.00000000000, 217.87679411620, 117.61016443125, 4.12500003222, 0.00000000000, -0.00000000297, 0.00000001312
492, 50.00000000000, 215.29018862692, 97.15450651744, 4.12500003222, 0.00000000000, -0.00000000022, -0.00000000099
493, 50.00000000000, 274.50380764233, 70.16125297218, 4.12500003222, 0.00000000000, -0.00000000897, -0.00000002032
494, 50.00000000000, 288.94630923510, 12.51433320309, 4.12500003222, 0.00000000000, 0.00000000098, -0.00000000273
495, 50.00000000000, 306.76133124738, 46.28637658860, 4.12500003222, 0.00000000000, -0.00000000808, 0.00000001953
496, 50.00000000000, 321.46884957793, 28.45218966169, 4.12500003222, 0.00000000000, -0.00000000296, -0.00000001302
497, 50.00000000000, 358.33912554858, 72.67026331408, 4.12500003222, 0.00000000000, 0.00000000414, -0.00000002401
498, 50.00000000000, 371.00032700557, 53.99833529116, 4.12500003222, 0.00000000000, -0.00000000767, 0.00000005351
499, 50.00000000000, 380.81768391912, 77.06002150839, 4.12500003222, 0.00000000000, 0.00000000368, -0.00000001672
500, 50.00000000000, 396.12021010071, 33.68995257872, 4.12500003222, 0.00000000000, 0.00000000047, -0.00000002030
501, 50.00000000000, 418.58219992292, 103.89215162643, 4.12500003222, 0.00000000000, -0.00000000338, 0.00000002249
502, 50.00000000000, 420.88462153194, 55.59344730858, 4.12500003222, 0.00000000000, 0.00000000431, 0.00000001064
503, 50.00000000000, 445.05231487861, 73.12038547266, 4.12500003222, 0.00000000000, -0.00000000519, 0.00000000789
504, 50.00000000000, 421.88715905444, -30000000.00000000000, 0.00000000000, 0.00000000000, 0.00000027989, 0.66000001198
505, 50.00000000000, 459.27806907154, 195.00221483498, 4.12500003222, 0.00000000000, -0.00000000199, -0.00000000249
506, 50.00000000000, 476.02879380034, 206.29452248818, 4.12500003222, 0.00000000000, 0.00000000279, 0.00000000063
507, 50.00000000000, 499.88691313673, 58.78551145982, 4.12500003222, 0.00000000000, -0.00000000178, 0.00000001647
508, 50.00000000000, 515.91407295224, 96.17690303044, 4.12500003222, 0.00000000000, -0.00000000381, -0.00000002977
509, 50.00000000000, 492.89264287042, 217.88202884074, 4.12500003222, 0.00000000000, 0.00000000039, -0.00000000018
510, 50.00000000000, 529.65376166794, -30000000.00000000000, 0.00000000000, 0.00000000000, 0.00000028521, 0.66000001198
511, 50.00000000000, 560.53850215209, 152.60372326795, 4.12500003222, 0.00000000000, 0.00000001371, 0.00000003408
512, 50.00000000000, 583.12473479869, 163.91369382116, 4.12500003222, 0.00000000000, -0.00000001605, -0.00000003676
513, 50.00000000000, 603.52030291755, 124.55211707713, 4.12500003222, 0.00000000000, 0.00000000043, -0.00000001390
514, 50.00000000000, 616.02668356830, 116.79268416232, 4.12500003222, 0.00000000000, 0.00000000184, 0.00000000753
515, 50.00000000000, 626.86340674206, 135.50910588969, 4.12500003222, 0.00000000000, -0.00000000079, -0.00000000892
516, 50.00000000000, 633.52634916971, -30000000.00000000000, 0.00000000000, 0.00000000000, 0.00000124373, 0.66000001198
517, 50.00000000000, 648.59008093268, 68.78793641616, 4.12500003222, 0.00000000000, 0.00000000119, -0.00000001487
518, 50.00000000000, 665.62991251218, 175.23640244344, 4.12500003222, 0.00000000000, -0.00000000381, -0.00000000036
519, 50.00000000000, 680.71522374305, 74.47371540452, 4.12500003222, 0.00000000000, 0.00000000253, 0.00000001277
520, 50.00000000000, 701.66737116100, -30000000.00000000000, 0.00000000000, 0.00000000000, -0.00000054288, 0.66000001198
521, 50.00000000000, 736.08195833126, 86.96132917620, 4.12500003222, 0.00000000000, -0.00000000218, -0.00000006020
522, 50.00000000000, 747.12923786761, 54.53958873537, 4.12500003222, 0.00000000000, -0.00000000152, 0.00000000973
523, 50.00000000000, 747.66260697377, -30000000.00000000000, 0.00000000000, 0.00000000000, -0.00000066804, 0.66000001198
524, 50.00000000000, 777.49837911604, 219.25017616769, 4.12500003222, 0.00000000000, -0.00000000153, -0.00000000003
525, 50.00000000000, 780.60005647343, -30000000.00000000000, 0.00000000000, 0.00000000000, -0.00000020647, 0.66000001198
526, 50.00000000000, 785.91930081045, 106.42622842479, 4.12500003222, 0.00000000000, 0.00000000083, 0.00000001403
527, 50.00000000000, 817.71556905266, 79.17126171569, 4.12500003222, 0.00000000000, 0.00000000321, -0.00000002092
528, 50.00000000000, 818.36930369103, 127.78742069259, 4.12500003222, 0.00000000000, -0.00000000136, 0.00000000596
529, 50.00000000000, 839.42665652636, 131.37230326407, 4.12500003222, 0.00000000000, -0.00000000108, 0.00000000898
530, 50.00000000000, 858.87596651223, 138.01215444672, 4.12500003222, 0.00000000000, 0.00000000222, -0.00000001980
531, 50.00000000000, 878.72526474404, 90.97771576842, 4.12500003222, 0.00000000000, -0.00000000177, 0.00000001487
532, 50.00000000000, 913.89300562644, -30000000.00000000000, 0.00000000000, 0.00000000000, -0.00000106621, 0.66000001198
533, 50.00000000000, 924.85855425139, 55.32131161805, 4.12500003222, 0.00000000000, 0.00000000780, -0.00000001310
534, 50.00000000000, 916.83332056557, 184.71376556380, 4.12500003222, 0.00000000000, -0.00000000762, 0.00000000777
535, 50.00000000000, 948.81448577679, 82.34728274628, 4.12500003222, 0.00000000000, -0.00000000127, 0.00000000077
536, 50.00000000000, 970.00132736564, 85.71416463717, 4.12500003222, 0.00000000000, -0.00000001144, -0.00000002709
537, 50.00000000000, 957.89671919325, 11.86770425025, 4.12500003222, 0.00000000000, 0.00000000223, -0.00000003409
538, 50.00000000000, 989.64256379567, 54.18317026068, 4.12500003222, 0.00000000000, 0.00000000671, 0.00000004695
539, 50.00000000000, 1005.73016559932, 44.47435242831, 4.12500003222, 0.00000000000, 0.00000000058, 0.00000001808
540, 50.00000000000, 1021.83665130580, 36.69704582189, 4.12500003222, 0.00000000000, 0.00000000277, -0.00000003511
541, 50.00000000000, 1042.16467078000, 48.36142004223, 4.12500003222, 0.00000000000, 0.00000000672, -0.00000002388
542, 50.00000000000, 1051.86902758070, 27.90910825183, 4.12500003222, 0.00000000000, -0.00000000375, -0.00000003353
543, 50.00000000000, 1098.15561847898, 203.78977077203, 4.12500003222, 0.00000000000, 0.00000000000, 0.00000000000
544, 50.00000000000, 1086.12394325298, 62.77732485461, 4.12500003222, 0.00000000000, -0.00000001007, -0.00000000462
545, 50.00000000000, 1132.29770233990, 208.63216265240, 4.12500003222, 0.00000000000, -0.00000000220, 0.00000000184
546, 50.00000000000, 1147.88222679422, 195.39618238397, 4.12500003222, 0.00000000000, 0.00000000220, -0.00000000184
547, 50.00000000000, 1122.08907034730, 25.61756059735, 4.12500003222, 0.00000000000, -0.00000000090, -0.00000003290
548, 50.00000000000, 1131.36125384694, 100.24236315674, 4.12500003222, 0.00000000000, 0.00000000731, 0.00000003605
549, 50.00000000000, 1163.10615795911, 47.35258605108, 4.12500003222, 0.00000000000, 0.00000000522, -0.00000000460
550, 50.00000000000, 1182.63129436412, 51.07440395945, 4.12500003222, 0.00000000000, -0.00000000666, -0.00000000895
551, 50.00000000000, 1164.38097627439, 109.95715498088, 4.12500003222, 0.00000000000, 0.00000000279, 0.00000002114
552, 50.00000000000, 1196.88807683941, 69.66931583420, 4.12500003222, 0.00000000000, -0.00000000665, 0.00000003208
553, 50.00000000000, 1206.74055529593, 92.70888379393, 4.12500003222, 0.00000000000, 0.00000000933, -0.00000003559
554, 50.00000000000, 1211.47536280057, 106.81583441792, 4.12500003222, 0.00000000000, -0.00000000227, -0.00000000459
555, 50.00000000000, 1227.40381611572, 102.28167224334, 4.12500003222, 0.00000000000, 0.00000000070, 0.00000003110
556, 50.00000000000, 1240.69059861472, 116.02476011130, 4.12500003222, 0.00000000000, 0.00000000224, 0.00000003540
557, 50.00000000000, 1249.77306854129, 150.64843851972, 4.12500003222, 0.00000000000, 0.00000000657, 0.00000004142
558, 50.00000000000, 1266.29317590807, 99.10233978583, 4.12500003222, 0.00000000000, 0.00000000149, -0.00000003292
559, 50.00000000000, 1278.55729686937, 52.71904373949, 4.12500003222, 0.00000000000, -0.00000000413, -0.00000002361
560, 50.00000000000, 81.39639520303, 78.51133201684, 4.12500003222, 0.00000000000, -0.00000000485, -0.00000002420
561, 50.00000000000, 27.40234885013, 317.39376259117, 4.12500003222, 0.00000000000, 0.00000000000, 0.00000000000
562, 50.00000000000, 105.31654606702, 77.47850183405, 4.12500003222, 0.00000000000, 0.00000000296, -0.00000002793
563, 50.00000000000, 129.92462362074, 95.67960931497, 4.12500003222, 0.00000000000, -0.00000000611, 0.00000000557
564, 50.00000000000, 101.92308237235, 112.51584483241, 4.12500003222, 0.00000000000, -0.00000000101, -0.00000000747
565, 50.00000000000, 149.61142568969, 31.35601293701, 4.12500003222, 0.00000000000, -0.00000000688, -0.00000001533
566, 50.00000000000, 157.89461160038, 55.95703588791, 4.12500003222, 0.00000000000, -0.00000000157, -0.00000000908
567, 50.00000000000, 141.36925157977, 127.45463229073, 4.12500003222, 0.00000000000, -0.00000000320, -0.00000001505
568, 50.00000000000, 164.69317949264, 95.98737465628, 4.12500003222, 0.00000000000, -0.00000000218, 0.00000003059
569, 50.00000000000, 182.32554776977, 93.00011941300, 4.12500003222, 0.00000000000, -0.00000000387, 0.00000000018
570, 50.00000000000, 179.87836947113, 111.26207029554, 4.12500003222, 0.00000000000, -0.00000000352, -0.00000001999
571, 50.00000000000, 219.17312323977, 137.81783710291, 4.12500003222, 0.00000000000, -0.00000000046, 0.00000000031
572, 50.00000000000, 269.50503802543, 38.93651034055, 4.12500003222, 0.00000000000, 0.00000001726, -0.00000000292
573, 50.00000000000, 234.30299438516, 106.16549863577, 4.12500003222, 0.00000000000, 0.00000000410, -0.00000000982
574, 50.00000000000, 295.45512928190, 60.69918497661, 4.12500003222, 0.00000000000, 0.00000000105, -0.00000001109
575, 50.00000000000, 307.98375703927, 25.43044485360, 4.12500003222, 0.00000000000, -0.00000000237, 0.00000001613
576, 50.00000000000, 273.86426468248, 143.01916003764, 4.12500003222, 0.00000000000, 0.00000000055, 0.00000000348
577, 50.00000000000, 347.49090714371, 81.84226822589, 4.12500003222, 0.00000000000, 0.00000000487, 0.00000000130
578, 50.00000000000, 320.24312966861, 208.89835140236, 4.12500003222, 0.00000000000, 0.00000000000, 0.00000000000
579, 50.00000000000, 389.36170677277, 117.85814816921, 4.12500003222, 0.00000000000, 0.00000000260, 0.00000003801
580, 50.00000000000, 402.14838893839, 69.02579760280, 4.12500003222, 0.00000000000, -0.00000000090, -0.00000001851
581, 50.00000000000, 407.93753669786, 124.87326215576, 4.12500003222, 0.00000000000, 0.00000000131, -0.00000003055
582, 50.00000000000, 390.77758831900, 201.51960463011, 4.12500003222, 0.00000000000, 0.00000000000, 0.00000000000
583, 50.00000000000, 433.66115098280, 73.25837612491, 4.12500003222, 0.00000000000, -0.00000000828, -0.00000000847
584, 50.00000000000, 452.34459265974, 104.31926463279, 4.12500003222, 0.00000000000, 0.00000000333, 0.00000001013
585, 50.00000000000, 442.52616531724, -30000000.00000000000, 0.00000000000, 0.00000000000, -0.00000187657, 0.66000001198
586, 50.00000000000, 476.92743921298, 103.34839643335, 4.12500003222, 0.00000000000, 0.00000000455, 0.00000002274
587, 50.00000000000, 474.29281969710, 227.05150946390, 4.12500003222, 0.00000000000, 0.00000000156, 0.00000000202
588, 50.00000000000, 517.32403438715, 71.08988170198, 4.12500003222, 0.00000000000, -0.00000000546, 0.00000004744
589, 50.00000000000, 533.12715598700, 66.95461508665, 4.12500003222, 0.00000000000, 0.00000001168, -0.00000001560
590, 50.00000000000, 548.80267034495, 75.30027534881, 4.12500003222, 0.00000000000, 0.00000000329, 0.00000001291
591, 50.00000000000, 567.10112759142, 170.43652883073, 4.12500003222, 0.00000000000, -0.00000000869, -0.00000001811
592, 50.00000000000, 587.58434496691, 131.72825845469, 4.12500003222, 0.00000000000, 0.00000000135, 0.00000003448
593, 50.00000000000, 608.90803794998, 81.87143191392, 4.12500003222, 0.00000000000, -0.00000001117, 0.00000001205
594, 50.00000000000, 616.28592828306, 153.74185283508, 4.12500003222, 0.00000000000, -0.00000000276, 0.00000000220
595, 50.00000000000, 638.18533602836, 115.16160113084, 4.12500003222, 0.00000000000, 0.00000000216, -0.00000001101
596, 50.00000000000, 640.54649703389, 92.10855846909, 4.12500003222, 0.00000000000, -0.00000000579, 0.00000005983
597, 50.00000000000, 635.76834323091, 155.29839030170, 4.12500003222, 0.00000000000, -0.00000000665, -0.00000004036
598, 50.00000000000, 667.19049989530, -30000000.00000000000, 0.00000000000, 0.00000000000, -0.00000021048, 0.66000001198
599, 50.00000000000, 656.27277447919, 156.95532871967, 4.12500003222, 0.00000000000, 0.00000000924, -0.00000001208
600, 50.00000000000, 703.58707089712, -30000000.00000000000, 0.00000000000, 0.00000000000, -0.00000033473, 0.66000001198
601, 50.00000000000, 726.92311846023, 128.77121035860, 4.12500003222, 0.00000000000, -0.00000000036, -0.00000000043
602, 50.00000000000, 737.35363459517, 46.88631973110, 4.12500003222, 0.00000000000, -0.00000000106, -0.00000001653
603, 50.00000000000, 762.33613964542, -30000000.00000000000, 0.00000000000, 0.00000000000, 0.00000045388, 0.66000001198
604, 50.00000000000, 766.80288349882, 55.91268345343, 4.12500003222, 0.00000000000, -0.00000000729, -0.00000003051
605, 50.00000000000, 786.45015450596, 88.26584473039, 4.12500003222, 0.00000000000, -0.00000000981, -0.00000002196
606, 50.00000000000, 797.69979001473, 216.45332666113, 4.12500003222, 0.00000000000, 0.00000000241, -0.00000000287
607, 50.00000000000, 805.84275835596, 113.85224772274, 4.12500003222, 0.00000000000, -0.00000000628, 0.00000000158
608, 50.00000000000, 841.96940592568, 109.55159668120, 4.12500003222, 0.00000000000, 0.00000000305, -0.00000002469
609, 50.00000000000, 853.89746932308, 117.83234831990, 4.12500003222, 0.00000000000, -0.00000000158, 0.00000000665
610, 50.00000000000, 861.97907639485, 157.73481716589, 4.12500003222, 0.00000000000, -0.00000000336, 0.00000003898
611, 50.00000000000, 878.38556681825, 145.89617461719, 4.12500003222, 0.00000000000, 0.00000000489, -0.00000000364
612, 50.00000000000, 880.35899759571, 166.57711082748, 4.12500003222, 0.00000000000, -0.00000000769, -0.00000001435
613, 50.00000000000, 910.99154653275, 67.82594875802, 4.12500003222, 0.00000000000, -0.00000000224, -0.00000000194
614, 50.00000000000, 899.89894871197, 197.54523263075, 4.12500003222, 0.00000000000, -0.00000000075, -0.00000003175
615, 50.00000000000, 957.69409799271, 98.06379368196, 4.12500003222, 0.00000000000, 0.00000000057, 0.00000000359
616, 50.00000000000, 966.13141670546, 50.57938395983, 4.12500003222, 0.00000000000, -0.00000001245, 0.00000000395
617, 50.00000000000, 973.98304196255, 109.24221356337, 4.12500003222, 0.00000000000, 0.00000000677, -0.00000001570
618, 50.00000000000, 991.73613204616, 96.82298573829, 4.12500003222, 0.00000000000, -0.00000000647, -0.00000000688
619, 50.00000000000, 1011.02654771372, 52.49251876858, 4.12500003222, 0.00000000000, -0.00000000024, 0.00000003802
620, 50.00000000000, 1029.42701305937, 70.12669314313, 4.12500003222, 0.00000000000, -0.00000000607, -0.00000002064
621, 50.00000000000, 1031.82940780459, 23.52255172158, 4.12500003222, 0.00000000000, 0.00000000006, 0.00000001509
622, 50.00000000000, 1053.18418059391, 106.79916346273, 4.12500003222, 0.00000000000, 0.00000000325, 0.00000000639
623, 50.00000000000, 1052.58994999782, 88.72436137346, 4.12500003222, 0.00000000000, -0.00000000394, 0.00000000090
624, 50.00000000000, 1081.31723780953, 44.27045336258, 4.12500003222, 0.00000000000, -0.00000000040, 0.00000004096
625, 50.00000000000, 1082.28596428056, 77.65806044257, 4.12500003222, 0.00000000000, 0.00000000055, 0.00000001210
626, 50.00000000000, 1113.60502319400, 92.25180897266, 4.12500003222, 0.00000000000, -0.00000000618, 0.00000000454
627, 50.00000000000, 1121.79063812109, 81.31421805008, 4.12500003222, 0.00000000000, -0.00000000517, -0.00000005185
628, 50.00000000000, 1145.75516145693, 60.77185128010, 4.12500003222, 0.00000000000, 0.00000001034, 0.00000000755
629, 50.00000000000, 1156.60398559485, 68.69772056778, 4.12500003222, 0.00000000000, -0.00000000771, -0.00000001449
630, 50.00000000000, 1181.74135147324, 43.41253410014, 4.12500003222, 0.00000000000, 0.00000000045, 0.00000003922
631, 50.00000000000, 1177.14741560540, 143.28984360681, 4.12500003222, 0.00000000000, -0.00000000332, -0.00000000570
632, 50.00000000000, 1189.59878248401, 83.51320411181, 4.12500003222, 0.00000000000, -0.00000000738, -0.00000002554
633, 50.00000000000, 1194.60195094396, 109.34350329453, 4.12500003222, 0.00000000000, -0.00000000564, 0.00000003421
634, 50.00000000000, 1229.78529872883, 156.08621758531, 4.12500003222, 0.00000000000, -0.00000000102, 0.00000000371
635, 50.00000000000, 1221.69570258474, 123.21534590335, 4.12500003222, 0.00000000000, 0.00000001010, -0.00000000784
636, 50.00000000000, 1244.09705633895, 73.62430946745, 4.12500003222, 0.00000000000, 0.00000000323, 0.00000000759
637, 50.00000000000, 1235.82950439975, 136.74218530859, 4.12500003222, 0.00000000000, -0.00000000851, -0.00000002133
638, 50.00000000000, 1278.89035828676, 20.52215995866, 4.12500003222, 0.00000000000, 0.00000000158, 0.00000001306
639, 50.00000000000, 1293.90771280198, 34.54240389402, 4.12500003222, 0.00000000000, -0.00000000153, 0.00000001403
