0, 50.00000000000, 64.48716407318, 64.79113250219, 4.12500003222, 0.00000000000, -0.00000000088, 0.00000000355
1, 50.00000000000, 31.17842742412, 218.03260552533, 4.12500003222, 0.00000000000, 0.00000000000, 0.00000000000
2, 50.00000000000, 105.71683379523, 8.98423137646, 4.12500003222, 0.00000000000, 0.00000000842, 0.00000000777
3, 50.00000000000, 122.45590034999, 61.71309192199, 4.12500003222, 0.00000000000, -0.00000000643, 0.00000003323
4, 50.00000000000, 135.12500057570, 28.75456826196, 4.12500003222, 0.00000000000, -0.00000000854, 0.00000006399
5, 50.00000000000, 149.23415669947, 42.66259040177, 4.12500003222, 0.00000000000, -0.00000000942, -0.00000005992
6, 50.00000000000, 167.11533646059, 25.64925017717, 4.12500003222, 0.00000000000, -0.00000000500, -0.00000001659
7, 50.00000000000, 171.16122589949, 13.53007904503, 4.12500003222, 0.00000000000, -0.00000000392, -0.00000000068
8, 50.00000000000, 195.49950102376, 8.63506010489, 4.12500003222, 0.00000000000, 0.00000000056, 0.00000005625
9, 50.00000000000, 198.52596606416, 50.90890449955, 4.12500003222, 0.00000000000, 0.00000000428, -0.00000002481
10, 50.00000000000, 215.98228235516, 5.35290401595, 4.12500003222, 0.00000000000, -0.00000000223, 0.00000001302
11, 50.00000000000, 252.44829631106, 22.12555828819, 4.12500003222, 0.00000000000, -0.00000000469, -0.00000001102
12, 50.00000000000, 250.60131640217, 9.20820661593, 4.12500003222, 0.00000000000, 0.00000000292, 0.00000000340
13, 50.00000000000, 286.72210994075, 25.36756777446, 4.12500003222, 0.00000000000, 0.00000000049, 0.00000002865
14, 50.00000000000, 298.00682991526, 29.77309952965, 4.12500003222, 0.00000000000, 0.00000000811, -0.00000001098
15, 50.00000000000, 316.43218768529, 38.47538576996, 4.12500003222, 0.00000000000, -0.00000001366, 0.00000002733
16, 50.00000000000, 318.90294056356, 3.69908786916, 4.12500003222, 0.00000000000, 0.00000001323, 0.00000000473
17, 50.00000000000, 337.08362692781, 42.15901925868, 4.12500003222, 0.00000000000, -0.00000000535, 0.00000001960
18, 50.00000000000, 320.77220573898, -30000000.00000000000, 0.00000000000, 0.00000000000, 0.00000086896, 0.66000001198
19, 50.00000000000, 390.89797832019, 84.97920104648, 4.12500003222, 0.00000000000, 0.00000000444, 0.00000000273
20, 50.00000000000, 354.78505746845, -30000000.00000000000, 0.00000000000, 0.00000000000, -0.00000024838, 0.66000001198
21, 50.00000000000, 411.12636274272, 32.88743812713, 4.12500003222, 0.00000000000, -0.00000000085, -0.00000001559
22, 50.00000000000, 429.12989021768, 114.39287952751, 4.12500003222, 0.00000000000, 0.00000001514, -0.00000000665
23, 50.00000000000, 433.04566749344, 54.74440359888, 4.12500003222, 0.00000000000, -0.00000000929, -0.00000001135
24, 50.00000000000, 432.27415748936, -30000000.00000000000, 0.00000000000, 0.00000000000, -0.00000154884, 0.66000001198
25, 50.00000000000, 455.47821176169, 64.24047623833, 4.12500003222, 0.00000000000, 0.00000001381, 0.00000005245
26, 50.00000000000, 482.53851282825, 47.12669806215, 4.12500003222, 0.00000000000, 0.00000000016, -0.00000000125
27, 50.00000000000, 498.35551107121, 43.92873182320, 4.12500003222, 0.00000000000, -0.00000000437, -0.00000001739
28, 50.00000000000, 490.80233750401, -30000000.00000000000, 0.00000000000, 0.00000000000, 0.00000049650, 0.66000001198
29, 50.00000000000, 546.47698044756, 133.94215400206, 4.12500003222, 0.00000000000, -0.00000000184, -0.00000000767
30, 50.00000000000, 553.17580145200, 57.27767429780, 4.12500003222, 0.00000000000, 0.00000000378, 0.00000001858
31, 50.00000000000, 543.19691392511, -30000000.00000000000, 0.00000000000, 0.00000000000, -0.00000031239, 0.66000001198
32, 50.00000000000, 553.51083804229, -30000000.00000000000, 0.00000000000, 0.00000000000, -0.00000083369, 0.66000001198
33, 50.00000000000, 579.37083240396, -30000000.00000000000, 0.00000000000, 0.00000000000, -0.00000082370, 0.66000001198
34, 50.00000000000, 608.18981782373, 64.94609989916, 4.12500003222, 0.00000000000, -0.00000000384, -0.00000001046
35, 50.00000000000, 631.69350609228, 103.03520675819, 4.12500003222, 0.00000000000, -0.00000001081, 0.00000001302
36, 50.00000000000, 634.34508717800, -30000000.00000000000, 0.00000000000, 0.00000000000, 0.00000103929, 0.66000001198
37, 50.00000000000, 652.04110327195, -30000000.00000000000, 0.00000000000, 0.00000000000, 0.00000034749, 0.66000001198
38, 50.00000000000, 665.81883992390, -30000000.00000000000, 0.00000000000, 0.00000000000, -0.00000046471, 0.66000001198
39, 50.00000000000, 689.62023614904, -30000000.00000000000, 0.00000000000, 0.00000000000, -0.00000146193, 0.66000001198
40, 50.00000000000, 700.00972289972, -30000000.00000000000, 0.00000000000, 0.00000000000, -0.00000081334, 0.66000001198
41, 50.00000000000, 719.85141430925, -30000000.00000000000, 0.00000000000, 0.00000000000, -0.00000036030, 0.66000001198
42, 50.00000000000, 734.32606544426, 66.50860253289, 4.12500003222, 0.00000000000, -0.00000000364, 0.00000002002
43, 50.00000000000, 751.52312779089, 94.73606316898, 4.12500003222, 0.00000000000, 0.00000000200, -0.00000000413
44, 50.00000000000, 769.28817524710, 93.96683751517, 4.12500003222, 0.00000000000, -0.00000000468, -0.00000000141
45, 50.00000000000, 785.39871402538, -30000000.00000000000, 0.00000000000, 0.00000000000, 0.00000067281, 0.66000001198
46, 50.00000000000, 802.72063867561, -30000000.00000000000, 0.00000000000, 0.00000000000, -0.00000020174, 0.66000001198
47, 50.00000000000, 821.86992796889, -30000000.00000000000, 0.00000000000, 0.00000000000, -0.00000056600, 0.66000001198
48, 50.00000000000, 835.05849387833, -30000000.00000000000, 0.00000000000, 0.00000000000, -0.00000162012, 0.66000001198
49, 50.00000000000, 840.07722730805, 74.50382104335, 4.12500003222, 0.00000000000, -0.00000000047, 0.00000004160
50, 50.00000000000, 877.38136137834, -30000000.00000000000, 0.00000000000, 0.00000000000, 0.00000194555, 0.66000001198
51, 50.00000000000, 893.77444871763, -30000000.00000000000, 0.00000000000, 0.00000000000, 0.00000027232, 0.66000001198
52, 50.00000000000, 863.63958177443, 176.61853092439, 4.12500003222, 0.00000000000, -0.00000000390, -0.00000000517
53, 50.00000000000, 929.93711020118, -30000000.00000000000, 0.00000000000, 0.00000000000, -0.00000148395, 0.66000001198
54, 50.00000000000, 942.00735429253, -30000000.00000000000, 0.00000000000, 0.00000000000, -0.00000026674, 0.66000001198
55, 50.00000000000, 956.53609056131, -30000000.00000000000, 0.00000000000, 0.00000000000, 0.00000118068, 0.66000001198
56, 50.00000000000, 977.98592740005, -30000000.00000000000, 0.00000000000, 0.00000000000, -0.00000065949, 0.66000001198
57, 50.00000000000, 974.59711232299, 27.69285173102, 4.12500003222, 0.00000000000, 0.00000000436, -0.00000002241
58, 50.00000000000, 1013.21777405636, -30000000.00000000000, 0.00000000000, 0.00000000000, 0.00000144585, 0.66000001198
59, 50.00000000000, 1013.01018939413, 31.38811095844, 4.12500003222, 0.00000000000, -0.00000000613, -0.00000000775
60, 50.00000000000, 1022.26322066950, 86.72962991817, 4.12500003222, 0.00000000000, 0.00000000803, -0.00000001266
61, 50.00000000000, 1061.90329918524, -30000000.00000000000, 0.00000000000, 0.00000000000, 0.00000017793, 0.66000001198
62, 50.00000000000, 1072.90617315572, -30000000.00000000000, 0.00000000000, 0.00000000000, 0.00000042735, 0.66000001198
63, 50.00000000000, 1097.30323685705, 96.37301703145, 4.12500003222, 0.00000000000, 0.00000000187, -0.00000001559
64, 50.00000000000, 1081.40338737431, 1.36095271964, 4.12500003222, 0.00000000000, 0.00000000273, -0.00000000827
65, 50.00000000000, 1107.40337145876, 73.50631580003, 4.12500003222, 0.00000000000, 0.00000000597, -0.00000000464
66, 50.00000000000, 1101.15943697779, 29.26006151516, 4.12500003222, 0.00000000000, -0.00000000208, 0.00000002918
67, 50.00000000000, 1139.30935078597, 66.30244656130, 4.12500003222, 0.00000000000, 0.00000000446, -0.00000002049
68, 50.00000000000, 1154.80280534197, 38.50532374660, 4.12500003222, 0.00000000000, -0.00000000731, 0.00000003109
69, 50.00000000000, 1161.74817079828, 5.10635445595, 4.12500003222, 0.00000000000, 0.00000000230, 0.00000001097
70, 50.00000000000, 1176.23329320171, 26.70248039881, 4.12500003222, 0.00000000000, -0.00000000496, -0.00000003179
71, 50.00000000000, 1191.24611557386, 26.52321030459, 4.12500003222, 0.00000000000, 0.00000001405, 0.00000000507
72, 50.00000000000, 1221.36263514310, 44.22900626187, 4.12500003222, 0.00000000000, -0.00000000157, -0.00000002605
73, 50.00000000000, 1185.04559730747, 100.42816106682, 4.12500003222, 0.00000000000, -0.00000000879, 0.00000000353
74, 50.00000000000, 1242.09175876927, 11.27634799543, 4.12500003222, 0.00000000000, -0.00000000320, -0.00000000347
75, 50.00000000000, 1253.22087808998, 5.93987802545, 4.12500003222, 0.00000000000, -0.00000000168, -0.00000000812
76, 50.00000000000, 1261.18661421646, 25.08203839129, 4.12500003222, 0.00000000000, -0.00000001040, 0.00000003717
77, 50.00000000000, 1266.33221680334, 37.69242790241, 4.12500003222, 0.00000000000, -0.00000000089, -0.00000003069
78, 50.00000000000, 1297.24783431133, 12.12242321338, 4.12500003222, 0.00000000000, -0.00000000088, 0.00000001135
79, 50.00000000000, 1278.07968599369, 83.67918962875, 4.12500003222, 0.00000000000, -0.00000001084, -0.00000000084
80, 50.00000000000, 70.56354873921, 12.00388120537, 4.12500003222, 0.00000000000, -0.00000000028, -0.00000002042
81, 50.00000000000, 92.21027346541, 25.06690726518, 4.12500003222, 0.00000000000, 0.00000000201, 0.00000000733
82, 50.00000000000, 113.66704890595, 21.45804485391, 4.12500003222, 0.00000000000, 0.00000000007, -0.00000000443
83, 50.00000000000, 127.11687639984, 13.07774043744, 4.12500003222, 0.00000000000, -0.00000001531, -0.00000001950
84, 50.00000000000, 126.38114590508, 35.13166177600, 4.12500003222, 0.00000000000, 0.00000001658, -0.00000001295
85, 50.00000000000, 148.74474529110, 10.03283217888, 4.12500003222, 0.00000000000, 0.00000000853, 0.00000000558
86, 50.00000000000, 159.26411656310, 8.61136311873, 4.12500003222, 0.00000000000, 0.00000000622, -0.00000003542
87, 50.00000000000, 182.49223618505, 31.25282422652, 4.12500003222, 0.00000000000, 0.00000000252, -0.00000004598
88, 50.00000000000, 177.15806681137, 54.29960356210, 4.12500003222, 0.00000000000, -0.00000000323, 0.00000005336
89, 50.00000000000, 199.67797192151, 31.70205452734, 4.12500003222, 0.00000000000, 0.00000000313, 0.00000001704
90, 50.00000000000, 235.18083892340, 15.06602159958, 4.12500003222, 0.00000000000, 0.00000000199, -0.00000001438
91, 50.00000000000, 231.91384690478, 26.33110324034, 4.12500003222, 0.00000000000, -0.00000000490, 0.00000002156
92, 50.00000000000, 272.82686316241, 32.26843995391, 4.12500003222, 0.00000000000, 0.00000000586, -0.00000001086
93, 50.00000000000, 267.64833080714, 21.54644381450, 4.12500003222, 0.00000000000, -0.00000000741, -0.00000000748
94, 50.00000000000, 293.57055707551, 45.56163280493, 4.12500003222, 0.00000000000, 0.00000000568, -0.00000000708
95, 50.00000000000, 312.88960553334, 61.09651539450, 4.12500003222, 0.00000000000, 0.00000000338, -0.00000000606
96, 50.00000000000, 335.40540104788, 9.62656452359, 4.12500003222, 0.00000000000, 0.00000000196, -0.00000002192
97, 50.00000000000, 334.96636111350, 64.69459942307, 4.12500003222, 0.00000000000, -0.00000000482, -0.00000001624
98, 50.00000000000, 359.61776256096, 39.83954321366, 4.12500003222, 0.00000000000, 0.00000000593, 0.00000001106
99, 50.00000000000, 382.26592415945, 65.66232565581, 4.12500003222, 0.00000000000, 0.00000001112, -0.00000002814
100, 50.00000000000, 354.50184675772, -30000000.00000000000, 0.00000000000, 0.00000000000, -0.00000022625, 0.66000001198
101, 50.00000000000, 373.64157133848, -30000000.00000000000, 0.00000000000, 0.00000000000, -0.00000009073, 0.66000001198
102, 50.00000000000, 392.21622457898, -30000000.00000000000, 0.00000000000, 0.00000000000, 0.00000085312, 0.66000001198
103, 50.00000000000, 430.55106253079, 89.58882179934, 4.12500003222, 0.00000000000, -0.00000000369, -0.00000002719
104, 50.00000000000, 450.07994026809, 39.28401681776, 4.12500003222, 0.00000000000, -0.00000001145, 0.00000001190
105, 50.00000000000, 464.89082928521, 49.85085669580, 4.12500003222, 0.00000000000, 0.00000000442, -0.00000001940
106, 50.00000000000, 491.79797693658, 101.73876210179, 4.12500003222, 0.00000000000, -0.00000001078, 0.00000002322
107, 50.00000000000, 478.68647748534, -30000000.00000000000, 0.00000000000, 0.00000000000, 0.00000090104, 0.66000001198
108, 50.00000000000, 528.98684515313, 92.00589929293, 4.12500003222, 0.00000000000, 0.00000000820, 0.00000001269
109, 50.00000000000, 535.20150090702, 83.26895130656, 4.12500003222, 0.00000000000, 0.00000000727, -0.00000000977
110, 50.00000000000, 539.05201668111, -30000000.00000000000, 0.00000000000, 0.00000000000, 0.00000041767, 0.66000001198
111, 50.00000000000, 545.77179603882, -30000000.00000000000, 0.00000000000, 0.00000000000, -0.00000076431, 0.66000001198
112, 50.00000000000, 585.95566164309, 94.07022057969, 4.12500003222, 0.00000000000, -0.00000000686, 0.00000000545
113, 50.00000000000, 596.39541099362, 111.41694620706, 4.12500003222, 0.00000000000, -0.00000000530, 0.00000003934
114, 50.00000000000, 621.18088931949, 118.42066713087, 4.12500003222, 0.00000000000, -0.00000000103, -0.00000002604
115, 50.00000000000, 617.08287733555, -30000000.00000000000, 0.00000000000, 0.00000000000, 0.00000207609, 0.66000001198
116, 50.00000000000, 621.15503974163, -30000000.00000000000, 0.00000000000, 0.00000000000, 0.00000135948, 0.66000001198
117, 50.00000000000, 643.59352930570, -30000000.00000000000, 0.00000000000, 0.00000000000, 0.00000028890, 0.66000001198
118, 50.00000000000, 661.93821782888, -30000000.00000000000, 0.00000000000, 0.00000000000, -0.00000066518, 0.66000001198
119, 50.00000000000, 677.80786175520, -30000000.00000000000, 0.00000000000, 0.00000000000, -0.00000008347, 0.66000001198
120, 50.00000000000, 733.89099011453, 111.98015231325, 4.12500003222, 0.00000000000, -0.00000000864, -0.00000001224
121, 50.00000000000, 720.60309978074, 61.85783909287, 4.12500003222, 0.00000000000, -0.00000000142, -0.00000000296
122, 50.00000000000, 739.43769131655, 75.66002956376, 4.12500003222, 0.00000000000, -0.00000000344, -0.00000001091
123, 50.00000000000, 752.22759272297, -30000000.00000000000, 0.00000000000, 0.00000000000, 0.00000049558, 0.66000001198
124, 50.00000000000, 777.60182580721, 40.50047216006, 4.12500003222, 0.00000000000, -0.00000000563, -0.00000002350
125, 50.00000000000, 800.10410931823, 47.65199605491, 4.12500003222, 0.00000000000, 0.00000001572, -0.00000000196
126, 50.00000000000, 796.92100672307, -30000000.00000000000, 0.00000000000, 0.00000000000, 0.00000094659, 0.66000001198
127, 50.00000000000, 822.03916367755, -30000000.00000000000, 0.00000000000, 0.00000000000, -0.00000059331, 0.66000001198
128, 50.00000000000, 849.22172159574, 57.33089915771, 4.12500003222, 0.00000000000, -0.00000000373, -0.00000001680
129, 50.00000000000, 845.66576819413, 93.58955578852, 4.12500003222, 0.00000000000, 0.00000000482, 0.00000002992
130, 50.00000000000, 892.43387422649, 53.96207640148, 4.12500003222, 0.00000000000, 0.00000000455, 0.00000001873
131, 50.00000000000, 881.29162901969, -30000000.00000000000, 0.00000000000, 0.00000000000, 0.00000181700, 0.66000001198
132, 50.00000000000, 901.95507911787, -30000000.00000000000, 0.00000000000, 0.00000000000, -0.00000031456, 0.66000001198
133, 50.00000000000, 899.39644134357, 177.47493641379, 4.12500003222, 0.00000000000, 0.00000000235, -0.00000000195
134, 50.00000000000, 943.16502696045, 47.12811003276, 4.12500003222, 0.00000000000, -0.00000002054, 0.00000007116
135, 50.00000000000, 957.39329932107, 30.04488737111, 4.12500003222, 0.00000000000, 0.00000000630, -0.00000002449
136, 50.00000000000, 972.40402886907, -30000000.00000000000, 0.00000000000, 0.00000000000, -0.00000035837, 0.66000001198
137, 50.00000000000, 992.05797282625, 43.15499528556, 4.12500003222, 0.00000000000, 0.00000000134, -0.00000001900
138, 50.00000000000, 987.96478805887, 76.75512667092, 4.12500003222, 0.00000000000, 0.00000000794, -0.00000001822
139, 50.00000000000, 1031.32907735432, -30000000.00000000000, 0.00000000000, 0.00000000000, -0.00000093901, 0.66000001198
140, 50.00000000000, 1040.42099259026, -30000000.00000000000, 0.00000000000, 0.00000000000, -0.00000085620, 0.66000001198
141, 50.00000000000, 1034.44212598663, 41.87569685345, 4.12500003222, 0.00000000000, -0.00000000234, 0.00000001939
142, 50.00000000000, 1080.47056507641, -30000000.00000000000, 0.00000000000, 0.00000000000, -0.00000023831, 0.66000001198
143, 50.00000000000, 1067.60375362224, 50.36814822627, 4.12500003222, 0.00000000000, 0.00000000092, -0.00000000568
144, 50.00000000000, 1064.98045410045, 12.58813834378, 4.12500003222, 0.00000000000, -0.00000001058, -0.00000001377
145, 50.00000000000, 1089.63791322962, 12.75675735702, 4.12500003222, 0.00000000000, 0.00000000580, -0.00000000374
146, 50.00000000000, 1119.19635891160, 35.72582073780, 4.12500003222, 0.00000000000, -0.00000001149, -0.00000002725
147, 50.00000000000, 1138.37929755045, 28.43796645390, 4.12500003222, 0.00000000000, 0.00000001184, -0.00000002776
148, 50.00000000000, 1148.11561400498, 117.81141908825, 4.12500003222, 0.00000000000, -0.00000000532, 0.00000000251
149, 50.00000000000, 1155.27200467162, 26.64244921499, 4.12500003222, 0.00000000000, -0.00000000195, 0.00000000824
150, 50.00000000000, 1171.58691649606, 35.66156408098, 4.12500003222, 0.00000000000, -0.00000001045, -0.00000001746
151, 50.00000000000, 1197.07185973147, 12.61058251606, 4.12500003222, 0.00000000000, 0.00000000070, -0.00000000342
152, 50.00000000000, 1183.72672411209, 122.01694186250, 4.12500003222, 0.00000000000, -0.00000000129, 0.00000002673
153, 50.00000000000, 1230.00421209628, 12.05149588161, 4.12500003222, 0.00000000000, 0.00000000241, 0.00000000918
154, 50.00000000000, 1246.53669934202, 27.91427135667, 4.12500003222, 0.00000000000, -0.00000000353, 0.00000000785
155, 50.00000000000, 1242.12027783909, 59.78261111207, 4.12500003222, 0.00000000000, -0.00000000286, 0.00000001818
156, 50.00000000000, 1247.10052188692, 98.44733975455, 4.12500003222, 0.00000000000, 0.00000000065, -0.00000005280
157, 50.00000000000, 1261.06210992632, 58.26947830174, 4.12500003222, 0.00000000000, 0.00000000924, -0.00000001781
158, 50.00000000000, 1262.69370786048, 112.65332994955, 4.12500003222, 0.00000000000, 0.00000000959, -0.00000000332
159, 50.00000000000, 1275.83406822062, 61.20390088704, 4.12500003222, 0.00000000000, -0.00000000371, -0.00000000160
160, 50.00000000000, 82.47396133061, 30.55759481437, 4.12500003222, 0.00000000000, -0.00000000101, 0.00000004107
161, 50.00000000000, 87.50628831968, 67.74428961874, 4.12500003222, 0.00000000000, -0.00000000823, 0.00000001052
162, 50.00000000000, 116.72494638636, 4.52747610553, 4.12500003222, 0.00000000000, -0.00000000341, 0.00000003387
163, 50.00000000000, 122.80469090232, 26.27115064974, 4.12500003222, 0.00000000000, 0.00000000695, 0.00000000629
164, 50.00000000000, 130.09736331443, 50.10287323799, 4.12500003222, 0.00000000000, -0.00000000278, -0.00000004831
165, 50.00000000000, 136.71966774421, 43.60296957289, 4.12500003222, 0.00000000000, -0.00000000383, -0.00000004962
166, 50.00000000000, 167.33976732589, 38.77184097854, 4.12500003222, 0.00000000000, 0.00000000577, -0.00000001079
167, 50.00000000000, 180.41320382642, 21.38545348343, 4.12500003222, 0.00000000000, 0.00000000159, 0.00000004609
168, 50.00000000000, 186.21424783223, 64.09524341739, 4.12500003222, 0.00000000000, -0.00000001012, 0.00000000399
169, 50.00000000000, 213.76219969374, 15.39542892582, 4.12500003222, 0.00000000000, -0.00000000241, -0.00000003702
170, 50.00000000000, 232.27246636724, 6.30923817560, 4.12500003222, 0.00000000000, 0.00000000832, -0.00000001172
171, 50.00000000000, 249.35121295127, 34.35017392573, 4.12500003222, 0.00000000000, -0.00000000357, -0.00000000349
172, 50.00000000000, 270.01509247170, 8.69612860534, 4.12500003222, 0.00000000000, -0.00000000776, -0.00000004274
173, 50.00000000000, 281.72582914191, 49.24172401996, 4.12500003222, 0.00000000000, -0.00000000594, 0.00000001896
174, 50.00000000000, 300.04844015910, 7.79521013173, 4.12500003222, 0.00000000000, 0.00000000735, 0.00000000699
175, 50.00000000000, 308.73870178056, 14.01887698276, 4.12500003222, 0.00000000000, 0.00000001382, -0.00000000992
176, 50.00000000000, 328.96290137747, 25.10482480464, 4.12500003222, 0.00000000000, -0.00000000234, -0.00000001709
177, 50.00000000000, 349.20965400203, 48.54934607223, 4.12500003222, 0.00000000000, 0.00000000666, 0.00000003263
178, 50.00000000000, 369.11212588796, 86.07406972951, 4.12500003222, 0.00000000000, -0.00000000277, -0.00000003088
179, 50.00000000000, 377.55534268962, 97.98926694467, 4.12500003222, 0.00000000000, 0.00000000568, 0.00000000144
180, 50.00000000000, 396.51206331499, 102.15196647388, 4.12500003222, 0.00000000000, 0.00000000707, -0.00000005440
181, 50.00000000000, 412.36510933302, 87.09411428449, 4.12500003222, 0.00000000000, -0.00000001261, 0.00000003784
182, 50.00000000000, 432.32970583037, 103.14665124619, 4.12500003222, 0.00000000000, -0.00000001229, 0.00000002381
183, 50.00000000000, 430.44432571428, 36.19748785830, 4.12500003222, 0.00000000000, 0.00000001473, -0.00000000386
184, 50.00000000000, 419.54036532895, -30000000.00000000000, 0.00000000000, 0.00000000000, 0.00000008439, 0.66000001198
185, 50.00000000000, 462.93577233950, 120.07963358262, 4.12500003222, 0.00000000000, -0.00000001245, -0.00000000525
186, 50.00000000000, 481.89775120074, 84.95515083977, 4.12500003222, 0.00000000000, -0.00000000786, 0.00000000870
187, 50.00000000000, 494.32980271076, 80.11679784466, 4.12500003222, 0.00000000000, -0.00000000012, -0.00000004202
188, 50.00000000000, 516.25283199653, 58.07295920350, 4.12500003222, 0.00000000000, 0.00000000578, 0.00000005139
189, 50.00000000000, 534.88004270113, 43.85821120237, 4.12500003222, 0.00000000000, 0.00000000146, -0.00000001324
190, 50.00000000000, 520.58267380689, -30000000.00000000000, 0.00000000000, 0.00000000000, 0.00000135806, 0.66000001198
191, 50.00000000000, 565.48214754547, 77.03898817385, 4.12500003222, 0.00000000000, -0.00000000915, -0.00000002155
192, 50.00000000000, 575.51288876584, 147.76890592903, 4.12500003222, 0.00000000000, 0.00000000422, -0.00000000468
193, 50.00000000000, 583.20080821827, 182.23190104677, 4.12500003222, 0.00000000000, -0.00000000235, 0.00000000552
194, 50.00000000000, 600.74746263541, 169.09609577431, 4.12500003222, 0.00000000000, -0.00000000320, -0.00000003174
195, 50.00000000000, 612.28101428985, -30000000.00000000000, 0.00000000000, 0.00000000000, 0.00000223237, 0.66000001198
196, 50.00000000000, 639.89820585641, -30000000.00000000000, 0.00000000000, 0.00000000000, 0.00000073799, 0.66000001198
197, 50.00000000000, 653.53228575771, -30000000.00000000000, 0.00000000000, 0.00000000000, -0.00000007266, 0.66000001198
198, 50.00000000000, 677.74584123462, 58.09392781463, 4.12500003222, 0.00000000000, 0.00000000855, -0.00000001929
199, 50.00000000000, 673.06020826581, -30000000.00000000000, 0.00000000000, 0.00000000000, 0.00000070719, 0.66000001198
200, 50.00000000000, 713.95270851779, 97.07141641995, 4.12500003222, 0.00000000000, 0.00000000019, -0.00000001804
201, 50.00000000000, 729.81154686439, 98.34335423069, 4.12500003222, 0.00000000000, -0.00000000440, 0.00000002951
202, 50.00000000000, 728.73590377828, 44.97549058502, 4.12500003222, 0.00000000000, 0.00000000170, 0.00000001198
203, 50.00000000000, 756.44150424276, -30000000.00000000000, 0.00000000000, 0.00000000000, -0.00000024601, 0.66000001198
204, 50.00000000000, 765.68247227427, -30000000.00000000000, 0.00000000000, 0.00000000000, -0.00000020833, 0.66000001198
205, 50.00000000000, 796.01118514446, 33.15581717884, 4.12500003222, 0.00000000000, -0.00000000084, -0.00000001776
206, 50.00000000000, 814.98903565974, 27.65187155882, 4.12500003222, 0.00000000000, -0.00000000609, 0.00000001072
207, 50.00000000000, 810.10524412080, 61.79253074433, 4.12500003222, 0.00000000000, -0.00000000318, -0.00000002134
208, 50.00000000000, 829.30469022481, 91.28551912816, 4.12500003222, 0.00000000000, -0.00000000113, -0.00000002001
209, 50.00000000000, 829.19298995510, 59.77926044566, 4.12500003222, 0.00000000000, -0.00000000305, -0.00000006472
210, 50.00000000000, 866.59283745094, -30000000.00000000000, 0.00000000000, 0.00000000000, 0.00000161984, 0.66000001198
211, 50.00000000000, 890.63605409679, -30000000.00000000000, 0.00000000000, 0.00000000000, 0.00000103109, 0.66000001198
212, 50.00000000000, 899.04133797571, 32.76681620046, 4.12500003222, 0.00000000000, 0.00000000099, -0.00000000104
213, 50.00000000000, 915.76837511254, -30000000.00000000000, 0.00000000000, 0.00000000000, -0.00000147500, 0.66000001198
214, 50.00000000000, 935.33621611724, 92.01474957878, 4.12500003222, 0.00000000000, -0.00000000461, 0.00000000917
215, 50.00000000000, 956.19235587580, 41.79506918740, 4.12500003222, 0.00000000000, -0.00000000085, -0.00000002902
216, 50.00000000000, 976.73893662982, 40.74265219805, 4.12500003222, 0.00000000000, 0.00000001258, -0.00000001183
217, 50.00000000000, 984.27381532761, -30000000.00000000000, 0.00000000000, 0.00000000000, -0.00000176700, 0.66000001198
218, 50.00000000000, 1003.32229807529, -30000000.00000000000, 0.00000000000, 0.00000000000, 0.00000034875, 0.66000001198
219, 50.00000000000, 1025.88273151686, -30000000.00000000000, 0.00000000000, 0.00000000000, -0.00000022594, 0.66000001198
220, 50.00000000000, 994.52653909800, 110.86626786505, 4.12500003222, 0.00000000000, -0.00000000880, -0.00000001636
221, 50.00000000000, 1047.03267299671, 37.64902544561, 4.12500003222, 0.00000000000, -0.00000001005, 0.00000000353
222, 50.00000000000, 1059.55232173712, 48.07620956416, 4.12500003222, 0.00000000000, -0.00000000009, 0.00000002219
223, 50.00000000000, 1066.58640057590, 33.73974723450, 4.12500003222, 0.00000000000, 0.00000000924, 0.00000002035
224, 50.00000000000, 1075.03929184825, 14.08598186052, 4.12500003222, 0.00000000000, -0.00000000681, 0.00000000266
225, 50.00000000000, 1108.29191887548, 24.56823729228, 4.12500003222, 0.00000000000, -0.00000000776, -0.00000001065
226, 50.00000000000, 1103.19993332424, 80.57221775141, 4.12500003222, 0.00000000000, 0.00000000102, 0.00000001070
227, 50.00000000000, 1131.61889081172, 48.32924807175, 4.12500003222, 0.00000000000, -0.00000002110, 0.00000005245
228, 50.00000000000, 1140.73221590381, 9.40062916306, 4.12500003222, 0.00000000000, -0.00000000662, 0.00000001640
229, 50.00000000000, 1158.65176533892, 15.80499612853, 4.12500003222, 0.00000000000, 0.00000000373, -0.00000000148
230, 50.00000000000, 1174.99875035095, 14.30768759217, 4.12500003222, 0.00000000000, -0.00000000772, 0.00000002073
231, 50.00000000000, 1194.17991099531, 59.85411923233, 4.12500003222, 0.00000000000, 0.00000000507, 0.00000006896
232, 50.00000000000, 1214.30336746190, 30.35133497824, 4.12500003222, 0.00000000000, -0.00000000753, -0.00000002527
233, 50.00000000000, 1208.53361474417, 53.32596140075, 4.12500003222, 0.00000000000, 0.00000000450, 0.00000005173
234, 50.00000000000, 1217.47906051124, 60.99696636970, 4.12500003222, 0.00000000000, -0.00000000271, 0.00000002847
235, 50.00000000000, 1232.62831280519, 79.99768522177, 4.12500003222, 0.00000000000, -0.00000000345, -0.00000005532
236, 50.00000000000, 1276.13608010770, 6.78959172326, 4.12500003222, 0.00000000000, -0.00000000370, -0.00000002662
237, 50.00000000000, 1258.12437532201, 76.51770296267, 4.12500003222, 0.00000000000, 0.00000000116, 0.00000001492
238, 50.00000000000, 1264.80361323535, 90.13874051069, 4.12500003222, 0.00000000000, -0.00000001833, -0.00000003296
239, 50.00000000000, 1289.92166233202, 89.84460836884, 4.12500003222, 0.00000000000, 0.00000000226, 0.00000000237
240, 50.00000000000, 89.80668135758, 44.71631191151, 4.12500003222, 0.00000000000, 0.00000000123, -0.00000000329
241, 50.00000000000, 83.56887422016, 12.07408061337, 4.12500003222, 0.00000000000, 0.00000000316, -0.00000003191
242, 50.00000000000, 104.42390200766, 25.35198516051, 4.12500003222, 0.00000000000, 0.00000000875, 0.00000000526
243, 50.00000000000, 117.06715691004, 78.35435240400, 4.12500003222, 0.00000000000, 0.00000000831, -0.00000000530
244, 50.00000000000, 134.57900264057, 81.43813191141, 4.12500003222, 0.00000000000, 0.00000000401, -0.00000000870
245, 50.00000000000, 146.19858843067, 64.60576372120, 4.12500003222, 0.00000000000, 0.00000000230, 0.00000006657
246, 50.00000000000, 158.77725762545, 21.81479552359, 4.12500003222, 0.00000000000, 0.00000001133, 0.00000003797
247, 50.00000000000, 139.55774096382, 115.74871827706, 4.12500003222, 0.00000000000, 0.00000000050, -0.00000000141
248, 50.00000000000, 152.78722622347, 77.62981360537, 4.12500003222, 0.00000000000, -0.00000000729, 0.00000001287
249, 50.00000000000, 164.00222994389, 92.85669766002, 4.12500003222, 0.00000000000, -0.00000000077, -0.00000000845
250, 50.00000000000, 215.36739496742, 24.21419842953, 4.12500003222, 0.00000000000, 0.00000000295, 0.00000002495
251, 50.00000000000, 193.35686603364, 109.37259101510, 4.12500003222, 0.00000000000, -0.00000000076, -0.00000001178
252, 50.00000000000, 258.17273133351, 52.50547478601, 4.12500003222, 0.00000000000, 0.00000000001, 0.00000001891
253, 50.00000000000, 285.24552542297, 36.84560305454, 4.12500003222, 0.00000000000, 0.00000000841, -0.00000002335
254, 50.00000000000, 249.77437444694, 129.40589924588, 4.12500003222, 0.00000000000, -0.00000000148, -0.00000001068
255, 50.00000000000, 251.79350234277, 149.89702802609, 4.12500003222, 0.00000000000, 0.00000000414, 0.00000001227
256, 50.00000000000, 286.40717565517, 172.26032951315, 4.12500003222, 0.00000000000, 0.00000000040, -0.00000000326
257, 50.00000000000, 347.29544337248, 59.69767150307, 4.12500003222, 0.00000000000, -0.00000000170, -0.00000005601
258, 50.00000000000, 368.21532139436, 74.15465676130, 4.12500003222, 0.00000000000, -0.00000000229, 0.00000002896
259, 50.00000000000, 376.30387077314, 32.57544450235, 4.12500003222, 0.00000000000, -0.00000000001, 0.00000001690
260, 50.00000000000, 393.06672274571, 46.96801168300, 4.12500003222, 0.00000000000, -0.00000001235, -0.00000000407
261, 50.00000000000, 401.07228952652, 54.58996658464, 4.12500003222, 0.00000000000, 0.00000000187, 0.00000000238
262, 50.00000000000, 388.93887788843, -30000000.00000000000, 0.00000000000, 0.00000000000, 0.00000061209, 0.66000001198
263, 50.00000000000, 448.04803479386, 87.49204745981, 4.12500003222, 0.00000000000, -0.00000000652, -0.00000005451
264, 50.00000000000, 443.49982391040, 53.99252827013, 4.12500003222, 0.00000000000, 0.00000000087, -0.00000005761
265, 50.00000000000, 463.73561900036, 82.13736604024, 4.12500003222, 0.00000000000, 0.00000000087, -0.00000003413
266, 50.00000000000, 481.81392481601, 119.30323383646, 4.12500003222, 0.00000000000, 0.00000000250, -0.00000000926
267, 50.00000000000, 504.08359914833, 89.16734922491, 4.12500003222, 0.00000000000, -0.00000000452, 0.00000000930
268, 50.00000000000, 511.58523841749, 78.75665742145, 4.12500003222, 0.00000000000, -0.00000000205, -0.00000004155
269, 50.00000000000, 535.23712935046, 59.39136379632, 4.12500003222, 0.00000000000, -0.00000001169, 0.00000002583
270, 50.00000000000, 531.84524923006, -30000000.00000000000, 0.00000000000, 0.00000000000, -0.00000014633, 0.66000001198
271, 50.00000000000, 567.97398031580, 99.12041147558, 4.12500003222, 0.00000000000, 0.00000000381, 0.00000002697
272, 50.00000000000, 573.41552417137, 60.15410222883, 4.12500003222, 0.00000000000, -0.00000000204, -0.00000000533
273, 50.00000000000, 606.91495803229, 134.42656679997, 4.12500003222, 0.00000000000, -0.00000000212, -0.00000000821
274, 50.00000000000, 616.17201317584, 102.17644047768, 4.12500003222, 0.00000000000, 0.00000000013, 0.00000000088
275, 50.00000000000, 621.30749828386, 83.33651771552, 4.12500003222, 0.00000000000, 0.00000000310, -0.00000000093
276, 50.00000000000, 629.15038711257, -30000000.00000000000, 0.00000000000, 0.00000000000, 0.00000099221, 0.66000001198
277, 50.00000000000, 665.60082169178, 72.31320644141, 4.12500003222, 0.00000000000, -0.00000000266, 0.00000000528
278, 50.00000000000, 660.57065993030, -30000000.00000000000, 0.00000000000, 0.00000000000, -0.00000089032, 0.66000001198
279, 50.00000000000, 681.26819701970, 40.87627234993, 4.12500003222, 0.00000000000, 0.00000000001, 0.00000001632
280, 50.00000000000, 694.87787975621, -30000000.00000000000, 0.00000000000, 0.00000000000, -0.00000029079, 0.66000001198
281, 50.00000000000, 720.52609468143, 79.95021278982, 4.12500003222, 0.00000000000, -0.00000000408, -0.00000000047
282, 50.00000000000, 745.01697509145, -30000000.00000000000, 0.00000000000, 0.00000000000, -0.00000014535, 0.66000001198
283, 50.00000000000, 767.00359703940, 113.17199468403, 4.12500003222, 0.00000000000, 0.00000001012, -0.00000001080
284, 50.00000000000, 776.34621273854, 74.13977933349, 4.12500003222, 0.00000000000, 0.00000000159, 0.00000000338
285, 50.00000000000, 786.29845201467, -30000000.00000000000, 0.00000000000, 0.00000000000, 0.00000050588, 0.66000001198
286, 50.00000000000, 817.12984452436, 43.79429918285, 4.12500003222, 0.00000000000, 0.00000000732, 0.00000003302
287, 50.00000000000, 835.81739269322, 38.79926317954, 4.12500003222, 0.00000000000, -0.00000000269, 0.00000004415
288, 50.00000000000, 839.46921890601, -30000000.00000000000, 0.00000000000, 0.00000000000, -0.00000101373, 0.66000001198
289, 50.00000000000, 869.25207689475, 54.97142712353, 4.12500003222, 0.00000000000, -0.00000000457, 0.00000001135
290, 50.00000000000, 860.64532626311, 76.50413849184, 4.12500003222, 0.00000000000, 0.00000000211, -0.00000000866
291, 50.00000000000, 878.86470139630, 37.94684834115, 4.12500003222, 0.00000000000, -0.00000000040, -0.00000001076
292, 50.00000000000, 905.22338823391, -30000000.00000000000, 0.00000000000, 0.00000000000, -0.00000110819, 0.66000001198
293, 50.00000000000, 917.47856619512, 83.40329677971, 4.12500003222, 0.00000000000, -0.00000000675, 0.00000000390
294, 50.00000000000, 921.97304218386, 30.82392336895, 4.12500003222, 0.00000000000, -0.00000000223, 0.00000002412
295, 50.00000000000, 942.67169895116, 22.58017876320, 4.12500003222, 0.00000000000, 0.00000001041, -0.00000000021
296, 50.00000000000, 966.68773035565, 73.63793320423, 4.12500003222, 0.00000000000, -0.00000000752, 0.00000001481
297, 50.00000000000, 977.69624646694, 62.25370654923, 4.12500003222, 0.00000000000, -0.00000000541, 0.00000002965
298, 50.00000000000, 997.83601713436, 65.09446128744, 4.12500003222, 0.00000000000, 0.00000000952, 0.00000003388
299, 50.00000000000, 1030.85399897460, -30000000.00000000000, 0.00000000000, 0.00000000000, -0.00000088796, 0.66000001198
300, 50.00000000000, 1026.87499923288, 50.30412958801, 4.12500003222, 0.00000000000, 0.00000000117, -0.00000003399
301, 50.00000000000, 1045.07919483999, 79.21203378692, 4.12500003222, 0.00000000000, -0.00000000792, 0.00000001430
302, 50.00000000000, 1047.57705373553, 61.44304324581, 4.12500003222, 0.00000000000, -0.00000000451, -0.00000000783
303, 50.00000000000, 1095.76986868288, -30000000.00000000000, 0.00000000000, 0.00000000000, -0.00000083959, 0.66000001198
304, 50.00000000000, 1078.32674524650, 56.35052248424, 4.12500003222, 0.00000000000, -0.00000000909, -0.00000000546
305, 50.00000000000, 1107.38060606360, 48.87097305693, 4.12500003222, 0.00000000000, 0.00000001243, -0.00000001038
306, 50.00000000000, 1100.66445615704, 7.40852634546, 4.12500003222, 0.00000000000, -0.00000000319, 0.00000000152
307, 50.00000000000, 1120.48056061898, 68.93026456697, 4.12500003222, 0.00000000000, 0.00000001271, 0.00000002291
308, 50.00000000000, 1150.40036887217, 48.89791795037, 4.12500003222, 0.00000000000, 0.00000001247, -0.00000005777
309, 50.00000000000, 1169.96620623321, 57.38496105307, 4.12500003222, 0.00000000000, 0.00000000356, 0.00000001508
310, 50.00000000000, 1181.44105099473, 5.59369828197, 4.12500003222, 0.00000000000, 0.00000000264, 0.00000000156
311, 50.00000000000, 1178.65053681139, 66.89479458682, 4.12500003222, 0.00000000000, 0.00000001042, -0.00000004755
312, 50.00000000000, 1217.51274512771, 7.70989171284, 4.12500003222, 0.00000000000, 0.00000000175, 0.00000002183
313, 50.00000000000, 1210.58494735256, 21.97775460338, 4.12500003222, 0.00000000000, -0.00000000042, 0.00000001308
314, 50.00000000000, 1209.52666685515, 75.11849032129, 4.12500003222, 0.00000000000, 0.00000000046, -0.00000004127
315, 50.00000000000, 1229.90719380249, 45.97213037699, 4.12500003222, 0.00000000000, 0.00000000327, -0.00000000121
316, 50.00000000000, 1241.78883791784, 82.62407614043, 4.12500003222, 0.00000000000, 0.00000001862, 0.00000002887
317, 50.00000000000, 1260.61738821442, 45.41340999506, 4.12500003222, 0.00000000000, 0.00000000091, 0.00000000206
318, 50.00000000000, 1279.46165511179, 29.05467599454, 4.12500003222, 0.00000000000, 0.00000000529, 0.00000001530
319, 50.00000000000, 1298.68430699487, 53.50294043831, 4.12500003222, 0.00000000000, 0.00000000075, -0.00000000249
320, 50.00000000000, -15.81525601760, 117.18440995585, 4.12500003222, 0.00000000000, -0.00000000000, 0.00000000000
321, 50.00000000000, 93.98407321635, 7.97874404603, 4.12500003222, 0.00000000000, 0.00000000527, 0.00000001430
322, 50.00000000000, 100.66926657958, 59.27861144971, 4.12500003222, 0.00000000000, 0.00000000119, -0.00000002311
323, 50.00000000000, 111.99179646238, 40.88007611551, 4.12500003222, 0.00000000000, 0.00000000514, 0.00000000714
324, 50.00000000000, 73.44495054972, 176.94516115637, 4.12500003222, 0.00000000000, 0.00000000000, 0.00000000000
325, 50.00000000000, 147.47510746973, 24.43832801473, 4.12500003222, 0.00000000000, 0.00000001669, -0.00000002234
326, 50.00000000000, 161.41911232412, 45.60930955669, 4.12500003222, 0.00000000000, 0.00000000210, 0.00000004492
327, 50.00000000000, 181.95876969848, 43.25938885460, 4.12500003222, 0.00000000000, 0.00000000643, -0.00000001736
328, 50.00000000000, 195.71342981811, 16.42317140685, 4.12500003222, 0.00000000000, -0.00000000069, -0.00000003949
329, 50.00000000000, 186.75894164014, 87.17574449905, 4.12500003222, 0.00000000000, 0.00000000269, 0.00000002998
330, 50.00000000000, 195.02872039298, 126.87367067156, 4.12500003222, 0.00000000000, -0.00000000457, 0.00000001138
331, 50.00000000000, 200.93686240491, 95.45977271239, 4.12500003222, 0.00000000000, -0.00000000325, -0.00000002605
332, 50.00000000000, 274.24780691847, 56.20356701729, 4.12500003222, 0.00000000000, 0.00000000936, 0.00000000691
333, 50.00000000000, 286.11474498715, 84.23628800838, 4.12500003222, 0.00000000000, -0.00000000129, 0.00000001163
334, 50.00000000000, 305.34998096377, 80.63247386666, 4.12500003222, 0.00000000000, -0.00000000667, -0.00000001801
335, 50.00000000000, 269.97346436588, 159.82599056667, 4.12500003222, 0.00000000000, -0.00000000104, -0.00000000075
336, 50.00000000000, 327.02944293868, 48.35891384952, 4.12500003222, 0.00000000000, -0.00000001232, 0.00000004557
337, 50.00000000000, 358.05991963333, 89.92163607298, 4.12500003222, 0.00000000000, -0.00000000001, -0.00000001681
338, 50.00000000000, 360.90178201533, 63.82828292659, 4.12500003222, 0.00000000000, 0.00000000792, -0.00000002199
339, 50.00000000000, 340.00595498222, -30000000.00000000000, 0.00000000000, 0.00000000000, -0.00000017105, 0.66000001198
340, 50.00000000000, 380.57391997997, 52.58138825697, 4.12500003222, 0.00000000000, -0.00000000398, -0.00000002393
341, 50.00000000000, 412.05852391745, 46.89896746796, 4.12500003222, 0.00000000000, -0.00000000076, 0.00000000909
342, 50.00000000000, 418.15571970160, 69.46532671140, 4.12500003222, 0.00000000000, -0.00000000135, -0.00000000848
343, 50.00000000000, 411.95594727245, -30000000.00000000000, 0.00000000000, 0.00000000000, 0.00000040949, 0.66000001198
344, 50.00000000000, 421.63645327278, -30000000.00000000000, 0.00000000000, 0.00000000000, 0.00000031613, 0.66000001198
345, 50.00000000000, 466.52073856815, 99.41293048958, 4.12500003222, 0.00000000000, 0.00000001278, 0.00000002070
346, 50.00000000000, 475.42375385011, 69.38462717235, 4.12500003222, 0.00000000000, -0.00000001824, 0.00000003447
347, 50.00000000000, 497.04866349551, 66.57995036685, 4.12500003222, 0.00000000000, 0.00000000827, 0.00000002301
348, 50.00000000000, 516.09626331632, 48.19345685085, 4.12500003222, 0.00000000000, -0.00000000082, -0.00000001480
349, 50.00000000000, 508.76185780467, -30000000.00000000000, 0.00000000000, 0.00000000000, 0.00000080948, 0.66000001198
350, 50.00000000000, 565.86517379454, 131.58290135570, 4.12500003222, 0.00000000000, -0.00000000266, 0.00000000250
351, 50.00000000000, 576.05330312381, 83.05627341483, 4.12500003222, 0.00000000000, 0.00000000609, 0.00000001410
352, 50.00000000000, 578.39065239281, 115.11918717771, 4.12500003222, 0.00000000000, 0.00000000003, -0.00000002841
353, 50.00000000000, 588.64394275769, 71.82772453082, 4.12500003222, 0.00000000000, 0.00000000725, -0.00000001140
354, 50.00000000000, 606.28368100167, 100.66719910644, 4.12500003222, 0.00000000000, 0.00000001299, -0.00000000387
355, 50.00000000000, 623.11666927418, 94.25900095896, 4.12500003222, 0.00000000000, 0.00000000183, 0.00000000274
356, 50.00000000000, 622.17936128287, 171.64981120842, 4.12500003222, 0.00000000000, -0.00000000341, -0.00000002154
357, 50.00000000000, 652.67388914116, 104.74616826652, 4.12500003222, 0.00000000000, 0.00000000567, -0.00000000991
358, 50.00000000000, 642.35496588927, 171.99110922709, 4.12500003222, 0.00000000000, 0.00000000325, 0.00000000094
359, 50.00000000000, 683.79355610753, -30000000.00000000000, 0.00000000000, 0.00000000000, -0.00000056277, 0.66000001198
360, 50.00000000000, 715.53841676887, 116.40417723151, 4.12500003222, 0.00000000000, 0.00000000666, -0.00000000841
361, 50.00000000000, 723.94763273265, 29.27576609456, 4.12500003222, 0.00000000000, -0.00000001248, -0.00000002939
362, 50.00000000000, 750.10972815326, 107.48837551055, 4.12500003222, 0.00000000000, -0.00000000222, -0.00000001529
363, 50.00000000000, 742.98821350697, 32.07587544195, 4.12500003222, 0.00000000000, 0.00000000582, -0.00000000627
364, 50.00000000000, 756.29663409455, 76.07364200768, 4.12500003222, 0.00000000000, -0.00000000171, 0.00000000158
365, 50.00000000000, 788.86542868432, 228.83180868739, 4.12500003222, 0.00000000000, -0.00000000590, -0.00000001324
366, 50.00000000000, 807.98956735489, -30000000.00000000000, 0.00000000000, 0.00000000000, -0.00000008405, 0.66000001198
367, 50.00000000000, 811.47827788867, -30000000.00000000000, 0.00000000000, 0.00000000000, 0.00000036708, 0.66000001198
368, 50.00000000000, 833.69649444093, -30000000.00000000000, 0.00000000000, 0.00000000000, -0.00000141773, 0.66000001198
369, 50.00000000000, 832.09153696270, 113.65537457926, 4.12500003222, 0.00000000000, 0.00000000488, -0.00000000158
370, 50.00000000000, 863.54701896030, 98.14766024474, 4.12500003222, 0.00000000000, -0.00000000137, -0.00000000223
371, 50.00000000000, 890.63339669740, -30000000.00000000000, 0.00000000000, 0.00000000000, 0.00000103162, 0.66000001198
372, 50.00000000000, 897.28389338869, 76.69653146480, 4.12500003222, 0.00000000000, 0.00000000004, -0.00000001866
373, 50.00000000000, 911.81859125432, 45.53510725938, 4.12500003222, 0.00000000000, 0.00000000704, -0.00000001794
374, 50.00000000000, 934.89633123530, 36.62843243531, 4.12500003222, 0.00000000000, -0.00000001036, 0.00000001281
375, 50.00000000000, 963.24966930524, -30000000.00000000000, 0.00000000000, 0.00000000000, 0.00000058485, 0.66000001198
376, 50.00000000000, 975.56517072570, -30000000.00000000000, 0.00000000000, 0.00000000000, -0.00000023486, 0.66000001198
377, 50.00000000000, 983.11704771426, 9.56331989703, 4.12500003222, 0.00000000000, -0.00000000865, 0.00000002151
378, 50.00000000000, 994.23223434924, 28.37594550795, 4.12500003222, 0.00000000000, -0.00000000241, 0.00000004968
379, 50.00000000000, 1010.37679347266, 69.65608538204, 4.12500003222, 0.00000000000, -0.00000000290, -0.00000000475
380, 50.00000000000, 1027.12497046978, 62.92680554221, 4.12500003222, 0.00000000000, -0.00000000592, -0.00000000475
381, 50.00000000000, 1035.48161809208, 96.03643190809, 4.12500003222, 0.00000000000, -0.00000000192, -0.00000000481
382, 50.00000000000, 1058.30093958568, 66.19870949237, 4.12500003222, 0.00000000000, 0.00000000779, -0.00000000936
383, 50.00000000000, 1068.28167434381, 71.53319663237, 4.12500003222, 0.00000000000, -0.00000000039, -0.00000001939
384, 50.00000000000, 1077.53502072347, 32.71334569354, 4.12500003222, 0.00000000000, -0.00000000093, 0.00000002642
385, 50.00000000000, 1097.31548991063, 42.99833138141, 4.12500003222, 0.00000000000, -0.00000000530, -0.00000004041
386, 50.00000000000, 1117.71632618942, 44.04210280433, 4.12500003222, 0.00000000000, -0.00000001698, 0.00000003165
387, 50.00000000000, 1119.97982935572, 11.76097671716, 4.12500003222, 0.00000000000, 0.00000000625, -0.00000000657
388, 50.00000000000, 1137.50940640308, 42.86558504743, 4.12500003222, 0.00000000000, 0.00000003008, -0.00000001733
389, 50.00000000000, 1149.12358608095, 84.61387774483, 4.12500003222, 0.00000000000, 0.00000000531, -0.00000002697
390, 50.00000000000, 1172.40336346559, 89.26994868613, 4.12500003222, 0.00000000000, -0.00000000232, -0.00000000364
391, 50.00000000000, 1183.11339590177, 76.23956459848, 4.12500003222, 0.00000000000, 0.00000001021, -0.00000001528
392, 50.00000000000, 1205.14956046623, 44.65100117002, 4.12500003222, 0.00000000000, 0.00000000218, -0.00000003513
393, 50.00000000000, 1230.14528825566, 27.62026273381, 4.12500003222, 0.00000000000, 0.00000000327, -0.00000000070
394, 50.00000000000, 1217.62743583178, 83.97489196399, 4.12500003222, 0.00000000000, 0.00000000993, 0.00000000881
395, 50.00000000000, 1230.87915897551, 63.88262168950, 4.12500003222, 0.00000000000, -0.00000001008, 0.00000002134
396, 50.00000000000, 1244.87820417965, 43.61207331849, 4.12500003222, 0.00000000000, 0.00000000405, -0.00000004820
397, 50.00000000000, 1253.07952651644, 92.41186367065, 4.12500003222, 0.00000000000, -0.00000000554, -0.00000001376
398, 50.00000000000, 1283.00455909021, 105.81315035255, 4.12500003222, 0.00000000000, 0.00000000866, 0.00000004366
399, 50.00000000000, 1279.55959118072, 41.47175778914, 4.12500003222, 0.00000000000, -0.00000000096, 0.00000003039
400, 50.00000000000, 70.40374329501, 30.85875577822, 4.12500003222, 0.00000000000, 0.00000000333, 0.00000001484
401, 50.00000000000, 79.81602111821, 52.96480547056, 4.12500003222, 0.00000000000, -0.00000000033, -0.00000001472
402, 50.00000000000, 107.79632204410, 96.94914939314, 4.12500003222, 0.00000000000, -0.00000000621, 0.00000001742
403, 50.00000000000, 109.91639971714, 60.62244840774, 4.12500003222, 0.00000000000, 0.00000000238, -0.00000003842
404, 50.00000000000, 133.85380467031, 64.22096841115, 4.12500003222, 0.00000000000, -0.00000000625, 0.00000006367
405, 50.00000000000, 136.55198115351, 11.28422633443, 4.12500003222, 0.00000000000, -0.00000000503, -0.00000000748
406, 50.00000000000, 159.69451901224, 33.81507276342, 4.12500003222, 0.00000000000, -0.00000001515, -0.00000000995
407, 50.00000000000, 145.96921583748, 97.34700155010, 4.12500003222, 0.00000000000, 0.00000000041, -0.00000002941
408, 50.00000000000, 174.95689229729, 77.53298585699, 4.12500003222, 0.00000000000, -0.00000000721, -0.00000003884
409, 50.00000000000, 193.40051101639, 74.13991475127, 4.12500003222, 0.00000000000, -0.00000000271, -0.00000001723
410, 50.00000000000, 178.27676756140, 94.53667052930, 4.12500003222, 0.00000000000, 0.00000000699, -0.00000000940
411, 50.00000000000, 204.71418049420, 250.98706376865, 4.12500003222, 0.00000000000, 0.00000000000, 0.00000000000
412, 50.00000000000, 232.93643283147, 142.08573861253, 4.12500003222, 0.00000000000, -0.00000000089, -0.00000000299
413, 50.00000000000, 234.67611552191, 212.42297290076, 4.12500003222, 0.00000000000, 0.00000000000, 0.00000000000
414, 50.00000000000, 292.22907711671, 68.11319381273, 4.12500003222, 0.00000000000, 0.00000000195, -0.00000001873
415, 50.00000000000, 324.36684382534, 80.46755597738, 4.12500003222, 0.00000000000, -0.00000000090, -0.00000000239
416, 50.00000000000, 320.58218999894, 15.53613359281, 4.12500003222, 0.00000000000, 0.00000001081, -0.00000002792
417, 50.00000000000, 340.74105494623, 29.20661592701, 4.12500003222, 0.00000000000, -0.00000000828, -0.00000004126
418, 50.00000000000, 322.42956292726, -30000000.00000000000, 0.00000000000, 0.00000000000, 0.00000072823, 0.66000001198
419, 50.00000000000, 339.49563006144, -30000000.00000000000, 0.00000000000, 0.00000000000, -0.00000011559, 0.66000001198
420, 50.00000000000, 353.13639307633, 192.68367518909, 4.12500003222, 0.00000000000, 0.00000000000, 0.00000000000
421, 50.00000000000, 409.36339949296, 111.21596902499, 4.12500003222, 0.00000000000, 0.00000001603, -0.00000002285
422, 50.00000000000, 423.87422744487, 126.46154661537, 4.12500003222, 0.00000000000, -0.00000000280, 0.00000000205
423, 50.00000000000, 405.77340567594, -30000000.00000000000, 0.00000000000, 0.00000000000, 0.00000163363, 0.66000001198
424, 50.00000000000, 444.09974333117, 123.51563563770, 4.12500003222, 0.00000000000, 0.00000000292, -0.00000002100
425, 50.00000000000, 431.99413008865, -30000000.00000000000, 0.00000000000, 0.00000000000, -0.00000150851, 0.66000001198
426, 50.00000000000, 480.00807067908, 62.09822246694, 4.12500003222, 0.00000000000, 0.00000000467, -0.00000001745
427, 50.00000000000, 462.49574996499, 222.15691739673, 4.12500003222, 0.00000000000, -0.00000000908, 0.00000001906
428, 50.00000000000, 524.68606126564, 78.79763516341, 4.12500003222, 0.00000000000, 0.00000000711, -0.00000001828
429, 50.00000000000, 507.52694227155, -30000000.00000000000, 0.00000000000, 0.00000000000, 0.00000032952, 0.66000001198
430, 50.00000000000, 555.96422020696, 114.54223965473, 4.12500003222, 0.00000000000, 0.00000000210, -0.00000000910
431, 50.00000000000, 552.23848526353, 92.32813064221, 4.12500003222, 0.00000000000, 0.00000000780, 0.00000001372
432, 50.00000000000, 567.79009194951, -30000000.00000000000, 0.00000000000, 0.00000000000, -0.00000171706, 0.66000001198
433, 50.00000000000, 599.43664099528, 87.90495464500, 4.12500003222, 0.00000000000, 0.00000000901, -0.00000002184
434, 50.00000000000, 595.36593707773, 147.50471686940, 4.12500003222, 0.00000000000, 0.00000000062, 0.00000004515
435, 50.00000000000, 628.60680866211, 71.08793567376, 4.12500003222, 0.00000000000, 0.00000001188, 0.00000001604
436, 50.00000000000, 644.01959412857, 83.03082710188, 4.12500003222, 0.00000000000, -0.00000000433, 0.00000000732
437, 50.00000000000, 661.29508213764, 88.26141717681, 4.12500003222, 0.00000000000, -0.00000000194, 0.00000000089
438, 50.00000000000, 665.31627564966, 56.24698043817, 4.12500003222, 0.00000000000, 0.00000000065, -0.00000002475
439, 50.00000000000, 689.16442480344, 61.92840916201, 4.12500003222, 0.00000000000, -0.00000000145, -0.00000001334
440, 50.00000000000, 702.59075687113, 77.05641656602, 4.12500003222, 0.00000000000, 0.00000000955, 0.00000001037
441, 50.00000000000, 718.97314057585, -30000000.00000000000, 0.00000000000, 0.00000000000, -0.00000019778, 0.66000001198
442, 50.00000000000, 730.38082713688, -30000000.00000000000, 0.00000000000, 0.00000000000, 0.00000005238, 0.66000001198
443, 50.00000000000, 755.52116929415, 41.93269830960, 4.12500003222, 0.00000000000, 0.00000000167, -0.00000001789
444, 50.00000000000, 749.68730329213, 126.47420202479, 4.12500003222, 0.00000000000, 0.00000000016, 0.00000002836
445, 50.00000000000, 787.29527885380, 55.75049296007, 4.12500003222, 0.00000000000, 0.00000000862, 0.00000004158
446, 50.00000000000, 805.85250165774, 93.19412027607, 4.12500003222, 0.00000000000, 0.00000000317, -0.00000001011
447, 50.00000000000, 797.51552411987, 72.35316954893, 4.12500003222, 0.00000000000, -0.00000000372, -0.00000000850
448, 50.00000000000, 822.37185447928, 102.47422374898, 4.12500003222, 0.00000000000, 0.00000000190, -0.00000000330
449, 50.00000000000, 857.38540655936, 38.08045256073, 4.12500003222, 0.00000000000, -0.00000000240, 0.00000000044
450, 50.00000000000, 844.53807495446, 149.40451562850, 4.12500003222, 0.00000000000, 0.00000000135, 0.00000001669
451, 50.00000000000, 879.66524552924, 69.42577744054, 4.12500003222, 0.00000000000, 0.00000000509, -0.00000000083
452, 50.00000000000, 906.72404817217, -30000000.00000000000, 0.00000000000, 0.00000000000, -0.00000081974, 0.66000001198
453, 50.00000000000, 881.41797184230, 186.06329783462, 4.12500003222, 0.00000000000, 0.00000000134, 0.00000001005
454, 50.00000000000, 933.87677517490, 69.68380102412, 4.12500003222, 0.00000000000, 0.00000000538, -0.00000004390
455, 50.00000000000, 960.53549386189, -30000000.00000000000, 0.00000000000, 0.00000000000, 0.00000106156, 0.66000001198
456, 50.00000000000, 954.89710796977, 63.06056358083, 4.12500003222, 0.00000000000, -0.00000001311, 0.00000002713
457, 50.00000000000, 993.12444048294, 210.28027105612, 4.12500003222, 0.00000000000, 0.00000000000, 0.00000000000
458, 50.00000000000, 979.36699935450, 93.06611101970, 4.12500003222, 0.00000000000, 0.00000001356, 0.00000000538
459, 50.00000000000, 1002.47794855515, 87.02940891114, 4.12500003222, 0.00000000000, -0.00000000394, 0.00000001887
460, 50.00000000000, 1012.81919323531, 103.07550484071, 4.12500003222, 0.00000000000, -0.00000000551, 0.00000000932
461, 50.00000000000, 1038.30158111101, 57.29838982770, 4.12500003222, 0.00000000000, 0.00000000612, 0.00000000473
462, 50.00000000000, 1030.16912047754, 109.81848964367, 4.12500003222, 0.00000000000, -0.00000000357, -0.00000001746
463, 50.00000000000, 1067.27965266223, 114.26705229757, 4.12500003222, 0.00000000000, -0.00000000082, -0.00000000060
464, 50.00000000000, 1086.41594190669, 24.54507124339, 4.12500003222, 0.00000000000, 0.00000000796, 0.00000001155
465, 50.00000000000, 1100.92344255658, 60.62401644415, 4.12500003222, 0.00000000000, 0.00000000619, 0.00000002310
466, 50.00000000000, 1115.46976357084, 58.77543685013, 4.12500003222, 0.00000000000, 0.00000000219, 0.00000000093
467, 50.00000000000, 1127.51373927052, 59.46361588515, 4.12500003222, 0.00000000000, 0.00000000087, 0.00000001931
468, 50.00000000000, 1138.94850847101, 81.07649998499, 4.12500003222, 0.00000000000, 0.00000000404, -0.00000004179
469, 50.00000000000, 1154.13980830073, 99.16282961283, 4.12500003222, 0.00000000000, 0.00000000465, 0.00000000557
470, 50.00000000000, 1161.13996835169, 78.62072210732, 4.12500003222, 0.00000000000, -0.00000001344, 0.00000001907
471, 50.00000000000, 1197.12413158010, 35.85215094592, 4.12500003222, 0.00000000000, 0.00000000862, -0.00000001429
472, 50.00000000000, 1164.48621035677, 131.52469388952, 4.12500003222, 0.00000000000, 0.00000000612, -0.00000001229
473, 50.00000000000, 1197.45881223786, 92.16103055304, 4.12500003222, 0.00000000000, -0.00000000241, 0.00000002756
474, 50.00000000000, 1223.57508509488, 69.59029422395, 4.12500003222, 0.00000000000, -0.00000000374, -0.00000000651
475, 50.00000000000, 1263.95371444672, 13.71602413539, 4.12500003222, 0.00000000000, -0.00000001031, -0.00000001281
476, 50.00000000000, 1229.45651333589, 90.15123804767, 4.12500003222, 0.00000000000, 0.00000000546, -0.00000001059
477, 50.00000000000, 1259.44769795169, 132.10597209878, 4.12500003222, 0.00000000000, -0.00000000118, -0.00000000363
478, 50.00000000000, 1271.48023264385, 74.32900574133, 4.12500003222, 0.00000000000, -0.00000000684, 0.00000000964
479, 50.00000000000, 1292.74268881721, 70.55148769335, 4.12500003222, 0.00000000000, 0.00000000047, 0.00000000543
480, 50.00000000000, 65.36335726799, 45.79859654856, 4.12500003222, 0.00000000000, 0.00000000158, 0.00000000688
481, 50.00000000000, 88.79620394313, 92.01988256679, 4.12500003222, 0.00000000000, 0.00000000687, 0.00000001811
482, 50.00000000000, 101.70757813197, 40.66201690749, 4.12500003222, 0.00000000000, -0.00000000618, 0.00000000852
483, 50.00000000000, 119.07263602263, 45.92603953420, 4.12500003222, 0.00000000000, -0.00000000738, -0.00000002320
484, 50.00000000000, 117.97223187515, 116.69013017407, 4.12500003222, 0.00000000000, -0.00000000250, 0.00000000039
485, 50.00000000000, 143.51984341426, 49.28956977899, 4.12500003222, 0.00000000000, -0.00000000766, -0.00000004017
486, 50.00000000000, 164.94781292913, 58.17445345974, 4.12500003222, 0.00000000000, 0.00000001778, 0.00000000506
487, 50.00000000000, 178.57110875776, 6.31526515874, 4.12500003222, 0.00000000000, 0.00000000280, -0.00000001476
488, 50.00000000000, 153.95997315422, 129.93049799982, 4.12500003222, 0.00000000000, -0.00000000039, -0.00000000212
489, 50.00000000000, 168.23660162608, 71.05863633135, 4.12500003222, 0.00000000000, 0.00000000447, -0.00000003552
490, 50.00000000000, 217.25855624014, 40.77512836670, 4.12500003222, 0.00000000000, -0.00000000496, -0.00000001410
491, 50.00000000000, 214.34067273128, 134.16778526556, 4.12500003222, 0.00000000000, 0.00000000157, -0.00000000491
492, 50.00000000000, 212.24994169301, 113.61189315150, 4.12500003222, 0.00000000000, 0.00000000047, 0.00000000214
493, 50.00000000000, 272.40100060323, 70.85402763985, 4.12500003222, 0.00000000000, 0.00000000578, -0.00000001265
494, 50.00000000000, 286.15484718431, 12.18782899779, 4.12500003222, 0.00000000000, -0.00000000835, -0.00000000454
495, 50.00000000000, 304.45488353132, 45.79489740221, 4.12500003222, 0.00000000000, 0.00000000490, -0.00000000800
496, 50.00000000000, 318.79349871826, 27.49335654148, 4.12500003222, 0.00000000000, -0.00000000589, 0.00000002035
497, 50.00000000000, 356.20041296806, 71.35960795338, 4.12500003222, 0.00000000000, 0.00000000663, 0.00000004932
498, 50.00000000000, 368.89993340446, 53.27676490086, 4.12500003222, 0.00000000000, -0.00000000077, -0.00000000166
499, 50.00000000000, 378.76550338396, 75.10648308267, 4.12500003222, 0.00000000000, -0.00000000883, 0.00000004228
500, 50.00000000000, 394.13827047041, 32.72542069987, 4.12500003222, 0.00000000000, -0.00000000094, 0.00000000690
501, 50.00000000000, 416.55724086726, 103.60676536361, 4.12500003222, 0.00000000000, -0.00000000299, -0.00000002750
502, 50.00000000000, 418.82754318427, 54.38753368197, 4.12500003222, 0.00000000000, 0.00000000600, 0.00000002327
503, 50.00000000000, 443.15583864653, 73.20401722725, 4.12500003222, 0.00000000000, 0.00000000202, 0.00000003292
504, 50.00000000000, 421.88715905444, -30000000.00000000000, 0.00000000000, 0.00000000000, 0.00000027989, 0.66000001198
505, 50.00000000000, 450.72850193928, 204.69241962891, 4.12500003222, 0.00000000000, 0.00000000053, 0.00000000077
506, 50.00000000000, 471.39914417448, 204.49492630231, 4.12500003222, 0.00000000000, 0.00000000879, -0.00000002521
507, 50.00000000000, 498.18224785255, 58.64473800493, 4.12500003222, 0.00000000000, 0.00000000511, -0.00000000972
508, 50.00000000000, 514.09372477789, 96.15361785218, 4.12500003222, 0.00000000000, 0.00000000795, 0.00000003646
509, 50.00000000000, 492.02786209500, 201.05735282851, 4.12500003222, 0.00000000000, -0.00000000496, 0.00000000627
510, 50.00000000000, 529.65376166794, -30000000.00000000000, 0.00000000000, 0.00000000000, 0.00000028521, 0.66000001198
511, 50.00000000000, 558.89246005970, 151.94374114585, 4.12500003222, 0.00000000000, 0.00000000230, 0.00000001298
512, 50.00000000000, 581.57518990551, 163.25083978687, 4.12500003222, 0.00000000000, -0.00000000046, -0.00000001900
513, 50.00000000000, 601.37996127993, 123.24728829996, 4.12500003222, 0.00000000000, -0.00000000351, 0.00000002018
514, 50.00000000000, 614.04889339175, 116.26571858386, 4.12500003222, 0.00000000000, -0.00000000258, -0.00000002408
515, 50.00000000000, 624.49619893940, 134.70314378526, 4.12500003222, 0.00000000000, 0.00000000313, -0.00000001093
516, 50.00000000000, 633.52634916971, -30000000.00000000000, 0.00000000000, 0.00000000000, 0.00000124373, 0.66000001198
517, 50.00000000000, 648.14308133235, 68.82407443636, 4.12500003222, 0.00000000000, -0.00000000509, 0.00000001311
518, 50.00000000000, 662.69628641064, 174.77030078230, 4.12500003222, 0.00000000000, 0.00000000020, 0.00000000021
519, 50.00000000000, 680.63064912384, 77.84733802579, 4.12500003222, 0.00000000000, -0.00000000249, 0.00000000947
520, 50.00000000000, 701.66737116100, -30000000.00000000000, 0.00000000000, 0.00000000000, -0.00000054288, 0.66000001198
521, 50.00000000000, 737.21322428106, 89.37634741527, 4.12500003222, 0.00000000000, 0.00000000509, 0.00000000506
522, 50.00000000000, 747.30723813366, 57.53402563241, 4.12500003222, 0.00000000000, -0.00000000665, -0.00000000899
523, 50.00000000000, 747.66260697377, -30000000.00000000000, 0.00000000000, 0.00000000000, -0.00000066804, 0.66000001198
524, 50.00000000000, 777.98810388586, 210.43441106695, 4.12500003222, 0.00000000000, 0.00000000683, 0.00000001151
525, 50.00000000000, 780.60005647343, -30000000.00000000000, 0.00000000000, 0.00000000000, -0.00000020647, 0.66000001198
526, 50.00000000000, 787.58789391199, 107.18741572327, 4.12500003222, 0.00000000000, -0.00000000276, 0.00000001064
527, 50.00000000000, 818.48631874143, 78.56627908425, 4.12500003222, 0.00000000000, 0.00000000043, -0.00000001487
528, 50.00000000000, 820.61803697162, 127.28737270266, 4.12500003222, 0.00000000000, -0.00000000632, -0.00000000628
529, 50.00000000000, 841.71458176739, 129.98117512506, 4.12500003222, 0.00000000000, -0.00000001104, -0.00000003754
530, 50.00000000000, 861.02114423054, 136.43481036005, 4.12500003222, 0.00000000000, 0.00000000844, 0.00000000750
531, 50.00000000000, 879.71912819995, 87.95581322552, 4.12500003222, 0.00000000000, -0.00000000361, 0.00000000883
532, 50.00000000000, 913.89300562644, -30000000.00000000000, 0.00000000000, 0.00000000000, -0.00000106621, 0.66000001198
533, 50.00000000000, 926.54973801390, 53.14626389953, 4.12500003222, 0.00000000000, 0.00000000820, -0.00000002318
534, 50.00000000000, 916.67846320165, 188.02930425808, 4.12500003222, 0.00000000000, 0.00000000005, 0.00000000005
535, 50.00000000000, 949.07563758554, 79.90086306476, 4.12500003222, 0.00000000000, 0.00000001428, -0.00000000752
536, 50.00000000000, 969.97323319813, 83.91886844832, 4.12500003222, 0.00000000000, -0.00000000894, -0.00000001107
537, 50.00000000000, 961.48513707894, 11.04240432031, 4.12500003222, 0.00000000000, 0.00000000347, -0.00000000548
538, 50.00000000000, 991.59155421367, 54.11909324481, 4.12500003222, 0.00000000000, -0.00000000077, -0.00000003807
539, 50.00000000000, 1008.83094903456, 46.52347324847, 4.12500003222, 0.00000000000, 0.00000000347, 0.00000000614
540, 50.00000000000, 1025.00987893555, 38.35439201744, 4.12500003222, 0.00000000000, 0.00000001117, 0.00000002780
541, 50.00000000000, 1046.36050276335, 46.73087884899, 4.12500003222, 0.00000000000, -0.00000000545, -0.00000002954
542, 50.00000000000, 1055.15277115733, 27.26619562308, 4.12500003222, 0.00000000000, 0.00000000415, 0.00000000054
543, 50.00000000000, 1098.15561847898, 211.56953953076, 4.12500003222, 0.00000000000, 0.00000000000, 0.00000000000
544, 50.00000000000, 1089.74466167819, 63.25131284626, 4.12500003222, 0.00000000000, -0.00000000327, 0.00000001058
545, 50.00000000000, 1134.53438070531, 180.11311312849, 4.12500003222, 0.00000000000, 0.00000000426, 0.00000000692
546, 50.00000000000, 1145.64554842881, 198.12445355095, 4.12500003222, 0.00000000000, -0.00000000426, -0.00000000692
547, 50.00000000000, 1125.69604069600, 25.20498349798, 4.12500003222, 0.00000000000, 0.00000000583, -0.00000002216
548, 50.00000000000, 1135.03312938658, 100.29004438235, 4.12500003222, 0.00000000000, 0.00000000177, 0.00000002545
549, 50.00000000000, 1166.78402556220, 47.51023610801, 4.12500003222, 0.00000000000, -0.00000000726, 0.00000001331
550, 50.00000000000, 1186.31726225478, 51.37153693082, 4.12500003222, 0.00000000000, -0.00000000605, 0.00000003744
551, 50.00000000000, 1168.18452148069, 110.85792570753, 4.12500003222, 0.00000000000, -0.00000000039, -0.00000000882
552, 50.00000000000, 1200.70318576957, 69.91356515580, 4.12500003222, 0.00000000000, -0.00000001383, -0.00000004499
553, 50.00000000000, 1210.71982376774, 92.11241756450, 4.12500003222, 0.00000000000, 0.00000000341, 0.00000001458
554, 50.00000000000, 1215.48495988948, 106.64776615333, 4.12500003222, 0.00000000000, -0.00000000423, -0.00000000162
555, 50.00000000000, 1231.42890421341, 102.20978735237, 4.12500003222, 0.00000000000, -0.00000000587, 0.00000001995
556, 50.00000000000, 1244.88341518809, 116.16741912670, 4.12500003222, 0.00000000000, -0.00000000122, 0.00000002121
557, 50.00000000000, 1254.20633853472, 151.15795410700, 4.12500003222, 0.00000000000, -0.00000000045, 0.00000000914
558, 50.00000000000, 1270.16026659872, 98.06031566387, 4.12500003222, 0.00000000000, 0.00000001299, 0.00000000442
559, 50.00000000000, 1282.27397384686, 52.24909727444, 4.12500003222, 0.00000000000, -0.00000000560, -0.00000000606
560, 50.00000000000, 77.13879438243, 78.33038727378, 4.12500003222, 0.00000000000, -0.00000000146, -0.00000000345
561, 50.00000000000, 27.40234885013, 297.11614038244, 4.12500003222, 0.00000000000, 0.00000000000, 0.00000000000
562, 50.00000000000, 101.26510470951, 77.98741796034, 4.12500003222, 0.00000000000, -0.00000000509, 0.00000000387
563, 50.00000000000, 126.57114802844, 98.03108743500, 4.12500003222, 0.00000000000, -0.00000000350, 0.00000001747
564, 50.00000000000, 96.46543154980, 113.24133340029, 4.12500003222, 0.00000000000, -0.00000000063, -0.00000003138
565, 50.00000000000, 145.16126636168, 31.57462109497, 4.12500003222, 0.00000000000, -0.00000001307, 0.00000008537
566, 50.00000000000, 153.75091745096, 56.59699883506, 4.12500003222, 0.00000000000, 0.00000002009, 0.00000000013
567, 50.00000000000, 132.12842129448, 133.21610838813, 4.12500003222, 0.00000000000, 0.00000000162, 0.00000000207
568, 50.00000000000, 161.07278242923, 111.00826902634, 4.12500003222, 0.00000000000, -0.00000000479, 0.00000000848
569, 50.00000000000, 180.14282095066, 108.83417110642, 4.12500003222, 0.00000000000, 0.00000000187, 0.00000000100
570, 50.00000000000, 175.44214909594, 125.59823091874, 4.12500003222, 0.00000000000, -0.00000000904, 0.00000002306
571, 50.00000000000, 215.86096269138, 153.69275538722, 4.12500003222, 0.00000000000, 0.00000000121, 0.00000000388
572, 50.00000000000, 266.98394062231, 40.01715848747, 4.12500003222, 0.00000000000, 0.00000000217, -0.00000001024
573, 50.00000000000, 231.06587263849, 121.17622773361, 4.12500003222, 0.00000000000, 0.00000000067, 0.00000000722
574, 50.00000000000, 293.22268851177, 60.59159147900, 4.12500003222, 0.00000000000, -0.00000000205, 0.00000003136
575, 50.00000000000, 305.13395519531, 25.12263530939, 4.12500003222, 0.00000000000, -0.00000002346, 0.00000003079
576, 50.00000000000, 288.89507010202, 151.09297774990, 4.12500003222, 0.00000000000, -0.00000000056, 0.00000000334
577, 50.00000000000, 345.45909749976, 81.10294713086, 4.12500003222, 0.00000000000, 0.00000000935, 0.00000000014
578, 50.00000000000, 320.24312966861, 192.69156636993, 4.12500003222, 0.00000000000, 0.00000000000, 0.00000000000
579, 50.00000000000, 387.22566065573, 118.13378161445, 4.12500003222, 0.00000000000, -0.00000000807, 0.00000001374
580, 50.00000000000, 400.06646274185, 67.50453892572, 4.12500003222, 0.00000000000, 0.00000000346, 0.00000001556
581, 50.00000000000, 406.11863937434, 123.51737622690, 4.12500003222, 0.00000000000, -0.00000000654, 0.00000004065
582, 50.00000000000, 390.77758831900, 189.56884929623, 4.12500003222, 0.00000000000, 0.00000000000, 0.00000000000
583, 50.00000000000, 431.64447549802, 72.04686642742, 4.12500003222, 0.00000000000, -0.00000000269, 0.00000002535
584, 50.00000000000, 450.35815936859, 103.40308216556, 4.12500003222, 0.00000000000, -0.00000000823, 0.00000005115
585, 50.00000000000, 442.52616531724, -30000000.00000000000, 0.00000000000, 0.00000000000, -0.00000187657, 0.66000001198
586, 50.00000000000, 474.97993948498, 102.99352231028, 4.12500003222, 0.00000000000, 0.00000000436, 0.00000001211
587, 50.00000000000, 483.42631620067, 220.94611191738, 4.12500003222, 0.00000000000, 0.00000000472, -0.00000000088
588, 50.00000000000, 515.38543596208, 71.16632067842, 4.12500003222, 0.00000000000, -0.00000000975, -0.00000003043
589, 50.00000000000, 531.36367661839, 66.98581637766, 4.12500003222, 0.00000000000, 0.00000000518, -0.00000005243
590, 50.00000000000, 547.05913996307, 75.20253848497, 4.12500003222, 0.00000000000, -0.00000000515, 0.00000001910
591, 50.00000000000, 565.21820363676, 169.18102925419, 4.12500003222, 0.00000000000, -0.00000000108, 0.00000001031
592, 50.00000000000, 585.68623907849, 131.24027725158, 4.12500003222, 0.00000000000, 0.00000000776, -0.00000001711
593, 50.00000000000, 607.54175797787, 80.56026780755, 4.12500003222, 0.00000000000, -0.00000002038, 0.00000003889
594, 50.00000000000, 614.27957125282, 152.85789429128, 4.12500003222, 0.00000000000, 0.00000000009, 0.00000001541
595, 50.00000000000, 636.15817513054, 114.99952409678, 4.12500003222, 0.00000000000, -0.00000000754, 0.00000002652
596, 50.00000000000, 639.08615222553, 92.07620891825, 4.12500003222, 0.00000000000, 0.00000001090, -0.00000003254
597, 50.00000000000, 634.07084700962, 153.26090095421, 4.12500003222, 0.00000000000, -0.00000000061, 0.00000002386
598, 50.00000000000, 667.19049989530, -30000000.00000000000, 0.00000000000, 0.00000000000, -0.00000021048, 0.66000001198
599, 50.00000000000, 654.75047287646, 155.81825421071, 4.12500003222, 0.00000000000, -0.00000000053, -0.00000000176
600, 50.00000000000, 703.58707089712, -30000000.00000000000, 0.00000000000, 0.00000000000, -0.00000033473, 0.66000001198
601, 50.00000000000, 729.35090361381, 132.37936327791, 4.12500003222, 0.00000000000, 0.00000000380, -0.00000000072
602, 50.00000000000, 737.52168508612, 49.62134478132, 4.12500003222, 0.00000000000, 0.00000000877, 0.00000002155
603, 50.00000000000, 762.33613964542, -30000000.00000000000, 0.00000000000, 0.00000000000, 0.00000045388, 0.66000001198
604, 50.00000000000, 767.09477621253, 57.46574898167, 4.12500003222, 0.00000000000, -0.00000000061, 0.00000001383
605, 50.00000000000, 787.66285727347, 89.11431251319, 4.12500003222, 0.00000000000, -0.00000000376, -0.00000000668
606, 50.00000000000, 798.60786265705, 210.34022488911, 4.12500003222, 0.00000000000, -0.00000000093, 0.00000000173
607, 50.00000000000, 807.88737131384, 113.34772557875, 4.12500003222, 0.00000000000, 0.00000000157, 0.00000002775
608, 50.00000000000, 843.70822512915, 107.31068519576, 4.12500003222, 0.00000000000, 0.00000001470, 0.00000001853
609, 50.00000000000, 855.74845071423, 116.22006406987, 4.12500003222, 0.00000000000, -0.00000000900, -0.00000002576
610, 50.00000000000, 863.37647406437, 156.21677676042, 4.12500003222, 0.00000000000, -0.00000000341, 0.00000001552
611, 50.00000000000, 880.05766854532, 145.95530174335, 4.12500003222, 0.00000000000, 0.00000000434, -0.00000000873
612, 50.00000000000, 881.58440915363, 166.11800941437, 4.12500003222, 0.00000000000, -0.00000000155, -0.00000000758
613, 50.00000000000, 911.93718992550, 64.44640316417, 4.12500003222, 0.00000000000, -0.00000000270, 0.00000001517
614, 50.00000000000, 898.40173020330, 198.13215587288, 4.12500003222, 0.00000000000, 0.00000000019, -0.00000000030
615, 50.00000000000, 957.25524160344, 96.14247098941, 4.12500003222, 0.00000000000, 0.00000000030, 0.00000001077
616, 50.00000000000, 968.15617198947, 50.35494888080, 4.12500003222, 0.00000000000, 0.00000000113, -0.00000003462
617, 50.00000000000, 972.99573596392, 108.13013935932, 4.12500003222, 0.00000000000, -0.00000000082, 0.00000001240
618, 50.00000000000, 991.24430201171, 96.29219256274, 4.12500003222, 0.00000000000, -0.00000000139, 0.00000000076
619, 50.00000000000, 1014.02191187327, 54.84714987488, 4.12500003222, 0.00000000000, 0.00000000492, 0.00000000016
620, 50.00000000000, 1029.23772080582, 74.22765165760, 4.12500003222, 0.00000000000, -0.00000000229, 0.00000002023
621, 50.00000000000, 1034.17597491893, 25.48046399943, 4.12500003222, 0.00000000000, 0.00000000259, -0.00000000147
622, 50.00000000000, 1046.80156187093, 116.83824980138, 4.12500003222, 0.00000000000, 0.00000000448, -0.00000000173
623, 50.00000000000, 1052.48118572083, 99.49996564517, 4.12500003222, 0.00000000000, -0.00000000244, -0.00000000087
624, 50.00000000000, 1084.99259633373, 44.59311784599, 4.12500003222, 0.00000000000, -0.00000000902, -0.00000001772
625, 50.00000000000, 1085.83890935514, 78.38698398464, 4.12500003222, 0.00000000000, -0.00000000006, 0.00000000773
626, 50.00000000000, 1117.61145963955, 92.56608223870, 4.12500003222, 0.00000000000, -0.00000000681, 0.00000001397
627, 50.00000000000, 1125.61851282288, 80.57279744120, 4.12500003222, 0.00000000000, -0.00000000762, -0.00000001998
628, 50.00000000000, 1149.44785022036, 61.03560969176, 4.12500003222, 0.00000000000, 0.00000000103, 0.00000007613
629, 50.00000000000, 1160.41024623063, 69.44762818607, 4.12500003222, 0.00000000000, -0.00000001451, -0.00000004422
630, 50.00000000000, 1185.40388452509, 43.37687663943, 4.12500003222, 0.00000000000, -0.00000000385, 0.00000002128
631, 50.00000000000, 1181.62233995317, 142.75764965753, 4.12500003222, 0.00000000000, 0.00000000093, 0.00000000027
632, 50.00000000000, 1193.47420540320, 83.33157255689, 4.12500003222, 0.00000000000, -0.00000000938, 0.00000000464
633, 50.00000000000, 1198.66488120437, 109.06930678664, 4.12500003222, 0.00000000000, 0.00000000277, -0.00000000212
634, 50.00000000000, 1234.00092792219, 156.87886961017, 4.12500003222, 0.00000000000, 0.00000000253, -0.00000000194
635, 50.00000000000, 1226.03034092272, 122.92947340451, 4.12500003222, 0.00000000000, 0.00000000268, -0.00000000147
636, 50.00000000000, 1247.97604053137, 73.47316579957, 4.12500003222, 0.00000000000, 0.00000000830, 0.00000002334
637, 50.00000000000, 1240.16433253371, 136.85973306433, 4.12500003222, 0.00000000000, -0.00000000379, -0.00000000116
638, 50.00000000000, 1282.52643236041, 19.91304665260, 4.12500003222, 0.00000000000, 0.00000000574, 0.00000003325
639, 50.00000000000, 1297.67838183908, 34.36140387885, 4.12500003222, 0.00000000000, 0.00000000566, -0.00000003100
