0, 50.00000000000, 51.84103883502, 77.86335917555, 4.12500003222, 0.00000000000, -0.00000000094, -0.00000000959
1, 50.00000000000, 31.17842742412, 204.28291889286, 4.12500003222, 0.00000000000, 0.00000000000, 0.00000000000
2, 50.00000000000, 81.94350608706, 7.71892599908, 4.12500003222, 0.00000000000, 0.00000000104, -0.00000000737
3, 50.00000000000, 109.70272705248, 76.54722551828, 4.12500003222, 0.00000000000, -0.00000000130, -0.00000004098
4, 50.00000000000, 122.36438148157, 24.77471527164, 4.12500003222, 0.00000000000, -0.00000000354, 0.00000001407
5, 50.00000000000, 134.49981530503, 40.31026352630, 4.12500003222, 0.00000000000, -0.00000000034, 0.00000000890
6, 50.00000000000, 153.41633397575, 24.73894154508, 4.12500003222, 0.00000000000, -0.00000000328, -0.00000000740
7, 50.00000000000, 158.98552493702, 13.14471292275, 4.12500003222, 0.00000000000, 0.00000000882, 0.00000000125
8, 50.00000000000, 182.96792780983, 9.44239056674, 4.12500003222, 0.00000000000, -0.00000000315, -0.00000007597
9, 50.00000000000, 184.48816024567, 49.91670113576, 4.12500003222, 0.00000000000, -0.00000000310, 0.00000000585
10, 50.00000000000, 203.43850905896, 5.41885017558, 4.12500003222, 0.00000000000, -0.00000000060, 0.00000001331
11, 50.00000000000, 239.95515679333, 21.26893115195, 4.12500003222, 0.00000000000, 0.00000000843, 0.00000003251
12, 50.00000000000, 237.91582602314, 9.22572918926, 4.12500003222, 0.00000000000, -0.00000000366, -0.00000000572
13, 50.00000000000, 274.28294651196, 25.38045553335, 4.12500003222, 0.00000000000, -0.00000000606, -0.00000000572
14, 50.00000000000, 285.63730264239, 29.85879425523, 4.12500003222, 0.00000000000, 0.00000000297, -0.00000002468
15, 50.00000000000, 304.06753203128, 38.35031207644, 4.12500003222, 0.00000000000, 0.00000000343, 0.00000003335
16, 50.00000000000, 306.56785226816, 4.12213244239, 4.12500003222, 0.00000000000, 0.00000000642, 0.00000001128
17, 50.00000000000, 324.80447121642, 42.24279660334, 4.12500003222, 0.00000000000, 0.00000000577, 0.00000000877
18, 50.00000000000, 320.77220573898, -30000000.00000000000, 0.00000000000, 0.00000000000, 0.00000086896, 0.66000001198
19, 50.00000000000, 378.16054738619, 85.00896278328, 4.12500003222, 0.00000000000, -0.00000000035, 0.00000001622
20, 50.00000000000, 354.78505746845, -30000000.00000000000, 0.00000000000, 0.00000000000, -0.00000024838, 0.66000001198
21, 50.00000000000, 400.05846386672, 34.16444782399, 4.12500003222, 0.00000000000, 0.00000000009, -0.00000003100
22, 50.00000000000, 415.22313767661, 116.19078368921, 4.12500003222, 0.00000000000, -0.00000000504, 0.00000002146
23, 50.00000000000, 422.05187282656, 57.00284952307, 4.12500003222, 0.00000000000, 0.00000001512, 0.00000001358
24, 50.00000000000, 432.27415748936, -30000000.00000000000, 0.00000000000, 0.00000000000, -0.00000154884, 0.66000001198
25, 50.00000000000, 446.53615116612, 63.80586204793, 4.12500003222, 0.00000000000, -0.00000001531, -0.00000000264
26, 50.00000000000, 473.55146687925, 47.71005747742, 4.12500003222, 0.00000000000, 0.00000000417, -0.00000002030
27, 50.00000000000, 490.12772731841, 46.03443896839, 4.12500003222, 0.00000000000, 0.00000000400, -0.00000001022
28, 50.00000000000, 490.80233750401, -30000000.00000000000, 0.00000000000, 0.00000000000, 0.00000049650, 0.66000001198
29, 50.00000000000, 541.72729036277, 138.54931442132, 4.12500003222, 0.00000000000, 0.00000000101, -0.00000001427
30, 50.00000000000, 543.63799011221, 62.95631907664, 4.12500003222, 0.00000000000, -0.00000000367, 0.00000000412
31, 50.00000000000, 543.19691392511, -30000000.00000000000, 0.00000000000, 0.00000000000, -0.00000031239, 0.66000001198
32, 50.00000000000, 553.51083804229, -30000000.00000000000, 0.00000000000, 0.00000000000, -0.00000083369, 0.66000001198
33, 50.00000000000, 579.37083240396, -30000000.00000000000, 0.00000000000, 0.00000000000, -0.00000082370, 0.66000001198
34, 50.00000000000, 604.12862431874, 65.72200321098, 4.12500003222, 0.00000000000, -0.00000000186, 0.00000000517
35, 50.00000000000, 626.37756893922, 104.01880067708, 4.12500003222, 0.00000000000, -0.00000001672, -0.00000001323
36, 50.00000000000, 634.34508717800, -30000000.00000000000, 0.00000000000, 0.00000000000, 0.00000103929, 0.66000001198
37, 50.00000000000, 652.04110327195, -30000000.00000000000, 0.00000000000, 0.00000000000, 0.00000034749, 0.66000001198
38, 50.00000000000, 665.81883992390, -30000000.00000000000, 0.00000000000, 0.00000000000, -0.00000046471, 0.66000001198
39, 50.00000000000, 689.62023614904, -30000000.00000000000, 0.00000000000, 0.00000000000, -0.00000146193, 0.66000001198
40, 50.00000000000, 700.00972289972, -30000000.00000000000, 0.00000000000, 0.00000000000, -0.00000081334, 0.66000001198
41, 50.00000000000, 719.85141430925, -30000000.00000000000, 0.00000000000, 0.00000000000, -0.00000036030, 0.66000001198
42, 50.00000000000, 735.00970455752, 71.57534079701, 4.12500003222, 0.00000000000, 0.00000000184, 0.00000002076
43, 50.00000000000, 750.75261415190, 100.55393096988, 4.12500003222, 0.00000000000, 0.00000000354, 0.00000003220
44, 50.00000000000, 768.73225026033, 101.75954627384, 4.12500003222, 0.00000000000, 0.00000000138, 0.00000001787
45, 50.00000000000, 785.39871402538, -30000000.00000000000, 0.00000000000, 0.00000000000, 0.00000067281, 0.66000001198
46, 50.00000000000, 802.72063867561, -30000000.00000000000, 0.00000000000, 0.00000000000, -0.00000020174, 0.66000001198
47, 50.00000000000, 821.86992796889, -30000000.00000000000, 0.00000000000, 0.00000000000, -0.00000056600, 0.66000001198
48, 50.00000000000, 835.05849387833, -30000000.00000000000, 0.00000000000, 0.00000000000, -0.00000162012, 0.66000001198
49, 50.00000000000, 840.83536027401, 89.08871298816, 4.12500003222, 0.00000000000, 0.00000000119, -0.00000003106
50, 50.00000000000, 877.38136137834, -30000000.00000000000, 0.00000000000, 0.00000000000, 0.00000194555, 0.66000001198
51, 50.00000000000, 893.77444871763, -30000000.00000000000, 0.00000000000, 0.00000000000, 0.00000027232, 0.66000001198
52, 50.00000000000, 869.42913461192, 189.18296347026, 4.12500003222, 0.00000000000, 0.00000000447, 0.00000001092
53, 50.00000000000, 929.93711020118, -30000000.00000000000, 0.00000000000, 0.00000000000, -0.00000148395, 0.66000001198
54, 50.00000000000, 942.00735429253, -30000000.00000000000, 0.00000000000, 0.00000000000, -0.00000026674, 0.66000001198
55, 50.00000000000, 956.53609056131, -30000000.00000000000, 0.00000000000, 0.00000000000, 0.00000118068, 0.66000001198
56, 50.00000000000, 977.98592740005, -30000000.00000000000, 0.00000000000, 0.00000000000, -0.00000065949, 0.66000001198
57, 50.00000000000, 977.23943279490, 45.55965664026, 4.12500003222, 0.00000000000, 0.00000000308, -0.00000000933
58, 50.00000000000, 1013.21777405636, -30000000.00000000000, 0.00000000000, 0.00000000000, 0.00000144585, 0.66000001198
59, 50.00000000000, 1016.65523148838, 45.35205833442, 4.12500003222, 0.00000000000, 0.00000000346, 0.00000003184
60, 50.00000000000, 1025.21065491730, 113.15450226810, 4.12500003222, 0.00000000000, 0.00000000096, -0.00000000418
61, 50.00000000000, 1061.90329918524, -30000000.00000000000, 0.00000000000, 0.00000000000, 0.00000017793, 0.66000001198
62, 50.00000000000, 1072.90617315572, -30000000.00000000000, 0.00000000000, 0.00000000000, 0.00000042735, 0.66000001198
63, 50.00000000000, 1102.10382906813, 101.55975891405, 4.12500003222, 0.00000000000, 0.00000000006, -0.00000000236
64, 50.00000000000, 1094.50775372994, 2.06153017511, 4.12500003222, 0.00000000000, 0.00000001167, -0.00000003753
65, 50.00000000000, 1121.39096032405, 75.03994053155, 4.12500003222, 0.00000000000, 0.00000000444, 0.00000004825
66, 50.00000000000, 1117.57263197619, 30.25099376067, 4.12500003222, 0.00000000000, 0.00000001231, 0.00000000889
67, 50.00000000000, 1153.47626496420, 65.62108813302, 4.12500003222, 0.00000000000, -0.00000000430, 0.00000001258
68, 50.00000000000, 1171.45971178754, 39.25647904307, 4.12500003222, 0.00000000000, -0.00000000089, 0.00000004035
69, 50.00000000000, 1176.06913803455, 5.12990660866, 4.12500003222, 0.00000000000, -0.00000000369, -0.00000001107
70, 50.00000000000, 1188.45475376466, 24.94249164780, 4.12500003222, 0.00000000000, 0.00000000658, 0.00000001681
71, 50.00000000000, 1206.15494539172, 32.35349873068, 4.12500003222, 0.00000000000, -0.00000000049, -0.00000000406
72, 50.00000000000, 1234.42304576214, 45.60102762499, 4.12500003222, 0.00000000000, 0.00000000394, -0.00000001368
73, 50.00000000000, 1206.04240244474, 110.98173687694, 4.12500003222, 0.00000000000, 0.00000000433, 0.00000001173
74, 50.00000000000, 1259.33148242104, 10.69206393624, 4.12500003222, 0.00000000000, -0.00000000337, 0.00000001051
75, 50.00000000000, 1272.98466448256, 4.51225590975, 4.12500003222, 0.00000000000, 0.00000000238, 0.00000000527
76, 50.00000000000, 1277.96501215148, 25.20368728251, 4.12500003222, 0.00000000000, -0.00000000063, -0.00000000296
77, 50.00000000000, 1283.16117085696, 36.84498047274, 4.12500003222, 0.00000000000, -0.00000000773, 0.00000000348
78, 50.00000000000, 1314.88529436617, 12.59600029662, 4.12500003222, 0.00000000000, -0.00000000229, -0.00000001939
79, 50.00000000000, 1300.03718567146, 86.40548833627, 4.12500003222, 0.00000000000, 0.00000000441, -0.00000001461
80, 50.00000000000, 47.17206242764, 13.76661114085, 4.12500003222, 0.00000000000, 0.00000000344, -0.00000002104
81, 50.00000000000, 67.94092241326, 27.92451605486, 4.12500003222, 0.00000000000, -0.00000000270, -0.00000001007
82, 50.00000000000, 90.76817230701, 25.39731437159, 4.12500003222, 0.00000000000, 0.00000000573, -0.00000002773
83, 50.00000000000, 103.17344290104, 14.57091433261, 4.12500003222, 0.00000000000, 0.00000000009, 0.00000001265
84, 50.00000000000, 111.25127573527, 35.93551580357, 4.12500003222, 0.00000000000, -0.00000000108, -0.00000005186
85, 50.00000000000, 136.26288855651, 6.99462430353, 4.12500003222, 0.00000000000, -0.00000000143, -0.00000001013
86, 50.00000000000, 150.50331148032, 5.20966599112, 4.12500003222, 0.00000000000, 0.00000000081, -0.00000000810
87, 50.00000000000, 168.40909616037, 31.67051452921, 4.12500003222, 0.00000000000, -0.00000000943, 0.00000000713
88, 50.00000000000, 163.79568205252, 55.94346631623, 4.12500003222, 0.00000000000, 0.00000001277, 0.00000005415
89, 50.00000000000, 186.28452345088, 32.35101827806, 4.12500003222, 0.00000000000, 0.00000000213, -0.00000000443
90, 50.00000000000, 222.39138797868, 15.50709212519, 4.12500003222, 0.00000000000, -0.00000000096, 0.00000000131
91, 50.00000000000, 219.36839992640, 26.73878578171, 4.12500003222, 0.00000000000, 0.00000000299, -0.00000001274
92, 50.00000000000, 260.39470869701, 32.13937548518, 4.12500003222, 0.00000000000, 0.00000000058, -0.00000004038
93, 50.00000000000, 255.25988483604, 21.59402963646, 4.12500003222, 0.00000000000, 0.00000000516, 0.00000001917
94, 50.00000000000, 281.15613345494, 45.51191511198, 4.12500003222, 0.00000000000, 0.00000000466, 0.00000000932
95, 50.00000000000, 300.48110773621, 61.45947896425, 4.12500003222, 0.00000000000, -0.00000000233, -0.00000001620
96, 50.00000000000, 323.00480924078, 9.60530701513, 4.12500003222, 0.00000000000, -0.00000000763, 0.00000000379
97, 50.00000000000, 322.64861566427, 64.67939432655, 4.12500003222, 0.00000000000, -0.00000000997, -0.00000001594
98, 50.00000000000, 347.59879058009, 40.34859740571, 4.12500003222, 0.00000000000, -0.00000000270, 0.00000000087
99, 50.00000000000, 370.07643006047, 66.20754160452, 4.12500003222, 0.00000000000, 0.00000000241, 0.00000000962
100, 50.00000000000, 354.50184675772, -30000000.00000000000, 0.00000000000, 0.00000000000, -0.00000022625, 0.66000001198
101, 50.00000000000, 373.64157133848, -30000000.00000000000, 0.00000000000, 0.00000000000, -0.00000009073, 0.66000001198
102, 50.00000000000, 392.21622457898, -30000000.00000000000, 0.00000000000, 0.00000000000, 0.00000085312, 0.66000001198
103, 50.00000000000, 417.38278109501, 91.92002517311, 4.12500003222, 0.00000000000, -0.00000000766, 0.00000001043
104, 50.00000000000, 438.82742627803, 40.62178849031, 4.12500003222, 0.00000000000, 0.00000000694, 0.00000001149
105, 50.00000000000, 454.98005291782, 49.79350355533, 4.12500003222, 0.00000000000, -0.00000000834, -0.00000002688
106, 50.00000000000, 478.17528897830, 103.52352915567, 4.12500003222, 0.00000000000, -0.00000000122, 0.00000001938
107, 50.00000000000, 478.68647748534, -30000000.00000000000, 0.00000000000, 0.00000000000, 0.00000090104, 0.66000001198
108, 50.00000000000, 513.35013027232, 94.04399746501, 4.12500003222, 0.00000000000, 0.00000000097, 0.00000000709
109, 50.00000000000, 524.06629518706, 93.92619968629, 4.12500003222, 0.00000000000, 0.00000000166, 0.00000001881
110, 50.00000000000, 539.05201668111, -30000000.00000000000, 0.00000000000, 0.00000000000, 0.00000041767, 0.66000001198
111, 50.00000000000, 545.77179603882, -30000000.00000000000, 0.00000000000, 0.00000000000, -0.00000076431, 0.66000001198
112, 50.00000000000, 578.65876088937, 96.52675945353, 4.12500003222, 0.00000000000, 0.00000000833, -0.00000000636
113, 50.00000000000, 590.99775138937, 113.08890543830, 4.12500003222, 0.00000000000, 0.00000000600, -0.00000001934
114, 50.00000000000, 615.66038860958, 119.84702135838, 4.12500003222, 0.00000000000, -0.00000000172, -0.00000001407
115, 50.00000000000, 617.08287733555, -30000000.00000000000, 0.00000000000, 0.00000000000, 0.00000207609, 0.66000001198
116, 50.00000000000, 621.15503974163, -30000000.00000000000, 0.00000000000, 0.00000000000, 0.00000135948, 0.66000001198
117, 50.00000000000, 643.59352930570, -30000000.00000000000, 0.00000000000, 0.00000000000, 0.00000028890, 0.66000001198
118, 50.00000000000, 661.93821782888, -30000000.00000000000, 0.00000000000, 0.00000000000, -0.00000066518, 0.66000001198
119, 50.00000000000, 677.80786175520, -30000000.00000000000, 0.00000000000, 0.00000000000, -0.00000008347, 0.66000001198
120, 50.00000000000, 732.39514234242, 117.03959824818, 4.12500003222, 0.00000000000, 0.00000000437, -0.00000001275
121, 50.00000000000, 721.60794717357, 65.94802462836, 4.12500003222, 0.00000000000, -0.00000000105, 0.00000001875
122, 50.00000000000, 739.56651988182, 80.99409200065, 4.12500003222, 0.00000000000, -0.00000000560, -0.00000002245
123, 50.00000000000, 752.22759272297, -30000000.00000000000, 0.00000000000, 0.00000000000, 0.00000049558, 0.66000001198
124, 50.00000000000, 780.77493421887, 48.25603207696, 4.12500003222, 0.00000000000, 0.00000000041, 0.00000000060
125, 50.00000000000, 802.45914817133, 57.46830065946, 4.12500003222, 0.00000000000, 0.00000000475, 0.00000000783
126, 50.00000000000, 796.92100672307, -30000000.00000000000, 0.00000000000, 0.00000000000, 0.00000094659, 0.66000001198
127, 50.00000000000, 822.03916367755, -30000000.00000000000, 0.00000000000, 0.00000000000, -0.00000059331, 0.66000001198
128, 50.00000000000, 851.39437246871, 71.65319867983, 4.12500003222, 0.00000000000, -0.00000000261, -0.00000000616
129, 50.00000000000, 844.61754823160, 107.76953819265, 4.12500003222, 0.00000000000, 0.00000000368, -0.00000000821
130, 50.00000000000, 894.73846484748, 72.79494287680, 4.12500003222, 0.00000000000, 0.00000000076, 0.00000003035
131, 50.00000000000, 881.29162901969, -30000000.00000000000, 0.00000000000, 0.00000000000, 0.00000181700, 0.66000001198
132, 50.00000000000, 901.95507911787, -30000000.00000000000, 0.00000000000, 0.00000000000, -0.00000031456, 0.66000001198
133, 50.00000000000, 903.44111087227, 177.62051885300, 4.12500003222, 0.00000000000, -0.00000000176, -0.00000000287
134, 50.00000000000, 944.41020756483, 67.32142747928, 4.12500003222, 0.00000000000, -0.00000000362, -0.00000001095
135, 50.00000000000, 960.18990818132, 49.97757761874, 4.12500003222, 0.00000000000, -0.00000000778, 0.00000000562
136, 50.00000000000, 972.40402886907, -30000000.00000000000, 0.00000000000, 0.00000000000, -0.00000035837, 0.66000001198
137, 50.00000000000, 995.24565990129, 60.80481371066, 4.12500003222, 0.00000000000, 0.00000000366, -0.00000001824
138, 50.00000000000, 992.50982602172, 100.99401940184, 4.12500003222, 0.00000000000, -0.00000000442, 0.00000001137
139, 50.00000000000, 1031.32907735432, -30000000.00000000000, 0.00000000000, 0.00000000000, -0.00000093901, 0.66000001198
140, 50.00000000000, 1040.42099259026, -30000000.00000000000, 0.00000000000, 0.00000000000, -0.00000085620, 0.66000001198
141, 50.00000000000, 1045.32478493730, 57.23678209814, 4.12500003222, 0.00000000000, -0.00000000256, 0.00000000518
142, 50.00000000000, 1080.47056507641, -30000000.00000000000, 0.00000000000, 0.00000000000, -0.00000023831, 0.66000001198
143, 50.00000000000, 1082.27233517117, 50.83350922324, 4.12500003222, 0.00000000000, -0.00000000033, -0.00000003027
144, 50.00000000000, 1079.19485968214, 14.81406276010, 4.12500003222, 0.00000000000, -0.00000000200, 0.00000001496
145, 50.00000000000, 1104.22264914063, 13.43968022061, 4.12500003222, 0.00000000000, 0.00000000491, -0.00000003191
146, 50.00000000000, 1135.52283484253, 35.83781756017, 4.12500003222, 0.00000000000, 0.00000000338, -0.00000004020
147, 50.00000000000, 1153.81080170967, 28.02635845412, 4.12500003222, 0.00000000000, -0.00000000526, 0.00000005410
148, 50.00000000000, 1169.03285631880, 129.32388529833, 4.12500003222, 0.00000000000, 0.00000000595, 0.00000004829
149, 50.00000000000, 1170.71471781553, 27.13869111915, 4.12500003222, 0.00000000000, -0.00000000312, -0.00000000346
150, 50.00000000000, 1188.75241017964, 39.84068729955, 4.12500003222, 0.00000000000, -0.00000000664, -0.00000001893
151, 50.00000000000, 1210.32665750055, 14.07789516727, 4.12500003222, 0.00000000000, 0.00000000262, -0.00000000179
152, 50.00000000000, 1205.52431057353, 132.57510515734, 4.12500003222, 0.00000000000, -0.00000000394, 0.00000003327
153, 50.00000000000, 1242.74471795006, 13.86931282119, 4.12500003222, 0.00000000000, 0.00000000248, -0.00000004638
154, 50.00000000000, 1263.08544282212, 25.07418246431, 4.12500003222, 0.00000000000, 0.00000000572, -0.00000000283
155, 50.00000000000, 1262.30198456468, 63.33569780947, 4.12500003222, 0.00000000000, 0.00000001485, -0.00000001187
156, 50.00000000000, 1270.02608141405, 102.35144510834, 4.12500003222, 0.00000000000, 0.00000000162, 0.00000001798
157, 50.00000000000, 1279.21791693176, 60.82551143374, 4.12500003222, 0.00000000000, -0.00000000224, 0.00000000953
158, 50.00000000000, 1286.65956051566, 115.61097347072, 4.12500003222, 0.00000000000, 0.00000000114, -0.00000000799
159, 50.00000000000, 1297.62483207968, 64.49314362765, 4.12500003222, 0.00000000000, 0.00000000013, 0.00000000081
160, 50.00000000000, 56.96764895218, 25.96199491714, 4.12500003222, 0.00000000000, 0.00000000961, -0.00000000047
161, 50.00000000000, 76.47086339365, 77.95946086623, 4.12500003222, 0.00000000000, 0.00000000737, -0.00000001593
162, 50.00000000000, 94.42307057626, 8.06341918008, 4.12500003222, 0.00000000000, -0.00000001059, -0.00000001359
163, 50.00000000000, 104.34332828554, 29.79051453892, 4.12500003222, 0.00000000000, 0.00000000445, -0.00000001287
164, 50.00000000000, 116.22415309862, 57.90004506667, 4.12500003222, 0.00000000000, 0.00000001003, 0.00000001578
165, 50.00000000000, 120.07168293039, 45.97379392224, 4.12500003222, 0.00000000000, 0.00000002297, 0.00000003417
166, 50.00000000000, 152.73716755927, 39.12445483954, 4.12500003222, 0.00000000000, -0.00000000264, -0.00000000667
167, 50.00000000000, 167.47361359347, 22.20932633827, 4.12500003222, 0.00000000000, -0.00000000851, -0.00000001470
168, 50.00000000000, 173.03788194711, 63.71528116118, 4.12500003222, 0.00000000000, -0.00000001535, -0.00000000279
169, 50.00000000000, 201.13186378172, 15.83058805236, 4.12500003222, 0.00000000000, 0.00000000272, -0.00000002114
170, 50.00000000000, 219.75227200914, 5.88224510313, 4.12500003222, 0.00000000000, -0.00000000398, -0.00000000686
171, 50.00000000000, 236.96170240679, 34.19855062458, 4.12500003222, 0.00000000000, 0.00000000606, -0.00000001173
172, 50.00000000000, 257.50899989129, 8.46909532794, 4.12500003222, 0.00000000000, 0.00000000471, -0.00000001914
173, 50.00000000000, 269.31751384247, 48.78186539673, 4.12500003222, 0.00000000000, 0.00000000844, 0.00000001413
174, 50.00000000000, 287.75159193331, 7.67973052700, 4.12500003222, 0.00000000000, -0.00000000422, 0.00000000586
175, 50.00000000000, 296.39468598196, 13.83271116566, 4.12500003222, 0.00000000000, 0.00000001122, -0.00000000673
176, 50.00000000000, 316.55127694114, 25.25140743121, 4.12500003222, 0.00000000000, -0.00000000331, -0.00000001162
177, 50.00000000000, 336.96916226130, 48.49481778890, 4.12500003222, 0.00000000000, -0.00000000760, -0.00000001475
178, 50.00000000000, 356.47919378556, 85.96381196348, 4.12500003222, 0.00000000000, 0.00000000496, 0.00000000812
179, 50.00000000000, 364.39094716275, 98.15876393129, 4.12500003222, 0.00000000000, 0.00000000070, 0.00000001083
180, 50.00000000000, 382.91630263723, 102.96483991675, 4.12500003222, 0.00000000000, -0.00000000058, -0.00000002545
181, 50.00000000000, 399.11202448992, 89.16631546159, 4.12500003222, 0.00000000000, 0.00000000431, 0.00000000138
182, 50.00000000000, 418.21408547553, 105.85524407803, 4.12500003222, 0.00000000000, -0.00000000154, -0.00000000602
183, 50.00000000000, 419.30880434162, 37.68568979597, 4.12500003222, 0.00000000000, -0.00000000582, 0.00000000274
184, 50.00000000000, 419.54036532895, -30000000.00000000000, 0.00000000000, 0.00000000000, 0.00000008439, 0.66000001198
185, 50.00000000000, 449.40979120106, 121.97057275904, 4.12500003222, 0.00000000000, 0.00000000096, 0.00000000077
186, 50.00000000000, 468.73282675059, 86.22011741084, 4.12500003222, 0.00000000000, -0.00000000147, -0.00000002179
187, 50.00000000000, 482.90742188712, 81.69947255453, 4.12500003222, 0.00000000000, -0.00000000736, -0.00000003340
188, 50.00000000000, 506.94792568222, 62.52651797045, 4.12500003222, 0.00000000000, 0.00000000684, -0.00000000888
189, 50.00000000000, 525.93697727591, 48.09697371113, 4.12500003222, 0.00000000000, -0.00000000354, -0.00000000616
190, 50.00000000000, 520.58267380689, -30000000.00000000000, 0.00000000000, 0.00000000000, 0.00000135806, 0.66000001198
191, 50.00000000000, 555.97841609322, 81.46586660959, 4.12500003222, 0.00000000000, 0.00000000296, -0.00000002429
192, 50.00000000000, 571.49632253316, 150.71909009668, 4.12500003222, 0.00000000000, -0.00000000021, -0.00000001709
193, 50.00000000000, 580.42525236745, 184.19761434787, 4.12500003222, 0.00000000000, 0.00000000260, 0.00000002896
194, 50.00000000000, 596.87593958477, 169.85629811786, 4.12500003222, 0.00000000000, 0.00000001232, -0.00000000530
195, 50.00000000000, 612.28101428985, -30000000.00000000000, 0.00000000000, 0.00000000000, 0.00000223237, 0.66000001198
196, 50.00000000000, 639.89820585641, -30000000.00000000000, 0.00000000000, 0.00000000000, 0.00000073799, 0.66000001198
197, 50.00000000000, 653.53228575771, -30000000.00000000000, 0.00000000000, 0.00000000000, -0.00000007266, 0.66000001198
198, 50.00000000000, 678.52449445624, 57.91386448830, 4.12500003222, 0.00000000000, 0.00000000664, 0.00000001490
199, 50.00000000000, 673.06020826581, -30000000.00000000000, 0.00000000000, 0.00000000000, 0.00000070719, 0.66000001198
200, 50.00000000000, 713.12808476147, 101.69805040716, 4.12500003222, 0.00000000000, -0.00000000028, -0.00000001185
201, 50.00000000000, 728.98835954853, 103.34604484418, 4.12500003222, 0.00000000000, -0.00000000372, 0.00000000128
202, 50.00000000000, 731.28324006598, 48.99093041409, 4.12500003222, 0.00000000000, 0.00000000658, 0.00000002881
203, 50.00000000000, 756.44150424276, -30000000.00000000000, 0.00000000000, 0.00000000000, -0.00000024601, 0.66000001198
204, 50.00000000000, 765.68247227427, -30000000.00000000000, 0.00000000000, 0.00000000000, -0.00000020833, 0.66000001198
205, 50.00000000000, 799.82496060512, 42.77287287424, 4.12500003222, 0.00000000000, 0.00000000272, 0.00000000592
206, 50.00000000000, 819.43140982737, 40.25141338138, 4.12500003222, 0.00000000000, 0.00000000409, -0.00000001519
207, 50.00000000000, 811.49225979054, 72.95896975359, 4.12500003222, 0.00000000000, 0.00000000107, -0.00000003783
208, 50.00000000000, 828.94157207180, 103.18401756921, 4.12500003222, 0.00000000000, -0.00000000194, 0.00000000319
209, 50.00000000000, 831.18932306785, 71.87866820014, 4.12500003222, 0.00000000000, 0.00000000055, 0.00000001601
210, 50.00000000000, 866.59283745094, -30000000.00000000000, 0.00000000000, 0.00000000000, 0.00000161984, 0.66000001198
211, 50.00000000000, 890.63605409679, -30000000.00000000000, 0.00000000000, 0.00000000000, 0.00000103109, 0.66000001198
212, 50.00000000000, 901.78028117892, 51.40354132010, 4.12500003222, 0.00000000000, 0.00000000201, -0.00000001305
213, 50.00000000000, 915.76837511254, -30000000.00000000000, 0.00000000000, 0.00000000000, -0.00000147500, 0.66000001198
214, 50.00000000000, 938.11753926166, 110.07752669474, 4.12500003222, 0.00000000000, -0.00000000132, 0.00000000340
215, 50.00000000000, 959.25836504160, 61.60447532224, 4.12500003222, 0.00000000000, -0.00000000484, -0.00000001435
216, 50.00000000000, 980.24549682398, 58.77550763850, 4.12500003222, 0.00000000000, 0.00000000692, 0.00000002584
217, 50.00000000000, 984.27381532761, -30000000.00000000000, 0.00000000000, 0.00000000000, -0.00000176700, 0.66000001198
218, 50.00000000000, 1003.32229807529, -30000000.00000000000, 0.00000000000, 0.00000000000, 0.00000034875, 0.66000001198
219, 50.00000000000, 1025.88273151686, -30000000.00000000000, 0.00000000000, 0.00000000000, -0.00000022594, 0.66000001198
220, 50.00000000000, 1003.92743007999, 139.63848282380, 4.12500003222, 0.00000000000, 0.00000000053, -0.00000002151
221, 50.00000000000, 1052.23580284092, 50.61222153838, 4.12500003222, 0.00000000000, 0.00000001047, -0.00000000406
222, 50.00000000000, 1069.82061552124, 58.12997666288, 4.12500003222, 0.00000000000, -0.00000000349, 0.00000001978
223, 50.00000000000, 1080.62517454213, 35.46661369076, 4.12500003222, 0.00000000000, -0.00000000513, 0.00000001731
224, 50.00000000000, 1090.32428393335, 14.68251667045, 4.12500003222, 0.00000000000, -0.00000000481, 0.00000001410
225, 50.00000000000, 1122.94037727729, 21.99496616169, 4.12500003222, 0.00000000000, 0.00000000397, 0.00000002218
226, 50.00000000000, 1121.37838112464, 94.11478351123, 4.12500003222, 0.00000000000, 0.00000000347, -0.00000003010
227, 50.00000000000, 1147.65319178463, 47.42581478840, 4.12500003222, 0.00000000000, 0.00000000220, 0.00000001026
228, 50.00000000000, 1155.17898993404, 9.96124552077, 4.12500003222, 0.00000000000, 0.00000000021, -0.00000003925
229, 50.00000000000, 1172.03421097397, 15.02441406631, 4.12500003222, 0.00000000000, 0.00000000075, -0.00000002405
230, 50.00000000000, 1191.67564007972, 15.98799523482, 4.12500003222, 0.00000000000, 0.00000000624, -0.00000001329
231, 50.00000000000, 1213.61910307661, 70.64801606513, 4.12500003222, 0.00000000000, -0.00000000217, 0.00000004535
232, 50.00000000000, 1229.44531755573, 31.77934534157, 4.12500003222, 0.00000000000, -0.00000000604, 0.00000000570
233, 50.00000000000, 1227.29528456019, 63.00257879999, 4.12500003222, 0.00000000000, 0.00000000321, 0.00000001229
234, 50.00000000000, 1236.99532845341, 67.01653937124, 4.12500003222, 0.00000000000, -0.00000001982, -0.00000001069
235, 50.00000000000, 1255.37932346658, 84.46078237124, 4.12500003222, 0.00000000000, 0.00000000944, 0.00000004053
236, 50.00000000000, 1294.69157665916, 7.21130642427, 4.12500003222, 0.00000000000, 0.00000000508, 0.00000000725
237, 50.00000000000, 1279.66045818857, 79.70251028013, 4.12500003222, 0.00000000000, -0.00000000282, 0.00000000516
238, 50.00000000000, 1287.23633670146, 93.11809329006, 4.12500003222, 0.00000000000, 0.00000000167, 0.00000001531
239, 50.00000000000, 1312.13300296092, 90.77658150993, 4.12500003222, 0.00000000000, 0.00000000311, 0.00000001004
240, 50.00000000000, 65.85855082891, 44.82611837831, 4.12500003222, 0.00000000000, -0.00000001096, 0.00000003870
241, 50.00000000000, 61.77591079237, 7.66487485503, 4.12500003222, 0.00000000000, 0.00000000722, 0.00000000747
242, 50.00000000000, 80.69414195276, 26.09046445058, 4.12500003222, 0.00000000000, -0.00000000075, -0.00000004484
243, 50.00000000000, 108.05217866092, 91.30638968477, 4.12500003222, 0.00000000000, 0.00000000055, -0.00000001241
244, 50.00000000000, 125.86976122180, 87.95660263980, 4.12500003222, 0.00000000000, 0.00000001099, 0.00000001586
245, 50.00000000000, 132.52389867132, 66.30299324578, 4.12500003222, 0.00000000000, -0.00000000283, -0.00000001556
246, 50.00000000000, 146.10098277528, 20.79900955660, 4.12500003222, 0.00000000000, 0.00000000910, -0.00000000874
247, 50.00000000000, 136.33426920524, 121.89771737247, 4.12500003222, 0.00000000000, -0.00000000468, 0.00000001044
248, 50.00000000000, 141.48580757316, 80.70705494719, 4.12500003222, 0.00000000000, 0.00000000483, 0.00000002709
249, 50.00000000000, 155.52384073113, 95.13751422245, 4.12500003222, 0.00000000000, -0.00000001060, 0.00000000115
250, 50.00000000000, 202.87168015804, 24.65085238009, 4.12500003222, 0.00000000000, 0.00000000307, 0.00000001076
251, 50.00000000000, 193.48597463893, 113.89480973321, 4.12500003222, 0.00000000000, -0.00000000596, -0.00000001650
252, 50.00000000000, 245.88387119964, 52.52804802859, 4.12500003222, 0.00000000000, -0.00000000518, 0.00000002585
253, 50.00000000000, 272.82860817961, 36.79462265168, 4.12500003222, 0.00000000000, -0.00000000145, -0.00000002041
254, 50.00000000000, 234.52865191444, 160.06994155279, 4.12500003222, 0.00000000000, -0.00000000048, -0.00000000057
255, 50.00000000000, 255.01576463966, 162.01034315224, 4.12500003222, 0.00000000000, 0.00000000004, 0.00000000001
256, 50.00000000000, 291.46765155699, 164.32403458694, 4.12500003222, 0.00000000000, -0.00000000278, 0.00000000042
257, 50.00000000000, 335.15874762952, 59.41841981106, 4.12500003222, 0.00000000000, -0.00000000643, -0.00000001558
258, 50.00000000000, 355.72627355551, 74.57494728988, 4.12500003222, 0.00000000000, 0.00000000414, -0.00000002468
259, 50.00000000000, 364.91124689334, 33.52837005419, 4.12500003222, 0.00000000000, -0.00000000084, 0.00000001073
260, 50.00000000000, 381.50642690998, 48.31891987085, 4.12500003222, 0.00000000000, -0.00000000349, -0.00000000535
261, 50.00000000000, 389.46228810217, 55.56634974959, 4.12500003222, 0.00000000000, 0.00000000282, 0.00000002494
262, 50.00000000000, 388.93887788843, -30000000.00000000000, 0.00000000000, 0.00000000000, 0.00000061209, 0.66000001198
263, 50.00000000000, 433.85623414915, 91.56865885568, 4.12500003222, 0.00000000000, -0.00000000331, -0.00000000802
264, 50.00000000000, 432.44745156243, 55.23259446141, 4.12500003222, 0.00000000000, 0.00000000806, 0.00000003256
265, 50.00000000000, 449.77177064975, 85.08395439693, 4.12500003222, 0.00000000000, 0.00000000610, -0.00000001248
266, 50.00000000000, 468.38891276091, 121.45152871978, 4.12500003222, 0.00000000000, -0.00000000539, -0.00000002623
267, 50.00000000000, 489.90334409936, 91.59664133897, 4.12500003222, 0.00000000000, 0.00000000166, 0.00000000727
268, 50.00000000000, 501.15754764930, 81.97510529443, 4.12500003222, 0.00000000000, -0.00000000470, -0.00000001034
269, 50.00000000000, 525.75351849018, 61.43604504656, 4.12500003222, 0.00000000000, -0.00000000432, 0.00000002535
270, 50.00000000000, 531.84524923006, -30000000.00000000000, 0.00000000000, 0.00000000000, -0.00000014633, 0.66000001198
271, 50.00000000000, 561.87016947185, 102.09457859207, 4.12500003222, 0.00000000000, -0.00000000696, 0.00000002643
272, 50.00000000000, 565.23485514361, 62.93671663666, 4.12500003222, 0.00000000000, 0.00000000840, 0.00000003355
273, 50.00000000000, 602.06733502725, 135.92509552830, 4.12500003222, 0.00000000000, -0.00000000936, -0.00000000537
274, 50.00000000000, 610.92342175122, 103.34887114106, 4.12500003222, 0.00000000000, -0.00000000250, 0.00000000542
275, 50.00000000000, 616.56382222533, 83.68543397277, 4.12500003222, 0.00000000000, 0.00000000693, 0.00000001572
276, 50.00000000000, 629.15038711257, -30000000.00000000000, 0.00000000000, 0.00000000000, 0.00000099221, 0.66000001198
277, 50.00000000000, 666.25647580731, 73.07564474225, 4.12500003222, 0.00000000000, 0.00000000152, -0.00000000069
278, 50.00000000000, 660.57065993030, -30000000.00000000000, 0.00000000000, 0.00000000000, -0.00000089032, 0.66000001198
279, 50.00000000000, 682.08666481989, 42.24048314916, 4.12500003222, 0.00000000000, 0.00000000143, 0.00000001786
280, 50.00000000000, 694.87787975621, -30000000.00000000000, 0.00000000000, 0.00000000000, -0.00000029079, 0.66000001198
281, 50.00000000000, 720.35484467124, 84.97366036009, 4.12500003222, 0.00000000000, 0.00000000405, -0.00000002345
282, 50.00000000000, 745.01697509145, -30000000.00000000000, 0.00000000000, 0.00000000000, -0.00000014535, 0.66000001198
283, 50.00000000000, 765.14782597992, 120.75295918150, 4.12500003222, 0.00000000000, -0.00000000442, -0.00000002449
284, 50.00000000000, 776.84649540909, 81.63089149167, 4.12500003222, 0.00000000000, -0.00000000605, -0.00000001189
285, 50.00000000000, 786.29845201467, -30000000.00000000000, 0.00000000000, 0.00000000000, 0.00000050588, 0.66000001198
286, 50.00000000000, 819.88085365833, 56.14752004663, 4.12500003222, 0.00000000000, -0.00000000644, 0.00000001913
287, 50.00000000000, 839.28451666799, 52.32424807288, 4.12500003222, 0.00000000000, 0.00000000117, -0.00000000108
288, 50.00000000000, 839.46921890601, -30000000.00000000000, 0.00000000000, 0.00000000000, -0.00000101373, 0.66000001198
289, 50.00000000000, 871.76801069424, 71.93098066738, 4.12500003222, 0.00000000000, 0.00000000033, -0.00000000178
290, 50.00000000000, 861.26288763144, 92.19071536183, 4.12500003222, 0.00000000000, 0.00000000139, 0.00000002180
291, 50.00000000000, 882.19777856890, 54.57164010404, 4.12500003222, 0.00000000000, -0.00000000621, 0.00000000668
292, 50.00000000000, 905.22338823391, -30000000.00000000000, 0.00000000000, 0.00000000000, -0.00000110819, 0.66000001198
293, 50.00000000000, 919.74567940691, 101.10703463681, 4.12500003222, 0.00000000000, 0.00000000848, 0.00000003313
294, 50.00000000000, 924.49538557563, 49.90707972743, 4.12500003222, 0.00000000000, 0.00000000110, -0.00000000709
295, 50.00000000000, 945.48475793080, 42.24515642811, 4.12500003222, 0.00000000000, 0.00000000051, 0.00000000575
296, 50.00000000000, 972.69818475591, 92.63301600366, 4.12500003222, 0.00000000000, -0.00000001194, 0.00000002599
297, 50.00000000000, 983.41345942475, 81.38132304193, 4.12500003222, 0.00000000000, -0.00000000566, -0.00000003145
298, 50.00000000000, 1002.59109955080, 83.23984714716, 4.12500003222, 0.00000000000, 0.00000001302, 0.00000001951
299, 50.00000000000, 1030.85399897460, -30000000.00000000000, 0.00000000000, 0.00000000000, -0.00000088796, 0.66000001198
300, 50.00000000000, 1033.83000166239, 63.39961511536, 4.12500003222, 0.00000000000, -0.00000000666, -0.00000002748
301, 50.00000000000, 1051.37780171447, 94.46421179884, 4.12500003222, 0.00000000000, 0.00000000352, -0.00000004912
302, 50.00000000000, 1057.82836672698, 73.39598550825, 4.12500003222, 0.00000000000, 0.00000000218, 0.00000000430
303, 50.00000000000, 1095.76986868288, -30000000.00000000000, 0.00000000000, 0.00000000000, -0.00000083959, 0.66000001198
304, 50.00000000000, 1093.42727501787, 56.80881836382, 4.12500003222, 0.00000000000, 0.00000000950, -0.00000002933
305, 50.00000000000, 1123.05918551539, 53.50791892656, 4.12500003222, 0.00000000000, -0.00000001077, 0.00000000228
306, 50.00000000000, 1114.94163544814, 7.45972115747, 4.12500003222, 0.00000000000, -0.00000000455, -0.00000003023
307, 50.00000000000, 1134.94494419892, 76.57762485449, 4.12500003222, 0.00000000000, -0.00000000292, 0.00000000595
308, 50.00000000000, 1166.47363707955, 49.98213923404, 4.12500003222, 0.00000000000, 0.00000000564, 0.00000001216
309, 50.00000000000, 1188.41003274146, 70.17997422145, 4.12500003222, 0.00000000000, 0.00000002274, 0.00000000837
310, 50.00000000000, 1193.65879472659, 3.39102087702, 4.12500003222, 0.00000000000, -0.00000000413, 0.00000000762
311, 50.00000000000, 1196.03252193452, 78.58084939679, 4.12500003222, 0.00000000000, 0.00000001135, -0.00000003299
312, 50.00000000000, 1228.82511074389, 10.30239529644, 4.12500003222, 0.00000000000, 0.00000000491, -0.00000000237
313, 50.00000000000, 1222.51941274726, 26.60844230999, 4.12500003222, 0.00000000000, -0.00000000502, -0.00000001506
314, 50.00000000000, 1230.63964357888, 84.37483065468, 4.12500003222, 0.00000000000, 0.00000000122, -0.00000003456
315, 50.00000000000, 1245.68189766799, 51.76962656948, 4.12500003222, 0.00000000000, 0.00000000300, -0.00000003318
316, 50.00000000000, 1263.54908408301, 88.19990003510, 4.12500003222, 0.00000000000, -0.00000001877, -0.00000001695
317, 50.00000000000, 1282.23828248544, 48.69692986571, 4.12500003222, 0.00000000000, -0.00000000638, 0.00000000856
318, 50.00000000000, 1296.66486487099, 30.32625420922, 4.12500003222, 0.00000000000, -0.00000000360, -0.00000002082
319, 50.00000000000, 1318.90183145635, 53.65000817576, 4.12500003222, 0.00000000000, -0.00000000012, 0.00000002672
320, 50.00000000000, -15.81525601760, 89.54738680099, 4.12500003222, 0.00000000000, -0.00000000000, 0.00000000000
321, 50.00000000000, 71.68543319322, 12.28567667070, 4.12500003222, 0.00000000000, -0.00000000730, -0.00000000940
322, 50.00000000000, 82.25827998332, 58.67343816095, 4.12500003222, 0.00000000000, -0.00000000681, 0.00000002112
323, 50.00000000000, 96.87677723739, 45.80523660942, 4.12500003222, 0.00000000000, -0.00000000142, 0.00000002140
324, 50.00000000000, 73.44495054972, 261.03087650361, 4.12500003222, 0.00000000000, 0.00000000000, 0.00000000000
325, 50.00000000000, 134.23727853725, 15.20692083658, 4.12500003222, 0.00000000000, -0.00000000084, -0.00000000327
326, 50.00000000000, 145.87211101352, 45.33865584027, 4.12500003222, 0.00000000000, -0.00000001786, 0.00000001649
327, 50.00000000000, 166.71365277922, 42.85940400917, 4.12500003222, 0.00000000000, 0.00000000813, 0.00000001575
328, 50.00000000000, 183.31658387921, 16.50081280676, 4.12500003222, 0.00000000000, 0.00000000117, 0.00000001830
329, 50.00000000000, 176.33171371222, 86.17445730910, 4.12500003222, 0.00000000000, -0.00000000242, -0.00000003760
330, 50.00000000000, 188.89576351375, 130.53995251326, 4.12500003222, 0.00000000000, -0.00000000377, 0.00000000051
331, 50.00000000000, 191.62027915764, 93.30732638112, 4.12500003222, 0.00000000000, 0.00000000621, 0.00000001221
332, 50.00000000000, 261.90178185043, 56.27908772400, 4.12500003222, 0.00000000000, -0.00000000110, 0.00000000792
333, 50.00000000000, 273.58028088762, 84.30809707683, 4.12500003222, 0.00000000000, -0.00000000012, -0.00000001357
334, 50.00000000000, 292.78190805902, 80.64128603341, 4.12500003222, 0.00000000000, -0.00000000398, -0.00000001838
335, 50.00000000000, 273.55859500319, 153.53055690043, 4.12500003222, 0.00000000000, -0.00000000226, 0.00000000435
336, 50.00000000000, 314.66556308846, 48.16813163611, 4.12500003222, 0.00000000000, 0.00000000401, 0.00000001829
337, 50.00000000000, 345.36567976150, 90.28164958929, 4.12500003222, 0.00000000000, -0.00000001162, 0.00000000784
338, 50.00000000000, 348.63888608808, 63.95713340253, 4.12500003222, 0.00000000000, 0.00000001130, -0.00000001523
339, 50.00000000000, 340.00595498222, -30000000.00000000000, 0.00000000000, 0.00000000000, -0.00000017105, 0.66000001198
340, 50.00000000000, 368.59901456753, 53.05038695921, 4.12500003222, 0.00000000000, -0.00000000148, -0.00000003516
341, 50.00000000000, 400.78122134677, 48.21975910368, 4.12500003222, 0.00000000000, 0.00000000098, 0.00000000862
342, 50.00000000000, 405.82510543904, 71.38894832772, 4.12500003222, 0.00000000000, -0.00000000117, -0.00000000528
343, 50.00000000000, 411.95594727245, -30000000.00000000000, 0.00000000000, 0.00000000000, 0.00000040949, 0.66000001198
344, 50.00000000000, 421.63645327278, -30000000.00000000000, 0.00000000000, 0.00000000000, 0.00000031613, 0.66000001198
345, 50.00000000000, 453.10571110575, 102.39990682036, 4.12500003222, 0.00000000000, 0.00000000074, 0.00000001198
346, 50.00000000000, 464.86629556284, 69.58966758777, 4.12500003222, 0.00000000000, -0.00000000371, 0.00000002994
347, 50.00000000000, 486.57140984686, 69.04000097610, 4.12500003222, 0.00000000000, -0.00000000740, 0.00000005581
348, 50.00000000000, 506.86743935447, 52.38766782477, 4.12500003222, 0.00000000000, 0.00000000390, -0.00000003569
349, 50.00000000000, 508.76185780467, -30000000.00000000000, 0.00000000000, 0.00000000000, 0.00000080948, 0.66000001198
350, 50.00000000000, 561.05155439308, 134.73403871746, 4.12500003222, 0.00000000000, 0.00000000554, -0.00000000108
351, 50.00000000000, 569.86044766878, 84.20862650498, 4.12500003222, 0.00000000000, -0.00000000406, -0.00000002104
352, 50.00000000000, 572.95646042987, 117.15538144990, 4.12500003222, 0.00000000000, 0.00000000185, 0.00000001724
353, 50.00000000000, 584.36181501955, 73.42808660416, 4.12500003222, 0.00000000000, -0.00000001173, -0.00000001649
354, 50.00000000000, 600.60127181489, 101.34470904846, 4.12500003222, 0.00000000000, 0.00000000425, 0.00000001592
355, 50.00000000000, 618.20621173447, 94.81979933709, 4.12500003222, 0.00000000000, -0.00000000071, 0.00000000621
356, 50.00000000000, 617.26145041509, 173.49026691942, 4.12500003222, 0.00000000000, -0.00000000501, -0.00000001200
357, 50.00000000000, 647.97892150235, 106.11721492597, 4.12500003222, 0.00000000000, 0.00000000926, 0.00000001366
358, 50.00000000000, 661.63953919597, 170.26392798378, 4.12500003222, 0.00000000000, 0.00000000299, 0.00000000493
359, 50.00000000000, 683.79355610753, -30000000.00000000000, 0.00000000000, 0.00000000000, -0.00000056277, 0.66000001198
360, 50.00000000000, 713.74704484465, 120.81993407900, 4.12500003222, 0.00000000000, 0.00000000645, 0.00000000080
361, 50.00000000000, 727.61994398671, 33.33674831027, 4.12500003222, 0.00000000000, -0.00000000699, -0.00000002161
362, 50.00000000000, 748.76358538273, 113.74666586849, 4.12500003222, 0.00000000000, 0.00000000325, 0.00000002679
363, 50.00000000000, 746.26569863448, 37.65391165579, 4.12500003222, 0.00000000000, -0.00000000433, -0.00000001228
364, 50.00000000000, 756.61045420117, 82.36350019155, 4.12500003222, 0.00000000000, 0.00000000339, -0.00000005708
365, 50.00000000000, 798.86498416830, 218.52690595046, 4.12500003222, 0.00000000000, 0.00000000031, 0.00000000311
366, 50.00000000000, 807.98956735489, -30000000.00000000000, 0.00000000000, 0.00000000000, -0.00000008405, 0.66000001198
367, 50.00000000000, 811.47827788867, -30000000.00000000000, 0.00000000000, 0.00000000000, 0.00000036708, 0.66000001198
368, 50.00000000000, 833.69649444093, -30000000.00000000000, 0.00000000000, 0.00000000000, -0.00000141773, 0.66000001198
369, 50.00000000000, 828.36062973064, 126.00464678433, 4.12500003222, 0.00000000000, 0.00000000259, 0.00000003472
370, 50.00000000000, 861.88563787450, 113.01122176635, 4.12500003222, 0.00000000000, 0.00000000555, -0.00000000637
371, 50.00000000000, 890.63339669740, -30000000.00000000000, 0.00000000000, 0.00000000000, 0.00000103162, 0.66000001198
372, 50.00000000000, 898.75154621245, 95.50405827835, 4.12500003222, 0.00000000000, -0.00000000647, -0.00000003240
373, 50.00000000000, 914.04176404148, 64.24276733823, 4.12500003222, 0.00000000000, 0.00000000570, 0.00000000235
374, 50.00000000000, 937.73980158081, 55.91957804406, 4.12500003222, 0.00000000000, -0.00000000382, -0.00000000106
375, 50.00000000000, 963.24966930524, -30000000.00000000000, 0.00000000000, 0.00000000000, 0.00000058485, 0.66000001198
376, 50.00000000000, 975.56517072570, -30000000.00000000000, 0.00000000000, 0.00000000000, -0.00000023486, 0.66000001198
377, 50.00000000000, 985.56305518506, 27.91498056314, 4.12500003222, 0.00000000000, -0.00000000123, 0.00000001097
378, 50.00000000000, 997.92911940449, 45.81715289864, 4.12500003222, 0.00000000000, -0.00000000296, -0.00000000464
379, 50.00000000000, 1013.32108211935, 98.25188796140, 4.12500003222, 0.00000000000, 0.00000000587, -0.00000004183
380, 50.00000000000, 1035.05984268177, 77.36972450197, 4.12500003222, 0.00000000000, -0.00000000485, -0.00000002301
381, 50.00000000000, 1041.88968698552, 114.08945140474, 4.12500003222, 0.00000000000, 0.00000000262, 0.00000001798
382, 50.00000000000, 1067.04393410512, 81.92392849427, 4.12500003222, 0.00000000000, 0.00000000752, 0.00000000915
383, 50.00000000000, 1082.53759240840, 72.54987531025, 4.12500003222, 0.00000000000, 0.00000000165, 0.00000000808
384, 50.00000000000, 1094.02036754907, 33.58396458874, 4.12500003222, 0.00000000000, -0.00000000963, 0.00000001695
385, 50.00000000000, 1113.64789231952, 43.16579838668, 4.12500003222, 0.00000000000, -0.00000000081, 0.00000002449
386, 50.00000000000, 1131.75070987294, 42.11598862357, 4.12500003222, 0.00000000000, -0.00000001677, -0.00000000846
387, 50.00000000000, 1135.50090385044, 11.97250078202, 4.12500003222, 0.00000000000, 0.00000000421, -0.00000000871
388, 50.00000000000, 1153.96138760229, 42.72154827759, 4.12500003222, 0.00000000000, 0.00000000836, -0.00000004930
389, 50.00000000000, 1165.15823000729, 96.01135992973, 4.12500003222, 0.00000000000, 0.00000000520, 0.00000000082
390, 50.00000000000, 1190.08603094158, 101.26278818522, 4.12500003222, 0.00000000000, -0.00000001168, 0.00000000430
391, 50.00000000000, 1204.25573190183, 86.89849625920, 4.12500003222, 0.00000000000, -0.00000000205, -0.00000003145
392, 50.00000000000, 1221.80014897134, 49.62542559565, 4.12500003222, 0.00000000000, 0.00000000875, 0.00000002604
393, 50.00000000000, 1245.77211269511, 29.91570610372, 4.12500003222, 0.00000000000, 0.00000000237, 0.00000000535
394, 50.00000000000, 1240.37204737990, 91.72178343739, 4.12500003222, 0.00000000000, 0.00000001685, 0.00000000877
395, 50.00000000000, 1250.60259944563, 70.98591961555, 4.12500003222, 0.00000000000, 0.00000000434, 0.00000000515
396, 50.00000000000, 1263.93649246779, 43.31648416914, 4.12500003222, 0.00000000000, 0.00000000062, 0.00000001880
397, 50.00000000000, 1275.83099986127, 96.53002349452, 4.12500003222, 0.00000000000, 0.00000000210, 0.00000000459
398, 50.00000000000, 1306.49682902412, 108.97770387822, 4.12500003222, 0.00000000000, -0.00000000353, -0.00000000715
399, 50.00000000000, 1303.26848094567, 42.62208718082, 4.12500003222, 0.00000000000, -0.00000000123, 0.00000001645
400, 50.00000000000, 45.95509870494, 36.31479037241, 4.12500003222, 0.00000000000, -0.00000001039, 0.00000001999
401, 50.00000000000, 64.32863687155, 64.81964991195, 4.12500003222, 0.00000000000, 0.00000000269, 0.00000001916
402, 50.00000000000, 98.08496336365, 107.05793905922, 4.12500003222, 0.00000000000, -0.00000000467, 0.00000001067
403, 50.00000000000, 96.95520288717, 69.59953631714, 4.12500003222, 0.00000000000, 0.00000000394, 0.00000001292
404, 50.00000000000, 120.56947223939, 70.45636578532, 4.12500003222, 0.00000000000, -0.00000000822, -0.00000005144
405, 50.00000000000, 116.52473843638, 10.99073692241, 4.12500003222, 0.00000000000, -0.00000000190, 0.00000002343
406, 50.00000000000, 144.84796702839, 29.26857655718, 4.12500003222, 0.00000000000, 0.00000000843, 0.00000001384
407, 50.00000000000, 138.42952036666, 102.38427510890, 4.12500003222, 0.00000000000, 0.00000000093, -0.00000003149
408, 50.00000000000, 163.88650765678, 77.19205065479, 4.12500003222, 0.00000000000, -0.00000000341, -0.00000002888
409, 50.00000000000, 181.75646507527, 72.85324672497, 4.12500003222, 0.00000000000, -0.00000001181, 0.00000001443
410, 50.00000000000, 169.32871658526, 94.78811145861, 4.12500003222, 0.00000000000, -0.00000000566, -0.00000001021
411, 50.00000000000, 204.71418049420, 253.78076277920, 4.12500003222, 0.00000000000, 0.00000000000, 0.00000000000
412, 50.00000000000, 213.94532340749, 161.89418358271, 4.12500003222, 0.00000000000, 0.00000000124, 0.00000000583
413, 50.00000000000, 234.67611552191, 216.82892248716, 4.12500003222, 0.00000000000, 0.00000000000, 0.00000000000
414, 50.00000000000, 279.89320127686, 68.20625964657, 4.12500003222, 0.00000000000, 0.00000000246, -0.00000001707
415, 50.00000000000, 311.91760849883, 80.77028966187, 4.12500003222, 0.00000000000, -0.00000000080, -0.00000001480
416, 50.00000000000, 308.23313659262, 15.13525921755, 4.12500003222, 0.00000000000, 0.00000000934, -0.00000001323
417, 50.00000000000, 328.44619343751, 28.95254886091, 4.12500003222, 0.00000000000, 0.00000000757, 0.00000001338
418, 50.00000000000, 322.42956292726, -30000000.00000000000, 0.00000000000, 0.00000000000, 0.00000072823, 0.66000001198
419, 50.00000000000, 339.49563006144, -30000000.00000000000, 0.00000000000, 0.00000000000, -0.00000011559, 0.66000001198
420, 50.00000000000, 353.13639307633, 199.25865705799, 4.12500003222, 0.00000000000, 0.00000000000, 0.00000000000
421, 50.00000000000, 395.39053092373, 112.58955134114, 4.12500003222, 0.00000000000, -0.00000000115, 0.00000000099
422, 50.00000000000, 409.18674392517, 128.30392406851, 4.12500003222, 0.00000000000, 0.00000000315, -0.00000000282
423, 50.00000000000, 405.77340567594, -30000000.00000000000, 0.00000000000, 0.00000000000, 0.00000163363, 0.66000001198
424, 50.00000000000, 430.17764506181, 125.50943095997, 4.12500003222, 0.00000000000, -0.00000000067, 0.00000000425
425, 50.00000000000, 431.99413008865, -30000000.00000000000, 0.00000000000, 0.00000000000, -0.00000150851, 0.66000001198
426, 50.00000000000, 471.12350534294, 62.06281960378, 4.12500003222, 0.00000000000, -0.00000000734, 0.00000001993
427, 50.00000000000, 466.11299790576, 224.94477424283, 4.12500003222, 0.00000000000, -0.00000000032, 0.00000000349
428, 50.00000000000, 517.79448356536, 81.00963187247, 4.12500003222, 0.00000000000, -0.00000000734, 0.00000002683
429, 50.00000000000, 507.52694227155, -30000000.00000000000, 0.00000000000, 0.00000000000, 0.00000032952, 0.66000001198
430, 50.00000000000, 550.67047864512, 118.33127398272, 4.12500003222, 0.00000000000, -0.00000000003, -0.00000000838
431, 50.00000000000, 546.17312924435, 96.99397961016, 4.12500003222, 0.00000000000, -0.00000000096, 0.00000002179
432, 50.00000000000, 567.79009194951, -30000000.00000000000, 0.00000000000, 0.00000000000, -0.00000171706, 0.66000001198
433, 50.00000000000, 594.07663819936, 88.70563236115, 4.12500003222, 0.00000000000, 0.00000000412, 0.00000001720
434, 50.00000000000, 591.23857993386, 149.61176040364, 4.12500003222, 0.00000000000, -0.00000000448, -0.00000000692
435, 50.00000000000, 625.22954506105, 72.37959663610, 4.12500003222, 0.00000000000, 0.00000000600, -0.00000000117
436, 50.00000000000, 638.51478540539, 85.05249304407, 4.12500003222, 0.00000000000, -0.00000000235, -0.00000002302
437, 50.00000000000, 657.81332115703, 89.52288349999, 4.12500003222, 0.00000000000, -0.00000000750, -0.00000000096
438, 50.00000000000, 665.14718506219, 58.23690577866, 4.12500003222, 0.00000000000, 0.00000000467, 0.00000000392
439, 50.00000000000, 688.89737487942, 64.84872501845, 4.12500003222, 0.00000000000, -0.00000000561, -0.00000002550
440, 50.00000000000, 702.29363148153, 81.09518371866, 4.12500003222, 0.00000000000, 0.00000000418, -0.00000001110
441, 50.00000000000, 718.97314057585, -30000000.00000000000, 0.00000000000, 0.00000000000, -0.00000019778, 0.66000001198
442, 50.00000000000, 730.38082713688, -30000000.00000000000, 0.00000000000, 0.00000000000, 0.00000005238, 0.66000001198
443, 50.00000000000, 758.34858119843, 47.57710507519, 4.12500003222, 0.00000000000, -0.00000000330, 0.00000001976
444, 50.00000000000, 747.28789843036, 132.80428914864, 4.12500003222, 0.00000000000, -0.00000000182, -0.00000000549
445, 50.00000000000, 789.05644310665, 65.09212591536, 4.12500003222, 0.00000000000, 0.00000000138, 0.00000000322
446, 50.00000000000, 804.98296837937, 102.92447025330, 4.12500003222, 0.00000000000, -0.00000000377, -0.00000000272
447, 50.00000000000, 798.03267675243, 82.03097825274, 4.12500003222, 0.00000000000, -0.00000000149, 0.00000002268
448, 50.00000000000, 820.64327781986, 112.56412505768, 4.12500003222, 0.00000000000, 0.00000001092, 0.00000001182
449, 50.00000000000, 860.85443067991, 53.54161211352, 4.12500003222, 0.00000000000, -0.00000000067, 0.00000000507
450, 50.00000000000, 842.71451702200, 164.72771805469, 4.12500003222, 0.00000000000, -0.00000000098, -0.00000001387
451, 50.00000000000, 881.27722870864, 87.59327419383, 4.12500003222, 0.00000000000, 0.00000000873, -0.00000002039
452, 50.00000000000, 906.72404817217, -30000000.00000000000, 0.00000000000, 0.00000000000, -0.00000081974, 0.66000001198
453, 50.00000000000, 889.94559511213, 193.68393271707, 4.12500003222, 0.00000000000, -0.00000000404, -0.00000000156
454, 50.00000000000, 936.61541132843, 87.99038575350, 4.12500003222, 0.00000000000, 0.00000001181, 0.00000000454
455, 50.00000000000, 960.53549386189, -30000000.00000000000, 0.00000000000, 0.00000000000, 0.00000106156, 0.66000001198
456, 50.00000000000, 959.14893076382, 81.36917966665, 4.12500003222, 0.00000000000, 0.00000000382, 0.00000000213
457, 50.00000000000, 993.12444048294, 181.52615582023, 4.12500003222, 0.00000000000, 0.00000000000, 0.00000000000
458, 50.00000000000, 981.19592940072, 115.56846121303, 4.12500003222, 0.00000000000, 0.00000000039, -0.00000000781
459, 50.00000000000, 1005.52941199808, 115.54223489665, 4.12500003222, 0.00000000000, -0.00000000562, 0.00000002832
460, 50.00000000000, 1019.67989498065, 128.92216738840, 4.12500003222, 0.00000000000, -0.00000001371, 0.00000000366
461, 50.00000000000, 1044.78244410322, 76.31941321942, 4.12500003222, 0.00000000000, -0.00000000366, 0.00000003925
462, 50.00000000000, 1038.00643218281, 132.37068256956, 4.12500003222, 0.00000000000, 0.00000000239, 0.00000000906
463, 50.00000000000, 1072.65393013095, 141.60323905316, 4.12500003222, 0.00000000000, 0.00000000679, 0.00000000714
464, 50.00000000000, 1101.44526597454, 24.61618619915, 4.12500003222, 0.00000000000, -0.00000001036, -0.00000000330
465, 50.00000000000, 1116.67880398254, 62.09579733788, 4.12500003222, 0.00000000000, -0.00000000869, -0.00000003319
466, 50.00000000000, 1133.63345030095, 57.17426247059, 4.12500003222, 0.00000000000, 0.00000000105, 0.00000001730
467, 50.00000000000, 1142.46837127537, 61.09885283121, 4.12500003222, 0.00000000000, -0.00000000679, 0.00000000014
468, 50.00000000000, 1153.84328484923, 81.17039984754, 4.12500003222, 0.00000000000, -0.00000000031, -0.00000002363
469, 50.00000000000, 1174.03803699368, 111.41661304521, 4.12500003222, 0.00000000000, 0.00000000442, -0.00000004213
470, 50.00000000000, 1181.64665662309, 89.33997349417, 4.12500003222, 0.00000000000, -0.00000000607, 0.00000001695
471, 50.00000000000, 1212.04555603826, 45.84382753568, 4.12500003222, 0.00000000000, 0.00000000316, 0.00000000228
472, 50.00000000000, 1186.35926390896, 141.95829852759, 4.12500003222, 0.00000000000, -0.00000000169, -0.00000001187
473, 50.00000000000, 1221.50914239459, 101.02703294808, 4.12500003222, 0.00000000000, 0.00000000753, 0.00000002915
474, 50.00000000000, 1244.07728443354, 76.26953183505, 4.12500003222, 0.00000000000, -0.00000000399, 0.00000002359
475, 50.00000000000, 1281.95690703257, 13.75866474459, 4.12500003222, 0.00000000000, -0.00000000084, 0.00000000039
476, 50.00000000000, 1251.37901768243, 96.19800497887, 4.12500003222, 0.00000000000, 0.00000000270, -0.00000003284
477, 50.00000000000, 1285.59514147671, 136.08363622436, 4.12500003222, 0.00000000000, -0.00000000109, -0.00000001518
478, 50.00000000000, 1292.33920320645, 76.99096934536, 4.12500003222, 0.00000000000, 0.00000000435, -0.00000002770
479, 50.00000000000, 1313.49092822353, 71.77405011392, 4.12500003222, 0.00000000000, 0.00000000273, 0.00000000167
480, 50.00000000000, 47.17823030430, 57.11773219132, 4.12500003222, 0.00000000000, -0.00000000032, -0.00000002207
481, 50.00000000000, 78.56902889494, 101.74714099706, 4.12500003222, 0.00000000000, -0.00000000066, 0.00000003694
482, 50.00000000000, 85.67525413159, 40.88115715353, 4.12500003222, 0.00000000000, 0.00000000033, 0.00000002472
483, 50.00000000000, 104.40381782234, 54.31243268836, 4.12500003222, 0.00000000000, 0.00000001180, 0.00000003348
484, 50.00000000000, 106.39998299531, 125.47040566798, 4.12500003222, 0.00000000000, -0.00000000368, 0.00000000274
485, 50.00000000000, 129.76070253111, 48.43342334761, 4.12500003222, 0.00000000000, 0.00000000392, -0.00000001509
486, 50.00000000000, 151.16886779710, 59.52625309656, 4.12500003222, 0.00000000000, 0.00000001308, 0.00000002773
487, 50.00000000000, 167.28811200489, 6.09556146469, 4.12500003222, 0.00000000000, -0.00000000031, 0.00000003950
488, 50.00000000000, 153.15768181926, 133.71317916085, 4.12500003222, 0.00000000000, -0.00000000056, 0.00000000452
489, 50.00000000000, 155.61482600652, 74.79261637934, 4.12500003222, 0.00000000000, 0.00000001533, -0.00000001771
490, 50.00000000000, 203.86981580222, 41.03797238533, 4.12500003222, 0.00000000000, 0.00000000145, 0.00000001049
491, 50.00000000000, 201.98858022539, 145.88690585790, 4.12500003222, 0.00000000000, -0.00000000080, 0.00000001245
492, 50.00000000000, 209.66900161789, 127.12049394809, 4.12500003222, 0.00000000000, -0.00000000060, -0.00000000722
493, 50.00000000000, 260.14511263555, 70.40547428362, 4.12500003222, 0.00000000000, -0.00000000252, 0.00000000009
494, 50.00000000000, 273.73469942642, 12.47122279300, 4.12500003222, 0.00000000000, -0.00000000358, 0.00000001435
495, 50.00000000000, 292.01985795983, 45.53676966023, 4.12500003222, 0.00000000000, -0.00000000221, 0.00000003318
496, 50.00000000000, 306.47805402684, 27.56236504911, 4.12500003222, 0.00000000000, 0.00000000681, -0.00000000789
497, 50.00000000000, 343.82613630364, 71.39197396433, 4.12500003222, 0.00000000000, 0.00000000219, 0.00000002150
498, 50.00000000000, 356.95871397703, 53.69568175632, 4.12500003222, 0.00000000000, -0.00000000732, -0.00000002288
499, 50.00000000000, 366.35262964602, 76.17779166040, 4.12500003222, 0.00000000000, 0.00000000863, 0.00000001161
500, 50.00000000000, 382.98030547381, 33.53870811672, 4.12500003222, 0.00000000000, -0.00000000598, -0.00000000322
501, 50.00000000000, 402.81492158370, 105.34292997392, 4.12500003222, 0.00000000000, 0.00000000457, -0.00000002424
502, 50.00000000000, 407.46578532614, 55.70830748536, 4.12500003222, 0.00000000000, -0.00000000701, 0.00000000583
503, 50.00000000000, 431.28718067049, 74.67734210333, 4.12500003222, 0.00000000000, 0.00000000492, -0.00000003880
504, 50.00000000000, 421.88715905444, -30000000.00000000000, 0.00000000000, 0.00000000000, 0.00000027989, 0.66000001198
505, 50.00000000000, 450.11946084570, 212.04075804538, 4.12500003222, 0.00000000000, -0.00000000032, -0.00000000044
506, 50.00000000000, 469.54895665050, 205.05712362121, 4.12500003222, 0.00000000000, 0.00000000078, -0.00000000303
507, 50.00000000000, 489.05272867202, 61.43497665183, 4.12500003222, 0.00000000000, 0.00000001218, -0.00000001952
508, 50.00000000000, 500.93681668796, 99.16781590668, 4.12500003222, 0.00000000000, 0.00000000387, 0.00000000577
509, 50.00000000000, 488.81224433436, 197.30946058323, 4.12500003222, 0.00000000000, -0.00000000129, 0.00000000600
510, 50.00000000000, 529.65376166794, -30000000.00000000000, 0.00000000000, 0.00000000000, 0.00000028521, 0.66000001198
511, 50.00000000000, 554.77568044466, 155.49909646487, 4.12500003222, 0.00000000000, 0.00000000351, 0.00000000807
512, 50.00000000000, 577.57945578384, 165.95123888430, 4.12500003222, 0.00000000000, -0.00000000203, -0.00000003924
513, 50.00000000000, 596.28873324514, 124.45415835511, 4.12500003222, 0.00000000000, -0.00000000214, 0.00000002195
514, 50.00000000000, 608.59600959179, 116.76382213685, 4.12500003222, 0.00000000000, 0.00000000529, -0.00000000681
515, 50.00000000000, 619.47106312611, 135.51781451252, 4.12500003222, 0.00000000000, 0.00000000589, -0.00000001771
516, 50.00000000000, 633.52634916971, -30000000.00000000000, 0.00000000000, 0.00000000000, 0.00000124373, 0.66000001198
517, 50.00000000000, 646.81282080961, 70.93463005139, 4.12500003222, 0.00000000000, -0.00000000809, 0.00000002144
518, 50.00000000000, 670.74436722463, 189.22808932225, 4.12500003222, 0.00000000000, -0.00000001197, 0.00000000941
519, 50.00000000000, 679.44486710158, 80.33235692054, 4.12500003222, 0.00000000000, -0.00000000393, -0.00000001020
520, 50.00000000000, 701.66737116100, -30000000.00000000000, 0.00000000000, 0.00000000000, -0.00000054288, 0.66000001198
521, 50.00000000000, 736.48722561683, 94.42423177720, 4.12500003222, 0.00000000000, -0.00000000244, 0.00000001718
522, 50.00000000000, 748.82638155396, 63.13353554389, 4.12500003222, 0.00000000000, 0.00000000358, -0.00000000198
523, 50.00000000000, 747.66260697377, -30000000.00000000000, 0.00000000000, 0.00000000000, -0.00000066804, 0.66000001198
524, 50.00000000000, 777.98266978246, 218.71539549323, 4.12500003222, 0.00000000000, 0.00000000151, -0.00000000003
525, 50.00000000000, 780.60005647343, -30000000.00000000000, 0.00000000000, 0.00000000000, -0.00000020647, 0.66000001198
526, 50.00000000000, 786.31110775301, 116.78198003515, 4.12500003222, 0.00000000000, -0.00000000675, -0.00000001328
527, 50.00000000000, 818.84094331289, 89.62113416582, 4.12500003222, 0.00000000000, -0.00000000316, -0.00000002749
528, 50.00000000000, 816.95181194756, 143.36866105241, 4.12500003222, 0.00000000000, -0.00000000193, -0.00000000869
529, 50.00000000000, 838.01207631830, 143.31828673076, 4.12500003222, 0.00000000000, 0.00000000355, 0.00000001304
530, 50.00000000000, 857.49585344742, 150.48128110542, 4.12500003222, 0.00000000000, -0.00000000381, -0.00000002028
531, 50.00000000000, 879.46107973288, 105.43695523587, 4.12500003222, 0.00000000000, -0.00000000732, 0.00000000737
532, 50.00000000000, 913.89300562644, -30000000.00000000000, 0.00000000000, 0.00000000000, -0.00000106621, 0.66000001198
533, 50.00000000000, 928.07545693235, 71.97652365601, 4.12500003222, 0.00000000000, 0.00000000006, 0.00000000047
534, 50.00000000000, 923.67386229282, 181.18588069059, 4.12500003222, 0.00000000000, 0.00000000065, -0.00000000019
535, 50.00000000000, 952.33433342383, 98.47942129078, 4.12500003222, 0.00000000000, 0.00000000893, -0.00000000899
536, 50.00000000000, 971.21337131496, 101.95853595821, 4.12500003222, 0.00000000000, -0.00000000339, 0.00000001030
537, 50.00000000000, 963.93499711500, 30.54563663384, 4.12500003222, 0.00000000000, 0.00000000077, -0.00000000496
538, 50.00000000000, 997.24093749078, 70.56262116767, 4.12500003222, 0.00000000000, -0.00000000213, 0.00000000907
539, 50.00000000000, 1013.80005495937, 63.91231099444, 4.12500003222, 0.00000000000, 0.00000000500, 0.00000000311
540, 50.00000000000, 1029.97307026973, 56.79182330193, 4.12500003222, 0.00000000000, -0.00000000103, -0.00000000929
541, 50.00000000000, 1053.32037419430, 62.90205818396, 4.12500003222, 0.00000000000, -0.00000000738, -0.00000002884
542, 50.00000000000, 1061.79807266364, 40.63335411381, 4.12500003222, 0.00000000000, -0.00000000466, 0.00000001124
543, 50.00000000000, 1098.15561847898, 219.34165683124, 4.12500003222, 0.00000000000, 0.00000000000, 0.00000000000
544, 50.00000000000, 1102.89095548426, 64.12625349587, 4.12500003222, 0.00000000000, -0.00000000430, -0.00000000232
545, 50.00000000000, 1138.53428987834, 166.54659505267, 4.12500003222, 0.00000000000, 0.00000000252, 0.00000001719
546, 50.00000000000, 1141.64563925578, 188.08629436053, 4.12500003222, 0.00000000000, -0.00000000252, -0.00000001719
547, 50.00000000000, 1140.93669611163, 25.14773278092, 4.12500003222, 0.00000000000, -0.00000000237, 0.00000000445
548, 50.00000000000, 1153.50200504163, 114.70049172944, 4.12500003222, 0.00000000000, -0.00000000435, -0.00000002799
549, 50.00000000000, 1183.66389534249, 57.46001688547, 4.12500003222, 0.00000000000, -0.00000001275, -0.00000000753
550, 50.00000000000, 1205.69986625926, 64.38958988252, 4.12500003222, 0.00000000000, -0.00000000737, 0.00000004562
551, 50.00000000000, 1189.08225113154, 122.33468975306, 4.12500003222, 0.00000000000, 0.00000000442, -0.00000000176
552, 50.00000000000, 1220.69644893609, 81.90956781635, 4.12500003222, 0.00000000000, -0.00000001504, -0.00000003057
553, 50.00000000000, 1231.28993203196, 103.75549996321, 4.12500003222, 0.00000000000, -0.00000000518, -0.00000000283
554, 50.00000000000, 1239.54132790131, 115.55888150844, 4.12500003222, 0.00000000000, -0.00000000937, -0.00000001895
555, 50.00000000000, 1254.89752585418, 108.06469934836, 4.12500003222, 0.00000000000, -0.00000000493, 0.00000003482
556, 50.00000000000, 1269.60032646971, 120.88110252612, 4.12500003222, 0.00000000000, -0.00000000123, -0.00000000518
557, 50.00000000000, 1283.03638120718, 156.06732671367, 4.12500003222, 0.00000000000, 0.00000000090, 0.00000000258
558, 50.00000000000, 1293.14320201125, 100.89444694099, 4.12500003222, 0.00000000000, -0.00000000418, -0.00000000612
559, 50.00000000000, 1299.81458145999, 53.24703225170, 4.12500003222, 0.00000000000, 0.00000000093, 0.00000000126
560, 50.00000000000, 65.95312812462, 88.80891013437, 4.12500003222, 0.00000000000, -0.00000000373, -0.00000000140
561, 50.00000000000, 27.40234885013, 268.93820767670, 4.12500003222, 0.00000000000, 0.00000000000, 0.00000000000
562, 50.00000000000, 90.14057284775, 88.17210909494, 4.12500003222, 0.00000000000, 0.00000000803, -0.00000001948
563, 50.00000000000, 119.26281552096, 108.07514678533, 4.12500003222, 0.00000000000, -0.00000000000, 0.00000000847
564, 50.00000000000, 85.23522186842, 122.24776742232, 4.12500003222, 0.00000000000, -0.00000000403, -0.00000000544
565, 50.00000000000, 130.08014063474, 29.32758636879, 4.12500003222, 0.00000000000, -0.00000000193, -0.00000000308
566, 50.00000000000, 139.87521858757, 59.07769906148, 4.12500003222, 0.00000000000, -0.00000000886, -0.00000000866
567, 50.00000000000, 134.59309514010, 141.93043291868, 4.12500003222, 0.00000000000, -0.00000000243, 0.00000000318
568, 50.00000000000, 156.42541010640, 114.14651495522, 4.12500003222, 0.00000000000, 0.00000000733, -0.00000000819
569, 50.00000000000, 176.13321842483, 109.07956804592, 4.12500003222, 0.00000000000, 0.00000000638, 0.00000001221
570, 50.00000000000, 172.09758875567, 126.51879774834, 4.12500003222, 0.00000000000, 0.00000000114, -0.00000000430
571, 50.00000000000, 193.33416515915, 164.63332180664, 4.12500003222, 0.00000000000, 0.00000000124, -0.00000000139
572, 50.00000000000, 254.47652290845, 39.53812959803, 4.12500003222, 0.00000000000, 0.00000000084, -0.00000000838
573, 50.00000000000, 222.33071594875, 143.30941809801, 4.12500003222, 0.00000000000, 0.00000000208, -0.00000000134
574, 50.00000000000, 280.77375444519, 60.40221447998, 4.12500003222, 0.00000000000, 0.00000000753, 0.00000001209
575, 50.00000000000, 292.74194589153, 25.06403439006, 4.12500003222, 0.00000000000, -0.00000001908, 0.00000001631
576, 50.00000000000, 291.40232569229, 144.11680578020, 4.12500003222, 0.00000000000, 0.00000000505, -0.00000000477
577, 50.00000000000, 332.94966593862, 80.90194956488, 4.12500003222, 0.00000000000, -0.00000000318, 0.00000002000
578, 50.00000000000, 320.24312966861, 193.20667361655, 4.12500003222, 0.00000000000, 0.00000000000, 0.00000000000
579, 50.00000000000, 373.12311736724, 118.69702145981, 4.12500003222, 0.00000000000, -0.00000000580, 0.00000000130
580, 50.00000000000, 387.91087917985, 68.96714242326, 4.12500003222, 0.00000000000, 0.00000000120, 0.00000000893
581, 50.00000000000, 391.65181433169, 124.71830567711, 4.12500003222, 0.00000000000, 0.00000000349, 0.00000002964
582, 50.00000000000, 390.77758831900, 186.02807496784, 4.12500003222, 0.00000000000, 0.00000000000, 0.00000000000
583, 50.00000000000, 418.22272084077, 74.66913182754, 4.12500003222, 0.00000000000, 0.00000000693, 0.00000000495
584, 50.00000000000, 436.82665899144, 106.66115249350, 4.12500003222, 0.00000000000, -0.00000000046, -0.00000001325
585, 50.00000000000, 442.52616531724, -30000000.00000000000, 0.00000000000, 0.00000000000, -0.00000187657, 0.66000001198
586, 50.00000000000, 461.76600264986, 104.76762381304, 4.12500003222, 0.00000000000, 0.00000000941, 0.00000002092
587, 50.00000000000, 485.48391463809, 217.80822071212, 4.12500003222, 0.00000000000, 0.00000000115, -0.00000000602
588, 50.00000000000, 505.13847801460, 74.91644783286, 4.12500003222, 0.00000000000, -0.00000001253, 0.00000000734
589, 50.00000000000, 521.97273246588, 71.04331654368, 4.12500003222, 0.00000000000, 0.00000001719, -0.00000003648
590, 50.00000000000, 536.04686841605, 81.18826266258, 4.12500003222, 0.00000000000, 0.00000000574, -0.00000001657
591, 50.00000000000, 561.68784134948, 172.71789713648, 4.12500003222, 0.00000000000, -0.00000000702, 0.00000000723
592, 50.00000000000, 580.88010031858, 133.40821629890, 4.12500003222, 0.00000000000, 0.00000000059, -0.00000001078
593, 50.00000000000, 604.38394238494, 80.91202722644, 4.12500003222, 0.00000000000, 0.00000000430, -0.00000000396
594, 50.00000000000, 610.81529535502, 153.81599961264, 4.12500003222, 0.00000000000, 0.00000000424, 0.00000004159
595, 50.00000000000, 631.03760817705, 116.49353031600, 4.12500003222, 0.00000000000, -0.00000000226, 0.00000001646
596, 50.00000000000, 635.05314405853, 93.50022210498, 4.12500003222, 0.00000000000, 0.00000000390, -0.00000002722
597, 50.00000000000, 649.18167112201, 153.29223045008, 4.12500003222, 0.00000000000, -0.00000000033, -0.00000000043
598, 50.00000000000, 667.19049989530, -30000000.00000000000, 0.00000000000, 0.00000000000, -0.00000021048, 0.66000001198
599, 50.00000000000, 682.22960040263, 172.99636169758, 4.12500003222, 0.00000000000, 0.00000000931, -0.00000001390
600, 50.00000000000, 703.58707089712, -30000000.00000000000, 0.00000000000, 0.00000000000, -0.00000033473, 0.66000001198
601, 50.00000000000, 726.77143489319, 137.57689695664, 4.12500003222, 0.00000000000, -0.00000000047, -0.00000000555
602, 50.00000000000, 739.32672403297, 55.49919924996, 4.12500003222, 0.00000000000, 0.00000000178, 0.00000000917
603, 50.00000000000, 762.33613964542, -30000000.00000000000, 0.00000000000, 0.00000000000, 0.00000045388, 0.66000001198
604, 50.00000000000, 768.61531770472, 64.46395856128, 4.12500003222, 0.00000000000, -0.00000000677, 0.00000003851
605, 50.00000000000, 787.23017318687, 97.67317480336, 4.12500003222, 0.00000000000, 0.00000000084, -0.00000001369
606, 50.00000000000, 788.61374127647, 200.94015545634, 4.12500003222, 0.00000000000, -0.00000000182, -0.00000000308
607, 50.00000000000, 806.25483634501, 124.69938181736, 4.12500003222, 0.00000000000, -0.00000000315, 0.00000001992
608, 50.00000000000, 840.78266694521, 121.35033503097, 4.12500003222, 0.00000000000, -0.00000000512, -0.00000002886
609, 50.00000000000, 852.60796205062, 130.04683944116, 4.12500003222, 0.00000000000, 0.00000000086, 0.00000004533
610, 50.00000000000, 863.12809036057, 169.74457238377, 4.12500003222, 0.00000000000, -0.00000000436, -0.00000000245
611, 50.00000000000, 877.58349135474, 154.95028229760, 4.12500003222, 0.00000000000, -0.00000000159, -0.00000000244
612, 50.00000000000, 883.29406032269, 174.28195501906, 4.12500003222, 0.00000000000, 0.00000000330, 0.00000000066
613, 50.00000000000, 913.99323753184, 84.04850251217, 4.12500003222, 0.00000000000, -0.00000001823, -0.00000002633
614, 50.00000000000, 910.46969898660, 196.83491293148, 4.12500003222, 0.00000000000, 0.00000000076, 0.00000000357
615, 50.00000000000, 959.99736759073, 115.07969993986, 4.12500003222, 0.00000000000, 0.00000000213, -0.00000001602
616, 50.00000000000, 974.10161920684, 69.83932427285, 4.12500003222, 0.00000000000, 0.00000000589, 0.00000001354
617, 50.00000000000, 982.20614443629, 137.80080468953, 4.12500003222, 0.00000000000, -0.00000000270, 0.00000000158
618, 50.00000000000, 995.92810871821, 124.53824071752, 4.12500003222, 0.00000000000, 0.00000001271, 0.00000001087
619, 50.00000000000, 1020.19348797064, 78.53211838701, 4.12500003222, 0.00000000000, -0.00000000318, 0.00000000783
620, 50.00000000000, 1032.70567269521, 95.48238526560, 4.12500003222, 0.00000000000, -0.00000000404, 0.00000000118
621, 50.00000000000, 1038.70582952633, 40.93488182781, 4.12500003222, 0.00000000000, 0.00000000339, 0.00000001424
622, 50.00000000000, 1052.57100259689, 147.22213000702, 4.12500003222, 0.00000000000, -0.00000000318, 0.00000001059
623, 50.00000000000, 1057.89283640079, 128.13016395244, 4.12500003222, 0.00000000000, -0.00000000938, -0.00000002420
624, 50.00000000000, 1101.89361777095, 44.76144274768, 4.12500003222, 0.00000000000, 0.00000000058, 0.00000002065
625, 50.00000000000, 1102.68676646430, 80.74342231571, 4.12500003222, 0.00000000000, 0.00000000172, -0.00000002060
626, 50.00000000000, 1132.01084076266, 112.71407097748, 4.12500003222, 0.00000000000, 0.00000000396, -0.00000000141
627, 50.00000000000, 1142.92615629370, 96.26634160628, 4.12500003222, 0.00000000000, -0.00000000561, 0.00000002218
628, 50.00000000000, 1165.75254687804, 61.53892684203, 4.12500003222, 0.00000000000, -0.00000000039, -0.00000002744
629, 50.00000000000, 1172.18020154860, 74.56075696138, 4.12500003222, 0.00000000000, -0.00000000290, 0.00000001134
630, 50.00000000000, 1199.41924930824, 53.31164977213, 4.12500003222, 0.00000000000, -0.00000000946, 0.00000000337
631, 50.00000000000, 1203.51727610814, 153.42923999857, 4.12500003222, 0.00000000000, 0.00000000114, -0.00000001073
632, 50.00000000000, 1211.16556492877, 95.22686835808, 4.12500003222, 0.00000000000, 0.00000000002, 0.00000000355
633, 50.00000000000, 1220.48284435498, 119.46246426152, 4.12500003222, 0.00000000000, 0.00000000305, 0.00000001113
634, 50.00000000000, 1263.96994366825, 162.89873761721, 4.12500003222, 0.00000000000, -0.00000000134, 0.00000000051
635, 50.00000000000, 1251.81544159665, 130.49021083259, 4.12500003222, 0.00000000000, 0.00000000938, -0.00000001137
636, 50.00000000000, 1268.94456411148, 78.23681414165, 4.12500003222, 0.00000000000, -0.00000000631, -0.00000000812
637, 50.00000000000, 1267.09346382734, 142.75817540529, 4.12500003222, 0.00000000000, -0.00000000284, -0.00000000815
638, 50.00000000000, 1300.30951703907, 21.24301026619, 4.12500003222, 0.00000000000, -0.00000000338, -0.00000000972
639, 50.00000000000, 1317.20697969443, 34.28255511226, 4.12500003222, 0.00000000000, 0.00000000095, -0.00000000146
