0, 50.00000000000, 81.68113802624, 67.24437721334, 4.12500003222, 0.00000000000, -0.00000000044, -0.00000000555
1, 50.00000000000, 31.17842742412, 226.26108754872, 4.12500003222, 0.00000000000, 0.00000000000, 0.00000000000
2, 50.00000000000, 115.70763020835, 10.10595359926, 4.12500003222, 0.00000000000, -0.00000000743, 0.00000002910
3, 50.00000000000, 133.92320165229, 57.87360121525, 4.12500003222, 0.00000000000, -0.00000000315, -0.00000001284
4, 50.00000000000, 146.28093988634, 25.83336470282, 4.12500003222, 0.00000000000, 0.00000000377, -0.00000000534
5, 50.00000000000, 161.40084836173, 44.63457634157, 4.12500003222, 0.00000000000, 0.00000002276, -0.00000011978
6, 50.00000000000, 175.57430385345, 26.72803044044, 4.12500003222, 0.00000000000, -0.00000000570, 0.00000006627
7, 50.00000000000, 178.85795527129, 12.55722880371, 4.12500003222, 0.00000000000, 0.00000002004, -0.00000003183
8, 50.00000000000, 202.45806861539, 11.04855281920, 4.12500003222, 0.00000000000, -0.00000000280, 0.00000000372
9, 50.00000000000, 209.81881046100, 45.75001265031, 4.12500003222, 0.00000000000, 0.00000001578, -0.00000001627
10, 50.00000000000, 217.91986926567, 8.10381272129, 4.12500003222, 0.00000000000, -0.00000001459, -0.00000000162
11, 50.00000000000, 257.26428340157, 21.67837428900, 4.12500003222, 0.00000000000, 0.00000000512, 0.00000003635
12, 50.00000000000, 255.23527663089, 8.97508189898, 4.12500003222, 0.00000000000, 0.00000000085, -0.00000001874
13, 50.00000000000, 291.25203418557, 25.30926962100, 4.12500003222, 0.00000000000, -0.00000000520, -0.00000004601
14, 50.00000000000, 302.52526301777, 29.04427118136, 4.12500003222, 0.00000000000, -0.00000000311, 0.00000001221
15, 50.00000000000, 321.23754304622, 38.73671130564, 4.12500003222, 0.00000000000, -0.00000000967, -0.00000003721
16, 50.00000000000, 323.64643865396, 4.13705654380, 4.12500003222, 0.00000000000, 0.00000000552, 0.00000001173
17, 50.00000000000, 341.86313183330, 42.85026831126, 4.12500003222, 0.00000000000, 0.00000000036, -0.00000000826
18, 50.00000000000, 320.77220573898, -30000000.00000000000, 0.00000000000, 0.00000000000, 0.00000086896, 0.66000001198
19, 50.00000000000, 395.88680036707, 84.00983467204, 4.12500003222, 0.00000000000, 0.00000000363, 0.00000001082
20, 50.00000000000, 354.78505746845, -30000000.00000000000, 0.00000000000, 0.00000000000, -0.00000024838, 0.66000001198
21, 50.00000000000, 416.36514130079, 33.65536857780, 4.12500003222, 0.00000000000, 0.00000000099, -0.00000001000
22, 50.00000000000, 435.37638950770, 113.43598781228, 4.12500003222, 0.00000000000, 0.00000001376, -0.00000000184
23, 50.00000000000, 441.12686870932, 51.96295255723, 4.12500003222, 0.00000000000, 0.00000000233, 0.00000004933
24, 50.00000000000, 432.27415748936, -30000000.00000000000, 0.00000000000, 0.00000000000, -0.00000154884, 0.66000001198
25, 50.00000000000, 458.10789072854, 65.61688508539, 4.12500003222, 0.00000000000, -0.00000001286, -0.00000000334
26, 50.00000000000, 476.82475206971, 51.03676947972, 4.12500003222, 0.00000000000, -0.00000000266, 0.00000000696
27, 50.00000000000, 493.99924830282, 46.28068783270, 4.12500003222, 0.00000000000, 0.00000000270, -0.00000000907
28, 50.00000000000, 490.80233750401, -30000000.00000000000, 0.00000000000, 0.00000000000, 0.00000049650, 0.66000001198
29, 50.00000000000, 545.46543728969, 134.02309721600, 4.12500003222, 0.00000000000, 0.00000000225, 0.00000001393
30, 50.00000000000, 549.59779129106, 56.31456376759, 4.12500003222, 0.00000000000, -0.00000000218, 0.00000005266
31, 50.00000000000, 543.19691392511, -30000000.00000000000, 0.00000000000, 0.00000000000, -0.00000031239, 0.66000001198
32, 50.00000000000, 553.51083804229, -30000000.00000000000, 0.00000000000, 0.00000000000, -0.00000083369, 0.66000001198
33, 50.00000000000, 579.37083240396, -30000000.00000000000, 0.00000000000, 0.00000000000, -0.00000082370, 0.66000001198
34, 50.00000000000, 605.19336777396, 63.21471537014, 4.12500003222, 0.00000000000, 0.00000000160, 0.00000002494
35, 50.00000000000, 630.21088866417, 100.54966519341, 4.12500003222, 0.00000000000, -0.00000000791, 0.00000001575
36, 50.00000000000, 634.34508717800, -30000000.00000000000, 0.00000000000, 0.00000000000, 0.00000103929, 0.66000001198
37, 50.00000000000, 652.04110327195, -30000000.00000000000, 0.00000000000, 0.00000000000, 0.00000034749, 0.66000001198
38, 50.00000000000, 665.81883992390, -30000000.00000000000, 0.00000000000, 0.00000000000, -0.00000046471, 0.66000001198
39, 50.00000000000, 689.62023614904, -30000000.00000000000, 0.00000000000, 0.00000000000, -0.00000146193, 0.66000001198
40, 50.00000000000, 700.00972289972, -30000000.00000000000, 0.00000000000, 0.00000000000, -0.00000081334, 0.66000001198
41, 50.00000000000, 719.85141430925, -30000000.00000000000, 0.00000000000, 0.00000000000, -0.00000036030, 0.66000001198
42, 50.00000000000, 732.25735954596, 61.64984478903, 4.12500003222, 0.00000000000, -0.00000000298, -0.00000001179
43, 50.00000000000, 748.25421159583, 90.22234891270, 4.12500003222, 0.00000000000, 0.00000000007, -0.00000001856
44, 50.00000000000, 766.01658495628, 90.31209225450, 4.12500003222, 0.00000000000, -0.00000000218, 0.00000001307
45, 50.00000000000, 785.39871402538, -30000000.00000000000, 0.00000000000, 0.00000000000, 0.00000067281, 0.66000001198
46, 50.00000000000, 802.72063867561, -30000000.00000000000, 0.00000000000, 0.00000000000, -0.00000020174, 0.66000001198
47, 50.00000000000, 821.86992796889, -30000000.00000000000, 0.00000000000, 0.00000000000, -0.00000056600, 0.66000001198
48, 50.00000000000, 835.05849387833, -30000000.00000000000, 0.00000000000, 0.00000000000, -0.00000162012, 0.66000001198
49, 50.00000000000, 837.74393066586, 74.77108646357, 4.12500003222, 0.00000000000, -0.00000000214, 0.00000002843
50, 50.00000000000, 877.38136137834, -30000000.00000000000, 0.00000000000, 0.00000000000, 0.00000194555, 0.66000001198
51, 50.00000000000, 893.77444871763, -30000000.00000000000, 0.00000000000, 0.00000000000, 0.00000027232, 0.66000001198
52, 50.00000000000, 864.66920667375, 177.44873206924, 4.12500003222, 0.00000000000, -0.00000000011, 0.00000000175
53, 50.00000000000, 929.93711020118, -30000000.00000000000, 0.00000000000, 0.00000000000, -0.00000148395, 0.66000001198
54, 50.00000000000, 942.00735429253, -30000000.00000000000, 0.00000000000, 0.00000000000, -0.00000026674, 0.66000001198
55, 50.00000000000, 956.53609056131, -30000000.00000000000, 0.00000000000, 0.00000000000, 0.00000118068, 0.66000001198
56, 50.00000000000, 977.98592740005, -30000000.00000000000, 0.00000000000, 0.00000000000, -0.00000065949, 0.66000001198
57, 50.00000000000, 968.80802400069, 23.60603219326, 4.12500003222, 0.00000000000, -0.00000000643, 0.00000002065
58, 50.00000000000, 1013.21777405636, -30000000.00000000000, 0.00000000000, 0.00000000000, 0.00000144585, 0.66000001198
59, 50.00000000000, 1010.38105584842, 23.51604560344, 4.12500003222, 0.00000000000, -0.00000000366, -0.00000000827
60, 50.00000000000, 1021.00571721126, 76.55719786430, 4.12500003222, 0.00000000000, -0.00000000778, 0.00000004622
61, 50.00000000000, 1061.90329918524, -30000000.00000000000, 0.00000000000, 0.00000000000, 0.00000017793, 0.66000001198
62, 50.00000000000, 1072.90617315572, -30000000.00000000000, 0.00000000000, 0.00000000000, 0.00000042735, 0.66000001198
63, 50.00000000000, 1089.40925263379, 94.31614663545, 4.12500003222, 0.00000000000, 0.00000000079, -0.00000000825
64, 50.00000000000, 1074.49956538728, 1.90075626098, 4.12500003222, 0.00000000000, 0.00000000042, 0.00000001787
65, 50.00000000000, 1099.82215878564, 71.40780027902, 4.12500003222, 0.00000000000, 0.00000000247, 0.00000000670
66, 50.00000000000, 1093.83020307220, 30.58594426940, 4.12500003222, 0.00000000000, 0.00000000438, -0.00000003511
67, 50.00000000000, 1132.02811259006, 66.46502076064, 4.12500003222, 0.00000000000, 0.00000000906, 0.00000000390
68, 50.00000000000, 1147.09075914491, 38.54989578427, 4.12500003222, 0.00000000000, -0.00000000663, -0.00000000727
69, 50.00000000000, 1153.58705327642, 4.77466206404, 4.12500003222, 0.00000000000, -0.00000000466, 0.00000000389
70, 50.00000000000, 1168.45107329200, 27.11619540286, 4.12500003222, 0.00000000000, -0.00000000326, -0.00000001334
71, 50.00000000000, 1183.41666807791, 26.67586292315, 4.12500003222, 0.00000000000, -0.00000000461, -0.00000003833
72, 50.00000000000, 1213.65704865270, 44.57987773397, 4.12500003222, 0.00000000000, 0.00000000095, -0.00000000353
73, 50.00000000000, 1177.15383202779, 100.63933128546, 4.12500003222, 0.00000000000, -0.00000000399, -0.00000002056
74, 50.00000000000, 1234.20841180051, 10.85257794483, 4.12500003222, 0.00000000000, -0.00000000029, 0.00000002410
75, 50.00000000000, 1245.27524050980, 5.41504975083, 4.12500003222, 0.00000000000, 0.00000000813, 0.00000001968
76, 50.00000000000, 1253.24716227933, 25.16949182027, 4.12500003222, 0.00000000000, -0.00000000815, -0.00000000200
77, 50.00000000000, 1258.45298199096, 36.76463574957, 4.12500003222, 0.00000000000, -0.00000000846, 0.00000004974
78, 50.00000000000, 1289.16879328285, 11.75197446602, 4.12500003222, 0.00000000000, 0.00000000206, 0.00000001165
79, 50.00000000000, 1270.61025112291, 84.39715864841, 4.12500003222, 0.00000000000, 0.00000000587, -0.00000001317
80, 50.00000000000, 80.85079871588, 12.79149911670, 4.12500003222, 0.00000000000, 0.00000000631, 0.00000000572
81, 50.00000000000, 102.35455703993, 26.68491094155, 4.12500003222, 0.00000000000, 0.00000001399, -0.00000005277
82, 50.00000000000, 123.77036463726, 20.21484246768, 4.12500003222, 0.00000000000, -0.00000000861, 0.00000004046
83, 50.00000000000, 135.47525105488, 14.66605925817, 4.12500003222, 0.00000000000, 0.00000000294, 0.00000002479
84, 50.00000000000, 137.50384284966, 34.66172526171, 4.12500003222, 0.00000000000, -0.00000000185, -0.00000000881
85, 50.00000000000, 156.23964168544, 10.22274670995, 4.12500003222, 0.00000000000, -0.00000001279, -0.00000002846
86, 50.00000000000, 166.31839445804, 9.11117767162, 4.12500003222, 0.00000000000, -0.00000000087, -0.00000005215
87, 50.00000000000, 190.47424692702, 30.87818471387, 4.12500003222, 0.00000000000, -0.00000000213, -0.00000006630
88, 50.00000000000, 185.06645821165, 41.67847145867, 4.12500003222, 0.00000000000, -0.00000004935, 0.00000007170
89, 50.00000000000, 208.50081884149, 31.64079204019, 4.12500003222, 0.00000000000, 0.00000001546, -0.00000003406
90, 50.00000000000, 239.22958880294, 15.99219760178, 4.12500003222, 0.00000000000, -0.00000000498, 0.00000002186
91, 50.00000000000, 238.23074839103, 25.43426801399, 4.12500003222, 0.00000000000, -0.00000000369, -0.00000002394
92, 50.00000000000, 277.23560037625, 32.03395997817, 4.12500003222, 0.00000000000, -0.00000000131, -0.00000001344
93, 50.00000000000, 272.14328315333, 21.50171198861, 4.12500003222, 0.00000000000, 0.00000000404, 0.00000000972
94, 50.00000000000, 298.28782640432, 45.36627512999, 4.12500003222, 0.00000000000, 0.00000001344, 0.00000001312
95, 50.00000000000, 317.74060787217, 61.43013869786, 4.12500003222, 0.00000000000, 0.00000000371, 0.00000000809
96, 50.00000000000, 340.05644666059, 9.53018533055, 4.12500003222, 0.00000000000, -0.00000000636, 0.00000002605
97, 50.00000000000, 339.99116151805, 65.00666536839, 4.12500003222, 0.00000000000, -0.00000000761, 0.00000000489
98, 50.00000000000, 364.60965384006, 39.71309570179, 4.12500003222, 0.00000000000, 0.00000000122, 0.00000000316
99, 50.00000000000, 387.48172595491, 65.17134070529, 4.12500003222, 0.00000000000, -0.00000000570, -0.00000000900
100, 50.00000000000, 354.50184675772, -30000000.00000000000, 0.00000000000, 0.00000000000, -0.00000022625, 0.66000001198
101, 50.00000000000, 373.64157133848, -30000000.00000000000, 0.00000000000, 0.00000000000, -0.00000009073, 0.66000001198
102, 50.00000000000, 392.21622457898, -30000000.00000000000, 0.00000000000, 0.00000000000, 0.00000085312, 0.66000001198
103, 50.00000000000, 434.87724303925, 90.48532674270, 4.12500003222, 0.00000000000, -0.00000000710, 0.00000000810
104, 50.00000000000, 455.89844154972, 41.76070320283, 4.12500003222, 0.00000000000, 0.00000000728, -0.00000001049
105, 50.00000000000, 461.10513222149, 54.56724308313, 4.12500003222, 0.00000000000, -0.00000000037, -0.00000001833
106, 50.00000000000, 496.46306660925, 102.81033767718, 4.12500003222, 0.00000000000, 0.00000000110, 0.00000000146
107, 50.00000000000, 478.68647748534, -30000000.00000000000, 0.00000000000, 0.00000000000, 0.00000090104, 0.66000001198
108, 50.00000000000, 528.01635480714, 91.90440418149, 4.12500003222, 0.00000000000, 0.00000000069, -0.00000001182
109, 50.00000000000, 532.63111927836, 81.64451596380, 4.12500003222, 0.00000000000, -0.00000000887, 0.00000001859
110, 50.00000000000, 539.05201668111, -30000000.00000000000, 0.00000000000, 0.00000000000, 0.00000041767, 0.66000001198
111, 50.00000000000, 545.77179603882, -30000000.00000000000, 0.00000000000, 0.00000000000, -0.00000076431, 0.66000001198
112, 50.00000000000, 583.88004834931, 92.89513554793, 4.12500003222, 0.00000000000, -0.00000000294, 0.00000001872
113, 50.00000000000, 595.00955955068, 110.19152768076, 4.12500003222, 0.00000000000, 0.00000000393, -0.00000000799
114, 50.00000000000, 619.86842329205, 116.16106815697, 4.12500003222, 0.00000000000, -0.00000001552, -0.00000000329
115, 50.00000000000, 617.08287733555, -30000000.00000000000, 0.00000000000, 0.00000000000, 0.00000207609, 0.66000001198
116, 50.00000000000, 621.15503974163, -30000000.00000000000, 0.00000000000, 0.00000000000, 0.00000135948, 0.66000001198
117, 50.00000000000, 643.59352930570, -30000000.00000000000, 0.00000000000, 0.00000000000, 0.00000028890, 0.66000001198
118, 50.00000000000, 661.93821782888, -30000000.00000000000, 0.00000000000, 0.00000000000, -0.00000066518, 0.66000001198
119, 50.00000000000, 677.80786175520, -30000000.00000000000, 0.00000000000, 0.00000000000, -0.00000008347, 0.66000001198
120, 50.00000000000, 730.17866183183, 106.97730918678, 4.12500003222, 0.00000000000, 0.00000000515, 0.00000003822
121, 50.00000000000, 718.79763441824, 55.76024021673, 4.12500003222, 0.00000000000, -0.00000000215, -0.00000000099
122, 50.00000000000, 736.86114483752, 70.86896878284, 4.12500003222, 0.00000000000, 0.00000000717, 0.00000001432
123, 50.00000000000, 752.22759272297, -30000000.00000000000, 0.00000000000, 0.00000000000, 0.00000049558, 0.66000001198
124, 50.00000000000, 776.75538281957, 37.26861225376, 4.12500003222, 0.00000000000, -0.00000000338, -0.00000000831
125, 50.00000000000, 798.59183568635, 46.31151174312, 4.12500003222, 0.00000000000, 0.00000000152, 0.00000002608
126, 50.00000000000, 796.92100672307, -30000000.00000000000, 0.00000000000, 0.00000000000, 0.00000094659, 0.66000001198
127, 50.00000000000, 822.03916367755, -30000000.00000000000, 0.00000000000, 0.00000000000, -0.00000059331, 0.66000001198
128, 50.00000000000, 847.53234675762, 58.12458391954, 4.12500003222, 0.00000000000, 0.00000000212, 0.00000000105
129, 50.00000000000, 842.68469418314, 94.32207481685, 4.12500003222, 0.00000000000, -0.00000000034, -0.00000003570
130, 50.00000000000, 890.39365468946, 55.83678693160, 4.12500003222, 0.00000000000, -0.00000000252, 0.00000002037
131, 50.00000000000, 881.29162901969, -30000000.00000000000, 0.00000000000, 0.00000000000, 0.00000181700, 0.66000001198
132, 50.00000000000, 901.95507911787, -30000000.00000000000, 0.00000000000, 0.00000000000, -0.00000031456, 0.66000001198
133, 50.00000000000, 900.07060851124, 171.14409093771, 4.12500003222, 0.00000000000, -0.00000000256, 0.00000000868
134, 50.00000000000, 940.47641062332, 46.98888746801, 4.12500003222, 0.00000000000, -0.00000000058, -0.00000006347
135, 50.00000000000, 952.59232971709, 27.57718690738, 4.12500003222, 0.00000000000, -0.00000000800, 0.00000004404
136, 50.00000000000, 972.40402886907, -30000000.00000000000, 0.00000000000, 0.00000000000, -0.00000035837, 0.66000001198
137, 50.00000000000, 988.69488519850, 37.18441859432, 4.12500003222, 0.00000000000, -0.00000000156, -0.00000001330
138, 50.00000000000, 986.71438346081, 70.32744325119, 4.12500003222, 0.00000000000, -0.00000000003, -0.00000003735
139, 50.00000000000, 1031.32907735432, -30000000.00000000000, 0.00000000000, 0.00000000000, -0.00000093901, 0.66000001198
140, 50.00000000000, 1040.42099259026, -30000000.00000000000, 0.00000000000, 0.00000000000, -0.00000085620, 0.66000001198
141, 50.00000000000, 1030.99763470268, 37.66684589635, 4.12500003222, 0.00000000000, -0.00000000699, -0.00000000257
142, 50.00000000000, 1080.47056507641, -30000000.00000000000, 0.00000000000, 0.00000000000, -0.00000023831, 0.66000001198
143, 50.00000000000, 1064.73526998131, 47.07368860955, 4.12500003222, 0.00000000000, -0.00000001224, -0.00000005272
144, 50.00000000000, 1055.24143892624, 13.05995954488, 4.12500003222, 0.00000000000, 0.00000000361, -0.00000000801
145, 50.00000000000, 1080.48936513615, 17.62046495105, 4.12500003222, 0.00000000000, -0.00000000817, -0.00000000334
146, 50.00000000000, 1110.07683524667, 36.09787753239, 4.12500003222, 0.00000000000, 0.00000001278, -0.00000007299
147, 50.00000000000, 1130.49928034377, 27.90901822098, 4.12500003222, 0.00000000000, -0.00000001096, 0.00000005275
148, 50.00000000000, 1140.25050042264, 118.58577628941, 4.12500003222, 0.00000000000, 0.00000000131, -0.00000001482
149, 50.00000000000, 1147.35442843516, 26.93918802046, 4.12500003222, 0.00000000000, -0.00000000169, 0.00000003829
150, 50.00000000000, 1163.89300572084, 35.77450632169, 4.12500003222, 0.00000000000, -0.00000000820, -0.00000001955
151, 50.00000000000, 1189.16561737501, 12.97269783159, 4.12500003222, 0.00000000000, 0.00000000043, 0.00000000207
152, 50.00000000000, 1176.06147467164, 121.63210682287, 4.12500003222, 0.00000000000, -0.00000000949, 0.00000004234
153, 50.00000000000, 1222.10142052289, 11.64781778250, 4.12500003222, 0.00000000000, -0.00000000218, 0.00000001369
154, 50.00000000000, 1238.63482089394, 27.34970467613, 4.12500003222, 0.00000000000, -0.00000000548, -0.00000000660
155, 50.00000000000, 1234.39985964477, 59.50213949612, 4.12500003222, 0.00000000000, 0.00000000252, -0.00000003081
156, 50.00000000000, 1239.29260550697, 98.08270905699, 4.12500003222, 0.00000000000, -0.00000000443, 0.00000000158
157, 50.00000000000, 1253.34804706940, 58.25808849421, 4.12500003222, 0.00000000000, 0.00000000327, -0.00000000459
158, 50.00000000000, 1254.81636094566, 111.98460796859, 4.12500003222, 0.00000000000, -0.00000000004, 0.00000002157
159, 50.00000000000, 1268.04744331328, 61.28744425143, 4.12500003222, 0.00000000000, 0.00000000164, 0.00000000246
160, 50.00000000000, 93.56480470737, 30.64332820185, 4.12500003222, 0.00000000000, -0.00000001401, 0.00000000223
161, 50.00000000000, 104.90750780218, 64.57786445337, 4.12500003222, 0.00000000000, 0.00000000218, -0.00000003562
162, 50.00000000000, 126.35930480342, 3.25602073855, 4.12500003222, 0.00000000000, 0.00000000293, 0.00000000911
163, 50.00000000000, 135.29636937138, 24.81490017457, 4.12500003222, 0.00000000000, -0.00000000253, 0.00000003961
164, 50.00000000000, 138.52415214963, 48.77329881711, 4.12500003222, 0.00000000000, -0.00000001495, 0.00000000465
165, 50.00000000000, 146.04311927241, 42.85040085520, 4.12500003222, 0.00000000000, -0.00000000291, -0.00000000641
166, 50.00000000000, 177.08550170919, 37.38470898958, 4.12500003222, 0.00000000000, -0.00000004042, 0.00000004870
167, 50.00000000000, 186.71066451481, 22.03599863888, 4.12500003222, 0.00000000000, 0.00000002142, 0.00000001476
168, 50.00000000000, 188.68560772839, 57.57355280496, 4.12500003222, 0.00000000000, 0.00000001644, 0.00000004434
169, 50.00000000000, 221.24911274527, 16.04971074078, 4.12500003222, 0.00000000000, 0.00000000222, 0.00000004065
170, 50.00000000000, 236.60599672899, 5.61587013569, 4.12500003222, 0.00000000000, -0.00000000032, -0.00000000049
171, 50.00000000000, 253.45314963310, 34.45954286600, 4.12500003222, 0.00000000000, -0.00000000046, -0.00000000641
172, 50.00000000000, 274.85594371969, 8.72133701824, 4.12500003222, 0.00000000000, 0.00000000635, -0.00000001675
173, 50.00000000000, 286.34189958841, 48.88830805562, 4.12500003222, 0.00000000000, -0.00000000729, 0.00000005048
174, 50.00000000000, 304.82596937039, 7.97680559913, 4.12500003222, 0.00000000000, -0.00000000694, -0.00000001110
175, 50.00000000000, 313.57210328215, 13.93653853696, 4.12500003222, 0.00000000000, 0.00000002152, 0.00000000837
176, 50.00000000000, 333.55951797521, 25.76026282345, 4.12500003222, 0.00000000000, -0.00000000677, -0.00000003716
177, 50.00000000000, 354.24531364119, 48.19748676312, 4.12500003222, 0.00000000000, 0.00000000240, 0.00000001477
178, 50.00000000000, 374.26207396636, 85.66124273250, 4.12500003222, 0.00000000000, -0.00000000023, -0.00000001829
179, 50.00000000000, 382.91583490583, 97.50396793882, 4.12500003222, 0.00000000000, -0.00000000221, 0.00000001021
180, 50.00000000000, 401.99407707244, 101.53609467303, 4.12500003222, 0.00000000000, -0.00000000289, -0.00000002593
181, 50.00000000000, 417.00694166638, 87.00196668763, 4.12500003222, 0.00000000000, -0.00000000337, -0.00000002089
182, 50.00000000000, 438.29319900327, 101.30589165258, 4.12500003222, 0.00000000000, 0.00000000566, 0.00000002566
183, 50.00000000000, 435.37772461469, 36.54265950501, 4.12500003222, 0.00000000000, -0.00000000555, -0.00000000093
184, 50.00000000000, 419.54036532895, -30000000.00000000000, 0.00000000000, 0.00000000000, 0.00000008439, 0.66000001198
185, 50.00000000000, 468.47201373421, 118.75553316769, 4.12500003222, 0.00000000000, -0.00000000816, -0.00000000117
186, 50.00000000000, 484.79494366500, 83.54525386727, 4.12500003222, 0.00000000000, -0.00000000175, 0.00000002115
187, 50.00000000000, 492.20082621716, 84.27455116089, 4.12500003222, 0.00000000000, 0.00000000021, 0.00000001861
188, 50.00000000000, 512.48015974501, 58.72335995986, 4.12500003222, 0.00000000000, 0.00000000032, -0.00000001214
189, 50.00000000000, 530.50399211723, 42.87676715196, 4.12500003222, 0.00000000000, -0.00000000336, 0.00000003272
190, 50.00000000000, 520.58267380689, -30000000.00000000000, 0.00000000000, 0.00000000000, 0.00000135806, 0.66000001198
191, 50.00000000000, 562.87840253945, 76.53363179449, 4.12500003222, 0.00000000000, -0.00000001092, -0.00000002462
192, 50.00000000000, 574.75160976791, 146.85181014831, 4.12500003222, 0.00000000000, 0.00000000127, -0.00000000529
193, 50.00000000000, 583.51841657252, 181.20880321370, 4.12500003222, 0.00000000000, 0.00000000242, -0.00000000257
194, 50.00000000000, 600.33789485782, 167.55219404899, 4.12500003222, 0.00000000000, 0.00000000424, 0.00000001015
195, 50.00000000000, 612.28101428985, -30000000.00000000000, 0.00000000000, 0.00000000000, 0.00000223237, 0.66000001198
196, 50.00000000000, 639.89820585641, -30000000.00000000000, 0.00000000000, 0.00000000000, 0.00000073799, 0.66000001198
197, 50.00000000000, 653.53228575771, -30000000.00000000000, 0.00000000000, 0.00000000000, -0.00000007266, 0.66000001198
198, 50.00000000000, 673.99167314906, 52.66033906236, 4.12500003222, 0.00000000000, -0.00000000038, -0.00000001935
199, 50.00000000000, 673.06020826581, -30000000.00000000000, 0.00000000000, 0.00000000000, 0.00000070719, 0.66000001198
200, 50.00000000000, 710.76990900922, 91.37866986085, 4.12500003222, 0.00000000000, -0.00000000463, -0.00000003745
201, 50.00000000000, 726.59338697226, 93.02318345693, 4.12500003222, 0.00000000000, -0.00000000052, -0.00000000852
202, 50.00000000000, 727.73484297501, 38.78378334533, 4.12500003222, 0.00000000000, 0.00000001116, -0.00000000379
203, 50.00000000000, 756.44150424276, -30000000.00000000000, 0.00000000000, 0.00000000000, -0.00000024601, 0.66000001198
204, 50.00000000000, 765.68247227427, -30000000.00000000000, 0.00000000000, 0.00000000000, -0.00000020833, 0.66000001198
205, 50.00000000000, 795.47150917598, 32.11293505622, 4.12500003222, 0.00000000000, -0.00000000569, -0.00000002964
206, 50.00000000000, 814.71191621633, 27.79698087512, 4.12500003222, 0.00000000000, -0.00000000083, -0.00000001166
207, 50.00000000000, 808.09988612656, 60.68600439335, 4.12500003222, 0.00000000000, 0.00000000241, -0.00000000614
208, 50.00000000000, 826.34237420900, 91.18467128649, 4.12500003222, 0.00000000000, 0.00000001480, -0.00000000962
209, 50.00000000000, 827.50596878887, 59.62247501550, 4.12500003222, 0.00000000000, -0.00000000655, 0.00000000703
210, 50.00000000000, 866.59283745094, -30000000.00000000000, 0.00000000000, 0.00000000000, 0.00000161984, 0.66000001198
211, 50.00000000000, 890.63605409679, -30000000.00000000000, 0.00000000000, 0.00000000000, 0.00000103109, 0.66000001198
212, 50.00000000000, 896.03856161449, 34.19995282608, 4.12500003222, 0.00000000000, -0.00000000073, -0.00000001966
213, 50.00000000000, 915.76837511254, -30000000.00000000000, 0.00000000000, 0.00000000000, -0.00000147500, 0.66000001198
214, 50.00000000000, 935.77692200963, 91.08048686945, 4.12500003222, 0.00000000000, -0.00000000492, -0.00000000637
215, 50.00000000000, 954.05813767053, 40.91342603387, 4.12500003222, 0.00000000000, -0.00000001104, -0.00000003379
216, 50.00000000000, 974.22359566797, 33.47152770737, 4.12500003222, 0.00000000000, -0.00000000262, -0.00000001703
217, 50.00000000000, 984.27381532761, -30000000.00000000000, 0.00000000000, 0.00000000000, -0.00000176700, 0.66000001198
218, 50.00000000000, 1003.32229807529, -30000000.00000000000, 0.00000000000, 0.00000000000, 0.00000034875, 0.66000001198
219, 50.00000000000, 1025.88273151686, -30000000.00000000000, 0.00000000000, 0.00000000000, -0.00000022594, 0.66000001198
220, 50.00000000000, 996.03800048330, 104.22972247706, 4.12500003222, 0.00000000000, 0.00000000123, -0.00000002177
221, 50.00000000000, 1044.41860119515, 33.22487030450, 4.12500003222, 0.00000000000, 0.00000002911, -0.00000000853
222, 50.00000000000, 1054.70589563746, 48.83745315213, 4.12500003222, 0.00000000000, -0.00000000267, 0.00000000608
223, 50.00000000000, 1060.73719550448, 33.85283704124, 4.12500003222, 0.00000000000, -0.00000000444, -0.00000002557
224, 50.00000000000, 1066.35983585309, 11.54502798380, 4.12500003222, 0.00000000000, 0.00000001305, 0.00000001006
225, 50.00000000000, 1098.26597256284, 24.43375378730, 4.12500003222, 0.00000000000, -0.00000000036, -0.00000001418
226, 50.00000000000, 1096.53293445399, 78.85131823918, 4.12500003222, 0.00000000000, -0.00000000178, 0.00000003114
227, 50.00000000000, 1125.43194524596, 49.13715319987, 4.12500003222, 0.00000000000, 0.00000000993, -0.00000001900
228, 50.00000000000, 1132.36764270724, 10.00788566626, 4.12500003222, 0.00000000000, -0.00000000361, -0.00000002511
229, 50.00000000000, 1150.81580674184, 16.24641736921, 4.12500003222, 0.00000000000, 0.00000001579, -0.00000002688
230, 50.00000000000, 1166.87624073978, 14.16295820004, 4.12500003222, 0.00000000000, -0.00000000432, 0.00000003884
231, 50.00000000000, 1186.48906597590, 60.41021086830, 4.12500003222, 0.00000000000, -0.00000001109, -0.00000004330
232, 50.00000000000, 1206.60612041759, 30.11603049533, 4.12500003222, 0.00000000000, 0.00000000929, 0.00000000309
233, 50.00000000000, 1200.78138253763, 53.47419213853, 4.12500003222, 0.00000000000, -0.00000001088, 0.00000001788
234, 50.00000000000, 1209.76932453344, 61.23652081430, 4.12500003222, 0.00000000000, -0.00000000740, -0.00000001243
235, 50.00000000000, 1225.01483920166, 79.43880341689, 4.12500003222, 0.00000000000, -0.00000000019, 0.00000002646
236, 50.00000000000, 1268.16012999715, 6.38758399237, 4.12500003222, 0.00000000000, -0.00000000369, -0.00000000635
237, 50.00000000000, 1250.59692310275, 76.15626936017, 4.12500003222, 0.00000000000, -0.00000000145, 0.00000001046
238, 50.00000000000, 1257.22405618092, 90.51810285836, 4.12500003222, 0.00000000000, 0.00000000001, 0.00000000495
239, 50.00000000000, 1282.22181275086, 91.10853042201, 4.12500003222, 0.00000000000, 0.00000000116, -0.00000002083
240, 50.00000000000, 104.09857346356, 43.42150271162, 4.12500003222, 0.00000000000, 0.00000000963, 0.00000003741
241, 50.00000000000, 93.70787963938, 12.46089573531, 4.12500003222, 0.00000000000, 0.00000000703, 0.00000000507
242, 50.00000000000, 114.30626531547, 24.08804931421, 4.12500003222, 0.00000000000, 0.00000000210, -0.00000000748
243, 50.00000000000, 135.43104806947, 72.65605136390, 4.12500003222, 0.00000000000, 0.00000002435, -0.00000003961
244, 50.00000000000, 148.64723392521, 66.60633222406, 4.12500003222, 0.00000000000, -0.00000003139, 0.00000006696
245, 50.00000000000, 156.42619177269, 62.36099809124, 4.12500003222, 0.00000000000, -0.00000001190, 0.00000005741
246, 50.00000000000, 167.95136717978, 22.15112315930, 4.12500003222, 0.00000000000, 0.00000000243, 0.00000008169
247, 50.00000000000, 156.08276116313, 99.02756242900, 4.12500003222, 0.00000000000, 0.00000001194, 0.00000002638
248, 50.00000000000, 166.69050232704, 67.04625219180, 4.12500003222, 0.00000000000, -0.00000000782, 0.00000006703
249, 50.00000000000, 174.78020896569, 75.01014786473, 4.12500003222, 0.00000000000, 0.00000000251, 0.00000000548
250, 50.00000000000, 220.96951009133, 26.61815340543, 4.12500003222, 0.00000000000, -0.00000000227, -0.00000001832
251, 50.00000000000, 208.40951850349, 83.73631522586, 4.12500003222, 0.00000000000, 0.00000000189, 0.00000000020
252, 50.00000000000, 262.89064662522, 53.19178388943, 4.12500003222, 0.00000000000, 0.00000000230, -0.00000000543
253, 50.00000000000, 289.87758446773, 36.81042569673, 4.12500003222, 0.00000000000, 0.00000000164, -0.00000004255
254, 50.00000000000, 257.40550645087, 112.71924135684, 4.12500003222, 0.00000000000, -0.00000000025, -0.00000001451
255, 50.00000000000, 250.85285654312, 132.64820088750, 4.12500003222, 0.00000000000, -0.00000000390, -0.00000000685
256, 50.00000000000, 284.14505297833, 142.70564640908, 4.12500003222, 0.00000000000, 0.00000000217, -0.00000000003
257, 50.00000000000, 352.44276298750, 59.18110077337, 4.12500003222, 0.00000000000, 0.00000000162, -0.00000001758
258, 50.00000000000, 373.37642361828, 73.40621967009, 4.12500003222, 0.00000000000, 0.00000000636, 0.00000000755
259, 50.00000000000, 381.76810559798, 33.20308021501, 4.12500003222, 0.00000000000, 0.00000000272, -0.00000000391
260, 50.00000000000, 398.47655511923, 46.74463025388, 4.12500003222, 0.00000000000, -0.00000000268, 0.00000002378
261, 50.00000000000, 406.49663969011, 54.76302030521, 4.12500003222, 0.00000000000, -0.00000000268, -0.00000000645
262, 50.00000000000, 388.93887788843, -30000000.00000000000, 0.00000000000, 0.00000000000, 0.00000061209, 0.66000001198
263, 50.00000000000, 453.81475288960, 87.64390153682, 4.12500003222, 0.00000000000, 0.00000000266, -0.00000003799
264, 50.00000000000, 439.85024040479, 58.70736079380, 4.12500003222, 0.00000000000, 0.00000000647, -0.00000000635
265, 50.00000000000, 467.93883929558, 84.22591045349, 4.12500003222, 0.00000000000, 0.00000000473, 0.00000006834
266, 50.00000000000, 486.66806421954, 119.14519007155, 4.12500003222, 0.00000000000, 0.00000000561, 0.00000002606
267, 50.00000000000, 503.53181942020, 91.68950271912, 4.12500003222, 0.00000000000, -0.00000000688, 0.00000000870
268, 50.00000000000, 508.03637920540, 81.57129527885, 4.12500003222, 0.00000000000, 0.00000001562, -0.00000001730
269, 50.00000000000, 531.59237922119, 58.75952218805, 4.12500003222, 0.00000000000, 0.00000000234, -0.00000001217
270, 50.00000000000, 531.84524923006, -30000000.00000000000, 0.00000000000, 0.00000000000, -0.00000014633, 0.66000001198
271, 50.00000000000, 565.87229894032, 98.50317001968, 4.12500003222, 0.00000000000, 0.00000000137, 0.00000000745
272, 50.00000000000, 570.39788156454, 59.70672841831, 4.12500003222, 0.00000000000, -0.00000000532, -0.00000001768
273, 50.00000000000, 606.05344935277, 132.73026730373, 4.12500003222, 0.00000000000, -0.00000000945, -0.00000002688
274, 50.00000000000, 614.48523949055, 100.76556752850, 4.12500003222, 0.00000000000, -0.00000000268, -0.00000000144
275, 50.00000000000, 618.83066277192, 80.29131109176, 4.12500003222, 0.00000000000, 0.00000000337, 0.00000000761
276, 50.00000000000, 629.15038711257, -30000000.00000000000, 0.00000000000, 0.00000000000, 0.00000099221, 0.66000001198
277, 50.00000000000, 662.38968995190, 67.61200781753, 4.12500003222, 0.00000000000, -0.00000000640, 0.00000000807
278, 50.00000000000, 660.57065993030, -30000000.00000000000, 0.00000000000, 0.00000000000, -0.00000089032, 0.66000001198
279, 50.00000000000, 677.42525787432, 35.35039505063, 4.12500003222, 0.00000000000, 0.00000000505, 0.00000001033
280, 50.00000000000, 694.87787975621, -30000000.00000000000, 0.00000000000, 0.00000000000, -0.00000029079, 0.66000001198
281, 50.00000000000, 717.82799574101, 74.18828673157, 4.12500003222, 0.00000000000, -0.00000000471, 0.00000001448
282, 50.00000000000, 745.01697509145, -30000000.00000000000, 0.00000000000, 0.00000000000, -0.00000014535, 0.66000001198
283, 50.00000000000, 763.01776439901, 109.07690193707, 4.12500003222, 0.00000000000, 0.00000000101, 0.00000001789
284, 50.00000000000, 773.98708412628, 71.03472549425, 4.12500003222, 0.00000000000, -0.00000000212, -0.00000001263
285, 50.00000000000, 786.29845201467, -30000000.00000000000, 0.00000000000, 0.00000000000, 0.00000050588, 0.66000001198
286, 50.00000000000, 815.78402615712, 43.76263961678, 4.12500003222, 0.00000000000, 0.00000000534, 0.00000000899
287, 50.00000000000, 834.62737844590, 39.66626767164, 4.12500003222, 0.00000000000, 0.00000000656, -0.00000000217
288, 50.00000000000, 839.46921890601, -30000000.00000000000, 0.00000000000, 0.00000000000, -0.00000101373, 0.66000001198
289, 50.00000000000, 867.46616148124, 56.84628658803, 4.12500003222, 0.00000000000, -0.00000000320, -0.00000002725
290, 50.00000000000, 858.27726961449, 77.47549518063, 4.12500003222, 0.00000000000, -0.00000000969, -0.00000000895
291, 50.00000000000, 876.86479239295, 38.62086603073, 4.12500003222, 0.00000000000, -0.00000000724, 0.00000001912
292, 50.00000000000, 905.22338823391, -30000000.00000000000, 0.00000000000, 0.00000000000, -0.00000110819, 0.66000001198
293, 50.00000000000, 916.63983623739, 84.36284934538, 4.12500003222, 0.00000000000, 0.00000000659, -0.00000000200
294, 50.00000000000, 918.38136858298, 31.55004087573, 4.12500003222, 0.00000000000, 0.00000001376, 0.00000001845
295, 50.00000000000, 938.10961982973, 22.35976490304, 4.12500003222, 0.00000000000, 0.00000000106, 0.00000001684
296, 50.00000000000, 965.65375363559, 69.41414780593, 4.12500003222, 0.00000000000, 0.00000000234, 0.00000000751
297, 50.00000000000, 974.46830635714, 55.55707343418, 4.12500003222, 0.00000000000, 0.00000000423, 0.00000002220
298, 50.00000000000, 996.78877730384, 58.00187269127, 4.12500003222, 0.00000000000, -0.00000000962, 0.00000000283
299, 50.00000000000, 1030.85399897460, -30000000.00000000000, 0.00000000000, 0.00000000000, -0.00000088796, 0.66000001198
300, 50.00000000000, 1022.87354892071, 42.16625118750, 4.12500003222, 0.00000000000, -0.00000000363, 0.00000002994
301, 50.00000000000, 1040.47814805222, 68.70365909569, 4.12500003222, 0.00000000000, 0.00000000054, -0.00000004815
302, 50.00000000000, 1046.13736918882, 52.27864143847, 4.12500003222, 0.00000000000, -0.00000001742, -0.00000000049
303, 50.00000000000, 1095.76986868288, -30000000.00000000000, 0.00000000000, 0.00000000000, -0.00000083959, 0.66000001198
304, 50.00000000000, 1071.10455030260, 55.64366729456, 4.12500003222, 0.00000000000, 0.00000000834, 0.00000003009
305, 50.00000000000, 1102.88285095612, 47.26346286195, 4.12500003222, 0.00000000000, -0.00000000144, 0.00000001886
306, 50.00000000000, 1091.43732449395, 8.22642528387, 4.12500003222, 0.00000000000, -0.00000000878, 0.00000003918
307, 50.00000000000, 1113.29841953923, 68.69245131262, 4.12500003222, 0.00000000000, -0.00000001466, -0.00000004349
308, 50.00000000000, 1142.66661517158, 48.62514793355, 4.12500003222, 0.00000000000, -0.00000000360, -0.00000000155
309, 50.00000000000, 1162.32313063199, 57.67663535172, 4.12500003222, 0.00000000000, 0.00000001097, 0.00000001787
310, 50.00000000000, 1173.69538409719, 5.65986903862, 4.12500003222, 0.00000000000, 0.00000000796, -0.00000000851
311, 50.00000000000, 1171.03489247521, 66.70130213337, 4.12500003222, 0.00000000000, -0.00000001509, -0.00000006922
312, 50.00000000000, 1209.56852430932, 8.26855107281, 4.12500003222, 0.00000000000, -0.00000000727, -0.00000000570
313, 50.00000000000, 1202.57017912192, 22.30661150190, 4.12500003222, 0.00000000000, 0.00000000610, -0.00000003147
314, 50.00000000000, 1201.84732376001, 75.31199977749, 4.12500003222, 0.00000000000, 0.00000000581, 0.00000006053
315, 50.00000000000, 1222.14778540616, 46.06116076637, 4.12500003222, 0.00000000000, 0.00000000932, -0.00000000363
316, 50.00000000000, 1234.16152979880, 82.19814930776, 4.12500003222, 0.00000000000, 0.00000000210, 0.00000003436
317, 50.00000000000, 1252.84558722997, 45.72086820880, 4.12500003222, 0.00000000000, 0.00000001139, -0.00000002858
318, 50.00000000000, 1271.64560940789, 29.21798422080, 4.12500003222, 0.00000000000, 0.00000000811, -0.00000004241
319, 50.00000000000, 1290.92120539131, 53.19445493534, 4.12500003222, 0.00000000000, -0.00000000299, 0.00000000113
320, 50.00000000000, -15.81525601760, 149.33976172743, 4.12500003222, 0.00000000000, -0.00000000000, 0.00000000000
321, 50.00000000000, 103.85448246728, 7.71840476839, 4.12500003222, 0.00000000000, -0.00000000571, 0.00000002293
322, 50.00000000000, 115.70626294041, 57.83387457952, 4.12500003222, 0.00000000000, 0.00000000495, 0.00000000288
323, 50.00000000000, 122.98287003452, 34.65190545452, 4.12500003222, 0.00000000000, 0.00000001093, 0.00000001830
324, 50.00000000000, 73.44495054972, 184.33990438721, 4.12500003222, 0.00000000000, 0.00000000000, 0.00000000000
325, 50.00000000000, 157.17764809345, 23.84930373219, 4.12500003222, 0.00000000000, -0.00000001173, 0.00000004669
326, 50.00000000000, 171.01779985422, 43.37741711434, 4.12500003222, 0.00000000000, -0.00000000121, -0.00000007082
327, 50.00000000000, 192.45365183957, 42.23253567642, 4.12500003222, 0.00000000000, -0.00000001900, -0.00000000146
328, 50.00000000000, 199.85080780321, 25.22625440874, 4.12500003222, 0.00000000000, 0.00000001036, -0.00000004183
329, 50.00000000000, 197.13487987768, 63.51130794127, 4.12500003222, 0.00000000000, 0.00000000322, 0.00000003217
330, 50.00000000000, 207.31270696088, 100.43381455465, 4.12500003222, 0.00000000000, -0.00000000204, -0.00000001514
331, 50.00000000000, 211.11942394005, 66.11761591329, 4.12500003222, 0.00000000000, -0.00000000250, 0.00000002698
332, 50.00000000000, 279.04115801237, 56.15096037083, 4.12500003222, 0.00000000000, 0.00000000090, 0.00000001994
333, 50.00000000000, 291.09825694664, 84.01747648322, 4.12500003222, 0.00000000000, 0.00000000303, -0.00000000073
334, 50.00000000000, 310.31591037428, 79.46132435439, 4.12500003222, 0.00000000000, -0.00000000339, 0.00000000762
335, 50.00000000000, 264.28948246645, 147.08003692941, 4.12500003222, 0.00000000000, 0.00000000530, -0.00000000114
336, 50.00000000000, 331.84942986015, 48.55037288905, 4.12500003222, 0.00000000000, -0.00000000496, 0.00000001687
337, 50.00000000000, 363.15974798198, 89.66610716964, 4.12500003222, 0.00000000000, -0.00000000769, 0.00000002230
338, 50.00000000000, 365.95827351147, 63.23952930280, 4.12500003222, 0.00000000000, 0.00000001245, -0.00000000937
339, 50.00000000000, 340.00595498222, -30000000.00000000000, 0.00000000000, 0.00000000000, -0.00000017105, 0.66000001198
340, 50.00000000000, 385.76126325506, 52.23782296541, 4.12500003222, 0.00000000000, -0.00000000453, -0.00000001422
341, 50.00000000000, 419.62004501436, 47.04691762649, 4.12500003222, 0.00000000000, -0.00000000314, -0.00000001918
342, 50.00000000000, 424.54167600460, 69.22733848591, 4.12500003222, 0.00000000000, 0.00000000198, -0.00000002033
343, 50.00000000000, 411.95594727245, -30000000.00000000000, 0.00000000000, 0.00000000000, 0.00000040949, 0.66000001198
344, 50.00000000000, 421.63645327278, -30000000.00000000000, 0.00000000000, 0.00000000000, 0.00000031613, 0.66000001198
345, 50.00000000000, 473.32231127885, 98.00752420076, 4.12500003222, 0.00000000000, 0.00000000207, 0.00000000124
346, 50.00000000000, 472.67809877729, 73.70997399074, 4.12500003222, 0.00000000000, 0.00000001118, -0.00000002962
347, 50.00000000000, 497.23636719502, 69.04120088597, 4.12500003222, 0.00000000000, 0.00000000317, -0.00000001391
348, 50.00000000000, 511.93498460350, 48.53382558339, 4.12500003222, 0.00000000000, -0.00000000104, 0.00000005824
349, 50.00000000000, 508.76185780467, -30000000.00000000000, 0.00000000000, 0.00000000000, 0.00000080948, 0.66000001198
350, 50.00000000000, 564.78867392498, 130.64295648228, 4.12500003222, 0.00000000000, -0.00000000284, 0.00000002136
351, 50.00000000000, 573.64844310938, 82.64103344203, 4.12500003222, 0.00000000000, 0.00000000094, -0.00000000503
352, 50.00000000000, 576.90969954224, 113.66490858138, 4.12500003222, 0.00000000000, 0.00000000631, -0.00000001431
353, 50.00000000000, 585.97172051781, 71.14640860748, 4.12500003222, 0.00000000000, -0.00000000122, -0.00000001930
354, 50.00000000000, 604.41111086534, 99.08463023399, 4.12500003222, 0.00000000000, -0.00000000780, -0.00000000515
355, 50.00000000000, 621.27412231522, 92.15259856552, 4.12500003222, 0.00000000000, 0.00000000251, -0.00000003441
356, 50.00000000000, 621.82459600485, 168.66177249522, 4.12500003222, 0.00000000000, 0.00000000082, -0.00000001535
357, 50.00000000000, 651.13768891509, 101.20422574570, 4.12500003222, 0.00000000000, 0.00000000512, 0.00000000655
358, 50.00000000000, 642.66577388437, 168.80722680139, 4.12500003222, 0.00000000000, 0.00000000168, -0.00000001165
359, 50.00000000000, 683.79355610753, -30000000.00000000000, 0.00000000000, 0.00000000000, -0.00000056277, 0.66000001198
360, 50.00000000000, 711.59718036254, 110.28774012784, 4.12500003222, 0.00000000000, 0.00000000823, 0.00000002997
361, 50.00000000000, 723.94580839228, 22.74568432355, 4.12500003222, 0.00000000000, -0.00000000121, 0.00000000662
362, 50.00000000000, 746.39425428303, 103.90591061710, 4.12500003222, 0.00000000000, -0.00000000064, -0.00000000455
363, 50.00000000000, 742.35295385041, 26.77878445307, 4.12500003222, 0.00000000000, -0.00000001169, 0.00000000656
364, 50.00000000000, 753.67780154566, 71.77173675848, 4.12500003222, 0.00000000000, 0.00000000075, 0.00000000978
365, 50.00000000000, 797.42668368798, 244.33342766008, 4.12500003222, 0.00000000000, -0.00000000008, -0.00000000219
366, 50.00000000000, 807.98956735489, -30000000.00000000000, 0.00000000000, 0.00000000000, -0.00000008405, 0.66000001198
367, 50.00000000000, 811.47827788867, -30000000.00000000000, 0.00000000000, 0.00000000000, 0.00000036708, 0.66000001198
368, 50.00000000000, 833.69649444093, -30000000.00000000000, 0.00000000000, 0.00000000000, -0.00000141773, 0.66000001198
369, 50.00000000000, 828.32044945029, 113.40843277114, 4.12500003222, 0.00000000000, -0.00000001613, 0.00000000362
370, 50.00000000000, 860.54857592845, 99.02553817479, 4.12500003222, 0.00000000000, 0.00000000555, 0.00000001201
371, 50.00000000000, 890.63339669740, -30000000.00000000000, 0.00000000000, 0.00000000000, 0.00000103162, 0.66000001198
372, 50.00000000000, 895.73931356689, 78.15981249933, 4.12500003222, 0.00000000000, -0.00000000180, -0.00000003295
373, 50.00000000000, 908.97694657277, 46.34023306822, 4.12500003222, 0.00000000000, 0.00000001212, -0.00000000290
374, 50.00000000000, 931.75495113515, 36.92747548387, 4.12500003222, 0.00000000000, 0.00000001226, 0.00000000977
375, 50.00000000000, 963.24966930524, -30000000.00000000000, 0.00000000000, 0.00000000000, 0.00000058485, 0.66000001198
376, 50.00000000000, 975.56517072570, -30000000.00000000000, 0.00000000000, 0.00000000000, -0.00000023486, 0.66000001198
377, 50.00000000000, 976.82618738593, 9.08676882500, 4.12500003222, 0.00000000000, -0.00000000246, -0.00000003092
378, 50.00000000000, 990.79242358266, 22.32621543940, 4.12500003222, 0.00000000000, 0.00000000856, 0.00000002164
379, 50.00000000000, 1008.69533611493, 61.86750397247, 4.12500003222, 0.00000000000, -0.00000000994, 0.00000001927
380, 50.00000000000, 1020.58496512739, 54.65558699417, 4.12500003222, 0.00000000000, 0.00000001161, -0.00000002918
381, 50.00000000000, 1035.47741335941, 84.32628052888, 4.12500003222, 0.00000000000, -0.00000000507, 0.00000002931
382, 50.00000000000, 1050.75751908527, 65.57531955167, 4.12500003222, 0.00000000000, -0.00000000669, 0.00000000484
383, 50.00000000000, 1063.18970205681, 69.31025110833, 4.12500003222, 0.00000000000, -0.00000000210, 0.00000000229
384, 50.00000000000, 1069.45062704876, 32.90470026051, 4.12500003222, 0.00000000000, -0.00000000456, -0.00000002645
385, 50.00000000000, 1088.83259408404, 42.02285214824, 4.12500003222, 0.00000000000, -0.00000000264, 0.00000002440
386, 50.00000000000, 1112.00631983646, 43.94718207701, 4.12500003222, 0.00000000000, 0.00000002402, 0.00000003018
387, 50.00000000000, 1111.40528711218, 12.64961482122, 4.12500003222, 0.00000000000, -0.00000000723, -0.00000001294
388, 50.00000000000, 1128.35821450291, 42.37720536858, 4.12500003222, 0.00000000000, 0.00000000621, 0.00000000304
389, 50.00000000000, 1141.47826594055, 85.07405926183, 4.12500003222, 0.00000000000, -0.00000000481, -0.00000003719
390, 50.00000000000, 1164.68992758636, 89.30968429770, 4.12500003222, 0.00000000000, -0.00000000209, 0.00000004361
391, 50.00000000000, 1175.45144182159, 76.69045213223, 4.12500003222, 0.00000000000, -0.00000000117, -0.00000000858
392, 50.00000000000, 1197.41109308144, 44.50347636002, 4.12500003222, 0.00000000000, -0.00000001149, 0.00000001631
393, 50.00000000000, 1222.33123867302, 27.43056412448, 4.12500003222, 0.00000000000, 0.00000000702, 0.00000000714
394, 50.00000000000, 1209.81239291302, 83.97497849514, 4.12500003222, 0.00000000000, -0.00000001629, 0.00000002650
395, 50.00000000000, 1223.19595943577, 63.66324655183, 4.12500003222, 0.00000000000, 0.00000000992, -0.00000004950
396, 50.00000000000, 1237.03498455430, 43.15105259971, 4.12500003222, 0.00000000000, 0.00000000054, -0.00000001015
397, 50.00000000000, 1245.56617308073, 92.37848740563, 4.12500003222, 0.00000000000, -0.00000000927, -0.00000001660
398, 50.00000000000, 1274.95230800205, 107.29600125976, 4.12500003222, 0.00000000000, -0.00000000604, -0.00000000898
399, 50.00000000000, 1271.72613407395, 41.67577295957, 4.12500003222, 0.00000000000, 0.00000000047, 0.00000004337
400, 50.00000000000, 81.32253886909, 31.63450109576, 4.12500003222, 0.00000000000, -0.00000000704, 0.00000000881
401, 50.00000000000, 94.50379708098, 50.34894522990, 4.12500003222, 0.00000000000, 0.00000000555, 0.00000001613
402, 50.00000000000, 124.68992264585, 92.84297986857, 4.12500003222, 0.00000000000, -0.00000000747, 0.00000001203
403, 50.00000000000, 125.57196549989, 55.38232802057, 4.12500003222, 0.00000000000, -0.00000000339, 0.00000001082
404, 50.00000000000, 148.32571732909, 55.51350152611, 4.12500003222, 0.00000000000, -0.00000002834, 0.00000001892
405, 50.00000000000, 145.34526158893, 9.31080244206, 4.12500003222, 0.00000000000, -0.00000000294, -0.00000000897
406, 50.00000000000, 167.83335419017, 32.51641600044, 4.12500003222, 0.00000000000, -0.00000000636, 0.00000004907
407, 50.00000000000, 157.68643635647, 78.28684554701, 4.12500003222, 0.00000000000, -0.00000001328, -0.00000001742
408, 50.00000000000, 172.63758275490, 57.22632166895, 4.12500003222, 0.00000000000, -0.00000000139, -0.00000003989
409, 50.00000000000, 196.75113477263, 50.26555816089, 4.12500003222, 0.00000000000, 0.00000000709, 0.00000001974
410, 50.00000000000, 188.83300474476, 73.32950304845, 4.12500003222, 0.00000000000, 0.00000001314, 0.00000001407
411, 50.00000000000, 204.71418049420, 229.76923637176, 4.12500003222, 0.00000000000, 0.00000000000, 0.00000000000
412, 50.00000000000, 237.79365797647, 115.95585578014, 4.12500003222, 0.00000000000, -0.00000000889, 0.00000001238
413, 50.00000000000, 234.67611552191, 218.00357295851, 4.12500003222, 0.00000000000, 0.00000000000, 0.00000000000
414, 50.00000000000, 296.90062897926, 67.73880082025, 4.12500003222, 0.00000000000, -0.00000000752, -0.00000000185
415, 50.00000000000, 329.35544212042, 81.25900690033, 4.12500003222, 0.00000000000, 0.00000000316, -0.00000002786
416, 50.00000000000, 325.45815919209, 15.23597575900, 4.12500003222, 0.00000000000, 0.00000000932, 0.00000001198
417, 50.00000000000, 345.37440945172, 28.92340443439, 4.12500003222, 0.00000000000, 0.00000000171, -0.00000002696
418, 50.00000000000, 322.42956292726, -30000000.00000000000, 0.00000000000, 0.00000000000, 0.00000072823, 0.66000001198
419, 50.00000000000, 339.49563006144, -30000000.00000000000, 0.00000000000, 0.00000000000, -0.00000011559, 0.66000001198
420, 50.00000000000, 353.13639307633, 177.80043132503, 4.12500003222, 0.00000000000, 0.00000000000, 0.00000000000
421, 50.00000000000, 416.27925898574, 108.65465201297, 4.12500003222, 0.00000000000, 0.00000000144, -0.00000001235
422, 50.00000000000, 429.51565850449, 124.84876869513, 4.12500003222, 0.00000000000, -0.00000000043, 0.00000001156
423, 50.00000000000, 405.77340567594, -30000000.00000000000, 0.00000000000, 0.00000000000, 0.00000163363, 0.66000001198
424, 50.00000000000, 449.62557374975, 122.64494288468, 4.12500003222, 0.00000000000, -0.00000000027, -0.00000002253
425, 50.00000000000, 431.99413008865, -30000000.00000000000, 0.00000000000, 0.00000000000, -0.00000150851, 0.66000001198
426, 50.00000000000, 479.44894020715, 64.90713031346, 4.12500003222, 0.00000000000, -0.00000000078, -0.00000000404
427, 50.00000000000, 459.79705115719, 221.22614695353, 4.12500003222, 0.00000000000, -0.00000000030, -0.00000000008
428, 50.00000000000, 520.86376966275, 78.25387437457, 4.12500003222, 0.00000000000, 0.00000000290, -0.00000001625
429, 50.00000000000, 507.52694227155, -30000000.00000000000, 0.00000000000, 0.00000000000, 0.00000032952, 0.66000001198
430, 50.00000000000, 554.37114828076, 113.81152699697, 4.12500003222, 0.00000000000, -0.00000000115, -0.00000003352
431, 50.00000000000, 550.28351784599, 91.92074522027, 4.12500003222, 0.00000000000, 0.00000000393, 0.00000002353
432, 50.00000000000, 567.79009194951, -30000000.00000000000, 0.00000000000, 0.00000000000, -0.00000171706, 0.66000001198
433, 50.00000000000, 597.20571649725, 86.44848456272, 4.12500003222, 0.00000000000, 0.00000000541, 0.00000001239
434, 50.00000000000, 594.46613157800, 146.64508481879, 4.12500003222, 0.00000000000, -0.00000001403, -0.00000002597
435, 50.00000000000, 625.69313107202, 68.55396899940, 4.12500003222, 0.00000000000, 0.00000000410, 0.00000000133
436, 50.00000000000, 641.74242565486, 80.19255933799, 4.12500003222, 0.00000000000, -0.00000000482, -0.00000001357
437, 50.00000000000, 659.26638032772, 84.05047543310, 4.12500003222, 0.00000000000, -0.00000000136, 0.00000000023
438, 50.00000000000, 661.39541970741, 50.18665553997, 4.12500003222, 0.00000000000, 0.00000000682, 0.00000002780
439, 50.00000000000, 685.51402602336, 55.78320130640, 4.12500003222, 0.00000000000, 0.00000000138, -0.00000002739
440, 50.00000000000, 700.04057933948, 70.56152109558, 4.12500003222, 0.00000000000, 0.00000000222, 0.00000001372
441, 50.00000000000, 718.97314057585, -30000000.00000000000, 0.00000000000, 0.00000000000, -0.00000019778, 0.66000001198
442, 50.00000000000, 730.38082713688, -30000000.00000000000, 0.00000000000, 0.00000000000, 0.00000005238, 0.66000001198
443, 50.00000000000, 754.68105506002, 36.11997210837, 4.12500003222, 0.00000000000, 0.00000000149, 0.00000003648
444, 50.00000000000, 745.48267118376, 122.92072647790, 4.12500003222, 0.00000000000, -0.00000000602, -0.00000002772
445, 50.00000000000, 785.47279720257, 54.43451568197, 4.12500003222, 0.00000000000, 0.00000000183, 0.00000000878
446, 50.00000000000, 802.84960824948, 91.91697049459, 4.12500003222, 0.00000000000, -0.00000000295, -0.00000002040
447, 50.00000000000, 795.32281681511, 70.63037648536, 4.12500003222, 0.00000000000, -0.00000000252, 0.00000001740
448, 50.00000000000, 818.91875390809, 101.68408481504, 4.12500003222, 0.00000000000, -0.00000000196, 0.00000001791
449, 50.00000000000, 855.84796378109, 39.36446092121, 4.12500003222, 0.00000000000, 0.00000000164, -0.00000000058
450, 50.00000000000, 841.56184253116, 151.00687922946, 4.12500003222, 0.00000000000, -0.00000000104, -0.00000000362
451, 50.00000000000, 877.98730311281, 71.02472659349, 4.12500003222, 0.00000000000, 0.00000001470, 0.00000000953
452, 50.00000000000, 906.72404817217, -30000000.00000000000, 0.00000000000, 0.00000000000, -0.00000081974, 0.66000001198
453, 50.00000000000, 884.03821517988, 185.33872291481, 4.12500003222, 0.00000000000, 0.00000000247, -0.00000000877
454, 50.00000000000, 932.21182785071, 69.41284186250, 4.12500003222, 0.00000000000, 0.00000000505, 0.00000002071
455, 50.00000000000, 960.53549386189, -30000000.00000000000, 0.00000000000, 0.00000000000, 0.00000106156, 0.66000001198
456, 50.00000000000, 952.92192318642, 60.98424120992, 4.12500003222, 0.00000000000, 0.00000000723, 0.00000001776
457, 50.00000000000, 993.12444048294, 205.94299699898, 4.12500003222, 0.00000000000, 0.00000000000, 0.00000000000
458, 50.00000000000, 979.71573105694, 87.50714341799, 4.12500003222, 0.00000000000, -0.00000001028, 0.00000001466
459, 50.00000000000, 1002.05792035812, 79.89793849120, 4.12500003222, 0.00000000000, 0.00000000580, 0.00000000433
460, 50.00000000000, 1013.88462440503, 94.58965060747, 4.12500003222, 0.00000000000, 0.00000000311, -0.00000001229
461, 50.00000000000, 1031.77117594245, 53.50670087116, 4.12500003222, 0.00000000000, -0.00000000116, 0.00000002879
462, 50.00000000000, 1031.94647592212, 98.76116347870, 4.12500003222, 0.00000000000, -0.00000000189, -0.00000001477
463, 50.00000000000, 1068.91314674752, 91.01773848461, 4.12500003222, 0.00000000000, 0.00000000111, 0.00000002503
464, 50.00000000000, 1075.48435125985, 24.60740089318, 4.12500003222, 0.00000000000, 0.00000000083, -0.00000000767
465, 50.00000000000, 1094.77780090635, 56.05048748750, 4.12500003222, 0.00000000000, -0.00000000336, 0.00000005766
466, 50.00000000000, 1108.24326459248, 58.54750509882, 4.12500003222, 0.00000000000, -0.00000000083, -0.00000000910
467, 50.00000000000, 1120.39706329796, 59.79611412486, 4.12500003222, 0.00000000000, -0.00000000884, -0.00000003411
468, 50.00000000000, 1131.53487709674, 80.71996490613, 4.12500003222, 0.00000000000, 0.00000001678, 0.00000001590
469, 50.00000000000, 1146.17976131500, 99.40882263527, 4.12500003222, 0.00000000000, -0.00000000231, 0.00000001193
470, 50.00000000000, 1153.44403407412, 78.89254720032, 4.12500003222, 0.00000000000, -0.00000000974, -0.00000001570
471, 50.00000000000, 1189.31019375266, 36.36277479968, 4.12500003222, 0.00000000000, 0.00000000042, 0.00000002511
472, 50.00000000000, 1156.78749972185, 130.95872381697, 4.12500003222, 0.00000000000, 0.00000001025, -0.00000000679
473, 50.00000000000, 1189.73997756307, 92.85799821938, 4.12500003222, 0.00000000000, 0.00000001113, -0.00000002904
474, 50.00000000000, 1215.80961190699, 69.49747351911, 4.12500003222, 0.00000000000, -0.00000000994, 0.00000001523
475, 50.00000000000, 1256.01980677071, 13.72879604907, 4.12500003222, 0.00000000000, -0.00000000154, -0.00000000241
476, 50.00000000000, 1221.75901766807, 89.37835603022, 4.12500003222, 0.00000000000, -0.00000000505, 0.00000000220
477, 50.00000000000, 1251.71873943766, 132.06310252294, 4.12500003222, 0.00000000000, -0.00000000281, 0.00000000206
478, 50.00000000000, 1263.98529939714, 74.51066240384, 4.12500003222, 0.00000000000, 0.00000001024, 0.00000000038
479, 50.00000000000, 1285.01078473077, 70.99698205559, 4.12500003222, 0.00000000000, -0.00000000213, 0.00000002323
480, 50.00000000000, 79.25955594549, 48.30922569619, 4.12500003222, 0.00000000000, 0.00000000250, -0.00000002396
481, 50.00000000000, 105.66087646146, 89.45959384487, 4.12500003222, 0.00000000000, 0.00000000052, 0.00000000183
482, 50.00000000000, 115.63671670666, 41.90788748033, 4.12500003222, 0.00000000000, 0.00000000645, -0.00000002426
483, 50.00000000000, 129.95034999758, 39.98478416677, 4.12500003222, 0.00000000000, -0.00000001363, -0.00000003907
484, 50.00000000000, 136.61747837736, 108.86564722298, 4.12500003222, 0.00000000000, 0.00000000450, -0.00000000048
485, 50.00000000000, 154.98381856658, 42.79779312738, 4.12500003222, 0.00000000000, 0.00000003971, -0.00000003726
486, 50.00000000000, 178.57131947904, 51.13373301963, 4.12500003222, 0.00000000000, -0.00000001665, -0.00000009222
487, 50.00000000000, 187.70965858340, 6.92295080959, 4.12500003222, 0.00000000000, -0.00000000028, -0.00000000327
488, 50.00000000000, 173.25505186264, 109.02172448858, 4.12500003222, 0.00000000000, 0.00000000224, 0.00000000331
489, 50.00000000000, 179.14626050477, 63.66349987106, 4.12500003222, 0.00000000000, 0.00000003499, 0.00000003278
490, 50.00000000000, 230.39086668094, 38.85773637095, 4.12500003222, 0.00000000000, 0.00000000143, 0.00000000661
491, 50.00000000000, 224.86389401524, 100.90892234540, 4.12500003222, 0.00000000000, -0.00000000352, -0.00000000917
492, 50.00000000000, 225.82818664745, 83.20658450829, 4.12500003222, 0.00000000000, 0.00000000515, 0.00000000421
493, 50.00000000000, 277.36219038297, 70.58655684629, 4.12500003222, 0.00000000000, 0.00000000708, 0.00000000265
494, 50.00000000000, 290.88637384665, 12.37568525945, 4.12500003222, 0.00000000000, -0.00000000782, -0.00000000170
495, 50.00000000000, 309.10075778022, 45.51287372303, 4.12500003222, 0.00000000000, 0.00000000198, 0.00000000185
496, 50.00000000000, 323.51294590153, 27.59207114664, 4.12500003222, 0.00000000000, -0.00000000509, -0.00000001522
497, 50.00000000000, 361.38569772340, 71.09222287318, 4.12500003222, 0.00000000000, 0.00000000225, 0.00000000732
498, 50.00000000000, 374.07080060439, 53.26987338325, 4.12500003222, 0.00000000000, 0.00000000107, 0.00000000046
499, 50.00000000000, 383.83695550933, 75.18263220454, 4.12500003222, 0.00000000000, -0.00000000009, 0.00000001410
500, 50.00000000000, 400.05143563200, 32.63252863524, 4.12500003222, 0.00000000000, 0.00000000398, -0.00000000165
501, 50.00000000000, 422.43537249542, 102.56589277271, 4.12500003222, 0.00000000000, 0.00000000623, -0.00000002310
502, 50.00000000000, 422.62855248564, 55.83079061162, 4.12500003222, 0.00000000000, 0.00000000758, -0.00000000563
503, 50.00000000000, 449.04115103320, 73.29927851755, 4.12500003222, 0.00000000000, -0.00000000805, 0.00000001086
504, 50.00000000000, 421.88715905444, -30000000.00000000000, 0.00000000000, 0.00000000000, 0.00000027989, 0.66000001198
505, 50.00000000000, 453.24526308395, 201.20019371480, 4.12500003222, 0.00000000000, 0.00000000020, 0.00000000038
506, 50.00000000000, 473.44373474620, 205.97996758716, 4.12500003222, 0.00000000000, -0.00000000197, -0.00000000102
507, 50.00000000000, 493.43854915798, 61.90145539417, 4.12500003222, 0.00000000000, -0.00000000096, -0.00000001728
508, 50.00000000000, 515.03424257915, 97.24627283002, 4.12500003222, 0.00000000000, -0.00000000246, -0.00000001194
509, 50.00000000000, 493.51524121489, 208.79700491323, 4.12500003222, 0.00000000000, -0.00000000034, 0.00000000313
510, 50.00000000000, 529.65376166794, -30000000.00000000000, 0.00000000000, 0.00000000000, 0.00000028521, 0.66000001198
511, 50.00000000000, 558.23981033912, 151.50420540229, 4.12500003222, 0.00000000000, -0.00000000681, -0.00000001463
512, 50.00000000000, 580.94032815255, 161.96432910896, 4.12500003222, 0.00000000000, -0.00000000063, -0.00000000460
513, 50.00000000000, 600.30219901099, 121.96869038692, 4.12500003222, 0.00000000000, 0.00000001436, -0.00000001926
514, 50.00000000000, 612.68744059314, 113.38509775341, 4.12500003222, 0.00000000000, 0.00000000472, 0.00000002772
515, 50.00000000000, 623.62465729013, 131.86229333865, 4.12500003222, 0.00000000000, 0.00000000533, 0.00000000134
516, 50.00000000000, 633.52634916971, -30000000.00000000000, 0.00000000000, 0.00000000000, 0.00000124373, 0.66000001198
517, 50.00000000000, 645.10797461075, 65.14800922574, 4.12500003222, 0.00000000000, -0.00000000085, -0.00000000445
518, 50.00000000000, 662.95991794376, 169.65714463271, 4.12500003222, 0.00000000000, -0.00000000001, -0.00000000419
519, 50.00000000000, 677.69417878595, 72.41590144415, 4.12500003222, 0.00000000000, -0.00000000245, 0.00000000302
520, 50.00000000000, 701.66737116100, -30000000.00000000000, 0.00000000000, 0.00000000000, -0.00000054288, 0.66000001198
521, 50.00000000000, 734.19445058702, 84.29816238124, 4.12500003222, 0.00000000000, 0.00000000339, 0.00000000004
522, 50.00000000000, 745.70246860872, 52.52476023981, 4.12500003222, 0.00000000000, 0.00000000917, 0.00000000097
523, 50.00000000000, 747.66260697377, -30000000.00000000000, 0.00000000000, 0.00000000000, -0.00000066804, 0.66000001198
524, 50.00000000000, 777.30304892667, 240.32268010486, 4.12500003222, 0.00000000000, 0.00000000323, -0.00000000488
525, 50.00000000000, 780.60005647343, -30000000.00000000000, 0.00000000000, 0.00000000000, -0.00000020647, 0.66000001198
526, 50.00000000000, 783.92290476403, 104.57761121950, 4.12500003222, 0.00000000000, -0.00000000326, 0.00000001541
527, 50.00000000000, 816.02098040316, 78.22832890245, 4.12500003222, 0.00000000000, -0.00000000144, -0.00000000803
528, 50.00000000000, 816.59733864452, 126.17255968506, 4.12500003222, 0.00000000000, 0.00000000078, 0.00000001183
529, 50.00000000000, 837.51445613303, 130.00003797104, 4.12500003222, 0.00000000000, 0.00000000116, 0.00000000104
530, 50.00000000000, 857.05566521827, 137.21325986972, 4.12500003222, 0.00000000000, 0.00000000333, -0.00000000353
531, 50.00000000000, 877.33057786379, 89.17285581423, 4.12500003222, 0.00000000000, -0.00000000500, 0.00000001752
532, 50.00000000000, 913.89300562644, -30000000.00000000000, 0.00000000000, 0.00000000000, -0.00000106621, 0.66000001198
533, 50.00000000000, 923.90979085047, 53.33165772511, 4.12500003222, 0.00000000000, -0.00000000904, -0.00000001493
534, 50.00000000000, 919.51231140995, 179.22460086650, 4.12500003222, 0.00000000000, -0.00000000181, -0.00000000368
535, 50.00000000000, 948.56533916497, 78.00405860358, 4.12500003222, 0.00000000000, -0.00000000266, 0.00000000511
536, 50.00000000000, 969.65480201919, 79.53901773853, 4.12500003222, 0.00000000000, 0.00000000095, 0.00000001599
537, 50.00000000000, 955.16231695524, 9.01762564059, 4.12500003222, 0.00000000000, 0.00000000184, 0.00000000907
538, 50.00000000000, 988.62415584620, 48.11638191298, 4.12500003222, 0.00000000000, -0.00000000138, -0.00000001528
539, 50.00000000000, 1005.27588993360, 38.24808629116, 4.12500003222, 0.00000000000, -0.00000000437, 0.00000000676
540, 50.00000000000, 1022.78611713548, 30.39665907738, 4.12500003222, 0.00000000000, -0.00000000617, 0.00000000761
541, 50.00000000000, 1040.91517342619, 44.48907772310, 4.12500003222, 0.00000000000, 0.00000001037, -0.00000000167
542, 50.00000000000, 1051.90899399702, 27.82471317255, 4.12500003222, 0.00000000000, -0.00000000288, 0.00000001534
543, 50.00000000000, 1098.15561847898, 197.63962193968, 4.12500003222, 0.00000000000, 0.00000000000, 0.00000000000
544, 50.00000000000, 1084.14255629136, 60.59174957933, 4.12500003222, 0.00000000000, 0.00000000537, -0.00000002552
545, 50.00000000000, 1130.33935911970, 208.82091610598, 4.12500003222, 0.00000000000, -0.00000000003, 0.00000000001
546, 50.00000000000, 1149.84057001442, 202.19900994248, 4.12500003222, 0.00000000000, 0.00000000003, -0.00000000001
547, 50.00000000000, 1116.79320283992, 27.15920544646, 4.12500003222, 0.00000000000, -0.00000001555, 0.00000001315
548, 50.00000000000, 1127.00435101987, 100.94760656888, 4.12500003222, 0.00000000000, -0.00000000154, -0.00000001800
549, 50.00000000000, 1159.21967886861, 47.61680200624, 4.12500003222, 0.00000000000, -0.00000000253, 0.00000000880
550, 50.00000000000, 1178.68377800211, 51.66736112104, 4.12500003222, 0.00000000000, 0.00000000503, 0.00000000232
551, 50.00000000000, 1160.35803451802, 110.91437981931, 4.12500003222, 0.00000000000, -0.00000000959, -0.00000000448
552, 50.00000000000, 1193.02486916020, 69.70814160855, 4.12500003222, 0.00000000000, -0.00000000843, -0.00000000566
553, 50.00000000000, 1203.08804881113, 92.71946648077, 4.12500003222, 0.00000000000, 0.00000001461, -0.00000004529
554, 50.00000000000, 1207.90582051250, 106.97091207998, 4.12500003222, 0.00000000000, 0.00000000544, -0.00000001953
555, 50.00000000000, 1223.85932972192, 101.87206465958, 4.12500003222, 0.00000000000, 0.00000000007, 0.00000000904
556, 50.00000000000, 1237.31786598111, 116.00152794861, 4.12500003222, 0.00000000000, -0.00000000606, 0.00000000986
557, 50.00000000000, 1246.64249851655, 152.42147493716, 4.12500003222, 0.00000000000, 0.00000000265, -0.00000000846
558, 50.00000000000, 1262.69258763377, 98.09991080231, 4.12500003222, 0.00000000000, -0.00000000682, -0.00000000478
559, 50.00000000000, 1274.54170935024, 52.69781940465, 4.12500003222, 0.00000000000, -0.00000000450, -0.00000003412
560, 50.00000000000, 97.72614418916, 74.21270622296, 4.12500003222, 0.00000000000, -0.00000000803, 0.00000001438
561, 50.00000000000, 27.40234885013, 327.45358269471, 4.12500003222, 0.00000000000, 0.00000000000, 0.00000000000
562, 50.00000000000, 119.87449216279, 76.15771658435, 4.12500003222, 0.00000000000, 0.00000000848, -0.00000000613
563, 50.00000000000, 141.04451639611, 88.19823588180, 4.12500003222, 0.00000000000, 0.00000000090, -0.00000005088
564, 50.00000000000, 114.67590028972, 109.70813961052, 4.12500003222, 0.00000000000, 0.00000000018, -0.00000000011
565, 50.00000000000, 153.53546293409, 31.86766234167, 4.12500003222, 0.00000000000, 0.00000002613, -0.00000002141
566, 50.00000000000, 163.43097237576, 54.27441117684, 4.12500003222, 0.00000000000, 0.00000002977, -0.00000007882
567, 50.00000000000, 154.76751144483, 119.22741511763, 4.12500003222, 0.00000000000, 0.00000000111, 0.00000000371
568, 50.00000000000, 173.16677843568, 88.02967952888, 4.12500003222, 0.00000000000, 0.00000000620, 0.00000001196
569, 50.00000000000, 194.19529139852, 81.39341363564, 4.12500003222, 0.00000000000, 0.00000000652, -0.00000000084
570, 50.00000000000, 188.52976505628, 95.37031717744, 4.12500003222, 0.00000000000, 0.00000000133, -0.00000001462
571, 50.00000000000, 216.87849611056, 119.04134234973, 4.12500003222, 0.00000000000, -0.00000000219, 0.00000000992
572, 50.00000000000, 271.35910301273, 39.76926606984, 4.12500003222, 0.00000000000, -0.00000001173, -0.00000001833
573, 50.00000000000, 243.85723748131, 96.29016335240, 4.12500003222, 0.00000000000, -0.00000001095, -0.00000002419
574, 50.00000000000, 298.04761227597, 60.87823599968, 4.12500003222, 0.00000000000, -0.00000000416, 0.00000000902
575, 50.00000000000, 310.00693245690, 25.23110869660, 4.12500003222, 0.00000000000, 0.00000000103, 0.00000003637
576, 50.00000000000, 271.14428842998, 127.42302844900, 4.12500003222, 0.00000000000, 0.00000000314, 0.00000001485
577, 50.00000000000, 350.56675873984, 80.59958996105, 4.12500003222, 0.00000000000, -0.00000000665, 0.00000001845
578, 50.00000000000, 320.24312966861, 193.17010263552, 4.12500003222, 0.00000000000, 0.00000000000, 0.00000000000
579, 50.00000000000, 393.59493166183, 116.60687693336, 4.12500003222, 0.00000000000, -0.00000000386, 0.00000000414
580, 50.00000000000, 405.22149351105, 67.91145466494, 4.12500003222, 0.00000000000, 0.00000000075, 0.00000000924
581, 50.00000000000, 412.07022598708, 122.39134670827, 4.12500003222, 0.00000000000, -0.00000000564, 0.00000004271
582, 50.00000000000, 390.77758831900, 204.34981118446, 4.12500003222, 0.00000000000, 0.00000000000, 0.00000000000
583, 50.00000000000, 436.45122633500, 75.66622103379, 4.12500003222, 0.00000000000, -0.00000000518, -0.00000000112
584, 50.00000000000, 456.26982759623, 104.27054708831, 4.12500003222, 0.00000000000, 0.00000000451, 0.00000000643
585, 50.00000000000, 442.52616531724, -30000000.00000000000, 0.00000000000, 0.00000000000, -0.00000187657, 0.66000001198
586, 50.00000000000, 481.74724831846, 102.51959206313, 4.12500003222, 0.00000000000, -0.00000001416, -0.00000002582
587, 50.00000000000, 480.07628417219, 224.81079921954, 4.12500003222, 0.00000000000, 0.00000000242, -0.00000000240
588, 50.00000000000, 512.59493417537, 72.36388768356, 4.12500003222, 0.00000000000, 0.00000000974, -0.00000001920
589, 50.00000000000, 527.83519852852, 66.07854954626, 4.12500003222, 0.00000000000, -0.00000000313, -0.00000001497
590, 50.00000000000, 544.33361776902, 74.45479822030, 4.12500003222, 0.00000000000, 0.00000000112, -0.00000002540
591, 50.00000000000, 564.97042330352, 169.47584960466, 4.12500003222, 0.00000000000, 0.00000000580, -0.00000000697
592, 50.00000000000, 584.61499837088, 130.01230600359, 4.12500003222, 0.00000000000, 0.00000000413, 0.00000004718
593, 50.00000000000, 605.04189752918, 79.35265619760, 4.12500003222, 0.00000000000, 0.00000000829, -0.00000001333
594, 50.00000000000, 613.72022568994, 150.84538437040, 4.12500003222, 0.00000000000, 0.00000000875, 0.00000002484
595, 50.00000000000, 634.96700709191, 112.63738235050, 4.12500003222, 0.00000000000, -0.00000000403, -0.00000000099
596, 50.00000000000, 637.01202053388, 89.12383293722, 4.12500003222, 0.00000000000, -0.00000000794, -0.00000000226
597, 50.00000000000, 633.32115895871, 150.42134372469, 4.12500003222, 0.00000000000, 0.00000000456, 0.00000002265
598, 50.00000000000, 667.19049989530, -30000000.00000000000, 0.00000000000, 0.00000000000, -0.00000021048, 0.66000001198
599, 50.00000000000, 653.75171927263, 150.94484489626, 4.12500003222, 0.00000000000, -0.00000000320, 0.00000001373
600, 50.00000000000, 703.58707089712, -30000000.00000000000, 0.00000000000, 0.00000000000, -0.00000033473, 0.66000001198
601, 50.00000000000, 724.69783899374, 127.18955254047, 4.12500003222, 0.00000000000, -0.00000000143, -0.00000002971
602, 50.00000000000, 735.93273411983, 45.23510081975, 4.12500003222, 0.00000000000, -0.00000001057, -0.00000003097
603, 50.00000000000, 762.33613964542, -30000000.00000000000, 0.00000000000, 0.00000000000, 0.00000045388, 0.66000001198
604, 50.00000000000, 765.17516471900, 53.95179132815, 4.12500003222, 0.00000000000, -0.00000000111, -0.00000000226
605, 50.00000000000, 784.80547451737, 86.12789284637, 4.12500003222, 0.00000000000, 0.00000000266, -0.00000001433
606, 50.00000000000, 790.73166261259, 224.12476845284, 4.12500003222, 0.00000000000, -0.00000000314, 0.00000000707
607, 50.00000000000, 803.85274947408, 112.90411045198, 4.12500003222, 0.00000000000, 0.00000000420, -0.00000001478
608, 50.00000000000, 840.26571827470, 107.93670173737, 4.12500003222, 0.00000000000, -0.00000000624, 0.00000000067
609, 50.00000000000, 852.10018421396, 116.97883617211, 4.12500003222, 0.00000000000, 0.00000000757, 0.00000000519
610, 50.00000000000, 861.10923133645, 157.06340490702, 4.12500003222, 0.00000000000, -0.00000000208, 0.00000001039
611, 50.00000000000, 876.80513796114, 144.52726476248, 4.12500003222, 0.00000000000, 0.00000000219, -0.00000000738
612, 50.00000000000, 880.65805081934, 164.95177216604, 4.12500003222, 0.00000000000, -0.00000000328, -0.00000000295
613, 50.00000000000, 910.12794678623, 65.55425020012, 4.12500003222, 0.00000000000, -0.00000001521, 0.00000001240
614, 50.00000000000, 903.25446644810, 191.64646387377, 4.12500003222, 0.00000000000, 0.00000000145, 0.00000000347
615, 50.00000000000, 958.05656493969, 93.02429955893, 4.12500003222, 0.00000000000, 0.00000001095, -0.00000000599
616, 50.00000000000, 965.80979281312, 45.86710581336, 4.12500003222, 0.00000000000, -0.00000000668, 0.00000000909
617, 50.00000000000, 974.60020329994, 103.30375641592, 4.12500003222, 0.00000000000, 0.00000000341, -0.00000001011
618, 50.00000000000, 991.73171021614, 89.77037363031, 4.12500003222, 0.00000000000, -0.00000000407, 0.00000001705
619, 50.00000000000, 1010.03718000693, 46.36424917583, 4.12500003222, 0.00000000000, 0.00000000833, 0.00000001427
620, 50.00000000000, 1028.27842480701, 63.28308436203, 4.12500003222, 0.00000000000, 0.00000001322, -0.00000002514
621, 50.00000000000, 1033.71371669168, 19.66093803411, 4.12500003222, 0.00000000000, 0.00000000323, -0.00000001845
622, 50.00000000000, 1050.58534068146, 102.77896048527, 4.12500003222, 0.00000000000, 0.00000000089, 0.00000000016
623, 50.00000000000, 1051.44574701825, 85.22526006220, 4.12500003222, 0.00000000000, -0.00000000327, -0.00000000119
624, 50.00000000000, 1079.75730802607, 41.52910344769, 4.12500003222, 0.00000000000, 0.00000000397, -0.00000001449
625, 50.00000000000, 1080.09082834493, 75.58024166012, 4.12500003222, 0.00000000000, -0.00000000285, 0.00000000471
626, 50.00000000000, 1109.66326379981, 92.05168414952, 4.12500003222, 0.00000000000, -0.00000000528, 0.00000001734
627, 50.00000000000, 1118.33980367546, 81.10329668266, 4.12500003222, 0.00000000000, 0.00000000661, -0.00000000677
628, 50.00000000000, 1142.00324422736, 61.25013253391, 4.12500003222, 0.00000000000, 0.00000000493, 0.00000000805
629, 50.00000000000, 1152.80118154191, 68.90266138044, 4.12500003222, 0.00000000000, -0.00000000168, 0.00000003064
630, 50.00000000000, 1177.71338900232, 43.97515847319, 4.12500003222, 0.00000000000, 0.00000000761, 0.00000004326
631, 50.00000000000, 1173.40333201447, 142.49177498791, 4.12500003222, 0.00000000000, 0.00000000218, -0.00000000437
632, 50.00000000000, 1185.87641981506, 84.40245431967, 4.12500003222, 0.00000000000, 0.00000001741, 0.00000000499
633, 50.00000000000, 1191.07278022427, 109.62263093210, 4.12500003222, 0.00000000000, 0.00000000352, 0.00000000944
634, 50.00000000000, 1226.84758132953, 157.75203651746, 4.12500003222, 0.00000000000, -0.00000000173, -0.00000000021
635, 50.00000000000, 1218.56228556853, 122.68394284019, 4.12500003222, 0.00000000000, 0.00000001019, 0.00000001561
636, 50.00000000000, 1240.43839383746, 73.33853702227, 4.12500003222, 0.00000000000, 0.00000001031, 0.00000001887
637, 50.00000000000, 1232.46457046666, 137.17241195143, 4.12500003222, 0.00000000000, 0.00000000051, -0.00000001111
638, 50.00000000000, 1274.63865553940, 19.92563416204, 4.12500003222, 0.00000000000, -0.00000000818, 0.00000002278
639, 50.00000000000, 1289.92028464922, 33.81894776271, 4.12500003222, 0.00000000000, 0.00000000008, -0.00000000251
