0, 50.00000000000, 14.80669800478, 83.53790895498, 4.12500003222, 0.00000000000, 0.00000000142, -0.00000000303
1, 50.00000000000, 31.17842742412, 169.61112518075, 4.12500003222, 0.00000000000, 0.00000000000, 0.00000000000
2, 50.00000000000, 49.45127064591, 7.60165743551, 4.12500003222, 0.00000000000, 0.00000000620, -0.00000000890
3, 50.00000000000, 72.83320039860, 87.53979833880, 4.12500003222, 0.00000000000, -0.00000000619, -0.00000001966
4, 50.00000000000, 93.03108877624, 26.32337467485, 4.12500003222, 0.00000000000, 0.00000001035, 0.00000000022
5, 50.00000000000, 109.19476701154, 45.55343889812, 4.12500003222, 0.00000000000, -0.00000000237, -0.00000002385
6, 50.00000000000, 124.15770314206, 25.32484195624, 4.12500003222, 0.00000000000, -0.00000000855, -0.00000001091
7, 50.00000000000, 128.83971682987, 9.13800309273, 4.12500003222, 0.00000000000, 0.00000001814, 0.00000002259
8, 50.00000000000, 154.62084619830, 9.78314024265, 4.12500003222, 0.00000000000, -0.00000001150, 0.00000000904
9, 50.00000000000, 159.61502213410, 60.53225852244, 4.12500003222, 0.00000000000, -0.00000000077, -0.00000007464
10, 50.00000000000, 176.60690186269, 5.52214831334, 4.12500003222, 0.00000000000, -0.00000000736, 0.00000000020
11, 50.00000000000, 213.77247932664, 20.26114058760, 4.12500003222, 0.00000000000, -0.00000000691, 0.00000003480
12, 50.00000000000, 211.33678834883, 9.07686728696, 4.12500003222, 0.00000000000, 0.00000000050, -0.00000000327
13, 50.00000000000, 251.38894453318, 22.73447511481, 4.12500003222, 0.00000000000, -0.00000000357, 0.00000001781
14, 50.00000000000, 263.84501848642, 29.69234208013, 4.12500003222, 0.00000000000, 0.00000001937, -0.00000002477
15, 50.00000000000, 281.83905431384, 38.33677957495, 4.12500003222, 0.00000000000, 0.00000000528, -0.00000001693
16, 50.00000000000, 283.90305315315, 4.05007331107, 4.12500003222, 0.00000000000, 0.00000000204, -0.00000001624
17, 50.00000000000, 300.87605963431, 43.21911977161, 4.12500003222, 0.00000000000, -0.00000000688, -0.00000001402
18, 50.00000000000, 320.77220573898, -30000000.00000000000, 0.00000000000, 0.00000000000, 0.00000086896, 0.66000001198
19, 50.00000000000, 354.17681458074, 87.53201599318, 4.12500003222, 0.00000000000, 0.00000001082, -0.00000001883
20, 50.00000000000, 354.78505746845, -30000000.00000000000, 0.00000000000, 0.00000000000, -0.00000024838, 0.66000001198
21, 50.00000000000, 376.45296475583, 36.65425052915, 4.12500003222, 0.00000000000, -0.00000000202, 0.00000001902
22, 50.00000000000, 394.09839682160, 124.27740972613, 4.12500003222, 0.00000000000, -0.00000000219, -0.00000001783
23, 50.00000000000, 400.40868639553, 58.20819964357, 4.12500003222, 0.00000000000, 0.00000000583, -0.00000001693
24, 50.00000000000, 432.27415748936, -30000000.00000000000, 0.00000000000, 0.00000000000, -0.00000154884, 0.66000001198
25, 50.00000000000, 426.83244255410, 65.02239369681, 4.12500003222, 0.00000000000, -0.00000000285, 0.00000000161
26, 50.00000000000, 453.39712212939, 45.52159259311, 4.12500003222, 0.00000000000, -0.00000000395, 0.00000001559
27, 50.00000000000, 470.29239070807, 41.61005094661, 4.12500003222, 0.00000000000, -0.00000000190, 0.00000002856
28, 50.00000000000, 490.80233750401, -30000000.00000000000, 0.00000000000, 0.00000000000, 0.00000049650, 0.66000001198
29, 50.00000000000, 509.87563094197, 164.04858897025, 4.12500003222, 0.00000000000, 0.00000000011, -0.00000000006
30, 50.00000000000, 526.18242709691, 56.11009546204, 4.12500003222, 0.00000000000, 0.00000000614, -0.00000001544
31, 50.00000000000, 543.19691392511, -30000000.00000000000, 0.00000000000, 0.00000000000, -0.00000031239, 0.66000001198
32, 50.00000000000, 553.51083804229, -30000000.00000000000, 0.00000000000, 0.00000000000, -0.00000083369, 0.66000001198
33, 50.00000000000, 579.37083240396, -30000000.00000000000, 0.00000000000, 0.00000000000, -0.00000082370, 0.66000001198
34, 50.00000000000, 592.88664894458, 56.95630636576, 4.12500003222, 0.00000000000, -0.00000000558, -0.00000001201
35, 50.00000000000, 612.33105272260, 98.14764919916, 4.12500003222, 0.00000000000, 0.00000000204, -0.00000000328
36, 50.00000000000, 634.34508717800, -30000000.00000000000, 0.00000000000, 0.00000000000, 0.00000103929, 0.66000001198
37, 50.00000000000, 652.04110327195, -30000000.00000000000, 0.00000000000, 0.00000000000, 0.00000034749, 0.66000001198
38, 50.00000000000, 665.81883992390, -30000000.00000000000, 0.00000000000, 0.00000000000, -0.00000046471, 0.66000001198
39, 50.00000000000, 689.62023614904, -30000000.00000000000, 0.00000000000, 0.00000000000, -0.00000146193, 0.66000001198
40, 50.00000000000, 700.00972289972, -30000000.00000000000, 0.00000000000, 0.00000000000, -0.00000081334, 0.66000001198
41, 50.00000000000, 719.85141430925, -30000000.00000000000, 0.00000000000, 0.00000000000, -0.00000036030, 0.66000001198
42, 50.00000000000, 727.81836201727, 80.25505187629, 4.12500003222, 0.00000000000, -0.00000001479, 0.00000002315
43, 50.00000000000, 745.75665258933, 109.08832810483, 4.12500003222, 0.00000000000, -0.00000000216, -0.00000001348
44, 50.00000000000, 765.67975583533, 111.14843136900, 4.12500003222, 0.00000000000, 0.00000000035, 0.00000000189
45, 50.00000000000, 785.39871402538, -30000000.00000000000, 0.00000000000, 0.00000000000, 0.00000067281, 0.66000001198
46, 50.00000000000, 802.72063867561, -30000000.00000000000, 0.00000000000, 0.00000000000, -0.00000020174, 0.66000001198
47, 50.00000000000, 821.86992796889, -30000000.00000000000, 0.00000000000, 0.00000000000, -0.00000056600, 0.66000001198
48, 50.00000000000, 835.05849387833, -30000000.00000000000, 0.00000000000, 0.00000000000, -0.00000162012, 0.66000001198
49, 50.00000000000, 847.56503555687, 95.12499992270, 4.12500003222, 0.00000000000, 0.00000000372, 0.00000000894
50, 50.00000000000, 877.38136137834, -30000000.00000000000, 0.00000000000, 0.00000000000, 0.00000194555, 0.66000001198
51, 50.00000000000, 893.77444871763, -30000000.00000000000, 0.00000000000, 0.00000000000, 0.00000027232, 0.66000001198
52, 50.00000000000, 897.47246297076, 199.37240551445, 4.12500003222, 0.00000000000, -0.00000000125, -0.00000001102
53, 50.00000000000, 929.93711020118, -30000000.00000000000, 0.00000000000, 0.00000000000, -0.00000148395, 0.66000001198
54, 50.00000000000, 942.00735429253, -30000000.00000000000, 0.00000000000, 0.00000000000, -0.00000026674, 0.66000001198
55, 50.00000000000, 956.53609056131, -30000000.00000000000, 0.00000000000, 0.00000000000, 0.00000118068, 0.66000001198
56, 50.00000000000, 977.98592740005, -30000000.00000000000, 0.00000000000, 0.00000000000, -0.00000065949, 0.66000001198
57, 50.00000000000, 991.38970113366, 54.66705643682, 4.12500003222, 0.00000000000, 0.00000000708, 0.00000002815
58, 50.00000000000, 1013.21777405636, -30000000.00000000000, 0.00000000000, 0.00000000000, 0.00000144585, 0.66000001198
59, 50.00000000000, 1030.02118934446, 55.64016417894, 4.12500003222, 0.00000000000, 0.00000000313, 0.00000001690
60, 50.00000000000, 1046.47284926088, 120.44740920821, 4.12500003222, 0.00000000000, -0.00000000499, -0.00000001682
61, 50.00000000000, 1061.90329918524, -30000000.00000000000, 0.00000000000, 0.00000000000, 0.00000017793, 0.66000001198
62, 50.00000000000, 1072.90617315572, -30000000.00000000000, 0.00000000000, 0.00000000000, 0.00000042735, 0.66000001198
63, 50.00000000000, 1118.96286015182, 104.50221402947, 4.12500003222, 0.00000000000, -0.00000000140, 0.00000000430
64, 50.00000000000, 1120.57245654934, 2.06068849713, 4.12500003222, 0.00000000000, -0.00000000551, -0.00000000366
65, 50.00000000000, 1137.85559818549, 78.55910958085, 4.12500003222, 0.00000000000, -0.00000000288, -0.00000000518
66, 50.00000000000, 1137.21690394679, 33.36178235470, 4.12500003222, 0.00000000000, 0.00000001166, 0.00000000751
67, 50.00000000000, 1170.79564848516, 72.88342413541, 4.12500003222, 0.00000000000, 0.00000000411, -0.00000002051
68, 50.00000000000, 1192.01646814270, 47.81757415230, 4.12500003222, 0.00000000000, 0.00000000469, -0.00000000169
69, 50.00000000000, 1200.35861718229, 5.90023355203, 4.12500003222, 0.00000000000, 0.00000000686, 0.00000000168
70, 50.00000000000, 1214.95404866703, 25.96754175425, 4.12500003222, 0.00000000000, 0.00000000290, 0.00000000232
71, 50.00000000000, 1232.63026367384, 33.67549388642, 4.12500003222, 0.00000000000, -0.00000000372, -0.00000003003
72, 50.00000000000, 1260.94685404287, 62.53608899943, 4.12500003222, 0.00000000000, -0.00000000607, -0.00000000978
73, 50.00000000000, 1250.99466422497, 139.36329064179, 4.12500003222, 0.00000000000, -0.00000000789, -0.00000003408
74, 50.00000000000, 1286.08872474312, 9.71306624009, 4.12500003222, 0.00000000000, 0.00000000069, 0.00000000589
75, 50.00000000000, 1304.21648892586, 5.86201017281, 4.12500003222, 0.00000000000, -0.00000000813, 0.00000003622
76, 50.00000000000, 1314.84084704713, 29.57200627829, 4.12500003222, 0.00000000000, -0.00000001047, -0.00000003334
77, 50.00000000000, 1326.67396766501, 48.44298968662, 4.12500003222, 0.00000000000, -0.00000000710, -0.00000000129
78, 50.00000000000, 1346.30370463006, 8.99209917043, 4.12500003222, 0.00000000000, 0.00000000096, 0.00000003634
79, 50.00000000000, 1351.16499871438, 98.05637494509, 4.12500003222, 0.00000000000, -0.00000000086, -0.00000001293
80, 50.00000000000, 15.47634411355, 11.02992245446, 4.12500003222, 0.00000000000, 0.00000000088, -0.00000001277
81, 50.00000000000, 34.55238033256, 29.69043858625, 4.12500003222, 0.00000000000, 0.00000000650, -0.00000003938
82, 50.00000000000, 57.57319274963, 29.06356241939, 4.12500003222, 0.00000000000, -0.00000000782, 0.00000001674
83, 50.00000000000, 72.03056092696, 14.55178282377, 4.12500003222, 0.00000000000, -0.00000000212, 0.00000000286
84, 50.00000000000, 88.01506758333, 46.99982174987, 4.12500003222, 0.00000000000, 0.00000000278, -0.00000002225
85, 50.00000000000, 105.42210197877, 7.21001538454, 4.12500003222, 0.00000000000, 0.00000000680, 0.00000002248
86, 50.00000000000, 119.94073286764, 4.04887361940, 4.12500003222, 0.00000000000, 0.00000001461, -0.00000000221
87, 50.00000000000, 140.19343237168, 29.43859838522, 4.12500003222, 0.00000000000, 0.00000000449, 0.00000002940
88, 50.00000000000, 138.23725549054, 75.32313989105, 4.12500003222, 0.00000000000, 0.00000000342, -0.00000003387
89, 50.00000000000, 157.57362454460, 34.89275676475, 4.12500003222, 0.00000000000, 0.00000001650, 0.00000002155
90, 50.00000000000, 195.47905159839, 15.81971389098, 4.12500003222, 0.00000000000, -0.00000000057, 0.00000004103
91, 50.00000000000, 192.09536537609, 27.12143941805, 4.12500003222, 0.00000000000, -0.00000000679, 0.00000002530
92, 50.00000000000, 234.49051048522, 30.57731752006, 4.12500003222, 0.00000000000, -0.00000001324, -0.00000000054
93, 50.00000000000, 229.77373169381, 20.47196772028, 4.12500003222, 0.00000000000, 0.00000000244, 0.00000001807
94, 50.00000000000, 252.86364662189, 44.98342656742, 4.12500003222, 0.00000000000, 0.00000000847, 0.00000002913
95, 50.00000000000, 273.64917741162, 60.83129396382, 4.12500003222, 0.00000000000, -0.00000000335, 0.00000000154
96, 50.00000000000, 300.51156685217, 10.22727768145, 4.12500003222, 0.00000000000, 0.00000000574, -0.00000002355
97, 50.00000000000, 297.72163604859, 65.56018711601, 4.12500003222, 0.00000000000, 0.00000001485, 0.00000000097
98, 50.00000000000, 323.85683520165, 42.19274539661, 4.12500003222, 0.00000000000, 0.00000000138, -0.00000000849
99, 50.00000000000, 346.02149550094, 68.45670195035, 4.12500003222, 0.00000000000, -0.00000000489, -0.00000002336
100, 50.00000000000, 354.50184675772, -30000000.00000000000, 0.00000000000, 0.00000000000, -0.00000022625, 0.66000001198
101, 50.00000000000, 373.64157133848, -30000000.00000000000, 0.00000000000, 0.00000000000, -0.00000009073, 0.66000001198
102, 50.00000000000, 392.21622457898, -30000000.00000000000, 0.00000000000, 0.00000000000, 0.00000085312, 0.66000001198
103, 50.00000000000, 393.85540328735, 91.06777677037, 4.12500003222, 0.00000000000, 0.00000000297, -0.00000001407
104, 50.00000000000, 416.98851648084, 42.38052531227, 4.12500003222, 0.00000000000, 0.00000000172, 0.00000000134
105, 50.00000000000, 434.64578657046, 50.09522685928, 4.12500003222, 0.00000000000, 0.00000000013, -0.00000001655
106, 50.00000000000, 464.53773640781, 102.57449005811, 4.12500003222, 0.00000000000, -0.00000000145, 0.00000000329
107, 50.00000000000, 478.68647748534, -30000000.00000000000, 0.00000000000, 0.00000000000, 0.00000090104, 0.66000001198
108, 50.00000000000, 496.97486597254, 88.25613565696, 4.12500003222, 0.00000000000, 0.00000000800, -0.00000003236
109, 50.00000000000, 507.89131247089, 87.57900584154, 4.12500003222, 0.00000000000, 0.00000000406, -0.00000004081
110, 50.00000000000, 539.05201668111, -30000000.00000000000, 0.00000000000, 0.00000000000, 0.00000041767, 0.66000001198
111, 50.00000000000, 545.77179603882, -30000000.00000000000, 0.00000000000, 0.00000000000, -0.00000076431, 0.66000001198
112, 50.00000000000, 565.46349816392, 86.78504044133, 4.12500003222, 0.00000000000, 0.00000000379, -0.00000000247
113, 50.00000000000, 578.45765207010, 105.60457490838, 4.12500003222, 0.00000000000, -0.00000000511, -0.00000002103
114, 50.00000000000, 599.61104370760, 116.67090999460, 4.12500003222, 0.00000000000, -0.00000000205, 0.00000000560
115, 50.00000000000, 617.08287733555, -30000000.00000000000, 0.00000000000, 0.00000000000, 0.00000207609, 0.66000001198
116, 50.00000000000, 621.15503974163, -30000000.00000000000, 0.00000000000, 0.00000000000, 0.00000135948, 0.66000001198
117, 50.00000000000, 643.59352930570, -30000000.00000000000, 0.00000000000, 0.00000000000, 0.00000028890, 0.66000001198
118, 50.00000000000, 661.93821782888, -30000000.00000000000, 0.00000000000, 0.00000000000, -0.00000066518, 0.66000001198
119, 50.00000000000, 677.80786175520, -30000000.00000000000, 0.00000000000, 0.00000000000, -0.00000008347, 0.66000001198
120, 50.00000000000, 714.70965456286, 126.15530433913, 4.12500003222, 0.00000000000, 0.00000000327, 0.00000000874
121, 50.00000000000, 717.49839751887, 71.93797485888, 4.12500003222, 0.00000000000, -0.00000000439, 0.00000002480
122, 50.00000000000, 736.44600793746, 89.14505253412, 4.12500003222, 0.00000000000, -0.00000000660, -0.00000000406
123, 50.00000000000, 752.22759272297, -30000000.00000000000, 0.00000000000, 0.00000000000, 0.00000049558, 0.66000001198
124, 50.00000000000, 777.86088121552, 57.99257845935, 4.12500003222, 0.00000000000, 0.00000000819, -0.00000000832
125, 50.00000000000, 802.26398970863, 62.42610457617, 4.12500003222, 0.00000000000, -0.00000000710, -0.00000000113
126, 50.00000000000, 796.92100672307, -30000000.00000000000, 0.00000000000, 0.00000000000, 0.00000094659, 0.66000001198
127, 50.00000000000, 822.03916367755, -30000000.00000000000, 0.00000000000, 0.00000000000, -0.00000059331, 0.66000001198
128, 50.00000000000, 849.49382656739, 56.11091757146, 4.12500003222, 0.00000000000, -0.00000000933, 0.00000000936
129, 50.00000000000, 849.50375130425, 116.39351826185, 4.12500003222, 0.00000000000, -0.00000000159, -0.00000002133
130, 50.00000000000, 882.89180232465, 71.04615706962, 4.12500003222, 0.00000000000, -0.00000000111, -0.00000001817
131, 50.00000000000, 881.29162901969, -30000000.00000000000, 0.00000000000, 0.00000000000, 0.00000181700, 0.66000001198
132, 50.00000000000, 901.95507911787, -30000000.00000000000, 0.00000000000, 0.00000000000, -0.00000031456, 0.66000001198
133, 50.00000000000, 922.37990170839, 173.22371219704, 4.12500003222, 0.00000000000, -0.00000000051, 0.00000000145
134, 50.00000000000, 955.84192701999, 71.91933407538, 4.12500003222, 0.00000000000, -0.00000000212, 0.00000001857
135, 50.00000000000, 973.94287605423, 58.05930379701, 4.12500003222, 0.00000000000, -0.00000000023, -0.00000001289
136, 50.00000000000, 972.40402886907, -30000000.00000000000, 0.00000000000, 0.00000000000, -0.00000035837, 0.66000001198
137, 50.00000000000, 1008.91609288258, 70.81760118281, 4.12500003222, 0.00000000000, 0.00000000266, -0.00000001949
138, 50.00000000000, 1014.06592363048, 117.06974522098, 4.12500003222, 0.00000000000, 0.00000000092, 0.00000000617
139, 50.00000000000, 1031.32907735432, -30000000.00000000000, 0.00000000000, 0.00000000000, -0.00000093901, 0.66000001198
140, 50.00000000000, 1040.42099259026, -30000000.00000000000, 0.00000000000, 0.00000000000, -0.00000085620, 0.66000001198
141, 50.00000000000, 1060.80708871737, 62.33626663812, 4.12500003222, 0.00000000000, -0.00000002187, 0.00000000000
142, 50.00000000000, 1080.47056507641, -30000000.00000000000, 0.00000000000, 0.00000000000, -0.00000023831, 0.66000001198
143, 50.00000000000, 1099.08642471625, 52.29606414818, 4.12500003222, 0.00000000000, 0.00000000140, -0.00000000748
144, 50.00000000000, 1101.87724547256, 15.88224255494, 4.12500003222, 0.00000000000, 0.00000000017, 0.00000000590
145, 50.00000000000, 1126.36545373064, 14.60483740302, 4.12500003222, 0.00000000000, -0.00000000221, 0.00000001410
146, 50.00000000000, 1154.59544850835, 38.81639136937, 4.12500003222, 0.00000000000, -0.00000002161, 0.00000002437
147, 50.00000000000, 1176.69876973988, 35.96375027005, 4.12500003222, 0.00000000000, 0.00000000383, -0.00000000060
148, 50.00000000000, 1178.96114371659, 137.89072061345, 4.12500003222, 0.00000000000, 0.00000000445, 0.00000000082
149, 50.00000000000, 1197.07650123896, 28.90526210943, 4.12500003222, 0.00000000000, -0.00000000634, 0.00000002620
150, 50.00000000000, 1213.73083926439, 44.89366981751, 4.12500003222, 0.00000000000, -0.00000000858, -0.00000001925
151, 50.00000000000, 1235.06772011489, 12.90893442793, 4.12500003222, 0.00000000000, 0.00000000322, 0.00000001348
152, 50.00000000000, 1258.99432526186, 159.09160192875, 4.12500003222, 0.00000000000, -0.00000000256, -0.00000000437
153, 50.00000000000, 1270.90730081780, 12.13934679955, 4.12500003222, 0.00000000000, -0.00000000186, -0.00000001180
154, 50.00000000000, 1291.44229210212, 26.55098116955, 4.12500003222, 0.00000000000, 0.00000001136, -0.00000002268
155, 50.00000000000, 1306.56503521688, 80.37467035387, 4.12500003222, 0.00000000000, -0.00000000299, 0.00000001161
156, 50.00000000000, 1319.01734975224, 115.73313360104, 4.12500003222, 0.00000000000, -0.00000000681, -0.00000000185
157, 50.00000000000, 1326.90198995561, 73.40357822760, 4.12500003222, 0.00000000000, -0.00000000011, 0.00000002750
158, 50.00000000000, 1335.27235977560, 129.10341408347, 4.12500003222, 0.00000000000, 0.00000000604, -0.00000001069
159, 50.00000000000, 1347.90937893648, 75.37056570357, 4.12500003222, 0.00000000000, -0.00000000277, 0.00000000167
160, 50.00000000000, 18.30095196938, 25.92240647917, 4.12500003222, 0.00000000000, 0.00000000981, -0.00000001033
161, 50.00000000000, 31.76738916196, 94.43563975065, 4.12500003222, 0.00000000000, -0.00000000074, -0.00000001767
162, 50.00000000000, 62.63491172662, 8.69747293549, 4.12500003222, 0.00000000000, 0.00000001192, -0.00000001228
163, 50.00000000000, 72.96680530556, 30.77726379646, 4.12500003222, 0.00000000000, -0.00000000628, 0.00000000553
164, 50.00000000000, 85.72350326388, 66.88515517815, 4.12500003222, 0.00000000000, 0.00000001031, 0.00000001010
165, 50.00000000000, 102.89158928840, 63.32722521757, 4.12500003222, 0.00000000000, 0.00000000402, 0.00000004216
166, 50.00000000000, 126.81224202852, 40.77167347949, 4.12500003222, 0.00000000000, -0.00000001142, -0.00000001031
167, 50.00000000000, 138.45869872882, 20.34355445595, 4.12500003222, 0.00000000000, -0.00000000342, 0.00000005253
168, 50.00000000000, 150.59677985865, 76.29006239035, 4.12500003222, 0.00000000000, 0.00000001987, -0.00000002027
169, 50.00000000000, 173.65071080248, 14.77598803573, 4.12500003222, 0.00000000000, -0.00000001266, 0.00000000768
170, 50.00000000000, 192.66227356355, 6.39699888776, 4.12500003222, 0.00000000000, -0.00000000223, 0.00000000202
171, 50.00000000000, 210.62828758918, 33.28578361609, 4.12500003222, 0.00000000000, -0.00000000166, 0.00000002517
172, 50.00000000000, 232.55509920055, 7.79730280753, 4.12500003222, 0.00000000000, -0.00000000540, 0.00000000264
173, 50.00000000000, 239.94166758249, 52.66585703351, 4.12500003222, 0.00000000000, 0.00000001145, 0.00000000742
174, 50.00000000000, 265.08748736924, 7.14844714629, 4.12500003222, 0.00000000000, -0.00000000184, -0.00000000146
175, 50.00000000000, 273.69535191036, 13.61237898972, 4.12500003222, 0.00000000000, 0.00000000131, -0.00000003572
176, 50.00000000000, 293.36008433726, 25.69434378811, 4.12500003222, 0.00000000000, 0.00000000196, 0.00000003546
177, 50.00000000000, 312.68426110736, 50.34837150882, 4.12500003222, 0.00000000000, 0.00000000668, 0.00000000018
178, 50.00000000000, 331.79657791169, 87.64075492404, 4.12500003222, 0.00000000000, -0.00000000361, 0.00000004228
179, 50.00000000000, 340.47250939110, 100.40363776304, 4.12500003222, 0.00000000000, 0.00000000715, 0.00000000809
180, 50.00000000000, 361.38953525760, 103.86668834771, 4.12500003222, 0.00000000000, 0.00000000348, 0.00000001368
181, 50.00000000000, 376.73928051891, 91.32162961410, 4.12500003222, 0.00000000000, 0.00000000139, -0.00000000915
182, 50.00000000000, 397.06921184897, 108.72216329294, 4.12500003222, 0.00000000000, -0.00000000326, -0.00000000220
183, 50.00000000000, 396.71383785605, 41.77107602293, 4.12500003222, 0.00000000000, -0.00000000141, -0.00000000994
184, 50.00000000000, 419.54036532895, -30000000.00000000000, 0.00000000000, 0.00000000000, 0.00000008439, 0.66000001198
185, 50.00000000000, 434.71586315307, 123.60252768607, 4.12500003222, 0.00000000000, -0.00000000246, 0.00000001636
186, 50.00000000000, 450.37713297888, 89.11253092700, 4.12500003222, 0.00000000000, -0.00000000563, 0.00000000475
187, 50.00000000000, 464.73933716947, 78.17288742367, 4.12500003222, 0.00000000000, 0.00000000070, 0.00000000124
188, 50.00000000000, 488.43494181608, 56.50441679189, 4.12500003222, 0.00000000000, -0.00000000774, -0.00000003475
189, 50.00000000000, 507.28480050844, 41.70852537664, 4.12500003222, 0.00000000000, 0.00000000113, -0.00000000962
190, 50.00000000000, 520.58267380689, -30000000.00000000000, 0.00000000000, 0.00000000000, 0.00000135806, 0.66000001198
191, 50.00000000000, 540.49808767484, 73.79132965026, 4.12500003222, 0.00000000000, 0.00000000269, -0.00000000095
192, 50.00000000000, 562.89813097100, 167.22249194849, 4.12500003222, 0.00000000000, -0.00000000676, 0.00000000798
193, 50.00000000000, 577.18098353764, 201.76599829126, 4.12500003222, 0.00000000000, -0.00000000116, -0.00000000747
194, 50.00000000000, 603.41494632521, 167.98580058915, 4.12500003222, 0.00000000000, -0.00000000014, -0.00000000037
195, 50.00000000000, 612.28101428985, -30000000.00000000000, 0.00000000000, 0.00000000000, 0.00000223237, 0.66000001198
196, 50.00000000000, 639.89820585641, -30000000.00000000000, 0.00000000000, 0.00000000000, 0.00000073799, 0.66000001198
197, 50.00000000000, 653.53228575771, -30000000.00000000000, 0.00000000000, 0.00000000000, -0.00000007266, 0.66000001198
198, 50.00000000000, 673.15042443206, 59.16472128376, 4.12500003222, 0.00000000000, -0.00000000115, -0.00000001586
199, 50.00000000000, 673.06020826581, -30000000.00000000000, 0.00000000000, 0.00000000000, 0.00000070719, 0.66000001198
200, 50.00000000000, 705.66946500146, 105.73818482085, 4.12500003222, 0.00000000000, -0.00000000386, 0.00000000266
201, 50.00000000000, 725.44134835606, 118.42783380349, 4.12500003222, 0.00000000000, 0.00000000280, -0.00000000176
202, 50.00000000000, 729.01329070175, 57.65418563288, 4.12500003222, 0.00000000000, 0.00000001186, -0.00000000661
203, 50.00000000000, 756.44150424276, -30000000.00000000000, 0.00000000000, 0.00000000000, -0.00000024601, 0.66000001198
204, 50.00000000000, 765.68247227427, -30000000.00000000000, 0.00000000000, 0.00000000000, -0.00000020833, 0.66000001198
205, 50.00000000000, 794.50672482343, 49.26796363242, 4.12500003222, 0.00000000000, -0.00000000937, 0.00000002042
206, 50.00000000000, 810.78140185083, 39.12771504024, 4.12500003222, 0.00000000000, 0.00000000523, 0.00000000113
207, 50.00000000000, 821.81444970128, 71.85932056495, 4.12500003222, 0.00000000000, 0.00000000134, 0.00000002057
208, 50.00000000000, 833.02446911331, 108.13158469991, 4.12500003222, 0.00000000000, 0.00000000995, 0.00000001534
209, 50.00000000000, 841.58511026931, 75.58971303234, 4.12500003222, 0.00000000000, -0.00000000069, 0.00000000505
210, 50.00000000000, 866.59283745094, -30000000.00000000000, 0.00000000000, 0.00000000000, 0.00000161984, 0.66000001198
211, 50.00000000000, 890.63605409679, -30000000.00000000000, 0.00000000000, 0.00000000000, 0.00000103109, 0.66000001198
212, 50.00000000000, 915.63741243346, 47.79209515977, 4.12500003222, 0.00000000000, -0.00000000045, 0.00000001085
213, 50.00000000000, 915.76837511254, -30000000.00000000000, 0.00000000000, 0.00000000000, -0.00000147500, 0.66000001198
214, 50.00000000000, 952.29212026373, 125.47837555437, 4.12500003222, 0.00000000000, -0.00000000178, 0.00000000029
215, 50.00000000000, 971.75485566618, 69.67753346745, 4.12500003222, 0.00000000000, 0.00000000339, -0.00000002943
216, 50.00000000000, 993.55219508758, 68.26546326415, 4.12500003222, 0.00000000000, 0.00000000191, 0.00000001476
217, 50.00000000000, 984.27381532761, -30000000.00000000000, 0.00000000000, 0.00000000000, -0.00000176700, 0.66000001198
218, 50.00000000000, 1003.32229807529, -30000000.00000000000, 0.00000000000, 0.00000000000, 0.00000034875, 0.66000001198
219, 50.00000000000, 1025.88273151686, -30000000.00000000000, 0.00000000000, 0.00000000000, -0.00000022594, 0.66000001198
220, 50.00000000000, 1034.96973118169, 151.65566101932, 4.12500003222, 0.00000000000, -0.00000000409, 0.00000001414
221, 50.00000000000, 1066.86341973311, 55.01704301165, 4.12500003222, 0.00000000000, 0.00000000645, -0.00000003161
222, 50.00000000000, 1086.11661021620, 60.42716280098, 4.12500003222, 0.00000000000, -0.00000000059, -0.00000001313
223, 50.00000000000, 1096.26452915829, 38.35060468082, 4.12500003222, 0.00000000000, -0.00000000571, -0.00000002229
224, 50.00000000000, 1112.73941984348, 10.87799279164, 4.12500003222, 0.00000000000, -0.00000000080, -0.00000000767
225, 50.00000000000, 1145.39003051911, 24.54216090572, 4.12500003222, 0.00000000000, 0.00000000172, 0.00000002151
226, 50.00000000000, 1138.39636583906, 98.12609789159, 4.12500003222, 0.00000000000, 0.00000001030, 0.00000000388
227, 50.00000000000, 1166.07484211849, 53.40539294677, 4.12500003222, 0.00000000000, -0.00000000433, 0.00000001339
228, 50.00000000000, 1179.39199265403, 13.46389981399, 4.12500003222, 0.00000000000, -0.00000000253, 0.00000002893
229, 50.00000000000, 1197.86586303774, 14.37104727357, 4.12500003222, 0.00000000000, -0.00000000254, -0.00000000038
230, 50.00000000000, 1217.14811263040, 15.45763300674, 4.12500003222, 0.00000000000, 0.00000000525, -0.00000002474
231, 50.00000000000, 1237.94912164483, 87.46850939759, 4.12500003222, 0.00000000000, 0.00000000115, -0.00000000456
232, 50.00000000000, 1253.09025410457, 44.96404953734, 4.12500003222, 0.00000000000, 0.00000000889, 0.00000001678
233, 50.00000000000, 1260.13427372042, 84.36635547112, 4.12500003222, 0.00000000000, -0.00000000179, 0.00000001492
234, 50.00000000000, 1279.47523595172, 74.69270890670, 4.12500003222, 0.00000000000, -0.00000000545, 0.00000000019
235, 50.00000000000, 1299.69221152614, 100.83322528328, 4.12500003222, 0.00000000000, 0.00000000666, 0.00000000315
236, 50.00000000000, 1324.69356980075, 9.51943985806, 4.12500003222, 0.00000000000, 0.00000000354, 0.00000000469
237, 50.00000000000, 1329.73068285497, 91.89076662108, 4.12500003222, 0.00000000000, -0.00000000598, -0.00000000879
238, 50.00000000000, 1337.89476275712, 106.16475991618, 4.12500003222, 0.00000000000, -0.00000001252, -0.00000000056
239, 50.00000000000, 1362.37254456292, 105.24201753130, 4.12500003222, 0.00000000000, -0.00000000402, -0.00000000850
240, 50.00000000000, 33.87132309261, 52.04192569109, 4.12500003222, 0.00000000000, 0.00000000277, 0.00000000469
241, 50.00000000000, 29.92985830864, 7.99416060772, 4.12500003222, 0.00000000000, -0.00000001466, -0.00000000373
242, 50.00000000000, 50.58131417703, 22.57190076198, 4.12500003222, 0.00000000000, 0.00000000011, 0.00000002619
243, 50.00000000000, 80.68684080740, 124.29547160002, 4.12500003222, 0.00000000000, 0.00000000392, -0.00000001805
244, 50.00000000000, 85.13098156520, 102.96413481588, 4.12500003222, 0.00000000000, 0.00000000080, 0.00000002322
245, 50.00000000000, 104.00041106687, 95.58753879588, 4.12500003222, 0.00000000000, 0.00000000627, 0.00000002913
246, 50.00000000000, 118.57929913569, 16.84397617633, 4.12500003222, 0.00000000000, 0.00000000955, -0.00000001303
247, 50.00000000000, 134.45216069583, 150.73877330006, 4.12500003222, 0.00000000000, 0.00000000075, 0.00000001866
248, 50.00000000000, 129.05139828162, 111.64565840706, 4.12500003222, 0.00000000000, 0.00000001064, -0.00000003800
249, 50.00000000000, 147.60797330379, 116.55449237207, 4.12500003222, 0.00000000000, 0.00000000062, 0.00000000291
250, 50.00000000000, 175.39332336659, 25.84089915002, 4.12500003222, 0.00000000000, -0.00000000337, 0.00000000572
251, 50.00000000000, 186.41613507842, 128.21338806298, 4.12500003222, 0.00000000000, 0.00000000224, -0.00000000895
252, 50.00000000000, 215.96638472956, 55.95915067913, 4.12500003222, 0.00000000000, 0.00000000488, 0.00000000551
253, 50.00000000000, 247.07795088953, 35.54247250183, 4.12500003222, 0.00000000000, 0.00000000067, -0.00000001876
254, 50.00000000000, 245.89612850157, 146.93452849896, 4.12500003222, 0.00000000000, -0.00000000043, -0.00000000008
255, 50.00000000000, 261.66946587246, 198.06675460960, 4.12500003222, 0.00000000000, -0.00000000489, 0.00000000322
256, 50.00000000000, 285.86921014605, 151.95547100316, 4.12500003222, 0.00000000000, -0.00000000013, 0.00000000179
257, 50.00000000000, 310.89958083774, 60.54105139200, 4.12500003222, 0.00000000000, 0.00000001120, 0.00000004311
258, 50.00000000000, 331.46456032060, 76.18686921518, 4.12500003222, 0.00000000000, -0.00000001128, -0.00000003637
259, 50.00000000000, 341.21047293431, 35.49931564273, 4.12500003222, 0.00000000000, 0.00000000159, 0.00000001760
260, 50.00000000000, 357.73836405014, 50.33884873126, 4.12500003222, 0.00000000000, 0.00000000742, -0.00000000246
261, 50.00000000000, 365.62244204042, 58.29152989611, 4.12500003222, 0.00000000000, 0.00000000323, -0.00000001362
262, 50.00000000000, 388.93887788843, -30000000.00000000000, 0.00000000000, 0.00000000000, 0.00000061209, 0.66000001198
263, 50.00000000000, 411.10991160149, 92.79672559308, 4.12500003222, 0.00000000000, -0.00000000662, -0.00000001759
264, 50.00000000000, 413.17264899473, 57.99617453033, 4.12500003222, 0.00000000000, 0.00000000778, -0.00000001074
265, 50.00000000000, 429.91277794275, 85.57441920519, 4.12500003222, 0.00000000000, 0.00000000401, 0.00000001522
266, 50.00000000000, 455.57285649656, 123.79535221828, 4.12500003222, 0.00000000000, 0.00000000216, 0.00000000650
267, 50.00000000000, 472.78106466183, 86.96199731821, 4.12500003222, 0.00000000000, 0.00000000405, -0.00000000699
268, 50.00000000000, 483.73671827869, 77.38126103408, 4.12500003222, 0.00000000000, 0.00000000587, 0.00000000277
269, 50.00000000000, 507.48807377387, 55.45234206193, 4.12500003222, 0.00000000000, -0.00000000491, -0.00000002052
270, 50.00000000000, 531.84524923006, -30000000.00000000000, 0.00000000000, 0.00000000000, -0.00000014633, 0.66000001198
271, 50.00000000000, 548.56527469020, 93.14643201429, 4.12500003222, 0.00000000000, -0.00000000924, -0.00000000659
272, 50.00000000000, 548.70446297429, 55.64725423778, 4.12500003222, 0.00000000000, 0.00000000478, -0.00000000502
273, 50.00000000000, 585.81827865505, 130.15746511243, 4.12500003222, 0.00000000000, 0.00000000453, -0.00000000417
274, 50.00000000000, 599.11481610376, 94.65564014421, 4.12500003222, 0.00000000000, 0.00000000020, 0.00000001674
275, 50.00000000000, 606.95681584982, 75.70987003298, 4.12500003222, 0.00000000000, -0.00000000250, -0.00000000174
276, 50.00000000000, 629.15038711257, -30000000.00000000000, 0.00000000000, 0.00000000000, 0.00000099221, 0.66000001198
277, 50.00000000000, 658.25925294204, 71.74647013704, 4.12500003222, 0.00000000000, -0.00000001185, 0.00000001556
278, 50.00000000000, 660.57065993030, -30000000.00000000000, 0.00000000000, 0.00000000000, -0.00000089032, 0.66000001198
279, 50.00000000000, 679.50280179699, 44.29377227107, 4.12500003222, 0.00000000000, -0.00000000234, 0.00000000143
280, 50.00000000000, 694.87787975621, -30000000.00000000000, 0.00000000000, 0.00000000000, -0.00000029079, 0.66000001198
281, 50.00000000000, 713.40701116336, 89.63793652608, 4.12500003222, 0.00000000000, 0.00000000260, 0.00000000472
282, 50.00000000000, 745.01697509145, -30000000.00000000000, 0.00000000000, 0.00000000000, -0.00000014535, 0.66000001198
283, 50.00000000000, 761.40774417633, 127.90276681707, 4.12500003222, 0.00000000000, 0.00000000521, -0.00000000379
284, 50.00000000000, 776.76984338217, 91.82321309049, 4.12500003222, 0.00000000000, 0.00000000088, 0.00000000754
285, 50.00000000000, 786.29845201467, -30000000.00000000000, 0.00000000000, 0.00000000000, 0.00000050588, 0.66000001198
286, 50.00000000000, 817.98199837101, 54.13164247805, 4.12500003222, 0.00000000000, 0.00000000488, -0.00000002465
287, 50.00000000000, 833.47280688215, 41.12249338909, 4.12500003222, 0.00000000000, -0.00000000530, 0.00000001096
288, 50.00000000000, 839.46921890601, -30000000.00000000000, 0.00000000000, 0.00000000000, -0.00000101373, 0.66000001198
289, 50.00000000000, 871.10865963895, 53.18193981676, 4.12500003222, 0.00000000000, -0.00000000081, -0.00000000423
290, 50.00000000000, 867.03330847353, 102.69638945542, 4.12500003222, 0.00000000000, 0.00000000267, 0.00000000459
291, 50.00000000000, 893.35253183090, 52.40507191855, 4.12500003222, 0.00000000000, 0.00000000742, 0.00000000210
292, 50.00000000000, 905.22338823391, -30000000.00000000000, 0.00000000000, 0.00000000000, -0.00000110819, 0.66000001198
293, 50.00000000000, 928.14017248256, 105.93484428528, 4.12500003222, 0.00000000000, 0.00000000167, -0.00000001012
294, 50.00000000000, 938.09727407734, 52.72988008184, 4.12500003222, 0.00000000000, 0.00000000217, -0.00000000251
295, 50.00000000000, 960.15424370025, 48.60218209202, 4.12500003222, 0.00000000000, -0.00000000421, 0.00000001073
296, 50.00000000000, 978.04681806363, 99.07800850483, 4.12500003222, 0.00000000000, -0.00000000091, 0.00000001703
297, 50.00000000000, 994.93206142655, 90.83050237439, 4.12500003222, 0.00000000000, 0.00000000003, -0.00000000608
298, 50.00000000000, 1016.11196843629, 95.35107923596, 4.12500003222, 0.00000000000, -0.00000000007, -0.00000001667
299, 50.00000000000, 1030.85399897460, -30000000.00000000000, 0.00000000000, 0.00000000000, -0.00000088796, 0.66000001198
300, 50.00000000000, 1048.21289920521, 70.53488798880, 4.12500003222, 0.00000000000, -0.00000000087, -0.00000002339
301, 50.00000000000, 1069.57953115357, 97.31990682889, 4.12500003222, 0.00000000000, -0.00000000084, -0.00000000118
302, 50.00000000000, 1074.65743159214, 76.54539523515, 4.12500003222, 0.00000000000, -0.00000000296, 0.00000002613
303, 50.00000000000, 1095.76986868288, -30000000.00000000000, 0.00000000000, 0.00000000000, -0.00000083959, 0.66000001198
304, 50.00000000000, 1110.58667378953, 56.10330814708, 4.12500003222, 0.00000000000, 0.00000001270, -0.00000001597
305, 50.00000000000, 1141.21469124500, 57.01867681661, 4.12500003222, 0.00000000000, -0.00000000690, -0.00000002429
306, 50.00000000000, 1138.38498570053, 9.37023274571, 4.12500003222, 0.00000000000, -0.00000000328, -0.00000000474
307, 50.00000000000, 1151.45892216935, 81.19093611188, 4.12500003222, 0.00000000000, 0.00000001267, 0.00000004160
308, 50.00000000000, 1183.94471822300, 59.20714075159, 4.12500003222, 0.00000000000, -0.00000000435, 0.00000001301
309, 50.00000000000, 1213.83088639486, 83.58973076730, 4.12500003222, 0.00000000000, 0.00000002056, 0.00000001455
310, 50.00000000000, 1218.01557188009, 4.08230367761, 4.12500003222, 0.00000000000, 0.00000000551, -0.00000001039
311, 50.00000000000, 1222.97591345109, 95.76397471127, 4.12500003222, 0.00000000000, -0.00000000723, -0.00000000948
312, 50.00000000000, 1254.57350379161, 9.44840554842, 4.12500003222, 0.00000000000, -0.00000000343, -0.00000000763
313, 50.00000000000, 1251.43570187542, 25.73595010779, 4.12500003222, 0.00000000000, -0.00000000166, -0.00000000826
314, 50.00000000000, 1275.33873123903, 98.20815825699, 4.12500003222, 0.00000000000, 0.00000000282, -0.00000000953
315, 50.00000000000, 1294.51105771614, 67.56553234318, 4.12500003222, 0.00000000000, -0.00000000542, 0.00000001754
316, 50.00000000000, 1313.20887644617, 103.54530010870, 4.12500003222, 0.00000000000, -0.00000000156, -0.00000001283
317, 50.00000000000, 1336.23118662135, 60.23236396459, 4.12500003222, 0.00000000000, -0.00000000317, -0.00000000252
318, 50.00000000000, 1335.11736272672, 38.63176331905, 4.12500003222, 0.00000000000, -0.00000000532, 0.00000000592
319, 50.00000000000, 1367.46091263895, 66.21514263905, 4.12500003222, 0.00000000000, -0.00000000400, -0.00000001554
320, 50.00000000000, -15.81525601760, 105.90489072404, 4.12500003222, 0.00000000000, -0.00000000000, 0.00000000000
321, 50.00000000000, 38.31782121728, 14.26603028067, 4.12500003222, 0.00000000000, -0.00000000328, 0.00000004277
322, 50.00000000000, 51.07005433985, 62.59451951658, 4.12500003222, 0.00000000000, -0.00000000585, -0.00000000405
323, 50.00000000000, 68.40990345220, 50.01386216527, 4.12500003222, 0.00000000000, -0.00000000700, -0.00000001370
324, 50.00000000000, 73.44495054972, 246.48254326280, 4.12500003222, 0.00000000000, 0.00000000000, 0.00000000000
325, 50.00000000000, 103.73459589382, 14.45577670693, 4.12500003222, 0.00000000000, 0.00000000591, 0.00000000821
326, 50.00000000000, 122.39471086764, 61.23350820766, 4.12500003222, 0.00000000000, 0.00000000258, -0.00000000231
327, 50.00000000000, 142.74595966193, 53.15458288482, 4.12500003222, 0.00000000000, -0.00000000866, -0.00000000201
328, 50.00000000000, 158.05984177658, 17.44920991929, 4.12500003222, 0.00000000000, -0.00000000591, 0.00000001788
329, 50.00000000000, 162.89894825819, 96.95396104232, 4.12500003222, 0.00000000000, 0.00000000402, -0.00000001340
330, 50.00000000000, 185.93717454304, 145.53842247051, 4.12500003222, 0.00000000000, -0.00000000336, 0.00000000047
331, 50.00000000000, 180.04519796134, 109.92392154019, 4.12500003222, 0.00000000000, -0.00000000244, -0.00000001403
332, 50.00000000000, 232.67668789025, 54.26563047484, 4.12500003222, 0.00000000000, 0.00000000130, 0.00000002675
333, 50.00000000000, 246.16101086342, 88.50042328921, 4.12500003222, 0.00000000000, 0.00000000317, -0.00000001217
334, 50.00000000000, 265.42820347165, 79.02462946379, 4.12500003222, 0.00000000000, -0.00000000224, -0.00000000550
335, 50.00000000000, 278.48929288285, 186.91970232928, 4.12500003222, 0.00000000000, 0.00000000489, -0.00000000322
336, 50.00000000000, 290.22065070209, 49.39977669466, 4.12500003222, 0.00000000000, -0.00000000086, -0.00000004274
337, 50.00000000000, 320.76211606544, 92.34398837984, 4.12500003222, 0.00000000000, -0.00000000330, -0.00000000405
338, 50.00000000000, 324.21938960164, 65.71253854077, 4.12500003222, 0.00000000000, 0.00000000278, -0.00000003138
339, 50.00000000000, 340.00595498222, -30000000.00000000000, 0.00000000000, 0.00000000000, -0.00000017105, 0.66000001198
340, 50.00000000000, 344.64357801824, 55.49208886972, 4.12500003222, 0.00000000000, -0.00000001059, 0.00000002646
341, 50.00000000000, 377.77685386453, 50.43509868076, 4.12500003222, 0.00000000000, 0.00000000576, -0.00000000951
342, 50.00000000000, 383.38247254332, 72.68336497080, 4.12500003222, 0.00000000000, -0.00000000542, 0.00000002015
343, 50.00000000000, 411.95594727245, -30000000.00000000000, 0.00000000000, 0.00000000000, 0.00000040949, 0.66000001198
344, 50.00000000000, 421.63645327278, -30000000.00000000000, 0.00000000000, 0.00000000000, 0.00000031613, 0.66000001198
345, 50.00000000000, 439.62283023713, 104.99159589851, 4.12500003222, 0.00000000000, -0.00000000653, -0.00000003353
346, 50.00000000000, 447.21410591250, 69.78770770463, 4.12500003222, 0.00000000000, 0.00000000701, -0.00000004113
347, 50.00000000000, 469.43022196269, 64.29665605016, 4.12500003222, 0.00000000000, 0.00000000654, 0.00000006250
348, 50.00000000000, 488.09791749378, 46.19218169508, 4.12500003222, 0.00000000000, 0.00000000205, 0.00000001874
349, 50.00000000000, 508.76185780467, -30000000.00000000000, 0.00000000000, 0.00000000000, 0.00000080948, 0.66000001198
350, 50.00000000000, 527.63284256624, 153.37970148180, 4.12500003222, 0.00000000000, -0.00000000011, 0.00000000006
351, 50.00000000000, 554.54099200481, 75.18760249533, 4.12500003222, 0.00000000000, 0.00000000444, -0.00000001654
352, 50.00000000000, 560.26165154130, 108.01198988864, 4.12500003222, 0.00000000000, -0.00000000499, -0.00000002231
353, 50.00000000000, 570.58611411818, 60.89026515993, 4.12500003222, 0.00000000000, -0.00000000780, 0.00000002338
354, 50.00000000000, 587.75309648790, 89.10161802816, 4.12500003222, 0.00000000000, 0.00000000126, -0.00000001605
355, 50.00000000000, 608.78764713464, 86.59116308365, 4.12500003222, 0.00000000000, -0.00000000687, -0.00000001236
356, 50.00000000000, 622.13252145796, 176.83672262753, 4.12500003222, 0.00000000000, 0.00000000001, 0.00000000000
357, 50.00000000000, 635.26746541415, 101.76816285633, 4.12500003222, 0.00000000000, -0.00000000435, 0.00000000917
358, 50.00000000000, 665.50298689988, 161.98904004479, 4.12500003222, 0.00000000000, -0.00000000021, -0.00000000008
359, 50.00000000000, 683.79355610753, -30000000.00000000000, 0.00000000000, 0.00000000000, -0.00000056277, 0.66000001198
360, 50.00000000000, 699.47598252174, 123.61040822745, 4.12500003222, 0.00000000000, -0.00000000134, -0.00000000592
361, 50.00000000000, 727.09464760442, 40.88104189857, 4.12500003222, 0.00000000000, 0.00000000448, 0.00000000021
362, 50.00000000000, 744.76898653311, 126.13200278978, 4.12500003222, 0.00000000000, 0.00000000170, 0.00000000753
363, 50.00000000000, 745.11972774783, 48.06167377197, 4.12500003222, 0.00000000000, 0.00000000122, -0.00000000944
364, 50.00000000000, 756.34655538508, 91.67569873947, 4.12500003222, 0.00000000000, -0.00000000290, 0.00000001789
365, 50.00000000000, 786.94091373334, 193.52107784639, 4.12500003222, 0.00000000000, -0.00000000000, -0.00000000000
366, 50.00000000000, 807.98956735489, -30000000.00000000000, 0.00000000000, 0.00000000000, -0.00000008405, 0.66000001198
367, 50.00000000000, 811.47827788867, -30000000.00000000000, 0.00000000000, 0.00000000000, 0.00000036708, 0.66000001198
368, 50.00000000000, 833.69649444093, -30000000.00000000000, 0.00000000000, 0.00000000000, -0.00000141773, 0.66000001198
369, 50.00000000000, 837.86635976480, 140.69651864725, 4.12500003222, 0.00000000000, -0.00000000831, -0.00000000367
370, 50.00000000000, 867.97482998177, 122.06512892475, 4.12500003222, 0.00000000000, -0.00000000346, -0.00000000647
371, 50.00000000000, 890.63339669740, -30000000.00000000000, 0.00000000000, 0.00000000000, 0.00000103162, 0.66000001198
372, 50.00000000000, 906.33192208011, 100.71977196692, 4.12500003222, 0.00000000000, 0.00000000141, -0.00000000749
373, 50.00000000000, 925.08883960477, 65.37213371974, 4.12500003222, 0.00000000000, 0.00000000397, -0.00000000367
374, 50.00000000000, 950.42198055291, 60.51480629512, 4.12500003222, 0.00000000000, -0.00000000634, 0.00000000193
375, 50.00000000000, 963.24966930524, -30000000.00000000000, 0.00000000000, 0.00000000000, 0.00000058485, 0.66000001198
376, 50.00000000000, 975.56517072570, -30000000.00000000000, 0.00000000000, 0.00000000000, -0.00000023486, 0.66000001198
377, 50.00000000000, 1001.12894001272, 38.19309522553, 4.12500003222, 0.00000000000, 0.00000000164, 0.00000001025
378, 50.00000000000, 1011.68550951842, 57.08197101776, 4.12500003222, 0.00000000000, -0.00000000284, 0.00000000152
379, 50.00000000000, 1031.44392525269, 108.22289167008, 4.12500003222, 0.00000000000, 0.00000000742, 0.00000002314
380, 50.00000000000, 1051.25302213948, 82.72489933146, 4.12500003222, 0.00000000000, 0.00000000675, 0.00000000237
381, 50.00000000000, 1063.31889194835, 118.22185943792, 4.12500003222, 0.00000000000, -0.00000000483, -0.00000002011
382, 50.00000000000, 1085.03485277122, 84.62758949172, 4.12500003222, 0.00000000000, -0.00000000304, -0.00000000925
383, 50.00000000000, 1100.07495248561, 73.69328371898, 4.12500003222, 0.00000000000, -0.00000000171, 0.00000002597
384, 50.00000000000, 1112.74154133821, 33.59285939155, 4.12500003222, 0.00000000000, -0.00000000094, 0.00000000814
385, 50.00000000000, 1132.56930065637, 45.78461537933, 4.12500003222, 0.00000000000, 0.00000001316, 0.00000002274
386, 50.00000000000, 1151.77002696992, 46.34287293355, 4.12500003222, 0.00000000000, -0.00000000216, -0.00000001380
387, 50.00000000000, 1159.02576583013, 9.61337015586, 4.12500003222, 0.00000000000, 0.00000000577, -0.00000001739
388, 50.00000000000, 1172.44716478780, 50.02193778602, 4.12500003222, 0.00000000000, 0.00000000487, -0.00000000788
389, 50.00000000000, 1183.79276200427, 102.94051164704, 4.12500003222, 0.00000000000, 0.00000000592, 0.00000002831
390, 50.00000000000, 1207.33528131071, 113.59180022064, 4.12500003222, 0.00000000000, 0.00000000956, -0.00000001456
391, 50.00000000000, 1226.12288243986, 107.69641510145, 4.12500003222, 0.00000000000, 0.00000004444, 0.00000004230
392, 50.00000000000, 1244.65783247955, 68.17787583139, 4.12500003222, 0.00000000000, -0.00000000266, -0.00000001437
393, 50.00000000000, 1270.08491360776, 28.27847996675, 4.12500003222, 0.00000000000, 0.00000000080, 0.00000000240
394, 50.00000000000, 1282.70866720542, 111.39273481292, 4.12500003222, 0.00000000000, 0.00000000251, 0.00000002054
395, 50.00000000000, 1295.56430424135, 89.68870260912, 4.12500003222, 0.00000000000, -0.00000000418, -0.00000003284
396, 50.00000000000, 1313.37663656484, 61.56796368982, 4.12500003222, 0.00000000000, -0.00000000664, -0.00000002701
397, 50.00000000000, 1328.95594629520, 107.85572747301, 4.12500003222, 0.00000000000, -0.00000000467, 0.00000000451
398, 50.00000000000, 1356.05044621722, 122.38081272186, 4.12500003222, 0.00000000000, -0.00000001155, -0.00000000449
399, 50.00000000000, 1347.75535289785, 41.32645967152, 4.12500003222, 0.00000000000, -0.00000000566, -0.00000001285
400, 50.00000000000, 16.66511738885, 43.90196278907, 4.12500003222, 0.00000000000, 0.00000000250, -0.00000002466
401, 50.00000000000, 33.31594407855, 73.32156103796, 4.12500003222, 0.00000000000, 0.00000000248, 0.00000000238
402, 50.00000000000, 41.59595275451, 130.65711124480, 4.12500003222, 0.00000000000, -0.00000000019, 0.00000000202
403, 50.00000000000, 64.67400570464, 74.11564929272, 4.12500003222, 0.00000000000, 0.00000001211, 0.00000002394
404, 50.00000000000, 87.88384849093, 81.72255472808, 4.12500003222, 0.00000000000, -0.00000000773, -0.00000005025
405, 50.00000000000, 85.23236916583, 9.52249155274, 4.12500003222, 0.00000000000, 0.00000000140, -0.00000002103
406, 50.00000000000, 115.73292214613, 27.61255809756, 4.12500003222, 0.00000000000, -0.00000001240, -0.00000001371
407, 50.00000000000, 131.64868033893, 131.21031953397, 4.12500003222, 0.00000000000, 0.00000000319, 0.00000000624
408, 50.00000000000, 145.95066438484, 98.49786026321, 4.12500003222, 0.00000000000, -0.00000000191, 0.00000000486
409, 50.00000000000, 160.55662830415, 84.16814285295, 4.12500003222, 0.00000000000, -0.00000000018, -0.00000002773
410, 50.00000000000, 160.63705184339, 108.29050990996, 4.12500003222, 0.00000000000, -0.00000000219, -0.00000000833
411, 50.00000000000, 204.71418049420, 266.18799319024, 4.12500003222, 0.00000000000, 0.00000000000, 0.00000000000
412, 50.00000000000, 211.73043297780, 178.07002423202, 4.12500003222, 0.00000000000, -0.00000000819, 0.00000001002
413, 50.00000000000, 234.67611552191, 228.33701380439, 4.12500003222, 0.00000000000, 0.00000000000, 0.00000000000
414, 50.00000000000, 250.19387991329, 69.09633653110, 4.12500003222, 0.00000000000, 0.00000000051, 0.00000001686
415, 50.00000000000, 285.43353081819, 80.13984457431, 4.12500003222, 0.00000000000, 0.00000000227, -0.00000000924
416, 50.00000000000, 285.70997548995, 14.96470583460, 4.12500003222, 0.00000000000, -0.00000000060, -0.00000000271
417, 50.00000000000, 305.26579731666, 29.72590067064, 4.12500003222, 0.00000000000, 0.00000000442, 0.00000002284
418, 50.00000000000, 322.42956292726, -30000000.00000000000, 0.00000000000, 0.00000000000, 0.00000072823, 0.66000001198
419, 50.00000000000, 339.49563006144, -30000000.00000000000, 0.00000000000, 0.00000000000, -0.00000011559, 0.66000001198
420, 50.00000000000, 353.13639307633, 183.56803870735, 4.12500003222, 0.00000000000, 0.00000000000, 0.00000000000
421, 50.00000000000, 373.93346790445, 113.90340865605, 4.12500003222, 0.00000000000, 0.00000000355, 0.00000001219
422, 50.00000000000, 384.22802127483, 131.56793784571, 4.12500003222, 0.00000000000, -0.00000001077, -0.00000001817
423, 50.00000000000, 405.77340567594, -30000000.00000000000, 0.00000000000, 0.00000000000, 0.00000163363, 0.66000001198
424, 50.00000000000, 428.70337557824, 159.53154737248, 4.12500003222, 0.00000000000, 0.00000000000, 0.00000000000
425, 50.00000000000, 431.99413008865, -30000000.00000000000, 0.00000000000, 0.00000000000, -0.00000150851, 0.66000001198
426, 50.00000000000, 451.54062664207, 58.83080355349, 4.12500003222, 0.00000000000, -0.00000000276, -0.00000000943
427, 50.00000000000, 464.89439098913, 244.58614600086, 4.12500003222, 0.00000000000, 0.00000000023, 0.00000000006
428, 50.00000000000, 500.51355626111, 75.35999579375, 4.12500003222, 0.00000000000, 0.00000000662, 0.00000003071
429, 50.00000000000, 507.52694227155, -30000000.00000000000, 0.00000000000, 0.00000000000, 0.00000032952, 0.66000001198
430, 50.00000000000, 538.52407221998, 109.59093475158, 4.12500003222, 0.00000000000, -0.00000000618, -0.00000000428
431, 50.00000000000, 531.32061818049, 88.92154301910, 4.12500003222, 0.00000000000, -0.00000000627, 0.00000002027
432, 50.00000000000, 567.79009194951, -30000000.00000000000, 0.00000000000, 0.00000000000, -0.00000171706, 0.66000001198
433, 50.00000000000, 576.80624296174, 73.84710570304, 4.12500003222, 0.00000000000, 0.00000000063, -0.00000000174
434, 50.00000000000, 583.20746632070, 163.90148275406, 4.12500003222, 0.00000000000, 0.00000000712, -0.00000001192
435, 50.00000000000, 614.91697691503, 62.88781783252, 4.12500003222, 0.00000000000, 0.00000000226, 0.00000000962
436, 50.00000000000, 627.19830060684, 78.98595036273, 4.12500003222, 0.00000000000, 0.00000000905, -0.00000001805
437, 50.00000000000, 646.34486475751, 85.04114674481, 4.12500003222, 0.00000000000, 0.00000000469, -0.00000001359
438, 50.00000000000, 660.13589428151, 56.48663340110, 4.12500003222, 0.00000000000, 0.00000000166, -0.00000001626
439, 50.00000000000, 682.65190863096, 67.25649119985, 4.12500003222, 0.00000000000, 0.00000001398, 0.00000000150
440, 50.00000000000, 695.26167263469, 83.96151751414, 4.12500003222, 0.00000000000, -0.00000000344, -0.00000001423
441, 50.00000000000, 718.97314057585, -30000000.00000000000, 0.00000000000, 0.00000000000, -0.00000019778, 0.66000001198
442, 50.00000000000, 730.38082713688, -30000000.00000000000, 0.00000000000, 0.00000000000, 0.00000005238, 0.66000001198
443, 50.00000000000, 755.79958580737, 59.41667406610, 4.12500003222, 0.00000000000, -0.00000000472, -0.00000001370
444, 50.00000000000, 750.18949474274, 145.37821962488, 4.12500003222, 0.00000000000, -0.00000000062, 0.00000000281
445, 50.00000000000, 787.56083950399, 73.09571052210, 4.12500003222, 0.00000000000, 0.00000001069, -0.00000001346
446, 50.00000000000, 803.46330076698, 124.62150247806, 4.12500003222, 0.00000000000, 0.00000000376, 0.00000000400
447, 50.00000000000, 805.98708987273, 83.19877629983, 4.12500003222, 0.00000000000, 0.00000000256, 0.00000000719
448, 50.00000000000, 825.89581094045, 124.49869042404, 4.12500003222, 0.00000000000, 0.00000000157, 0.00000000835
449, 50.00000000000, 855.05545397934, 38.36833900424, 4.12500003222, 0.00000000000, 0.00000000970, -0.00000001232
450, 50.00000000000, 862.60383482982, 187.47753319183, 4.12500003222, 0.00000000000, -0.00000000104, 0.00000000297
451, 50.00000000000, 886.06275237332, 91.87563423377, 4.12500003222, 0.00000000000, 0.00000000910, 0.00000000789
452, 50.00000000000, 906.72404817217, -30000000.00000000000, 0.00000000000, 0.00000000000, -0.00000081974, 0.66000001198
453, 50.00000000000, 917.74945369650, 193.39309640049, 4.12500003222, 0.00000000000, -0.00000000385, 0.00000000170
454, 50.00000000000, 946.29713524787, 92.31085192136, 4.12500003222, 0.00000000000, 0.00000000570, -0.00000001215
455, 50.00000000000, 960.53549386189, -30000000.00000000000, 0.00000000000, 0.00000000000, 0.00000106156, 0.66000001198
456, 50.00000000000, 969.37216403577, 88.34217872410, 4.12500003222, 0.00000000000, -0.00000000024, 0.00000000226
457, 50.00000000000, 993.12444048294, 221.48628906298, 4.12500003222, 0.00000000000, 0.00000000000, 0.00000000000
458, 50.00000000000, 1004.84523995925, 132.71534340968, 4.12500003222, 0.00000000000, 0.00000000168, -0.00000000868
459, 50.00000000000, 1028.55986949012, 128.50391997121, 4.12500003222, 0.00000000000, 0.00000000348, 0.00000000540
460, 50.00000000000, 1045.35286156012, 136.97789657114, 4.12500003222, 0.00000000000, 0.00000000606, -0.00000002212
461, 50.00000000000, 1062.51973328469, 80.84271446490, 4.12500003222, 0.00000000000, 0.00000000948, 0.00000002424
462, 50.00000000000, 1063.79661944125, 135.93702149426, 4.12500003222, 0.00000000000, 0.00000000807, 0.00000002504
463, 50.00000000000, 1101.65188211266, 151.72915666875, 4.12500003222, 0.00000000000, -0.00000000051, 0.00000000536
464, 50.00000000000, 1123.52869493369, 25.59979957930, 4.12500003222, 0.00000000000, -0.00000000121, -0.00000002826
465, 50.00000000000, 1133.82535962090, 65.04297920775, 4.12500003222, 0.00000000000, -0.00000001527, -0.00000001383
466, 50.00000000000, 1151.66086394975, 61.28769076141, 4.12500003222, 0.00000000000, 0.00000000587, -0.00000001446
467, 50.00000000000, 1159.78130478977, 68.29856096747, 4.12500003222, 0.00000000000, 0.00000002805, -0.00000000845
468, 50.00000000000, 1171.84874690683, 87.76549086356, 4.12500003222, 0.00000000000, -0.00000000849, -0.00000001760
469, 50.00000000000, 1190.23194923052, 119.62345910043, 4.12500003222, 0.00000000000, 0.00000000577, 0.00000000223
470, 50.00000000000, 1202.82873941318, 98.94667253902, 4.12500003222, 0.00000000000, 0.00000001844, 0.00000002893
471, 50.00000000000, 1236.81713421825, 53.08623671174, 4.12500003222, 0.00000000000, 0.00000000181, 0.00000001809
472, 50.00000000000, 1246.55960115880, 175.06604915190, 4.12500003222, 0.00000000000, -0.00000000192, 0.00000000428
473, 50.00000000000, 1263.55434260823, 116.51265419992, 4.12500003222, 0.00000000000, -0.00000000378, 0.00000004608
474, 50.00000000000, 1284.24901032353, 88.32815166987, 4.12500003222, 0.00000000000, -0.00000000980, 0.00000001115
475, 50.00000000000, 1306.66716171830, 15.22189490690, 4.12500003222, 0.00000000000, 0.00000000108, 0.00000002048
476, 50.00000000000, 1296.48471484165, 109.48068264653, 4.12500003222, 0.00000000000, -0.00000000819, 0.00000002172
477, 50.00000000000, 1334.30935374459, 150.01978480249, 4.12500003222, 0.00000000000, -0.00000000424, -0.00000000903
478, 50.00000000000, 1342.39361639020, 90.13304543166, 4.12500003222, 0.00000000000, -0.00000000441, -0.00000000479
479, 50.00000000000, 1364.73390556608, 85.11615182460, 4.12500003222, 0.00000000000, -0.00000000803, 0.00000000839
480, 50.00000000000, 15.81763833546, 63.69937463133, 4.12500003222, 0.00000000000, 0.00000000265, 0.00000002156
481, 50.00000000000, 24.66335705533, 118.46565933795, 4.12500003222, 0.00000000000, 0.00000000095, 0.00000001322
482, 50.00000000000, 51.27813434618, 43.58096376289, 4.12500003222, 0.00000000000, 0.00000000857, -0.00000002409
483, 50.00000000000, 73.29498745674, 64.28303559209, 4.12500003222, 0.00000000000, 0.00000001159, 0.00000003083
484, 50.00000000000, 77.48889370373, 166.49235302607, 4.12500003222, 0.00000000000, 0.00000000025, -0.00000000255
485, 50.00000000000, 105.76696594526, 78.40549131476, 4.12500003222, 0.00000000000, 0.00000000060, -0.00000002344
486, 50.00000000000, 123.13497401996, 94.27699534232, 4.12500003222, 0.00000000000, 0.00000000774, -0.00000002387
487, 50.00000000000, 139.72699181206, 6.17779468355, 4.12500003222, 0.00000000000, -0.00000000010, 0.00000002622
488, 50.00000000000, 153.38950284590, 157.75724959623, 4.12500003222, 0.00000000000, 0.00000000001, 0.00000000282
489, 50.00000000000, 139.94998954210, 93.08536203619, 4.12500003222, 0.00000000000, 0.00000001437, -0.00000000290
490, 50.00000000000, 175.79838468410, 44.96265956079, 4.12500003222, 0.00000000000, 0.00000002822, -0.00000001381
491, 50.00000000000, 198.21354094692, 194.30926128995, 4.12500003222, 0.00000000000, 0.00000000605, -0.00000002495
492, 50.00000000000, 205.11100162980, 138.13324467786, 4.12500003222, 0.00000000000, 0.00000000075, -0.00000000030
493, 50.00000000000, 232.74596843383, 71.81614082482, 4.12500003222, 0.00000000000, 0.00000000193, -0.00000001543
494, 50.00000000000, 249.75976967602, 11.67054128243, 4.12500003222, 0.00000000000, -0.00000000463, 0.00000001030
495, 50.00000000000, 267.81072407641, 43.73788352090, 4.12500003222, 0.00000000000, 0.00000000857, -0.00000001010
496, 50.00000000000, 283.19780031089, 27.08772104766, 4.12500003222, 0.00000000000, 0.00000000243, 0.00000005849
497, 50.00000000000, 319.23839193041, 73.27621122336, 4.12500003222, 0.00000000000, -0.00000001509, 0.00000000302
498, 50.00000000000, 332.98617577981, 55.64685654795, 4.12500003222, 0.00000000000, -0.00000000400, -0.00000000556
499, 50.00000000000, 342.12110796253, 78.22496931350, 4.12500003222, 0.00000000000, 0.00000001032, -0.00000002820
500, 50.00000000000, 359.40485531547, 36.22475065342, 4.12500003222, 0.00000000000, 0.00000000207, -0.00000001340
501, 50.00000000000, 382.84558181746, 108.11326714009, 4.12500003222, 0.00000000000, 0.00000000405, 0.00000001027
502, 50.00000000000, 382.59020234677, 58.54842915999, 4.12500003222, 0.00000000000, -0.00000000839, -0.00000002473
503, 50.00000000000, 410.17789627548, 75.93018007801, 4.12500003222, 0.00000000000, -0.00000000344, 0.00000001228
504, 50.00000000000, 421.88715905444, -30000000.00000000000, 0.00000000000, 0.00000000000, 0.00000027989, 0.66000001198
505, 50.00000000000, 445.01939982508, 239.22589425409, 4.12500003222, 0.00000000000, -0.00000000027, -0.00000000007
506, 50.00000000000, 459.01381583871, 194.30465516973, 4.12500003222, 0.00000000000, 0.00000000000, 0.00000000000
507, 50.00000000000, 469.66405610515, 56.70629383767, 4.12500003222, 0.00000000000, -0.00000000195, -0.00000003483
508, 50.00000000000, 484.97770134331, 94.20631577608, 4.12500003222, 0.00000000000, -0.00000000257, -0.00000000241
509, 50.00000000000, 505.83096690053, 246.83128181321, 4.12500003222, 0.00000000000, 0.00000000025, -0.00000000001
510, 50.00000000000, 529.65376166794, -30000000.00000000000, 0.00000000000, 0.00000000000, 0.00000028521, 0.66000001198
511, 50.00000000000, 548.87229940178, 178.03430505918, 4.12500003222, 0.00000000000, 0.00000000095, -0.00000001315
512, 50.00000000000, 573.53349292713, 181.27010455476, 4.12500003222, 0.00000000000, -0.00000000606, 0.00000001814
513, 50.00000000000, 580.80426880317, 119.15093121018, 4.12500003222, 0.00000000000, 0.00000000032, 0.00000001986
514, 50.00000000000, 595.40906281724, 107.50801220649, 4.12500003222, 0.00000000000, -0.00000000114, -0.00000001170
515, 50.00000000000, 603.99935509171, 129.38672749365, 4.12500003222, 0.00000000000, -0.00000000327, -0.00000000060
516, 50.00000000000, 633.52634916971, -30000000.00000000000, 0.00000000000, 0.00000000000, 0.00000124373, 0.66000001198
517, 50.00000000000, 638.84461569552, 63.80279708772, 4.12500003222, 0.00000000000, -0.00000000521, 0.00000000832
518, 50.00000000000, 664.15543084085, 202.84167064261, 4.12500003222, 0.00000000000, 0.00000000000, 0.00000000000
519, 50.00000000000, 670.81369424667, 80.43438379367, 4.12500003222, 0.00000000000, -0.00000000124, 0.00000002315
520, 50.00000000000, 701.66737116100, -30000000.00000000000, 0.00000000000, 0.00000000000, -0.00000054288, 0.66000001198
521, 50.00000000000, 725.02990815136, 103.10078369780, 4.12500003222, 0.00000000000, 0.00000000327, -0.00000001365
522, 50.00000000000, 745.11243946370, 73.82213303765, 4.12500003222, 0.00000000000, 0.00000000080, -0.00000002222
523, 50.00000000000, 747.66260697377, -30000000.00000000000, 0.00000000000, 0.00000000000, -0.00000066804, 0.66000001198
524, 50.00000000000, 771.83004711109, 224.62724068994, 4.12500003222, 0.00000000000, 0.00000000000, 0.00000000000
525, 50.00000000000, 780.60005647343, -30000000.00000000000, 0.00000000000, 0.00000000000, -0.00000020647, 0.66000001198
526, 50.00000000000, 781.44057557184, 126.74249936507, 4.12500003222, 0.00000000000, 0.00000000076, -0.00000000362
527, 50.00000000000, 826.46866537113, 89.99034228346, 4.12500003222, 0.00000000000, -0.00000000441, -0.00000001980
528, 50.00000000000, 829.39426638465, 159.10846929968, 4.12500003222, 0.00000000000, -0.00000000138, -0.00000000854
529, 50.00000000000, 850.44219326295, 156.88261783416, 4.12500003222, 0.00000000000, 0.00000000077, 0.00000000742
530, 50.00000000000, 868.54521085765, 167.97097617288, 4.12500003222, 0.00000000000, -0.00000000102, -0.00000000122
531, 50.00000000000, 886.76900063428, 111.65277308234, 4.12500003222, 0.00000000000, 0.00000000196, -0.00000000557
532, 50.00000000000, 913.89300562644, -30000000.00000000000, 0.00000000000, 0.00000000000, -0.00000106621, 0.66000001198
533, 50.00000000000, 938.40340171526, 74.98002217660, 4.12500003222, 0.00000000000, 0.00000000212, 0.00000000610
534, 50.00000000000, 941.69853445082, 166.01475927922, 4.12500003222, 0.00000000000, -0.00000000038, 0.00000000480
535, 50.00000000000, 961.21351245474, 106.66805351863, 4.12500003222, 0.00000000000, 0.00000000782, -0.00000000707
536, 50.00000000000, 984.99578148415, 109.34821952213, 4.12500003222, 0.00000000000, -0.00000000255, 0.00000000374
537, 50.00000000000, 979.47664084244, 38.61390457776, 4.12500003222, 0.00000000000, 0.00000000298, -0.00000000672
538, 50.00000000000, 1010.37445518207, 82.03188717875, 4.12500003222, 0.00000000000, 0.00000000189, -0.00000002907
539, 50.00000000000, 1028.22006685567, 73.87817817609, 4.12500003222, 0.00000000000, 0.00000000158, -0.00000000693
540, 50.00000000000, 1045.92028334884, 61.64516835589, 4.12500003222, 0.00000000000, 0.00000000371, -0.00000001207
541, 50.00000000000, 1069.17654914736, 66.24869251308, 4.12500003222, 0.00000000000, 0.00000000925, 0.00000001119
542, 50.00000000000, 1076.60823765642, 44.52003552555, 4.12500003222, 0.00000000000, -0.00000000078, 0.00000001339
543, 50.00000000000, 1098.15561847898, 242.45748261295, 4.12500003222, 0.00000000000, 0.00000000000, 0.00000000000
544, 50.00000000000, 1119.80101047198, 65.55411743402, 4.12500003222, 0.00000000000, 0.00000000109, -0.00000001890
545, 50.00000000000, 1131.74092213702, 160.57604826655, 4.12500003222, 0.00000000000, 0.00000000000, 0.00000000000
546, 50.00000000000, 1148.43900699710, 197.44284816542, 4.12500003222, 0.00000000000, 0.00000000000, 0.00000000000
547, 50.00000000000, 1162.96928669427, 28.94916335516, 4.12500003222, 0.00000000000, 0.00000000448, -0.00000003660
548, 50.00000000000, 1169.51937124632, 119.67382949758, 4.12500003222, 0.00000000000, 0.00000000592, -0.00000002523
549, 50.00000000000, 1204.28732026950, 65.30576829268, 4.12500003222, 0.00000000000, 0.00000000306, -0.00000001080
550, 50.00000000000, 1226.97436591123, 73.83235601934, 4.12500003222, 0.00000000000, -0.00000000768, 0.00000001212
551, 50.00000000000, 1238.81923829695, 156.56822225231, 4.12500003222, 0.00000000000, -0.00000000111, -0.00000000073
552, 50.00000000000, 1246.19507597791, 102.98831279130, 4.12500003222, 0.00000000000, 0.00000000396, -0.00000001373
553, 50.00000000000, 1268.59919387968, 127.66692898514, 4.12500003222, 0.00000000000, -0.00000002483, -0.00000003046
554, 50.00000000000, 1284.89564381933, 128.94771549767, 4.12500003222, 0.00000000000, -0.00000000753, -0.00000000833
555, 50.00000000000, 1302.67996919235, 123.58002076410, 4.12500003222, 0.00000000000, -0.00000001329, -0.00000003470
556, 50.00000000000, 1317.67154483914, 137.05710592663, 4.12500003222, 0.00000000000, -0.00000000653, 0.00000001363
557, 50.00000000000, 1331.47658424332, 170.56778441806, 4.12500003222, 0.00000000000, 0.00000000002, 0.00000000047
558, 50.00000000000, 1343.68246726377, 113.76479914163, 4.12500003222, 0.00000000000, -0.00000000624, 0.00000000617
559, 50.00000000000, 1351.88716369762, 53.49633084791, 4.12500003222, 0.00000000000, -0.00000000368, 0.00000000982
560, 50.00000000000, 16.26640215408, 103.46520621405, 4.12500003222, 0.00000000000, -0.00000000537, -0.00000000265
561, 50.00000000000, 27.40234885013, 249.39368402058, 4.12500003222, 0.00000000000, 0.00000000000, 0.00000000000
562, 50.00000000000, 40.08810497260, 110.11388632858, 4.12500003222, 0.00000000000, 0.00000000722, 0.00000000065
563, 50.00000000000, 77.97911327541, 145.32192383044, 4.12500003222, 0.00000000000, 0.00000000012, 0.00000000263
564, 50.00000000000, 79.22012930330, 187.22532051640, 4.12500003222, 0.00000000000, -0.00000000015, -0.00000000181
565, 50.00000000000, 104.40452927217, 32.70126222437, 4.12500003222, 0.00000000000, -0.00000000289, -0.00000000734
566, 50.00000000000, 120.61640911570, 79.15618934462, 4.12500003222, 0.00000000000, 0.00000000433, -0.00000001576
567, 50.00000000000, 137.82722737228, 170.84170923002, 4.12500003222, 0.00000000000, -0.00000000068, -0.00000000407
568, 50.00000000000, 150.36564377020, 137.55072401831, 4.12500003222, 0.00000000000, -0.00000000528, -0.00000000404
569, 50.00000000000, 167.89058403295, 127.28829576026, 4.12500003222, 0.00000000000, -0.00000000746, -0.00000003230
570, 50.00000000000, 168.81267136736, 144.61943847741, 4.12500003222, 0.00000000000, -0.00000000712, 0.00000002597
571, 50.00000000000, 200.99142158018, 214.28314107335, 4.12500003222, 0.00000000000, 0.00000000214, 0.00000001493
572, 50.00000000000, 226.30832842979, 39.95911759551, 4.12500003222, 0.00000000000, -0.00000000518, -0.00000000893
573, 50.00000000000, 225.51201077976, 142.78850837577, 4.12500003222, 0.00000000000, -0.00000000234, -0.00000000058
574, 50.00000000000, 254.95701603016, 59.22747781112, 4.12500003222, 0.00000000000, 0.00000000156, -0.00000000924
575, 50.00000000000, 268.68328234669, 24.50834633406, 4.12500003222, 0.00000000000, -0.00000002621, 0.00000003393
576, 50.00000000000, 287.32282960162, 131.47430558874, 4.12500003222, 0.00000000000, 0.00000000013, -0.00000000179
577, 50.00000000000, 307.85178198320, 81.94099127833, 4.12500003222, 0.00000000000, -0.00000000161, -0.00000001381
578, 50.00000000000, 320.24312966861, 193.88757535830, 4.12500003222, 0.00000000000, 0.00000000000, 0.00000000000
579, 50.00000000000, 351.01982247099, 119.02787981736, 4.12500003222, 0.00000000000, -0.00000000066, 0.00000000895
580, 50.00000000000, 364.12009500013, 71.40556624057, 4.12500003222, 0.00000000000, -0.00000000331, 0.00000002039
581, 50.00000000000, 368.66330982445, 126.97255349987, 4.12500003222, 0.00000000000, -0.00000000312, 0.00000000383
582, 50.00000000000, 390.77758831900, 195.17368728133, 4.12500003222, 0.00000000000, 0.00000000000, 0.00000000000
583, 50.00000000000, 396.50776016755, 75.33047998329, 4.12500003222, 0.00000000000, -0.00000000130, 0.00000005245
584, 50.00000000000, 420.26633893725, 107.74525861257, 4.12500003222, 0.00000000000, 0.00000000012, 0.00000001079
585, 50.00000000000, 442.52616531724, -30000000.00000000000, 0.00000000000, 0.00000000000, -0.00000187657, 0.66000001198
586, 50.00000000000, 451.50897978269, 109.91021796126, 4.12500003222, 0.00000000000, 0.00000000639, 0.00000000923
587, 50.00000000000, 485.31900082095, 246.86614972719, 4.12500003222, 0.00000000000, -0.00000000021, 0.00000000001
588, 50.00000000000, 487.42594760464, 69.83346523629, 4.12500003222, 0.00000000000, -0.00000000193, 0.00000000997
589, 50.00000000000, 504.16079508337, 64.66121838257, 4.12500003222, 0.00000000000, -0.00000001636, 0.00000002957
590, 50.00000000000, 519.15159945015, 74.05816234267, 4.12500003222, 0.00000000000, -0.00000000572, 0.00000005440
591, 50.00000000000, 559.54222082328, 191.82646035495, 4.12500003222, 0.00000000000, 0.00000000588, 0.00000000644
592, 50.00000000000, 564.91497110843, 126.27347345363, 4.12500003222, 0.00000000000, 0.00000000521, 0.00000000856
593, 50.00000000000, 592.90671036528, 71.62338551167, 4.12500003222, 0.00000000000, 0.00000000316, 0.00000004714
594, 50.00000000000, 596.52420953051, 148.28076627490, 4.12500003222, 0.00000000000, -0.00000000301, 0.00000000038
595, 50.00000000000, 616.43983147208, 111.16156371246, 4.12500003222, 0.00000000000, 0.00000000536, -0.00000000498
596, 50.00000000000, 624.20994784062, 91.46118888924, 4.12500003222, 0.00000000000, -0.00000000393, 0.00000001223
597, 50.00000000000, 649.35645478518, 132.61566857007, 4.12500003222, 0.00000000000, 0.00000000000, 0.00000000000
598, 50.00000000000, 667.19049989530, -30000000.00000000000, 0.00000000000, 0.00000000000, -0.00000021048, 0.66000001198
599, 50.00000000000, 684.78030541933, 168.93591491238, 4.12500003222, 0.00000000000, 0.00000000021, 0.00000000008
600, 50.00000000000, 703.58707089712, -30000000.00000000000, 0.00000000000, 0.00000000000, -0.00000033473, 0.66000001198
601, 50.00000000000, 722.58389089405, 165.29400839084, 4.12500003222, 0.00000000000, 0.00000000000, 0.00000000000
602, 50.00000000000, 736.71113838334, 64.42185683119, 4.12500003222, 0.00000000000, 0.00000000037, -0.00000000930
603, 50.00000000000, 762.33613964542, -30000000.00000000000, 0.00000000000, 0.00000000000, 0.00000045388, 0.66000001198
604, 50.00000000000, 766.84474898294, 75.03292645094, 4.12500003222, 0.00000000000, -0.00000000125, -0.00000000525
605, 50.00000000000, 788.00938103594, 108.62056765827, 4.12500003222, 0.00000000000, -0.00000000360, 0.00000000722
606, 50.00000000000, 806.69043438281, 199.31090687069, 4.12500003222, 0.00000000000, 0.00000000000, 0.00000000000
607, 50.00000000000, 816.44425069183, 142.12498145293, 4.12500003222, 0.00000000000, 0.00000000156, -0.00000000644
608, 50.00000000000, 844.89600669169, 126.98491306996, 4.12500003222, 0.00000000000, -0.00000000661, -0.00000001203
609, 50.00000000000, 858.78772247899, 138.27406719942, 4.12500003222, 0.00000000000, 0.00000000231, 0.00000002048
610, 50.00000000000, 882.84604214858, 183.64363347999, 4.12500003222, 0.00000000000, 0.00000000106, 0.00000000347
611, 50.00000000000, 888.70561368199, 164.15703766658, 4.12500003222, 0.00000000000, 0.00000000060, -0.00000000034
612, 50.00000000000, 902.72740462238, 179.41823271438, 4.12500003222, 0.00000000000, 0.00000000055, -0.00000000150
613, 50.00000000000, 923.76634711645, 87.16310935414, 4.12500003222, 0.00000000000, -0.00000000489, 0.00000001241
614, 50.00000000000, 937.73026750732, 187.00230235843, 4.12500003222, 0.00000000000, -0.00000000142, -0.00000000480
615, 50.00000000000, 972.26785412917, 121.70921909859, 4.12500003222, 0.00000000000, 0.00000000265, 0.00000001214
616, 50.00000000000, 986.49174608593, 78.18463762893, 4.12500003222, 0.00000000000, 0.00000000149, -0.00000001507
617, 50.00000000000, 1004.67888351508, 152.53030231538, 4.12500003222, 0.00000000000, -0.00000000889, 0.00000001765
618, 50.00000000000, 1020.90842384424, 140.97198790541, 4.12500003222, 0.00000000000, 0.00000000393, -0.00000002261
619, 50.00000000000, 1033.62384679717, 88.89736495991, 4.12500003222, 0.00000000000, -0.00000000029, -0.00000000203
620, 50.00000000000, 1050.89290247098, 101.02020182199, 4.12500003222, 0.00000000000, 0.00000000324, 0.00000000865
621, 50.00000000000, 1052.45646685600, 46.69641640952, 4.12500003222, 0.00000000000, 0.00000000246, 0.00000001125
622, 50.00000000000, 1086.47624153616, 166.30218821789, 4.12500003222, 0.00000000000, 0.00000000446, -0.00000000410
623, 50.00000000000, 1082.14664571278, 146.37312523847, 4.12500003222, 0.00000000000, -0.00000000868, -0.00000000392
624, 50.00000000000, 1119.87498101438, 46.90550908697, 4.12500003222, 0.00000000000, 0.00000000830, 0.00000003610
625, 50.00000000000, 1120.12293989037, 84.62867080537, 4.12500003222, 0.00000000000, -0.00000000037, 0.00000001014
626, 50.00000000000, 1148.01529000478, 117.76244037143, 4.12500003222, 0.00000000000, -0.00000000228, -0.00000001766
627, 50.00000000000, 1160.00778192709, 101.89680427056, 4.12500003222, 0.00000000000, -0.00000000239, -0.00000001533
628, 50.00000000000, 1183.05751502171, 69.11036000337, 4.12500003222, 0.00000000000, -0.00000001139, 0.00000002579
629, 50.00000000000, 1191.65717389657, 82.27916534510, 4.12500003222, 0.00000000000, -0.00000000075, 0.00000000037
630, 50.00000000000, 1221.91969229053, 61.42803478520, 4.12500003222, 0.00000000000, -0.00000000413, 0.00000000839
631, 50.00000000000, 1242.72598817829, 195.87546794457, 4.12500003222, 0.00000000000, 0.00000000029, -0.00000000158
632, 50.00000000000, 1246.80853485772, 123.08581717785, 4.12500003222, 0.00000000000, -0.00000004272, -0.00000003446
633, 50.00000000000, 1267.02338625170, 140.92763662633, 4.12500003222, 0.00000000000, -0.00000002502, -0.00000002235
634, 50.00000000000, 1286.55905620392, 197.87245176750, 4.12500003222, 0.00000000000, 0.00000000000, 0.00000000000
635, 50.00000000000, 1298.84298258328, 143.94666270004, 4.12500003222, 0.00000000000, 0.00000000208, 0.00000000598
636, 50.00000000000, 1317.44208691274, 92.87220332954, 4.12500003222, 0.00000000000, -0.00000000550, 0.00000003144
637, 50.00000000000, 1315.03422052530, 157.90800012849, 4.12500003222, 0.00000000000, -0.00000000416, -0.00000000927
638, 50.00000000000, 1334.55925773266, 24.83088949673, 4.12500003222, 0.00000000000, 0.00000000123, -0.00000000121
639, 50.00000000000, 1355.41071475097, 29.08415602032, 4.12500003222, 0.00000000000, -0.00000000410, -0.00000001233
