0, 50.00000000000, 46.20589967114, 79.35778753914, 4.12500003222, 0.00000000000, -0.00000000540, -0.00000000234
1, 50.00000000000, 31.17842742412, 203.59963724588, 4.12500003222, 0.00000000000, 0.00000000000, 0.00000000000
2, 50.00000000000, 77.50394131016, 7.15678836839, 4.12500003222, 0.00000000000, -0.00000000330, 0.00000000797
3, 50.00000000000, 104.77883958089, 79.78763545672, 4.12500003222, 0.00000000000, -0.00000000298, -0.00000001599
4, 50.00000000000, 117.46065333669, 23.26931155291, 4.12500003222, 0.00000000000, -0.00000000698, -0.00000000743
5, 50.00000000000, 129.93852147505, 38.02723834045, 4.12500003222, 0.00000000000, -0.00000000420, 0.00000004287
6, 50.00000000000, 148.84984927938, 24.51250832290, 4.12500003222, 0.00000000000, 0.00000000261, 0.00000000354
7, 50.00000000000, 155.26992085538, 12.63954519496, 4.12500003222, 0.00000000000, -0.00000001250, -0.00000001451
8, 50.00000000000, 179.67866134252, 8.57875359948, 4.12500003222, 0.00000000000, -0.00000000383, -0.00000003390
9, 50.00000000000, 179.39834445159, 48.55380708008, 4.12500003222, 0.00000000000, -0.00000000443, 0.00000005053
10, 50.00000000000, 199.71986167250, 5.40353981788, 4.12500003222, 0.00000000000, -0.00000000035, 0.00000001130
11, 50.00000000000, 236.42304638644, 21.24619776665, 4.12500003222, 0.00000000000, 0.00000000873, 0.00000004091
12, 50.00000000000, 234.10565574675, 8.58214189088, 4.12500003222, 0.00000000000, -0.00000000217, -0.00000002918
13, 50.00000000000, 270.83544385936, 24.83574154662, 4.12500003222, 0.00000000000, -0.00000000881, 0.00000001447
14, 50.00000000000, 282.09996897598, 29.27436837052, 4.12500003222, 0.00000000000, 0.00000000551, -0.00000001601
15, 50.00000000000, 300.90859161028, 38.36100639143, 4.12500003222, 0.00000000000, -0.00000000646, 0.00000002541
16, 50.00000000000, 303.22146954454, 4.22515403025, 4.12500003222, 0.00000000000, 0.00000000401, 0.00000000881
17, 50.00000000000, 321.48525774768, 41.69626164115, 4.12500003222, 0.00000000000, 0.00000001323, 0.00000001151
18, 50.00000000000, 320.77220573898, -30000000.00000000000, 0.00000000000, 0.00000000000, 0.00000086896, 0.66000001198
19, 50.00000000000, 375.12333168114, 84.63130959967, 4.12500003222, 0.00000000000, 0.00000000782, 0.00000001042
20, 50.00000000000, 354.78505746845, -30000000.00000000000, 0.00000000000, 0.00000000000, -0.00000024838, 0.66000001198
21, 50.00000000000, 396.78427898911, 32.89099545361, 4.12500003222, 0.00000000000, 0.00000000210, 0.00000001751
22, 50.00000000000, 412.37393268600, 115.79068802261, 4.12500003222, 0.00000000000, -0.00000000133, 0.00000000877
23, 50.00000000000, 418.99331058999, 55.89616115009, 4.12500003222, 0.00000000000, 0.00000000586, -0.00000000104
24, 50.00000000000, 432.27415748936, -30000000.00000000000, 0.00000000000, 0.00000000000, -0.00000154884, 0.66000001198
25, 50.00000000000, 443.88324208119, 62.59111645071, 4.12500003222, 0.00000000000, -0.00000000498, 0.00000000755
26, 50.00000000000, 471.10230148855, 47.29729975500, 4.12500003222, 0.00000000000, -0.00000000367, -0.00000002583
27, 50.00000000000, 487.77460606320, 44.50056567729, 4.12500003222, 0.00000000000, -0.00000000480, 0.00000001675
28, 50.00000000000, 490.80233750401, -30000000.00000000000, 0.00000000000, 0.00000000000, 0.00000049650, 0.66000001198
29, 50.00000000000, 538.35331306575, 137.58839269011, 4.12500003222, 0.00000000000, -0.00000000387, 0.00000001644
30, 50.00000000000, 541.25759934643, 63.42554223097, 4.12500003222, 0.00000000000, -0.00000000400, -0.00000000940
31, 50.00000000000, 543.19691392511, -30000000.00000000000, 0.00000000000, 0.00000000000, -0.00000031239, 0.66000001198
32, 50.00000000000, 553.51083804229, -30000000.00000000000, 0.00000000000, 0.00000000000, -0.00000083369, 0.66000001198
33, 50.00000000000, 579.37083240396, -30000000.00000000000, 0.00000000000, 0.00000000000, -0.00000082370, 0.66000001198
34, 50.00000000000, 601.69411233596, 68.05311878450, 4.12500003222, 0.00000000000, 0.00000000290, -0.00000003370
35, 50.00000000000, 623.83993133546, 106.84763963067, 4.12500003222, 0.00000000000, -0.00000000374, -0.00000000809
36, 50.00000000000, 634.34508717800, -30000000.00000000000, 0.00000000000, 0.00000000000, 0.00000103929, 0.66000001198
37, 50.00000000000, 652.04110327195, -30000000.00000000000, 0.00000000000, 0.00000000000, 0.00000034749, 0.66000001198
38, 50.00000000000, 665.81883992390, -30000000.00000000000, 0.00000000000, 0.00000000000, -0.00000046471, 0.66000001198
39, 50.00000000000, 689.62023614904, -30000000.00000000000, 0.00000000000, 0.00000000000, -0.00000146193, 0.66000001198
40, 50.00000000000, 700.00972289972, -30000000.00000000000, 0.00000000000, 0.00000000000, -0.00000081334, 0.66000001198
41, 50.00000000000, 719.85141430925, -30000000.00000000000, 0.00000000000, 0.00000000000, -0.00000036030, 0.66000001198
42, 50.00000000000, 733.69844291275, 73.13430787257, 4.12500003222, 0.00000000000, 0.00000001602, -0.00000001505
43, 50.00000000000, 750.33376210210, 101.66613276469, 4.12500003222, 0.00000000000, 0.00000000168, 0.00000002634
44, 50.00000000000, 768.47924415994, 101.99145343852, 4.12500003222, 0.00000000000, -0.00000000179, -0.00000000588
45, 50.00000000000, 785.39871402538, -30000000.00000000000, 0.00000000000, 0.00000000000, 0.00000067281, 0.66000001198
46, 50.00000000000, 802.72063867561, -30000000.00000000000, 0.00000000000, 0.00000000000, -0.00000020174, 0.66000001198
47, 50.00000000000, 821.86992796889, -30000000.00000000000, 0.00000000000, 0.00000000000, -0.00000056600, 0.66000001198
48, 50.00000000000, 835.05849387833, -30000000.00000000000, 0.00000000000, 0.00000000000, -0.00000162012, 0.66000001198
49, 50.00000000000, 840.90120322088, 86.15679165539, 4.12500003222, 0.00000000000, -0.00000000238, -0.00000000411
50, 50.00000000000, 877.38136137834, -30000000.00000000000, 0.00000000000, 0.00000000000, 0.00000194555, 0.66000001198
51, 50.00000000000, 893.77444871763, -30000000.00000000000, 0.00000000000, 0.00000000000, 0.00000027232, 0.66000001198
52, 50.00000000000, 869.06273323659, 187.27354695422, 4.12500003222, 0.00000000000, -0.00000000161, -0.00000001418
53, 50.00000000000, 929.93711020118, -30000000.00000000000, 0.00000000000, 0.00000000000, -0.00000148395, 0.66000001198
54, 50.00000000000, 942.00735429253, -30000000.00000000000, 0.00000000000, 0.00000000000, -0.00000026674, 0.66000001198
55, 50.00000000000, 956.53609056131, -30000000.00000000000, 0.00000000000, 0.00000000000, 0.00000118068, 0.66000001198
56, 50.00000000000, 977.98592740005, -30000000.00000000000, 0.00000000000, 0.00000000000, -0.00000065949, 0.66000001198
57, 50.00000000000, 980.14443134146, 46.91535831775, 4.12500003222, 0.00000000000, -0.00000000319, -0.00000001521
58, 50.00000000000, 1013.21777405636, -30000000.00000000000, 0.00000000000, 0.00000000000, 0.00000144585, 0.66000001198
59, 50.00000000000, 1019.30085171019, 46.50238818760, 4.12500003222, 0.00000000000, 0.00000000407, 0.00000001143
60, 50.00000000000, 1027.67216105800, 112.84243398663, 4.12500003222, 0.00000000000, 0.00000000051, -0.00000001152
61, 50.00000000000, 1061.90329918524, -30000000.00000000000, 0.00000000000, 0.00000000000, 0.00000017793, 0.66000001198
62, 50.00000000000, 1072.90617315572, -30000000.00000000000, 0.00000000000, 0.00000000000, 0.00000042735, 0.66000001198
63, 50.00000000000, 1105.68237647562, 101.37736509636, 4.12500003222, 0.00000000000, 0.00000000254, -0.00000000714
64, 50.00000000000, 1098.33345398525, 1.84913353509, 4.12500003222, 0.00000000000, 0.00000000597, 0.00000003433
65, 50.00000000000, 1125.02203506172, 74.82975573811, 4.12500003222, 0.00000000000, 0.00000000139, -0.00000003060
66, 50.00000000000, 1121.35158205217, 29.84101105868, 4.12500003222, 0.00000000000, 0.00000001110, -0.00000001638
67, 50.00000000000, 1156.93591491458, 66.84690266666, 4.12500003222, 0.00000000000, 0.00000000868, -0.00000000280
68, 50.00000000000, 1175.76315871531, 40.57182976572, 4.12500003222, 0.00000000000, -0.00000000222, -0.00000000191
69, 50.00000000000, 1178.48951007613, 5.91040493437, 4.12500003222, 0.00000000000, 0.00000000927, -0.00000001900
70, 50.00000000000, 1191.63749956278, 25.37142633021, 4.12500003222, 0.00000000000, -0.00000000372, -0.00000001521
71, 50.00000000000, 1209.92328099758, 31.65762167444, 4.12500003222, 0.00000000000, -0.00000000087, 0.00000000841
72, 50.00000000000, 1243.15965925511, 50.39080168921, 4.12500003222, 0.00000000000, -0.00000000043, -0.00000001801
73, 50.00000000000, 1211.17284401479, 121.42343461528, 4.12500003222, 0.00000000000, 0.00000000404, -0.00000000285
74, 50.00000000000, 1263.26840854616, 9.61360115131, 4.12500003222, 0.00000000000, -0.00000000158, -0.00000000526
75, 50.00000000000, 1278.90691043884, 7.63544528727, 4.12500003222, 0.00000000000, -0.00000000321, -0.00000002877
76, 50.00000000000, 1287.53411245587, 30.73522641536, 4.12500003222, 0.00000000000, 0.00000000752, 0.00000000896
77, 50.00000000000, 1297.57404928719, 48.58465403305, 4.12500003222, 0.00000000000, 0.00000000820, -0.00000001445
78, 50.00000000000, 1321.67456442690, 11.15172975033, 4.12500003222, 0.00000000000, 0.00000000159, 0.00000000087
79, 50.00000000000, 1309.32005561229, 101.19634228285, 4.12500003222, 0.00000000000, 0.00000000372, 0.00000000463
80, 50.00000000000, 42.79397061466, 14.27185788264, 4.12500003222, 0.00000000000, 0.00000001055, 0.00000000236
81, 50.00000000000, 63.97562313737, 28.40310649709, 4.12500003222, 0.00000000000, 0.00000000121, -0.00000004557
82, 50.00000000000, 85.72460624768, 27.93246246320, 4.12500003222, 0.00000000000, -0.00000000310, 0.00000001416
83, 50.00000000000, 98.61040517177, 14.93396456527, 4.12500003222, 0.00000000000, -0.00000000303, -0.00000002540
84, 50.00000000000, 105.38824854147, 38.32132674270, 4.12500003222, 0.00000000000, 0.00000000425, 0.00000003099
85, 50.00000000000, 132.05617151940, 6.42372692237, 4.12500003222, 0.00000000000, 0.00000000654, 0.00000001201
86, 50.00000000000, 146.92853602694, 3.66398996019, 4.12500003222, 0.00000000000, 0.00000000191, 0.00000002227
87, 50.00000000000, 165.28074005999, 30.38507650217, 4.12500003222, 0.00000000000, 0.00000000183, -0.00000006447
88, 50.00000000000, 158.19012561656, 54.53708760693, 4.12500003222, 0.00000000000, 0.00000000872, 0.00000003196
89, 50.00000000000, 182.30360988076, 31.88532590632, 4.12500003222, 0.00000000000, 0.00000000704, 0.00000001118
90, 50.00000000000, 218.70294261117, 15.64749466743, 4.12500003222, 0.00000000000, -0.00000001039, -0.00000003026
91, 50.00000000000, 215.60291630028, 27.03921898796, 4.12500003222, 0.00000000000, -0.00000001010, 0.00000000415
92, 50.00000000000, 256.86503411482, 31.62510695456, 4.12500003222, 0.00000000000, -0.00000000533, -0.00000001532
93, 50.00000000000, 251.74716585752, 20.81873207979, 4.12500003222, 0.00000000000, 0.00000001071, 0.00000002602
94, 50.00000000000, 277.76763017991, 44.76928615965, 4.12500003222, 0.00000000000, 0.00000000821, 0.00000002611
95, 50.00000000000, 297.06891822032, 60.88849373081, 4.12500003222, 0.00000000000, 0.00000000477, -0.00000001371
96, 50.00000000000, 319.75005181006, 9.35028501543, 4.12500003222, 0.00000000000, -0.00000000534, 0.00000001322
97, 50.00000000000, 319.62588186385, 64.27934189853, 4.12500003222, 0.00000000000, -0.00000000611, -0.00000001253
98, 50.00000000000, 344.38952677471, 39.54118586905, 4.12500003222, 0.00000000000, -0.00000000207, -0.00000000529
99, 50.00000000000, 366.96560934333, 64.98281343141, 4.12500003222, 0.00000000000, -0.00000001193, 0.00000001817
100, 50.00000000000, 354.50184675772, -30000000.00000000000, 0.00000000000, 0.00000000000, -0.00000022625, 0.66000001198
101, 50.00000000000, 373.64157133848, -30000000.00000000000, 0.00000000000, 0.00000000000, -0.00000009073, 0.66000001198
102, 50.00000000000, 392.21622457898, -30000000.00000000000, 0.00000000000, 0.00000000000, 0.00000085312, 0.66000001198
103, 50.00000000000, 414.50078139721, 90.75747287548, 4.12500003222, 0.00000000000, 0.00000000330, -0.00000002916
104, 50.00000000000, 435.54063502805, 40.16397433644, 4.12500003222, 0.00000000000, 0.00000000915, -0.00000000902
105, 50.00000000000, 452.26508294106, 48.28300886933, 4.12500003222, 0.00000000000, -0.00000000061, 0.00000000441
106, 50.00000000000, 474.94393438929, 102.54473320543, 4.12500003222, 0.00000000000, 0.00000000247, 0.00000001070
107, 50.00000000000, 478.68647748534, -30000000.00000000000, 0.00000000000, 0.00000000000, 0.00000090104, 0.66000001198
108, 50.00000000000, 510.20424624374, 93.57599345386, 4.12500003222, 0.00000000000, 0.00000000937, -0.00000000547
109, 50.00000000000, 521.00522097051, 93.23376965943, 4.12500003222, 0.00000000000, 0.00000000008, 0.00000002335
110, 50.00000000000, 539.05201668111, -30000000.00000000000, 0.00000000000, 0.00000000000, 0.00000041767, 0.66000001198
111, 50.00000000000, 545.77179603882, -30000000.00000000000, 0.00000000000, 0.00000000000, -0.00000076431, 0.66000001198
112, 50.00000000000, 575.94064521812, 97.40101330260, 4.12500003222, 0.00000000000, -0.00000000148, 0.00000000490
113, 50.00000000000, 588.28462866687, 114.24274056276, 4.12500003222, 0.00000000000, -0.00000000841, 0.00000004223
114, 50.00000000000, 612.78885446604, 121.55212275097, 4.12500003222, 0.00000000000, -0.00000000482, -0.00000000610
115, 50.00000000000, 617.08287733555, -30000000.00000000000, 0.00000000000, 0.00000000000, 0.00000207609, 0.66000001198
116, 50.00000000000, 621.15503974163, -30000000.00000000000, 0.00000000000, 0.00000000000, 0.00000135948, 0.66000001198
117, 50.00000000000, 643.59352930570, -30000000.00000000000, 0.00000000000, 0.00000000000, 0.00000028890, 0.66000001198
118, 50.00000000000, 661.93821782888, -30000000.00000000000, 0.00000000000, 0.00000000000, -0.00000066518, 0.66000001198
119, 50.00000000000, 677.80786175520, -30000000.00000000000, 0.00000000000, 0.00000000000, -0.00000008347, 0.66000001198
120, 50.00000000000, 732.36298769680, 118.64431127367, 4.12500003222, 0.00000000000, 0.00000000561, -0.00000001159
121, 50.00000000000, 720.13846770867, 67.61113411654, 4.12500003222, 0.00000000000, 0.00000000939, -0.00000001288
122, 50.00000000000, 738.61990781069, 82.20588667538, 4.12500003222, 0.00000000000, 0.00000000261, -0.00000002934
123, 50.00000000000, 752.22759272297, -30000000.00000000000, 0.00000000000, 0.00000000000, 0.00000049558, 0.66000001198
124, 50.00000000000, 779.25472926976, 47.86205210933, 4.12500003222, 0.00000000000, 0.00000000246, 0.00000000255
125, 50.00000000000, 801.45456465969, 56.64543635690, 4.12500003222, 0.00000000000, 0.00000000199, -0.00000002819
126, 50.00000000000, 796.92100672307, -30000000.00000000000, 0.00000000000, 0.00000000000, 0.00000094659, 0.66000001198
127, 50.00000000000, 822.03916367755, -30000000.00000000000, 0.00000000000, 0.00000000000, -0.00000059331, 0.66000001198
128, 50.00000000000, 851.46842551892, 69.17464344548, 4.12500003222, 0.00000000000, -0.00000000170, 0.00000001596
129, 50.00000000000, 845.05830728442, 105.32614323751, 4.12500003222, 0.00000000000, 0.00000000506, 0.00000001912
130, 50.00000000000, 896.21049548704, 70.93283128991, 4.12500003222, 0.00000000000, -0.00000000086, 0.00000000863
131, 50.00000000000, 881.29162901969, -30000000.00000000000, 0.00000000000, 0.00000000000, 0.00000181700, 0.66000001198
132, 50.00000000000, 901.95507911787, -30000000.00000000000, 0.00000000000, 0.00000000000, -0.00000031456, 0.66000001198
133, 50.00000000000, 902.19721811314, 173.94023211732, 4.12500003222, 0.00000000000, -0.00000000600, -0.00000001493
134, 50.00000000000, 946.52277290084, 66.10820215118, 4.12500003222, 0.00000000000, -0.00000000538, -0.00000000733
135, 50.00000000000, 963.02258338739, 50.03419910310, 4.12500003222, 0.00000000000, -0.00000000153, 0.00000000481
136, 50.00000000000, 972.40402886907, -30000000.00000000000, 0.00000000000, 0.00000000000, -0.00000035837, 0.66000001198
137, 50.00000000000, 997.91488899191, 61.00935510198, 4.12500003222, 0.00000000000, 0.00000000266, -0.00000001122
138, 50.00000000000, 994.83278142323, 101.24854515599, 4.12500003222, 0.00000000000, 0.00000000144, -0.00000000174
139, 50.00000000000, 1031.32907735432, -30000000.00000000000, 0.00000000000, 0.00000000000, -0.00000093901, 0.66000001198
140, 50.00000000000, 1040.42099259026, -30000000.00000000000, 0.00000000000, 0.00000000000, -0.00000085620, 0.66000001198
141, 50.00000000000, 1048.61891703670, 57.32189384525, 4.12500003222, 0.00000000000, 0.00000000196, -0.00000000665
142, 50.00000000000, 1080.47056507641, -30000000.00000000000, 0.00000000000, 0.00000000000, -0.00000023831, 0.66000001198
143, 50.00000000000, 1085.72956548970, 50.68232078006, 4.12500003222, 0.00000000000, -0.00000000494, 0.00000000005
144, 50.00000000000, 1083.10598927237, 15.04685783990, 4.12500003222, 0.00000000000, 0.00000000457, -0.00000000797
145, 50.00000000000, 1108.12731366627, 13.56730755907, 4.12500003222, 0.00000000000, -0.00000000129, -0.00000003034
146, 50.00000000000, 1139.34332484395, 35.85169567156, 4.12500003222, 0.00000000000, 0.00000000232, -0.00000001081
147, 50.00000000000, 1157.67893887225, 29.52110392561, 4.12500003222, 0.00000000000, 0.00000000062, -0.00000002315
148, 50.00000000000, 1170.73936009433, 133.67026163788, 4.12500003222, 0.00000000000, -0.00000000293, -0.00000003228
149, 50.00000000000, 1174.45343797621, 27.96974481139, 4.12500003222, 0.00000000000, 0.00000000042, -0.00000003399
150, 50.00000000000, 1193.58824657476, 41.18712615507, 4.12500003222, 0.00000000000, 0.00000000338, 0.00000001385
151, 50.00000000000, 1212.12645893408, 12.30401062817, 4.12500003222, 0.00000000000, -0.00000000042, -0.00000002063
152, 50.00000000000, 1208.08777284401, 141.81479384110, 4.12500003222, 0.00000000000, 0.00000000105, -0.00000001219
153, 50.00000000000, 1247.73183295558, 11.45051001263, 4.12500003222, 0.00000000000, -0.00000000567, 0.00000000176
154, 50.00000000000, 1267.20721862576, 25.51232370758, 4.12500003222, 0.00000000000, -0.00000000625, 0.00000002234
155, 50.00000000000, 1272.94783395409, 74.66878733768, 4.12500003222, 0.00000000000, 0.00000000856, -0.00000002931
156, 50.00000000000, 1277.62355983953, 114.16572206271, 4.12500003222, 0.00000000000, 0.00000000029, 0.00000002412
157, 50.00000000000, 1291.75737810812, 71.75777749151, 4.12500003222, 0.00000000000, -0.00000000279, -0.00000001658
158, 50.00000000000, 1290.88851890729, 128.51151091124, 4.12500003222, 0.00000000000, -0.00000001316, -0.00000000924
159, 50.00000000000, 1311.12471027607, 77.85410877528, 4.12500003222, 0.00000000000, 0.00000000400, -0.00000001019
160, 50.00000000000, 53.36894577791, 26.49668009196, 4.12500003222, 0.00000000000, 0.00000000060, -0.00000001899
161, 50.00000000000, 70.99677849070, 80.38996535302, 4.12500003222, 0.00000000000, 0.00000000213, -0.00000000484
162, 50.00000000000, 90.32260696965, 6.80712123311, 4.12500003222, 0.00000000000, 0.00000000163, -0.00000000322
163, 50.00000000000, 100.18970536475, 27.85817048402, 4.12500003222, 0.00000000000, 0.00000000501, 0.00000003381
164, 50.00000000000, 110.27714057313, 60.39863938517, 4.12500003222, 0.00000000000, 0.00000000429, 0.00000001423
165, 50.00000000000, 115.07461364035, 45.64480801727, 4.12500003222, 0.00000000000, 0.00000000429, 0.00000000787
166, 50.00000000000, 148.52780035213, 38.48688383578, 4.12500003222, 0.00000000000, -0.00000001072, -0.00000000114
167, 50.00000000000, 163.13855776243, 21.52508991549, 4.12500003222, 0.00000000000, -0.00000000301, -0.00000001509
168, 50.00000000000, 167.51673354760, 62.33765014576, 4.12500003222, 0.00000000000, 0.00000001211, -0.00000000639
169, 50.00000000000, 197.47716786987, 15.27300544186, 4.12500003222, 0.00000000000, 0.00000000407, 0.00000004358
170, 50.00000000000, 215.87911744637, 6.25916171059, 4.12500003222, 0.00000000000, 0.00000000735, 0.00000000545
171, 50.00000000000, 233.60224776022, 33.37433963681, 4.12500003222, 0.00000000000, 0.00000000764, 0.00000002842
172, 50.00000000000, 253.94973859915, 8.42025992955, 4.12500003222, 0.00000000000, 0.00000000413, -0.00000002636
173, 50.00000000000, 265.92054374354, 47.96057607516, 4.12500003222, 0.00000000000, -0.00000000091, 0.00000002407
174, 50.00000000000, 284.55731501793, 7.76684245386, 4.12500003222, 0.00000000000, 0.00000000511, -0.00000000516
175, 50.00000000000, 293.15973861246, 14.15556339750, 4.12500003222, 0.00000000000, 0.00000000449, -0.00000002206
176, 50.00000000000, 313.42438456981, 24.99566280583, 4.12500003222, 0.00000000000, 0.00000000036, -0.00000000233
177, 50.00000000000, 333.83197049037, 48.33646981168, 4.12500003222, 0.00000000000, -0.00000000347, -0.00000001461
178, 50.00000000000, 353.40587896544, 85.47487986761, 4.12500003222, 0.00000000000, -0.00000000100, 0.00000000353
179, 50.00000000000, 361.24438767831, 98.34374540400, 4.12500003222, 0.00000000000, -0.00000000723, -0.00000001969
180, 50.00000000000, 379.93424078557, 102.64577286740, 4.12500003222, 0.00000000000, 0.00000000962, -0.00000004245
181, 50.00000000000, 396.11099293217, 88.46908567196, 4.12500003222, 0.00000000000, -0.00000000253, -0.00000001711
182, 50.00000000000, 415.38667002083, 105.21179715510, 4.12500003222, 0.00000000000, -0.00000000313, -0.00000000734
183, 50.00000000000, 416.13779092510, 37.31812737870, 4.12500003222, 0.00000000000, -0.00000000170, 0.00000000572
184, 50.00000000000, 419.54036532895, -30000000.00000000000, 0.00000000000, 0.00000000000, 0.00000008439, 0.66000001198
185, 50.00000000000, 446.58483697599, 122.07634165136, 4.12500003222, 0.00000000000, 0.00000000518, -0.00000002044
186, 50.00000000000, 465.87169969208, 84.73392295477, 4.12500003222, 0.00000000000, 0.00000000558, -0.00000000788
187, 50.00000000000, 480.16701607442, 80.48044880357, 4.12500003222, 0.00000000000, 0.00000000321, -0.00000000155
188, 50.00000000000, 504.52888512031, 61.31864644562, 4.12500003222, 0.00000000000, -0.00000000719, 0.00000002556
189, 50.00000000000, 523.98907333138, 47.50876318229, 4.12500003222, 0.00000000000, 0.00000000454, -0.00000000558
190, 50.00000000000, 520.58267380689, -30000000.00000000000, 0.00000000000, 0.00000000000, 0.00000135806, 0.66000001198
191, 50.00000000000, 553.28304539448, 82.40305143791, 4.12500003222, 0.00000000000, 0.00000000419, 0.00000002374
192, 50.00000000000, 567.81180414782, 151.08503809242, 4.12500003222, 0.00000000000, 0.00000000062, -0.00000002611
193, 50.00000000000, 575.94551355963, 185.57554606994, 4.12500003222, 0.00000000000, -0.00000000380, -0.00000002513
194, 50.00000000000, 592.58046029382, 171.43464343999, 4.12500003222, 0.00000000000, -0.00000000653, 0.00000000585
195, 50.00000000000, 612.28101428985, -30000000.00000000000, 0.00000000000, 0.00000000000, 0.00000223237, 0.66000001198
196, 50.00000000000, 639.89820585641, -30000000.00000000000, 0.00000000000, 0.00000000000, 0.00000073799, 0.66000001198
197, 50.00000000000, 653.53228575771, -30000000.00000000000, 0.00000000000, 0.00000000000, -0.00000007266, 0.66000001198
198, 50.00000000000, 676.41368530526, 60.45290632136, 4.12500003222, 0.00000000000, -0.00000000756, 0.00000000624
199, 50.00000000000, 673.06020826581, -30000000.00000000000, 0.00000000000, 0.00000000000, 0.00000070719, 0.66000001198
200, 50.00000000000, 712.68500737688, 102.33649965473, 4.12500003222, 0.00000000000, -0.00000000190, 0.00000001251
201, 50.00000000000, 728.55090510646, 104.70883660604, 4.12500003222, 0.00000000000, 0.00000000029, 0.00000001909
202, 50.00000000000, 729.29309881738, 51.19946391854, 4.12500003222, 0.00000000000, -0.00000001418, 0.00000000396
203, 50.00000000000, 756.44150424276, -30000000.00000000000, 0.00000000000, 0.00000000000, -0.00000024601, 0.66000001198
204, 50.00000000000, 765.68247227427, -30000000.00000000000, 0.00000000000, 0.00000000000, -0.00000020833, 0.66000001198
205, 50.00000000000, 798.39592745325, 41.89372641919, 4.12500003222, 0.00000000000, 0.00000000032, 0.00000001291
206, 50.00000000000, 818.04729703823, 37.95750199225, 4.12500003222, 0.00000000000, 0.00000000021, 0.00000000177
207, 50.00000000000, 811.08792221613, 70.68683184033, 4.12500003222, 0.00000000000, -0.00000000198, -0.00000000245
208, 50.00000000000, 828.89176781160, 101.09730697404, 4.12500003222, 0.00000000000, -0.00000001273, -0.00000002527
209, 50.00000000000, 830.86067840329, 69.76964489089, 4.12500003222, 0.00000000000, 0.00000000371, -0.00000001811
210, 50.00000000000, 866.59283745094, -30000000.00000000000, 0.00000000000, 0.00000000000, 0.00000161984, 0.66000001198
211, 50.00000000000, 890.63605409679, -30000000.00000000000, 0.00000000000, 0.00000000000, 0.00000103109, 0.66000001198
212, 50.00000000000, 903.68284258924, 49.02169855612, 4.12500003222, 0.00000000000, 0.00000000074, 0.00000000801
213, 50.00000000000, 915.76837511254, -30000000.00000000000, 0.00000000000, 0.00000000000, -0.00000147500, 0.66000001198
214, 50.00000000000, 939.80741442746, 109.72756909663, 4.12500003222, 0.00000000000, 0.00000000358, -0.00000000274
215, 50.00000000000, 961.58023376886, 61.97074218384, 4.12500003222, 0.00000000000, -0.00000000455, -0.00000000942
216, 50.00000000000, 982.75785224954, 60.24691302119, 4.12500003222, 0.00000000000, 0.00000000053, -0.00000001940
217, 50.00000000000, 984.27381532761, -30000000.00000000000, 0.00000000000, 0.00000000000, -0.00000176700, 0.66000001198
218, 50.00000000000, 1003.32229807529, -30000000.00000000000, 0.00000000000, 0.00000000000, 0.00000034875, 0.66000001198
219, 50.00000000000, 1025.88273151686, -30000000.00000000000, 0.00000000000, 0.00000000000, -0.00000022594, 0.66000001198
220, 50.00000000000, 1006.65444899386, 139.22306440609, 4.12500003222, 0.00000000000, -0.00000000049, 0.00000001594
221, 50.00000000000, 1055.50884470625, 51.21986944095, 4.12500003222, 0.00000000000, -0.00000001234, 0.00000000575
222, 50.00000000000, 1073.25575304026, 58.78174288190, 4.12500003222, 0.00000000000, 0.00000000234, 0.00000002364
223, 50.00000000000, 1084.18694450556, 35.74444216639, 4.12500003222, 0.00000000000, 0.00000000067, -0.00000000908
224, 50.00000000000, 1094.20420087666, 14.13700522560, 4.12500003222, 0.00000000000, 0.00000000342, 0.00000000069
225, 50.00000000000, 1126.60664642205, 21.66461282126, 4.12500003222, 0.00000000000, -0.00000000485, 0.00000001709
226, 50.00000000000, 1125.14452715710, 93.82322023587, 4.12500003222, 0.00000000000, -0.00000000320, 0.00000002708
227, 50.00000000000, 1151.57028960802, 48.37033410301, 4.12500003222, 0.00000000000, -0.00000001167, -0.00000002738
228, 50.00000000000, 1158.70562928746, 10.01951193226, 4.12500003222, 0.00000000000, -0.00000000297, 0.00000001692
229, 50.00000000000, 1175.05158874714, 15.60753450073, 4.12500003222, 0.00000000000, -0.00000000670, 0.00000003983
230, 50.00000000000, 1194.74071994125, 16.14832810618, 4.12500003222, 0.00000000000, -0.00000000722, -0.00000000296
231, 50.00000000000, 1218.72059786390, 78.28326368196, 4.12500003222, 0.00000000000, 0.00000000465, 0.00000000679
232, 50.00000000000, 1231.88680443703, 38.28854345376, 4.12500003222, 0.00000000000, 0.00000000603, 0.00000001320
233, 50.00000000000, 1233.68751300026, 72.39416217171, 4.12500003222, 0.00000000000, -0.00000000167, -0.00000000453
234, 50.00000000000, 1248.80774349033, 67.60119324791, 4.12500003222, 0.00000000000, 0.00000000006, 0.00000000228
235, 50.00000000000, 1264.49816636731, 94.71035593831, 4.12500003222, 0.00000000000, -0.00000000945, 0.00000002141
236, 50.00000000000, 1300.76006004408, 9.53248658422, 4.12500003222, 0.00000000000, -0.00000000225, -0.00000001010
237, 50.00000000000, 1290.07520581962, 91.80920764998, 4.12500003222, 0.00000000000, 0.00000000570, 0.00000000292
238, 50.00000000000, 1295.22821411953, 107.12376945499, 4.12500003222, 0.00000000000, 0.00000001699, 0.00000001297
239, 50.00000000000, 1319.94388703981, 109.48496391313, 4.12500003222, 0.00000000000, -0.00000000528, -0.00000004018
240, 50.00000000000, 59.90616411951, 47.39627967676, 4.12500003222, 0.00000000000, 0.00000000510, 0.00000001446
241, 50.00000000000, 56.71462338157, 7.11126207091, 4.12500003222, 0.00000000000, 0.00000000716, 0.00000002870
242, 50.00000000000, 76.69645368138, 22.31053386875, 4.12500003222, 0.00000000000, -0.00000000818, -0.00000000135
243, 50.00000000000, 103.05095691897, 94.12808777872, 4.12500003222, 0.00000000000, -0.00000000013, -0.00000003197
244, 50.00000000000, 120.86029901924, 91.36205597884, 4.12500003222, 0.00000000000, 0.00000000280, 0.00000002510
245, 50.00000000000, 127.92881500473, 72.81093074008, 4.12500003222, 0.00000000000, -0.00000000853, -0.00000000479
246, 50.00000000000, 141.90503387576, 17.67229408929, 4.12500003222, 0.00000000000, 0.00000002031, -0.00000002228
247, 50.00000000000, 132.95997607534, 123.12764123028, 4.12500003222, 0.00000000000, 0.00000000314, 0.00000000573
248, 50.00000000000, 137.43778205544, 81.99566856317, 4.12500003222, 0.00000000000, 0.00000000670, 0.00000001146
249, 50.00000000000, 151.36819769606, 94.86690724288, 4.12500003222, 0.00000000000, 0.00000000189, 0.00000000450
250, 50.00000000000, 199.13206410900, 24.88368221539, 4.12500003222, 0.00000000000, -0.00000000198, -0.00000000706
251, 50.00000000000, 189.39741468721, 112.37079957801, 4.12500003222, 0.00000000000, -0.00000000096, -0.00000001943
252, 50.00000000000, 242.41722331972, 52.73073601404, 4.12500003222, 0.00000000000, -0.00000000499, -0.00000001574
253, 50.00000000000, 269.40454867865, 35.89982031236, 4.12500003222, 0.00000000000, -0.00000000688, -0.00000002272
254, 50.00000000000, 233.23188638019, 155.08164213035, 4.12500003222, 0.00000000000, -0.00000000279, -0.00000000184
255, 50.00000000000, 252.50825865381, 160.99848441791, 4.12500003222, 0.00000000000, 0.00000000274, 0.00000000118
256, 50.00000000000, 292.22955413007, 169.76879387847, 4.12500003222, 0.00000000000, 0.00000000018, 0.00000000008
257, 50.00000000000, 332.12483570380, 58.71930192886, 4.12500003222, 0.00000000000, -0.00000000333, 0.00000003667
258, 50.00000000000, 352.80762899058, 73.28010438975, 4.12500003222, 0.00000000000, -0.00000000201, 0.00000001213
259, 50.00000000000, 361.69332689084, 32.66493712194, 4.12500003222, 0.00000000000, 0.00000000372, 0.00000001279
260, 50.00000000000, 378.44442579442, 47.09764709018, 4.12500003222, 0.00000000000, -0.00000000562, -0.00000002005
261, 50.00000000000, 386.48862157710, 54.51973367604, 4.12500003222, 0.00000000000, 0.00000000206, 0.00000000532
262, 50.00000000000, 388.93887788843, -30000000.00000000000, 0.00000000000, 0.00000000000, 0.00000061209, 0.66000001198
263, 50.00000000000, 430.85248324084, 89.84844269286, 4.12500003222, 0.00000000000, -0.00000000291, -0.00000000702
264, 50.00000000000, 429.56487608416, 55.09138261385, 4.12500003222, 0.00000000000, 0.00000000082, -0.00000000164
265, 50.00000000000, 446.89382302261, 83.95995581602, 4.12500003222, 0.00000000000, -0.00000000079, -0.00000002663
266, 50.00000000000, 465.73396609247, 120.19664553223, 4.12500003222, 0.00000000000, -0.00000000417, -0.00000000842
267, 50.00000000000, 486.85288306302, 90.73920628210, 4.12500003222, 0.00000000000, 0.00000000460, -0.00000000830
268, 50.00000000000, 498.21843811630, 81.15366180041, 4.12500003222, 0.00000000000, -0.00000000663, -0.00000000590
269, 50.00000000000, 523.40042377059, 61.82836499264, 4.12500003222, 0.00000000000, -0.00000000018, -0.00000000851
270, 50.00000000000, 531.84524923006, -30000000.00000000000, 0.00000000000, 0.00000000000, -0.00000014633, 0.66000001198
271, 50.00000000000, 559.03042481111, 103.33714069688, 4.12500003222, 0.00000000000, -0.00000000235, 0.00000002177
272, 50.00000000000, 562.91469830445, 65.20132506658, 4.12500003222, 0.00000000000, 0.00000000547, -0.00000000876
273, 50.00000000000, 599.08404637890, 137.21617036055, 4.12500003222, 0.00000000000, -0.00000000564, -0.00000001722
274, 50.00000000000, 608.39385497483, 104.94515063359, 4.12500003222, 0.00000000000, 0.00000000829, -0.00000001222
275, 50.00000000000, 614.14915877472, 86.37844527426, 4.12500003222, 0.00000000000, 0.00000000846, -0.00000001314
276, 50.00000000000, 629.15038711257, -30000000.00000000000, 0.00000000000, 0.00000000000, 0.00000099221, 0.66000001198
277, 50.00000000000, 664.19100961062, 75.48973977314, 4.12500003222, 0.00000000000, 0.00000000783, -0.00000000427
278, 50.00000000000, 660.57065993030, -30000000.00000000000, 0.00000000000, 0.00000000000, -0.00000089032, 0.66000001198
279, 50.00000000000, 679.88969764377, 44.50668043293, 4.12500003222, 0.00000000000, -0.00000000487, 0.00000000660
280, 50.00000000000, 694.87787975621, -30000000.00000000000, 0.00000000000, 0.00000000000, -0.00000029079, 0.66000001198
281, 50.00000000000, 719.23274701549, 85.69840876826, 4.12500003222, 0.00000000000, -0.00000000558, 0.00000002059
282, 50.00000000000, 745.01697509145, -30000000.00000000000, 0.00000000000, 0.00000000000, -0.00000014535, 0.66000001198
283, 50.00000000000, 765.66222054631, 120.23378062391, 4.12500003222, 0.00000000000, -0.00000000805, 0.00000000687
284, 50.00000000000, 776.13960493320, 82.41942303586, 4.12500003222, 0.00000000000, -0.00000000921, -0.00000004553
285, 50.00000000000, 786.29845201467, -30000000.00000000000, 0.00000000000, 0.00000000000, 0.00000050588, 0.66000001198
286, 50.00000000000, 819.24084108794, 54.09911782186, 4.12500003222, 0.00000000000, 0.00000000220, 0.00000001610
287, 50.00000000000, 838.89073613326, 50.04312689320, 4.12500003222, 0.00000000000, -0.00000000111, 0.00000000822
288, 50.00000000000, 839.46921890601, -30000000.00000000000, 0.00000000000, 0.00000000000, -0.00000101373, 0.66000001198
289, 50.00000000000, 872.40417659255, 69.95805893911, 4.12500003222, 0.00000000000, -0.00000000369, 0.00000000755
290, 50.00000000000, 861.78683960165, 89.88306688476, 4.12500003222, 0.00000000000, -0.00000000012, -0.00000000819
291, 50.00000000000, 883.03630656356, 54.08740617332, 4.12500003222, 0.00000000000, 0.00000000417, -0.00000002260
292, 50.00000000000, 905.22338823391, -30000000.00000000000, 0.00000000000, 0.00000000000, -0.00000110819, 0.66000001198
293, 50.00000000000, 920.92320732598, 100.42385992476, 4.12500003222, 0.00000000000, -0.00000000269, 0.00000000039
294, 50.00000000000, 926.92645121132, 48.54426380884, 4.12500003222, 0.00000000000, 0.00000000298, 0.00000002165
295, 50.00000000000, 948.41900583354, 41.78664064068, 4.12500003222, 0.00000000000, 0.00000000375, 0.00000001772
296, 50.00000000000, 974.72844110825, 93.49973864396, 4.12500003222, 0.00000000000, 0.00000000717, -0.00000001825
297, 50.00000000000, 985.77906005724, 81.94459692616, 4.12500003222, 0.00000000000, -0.00000000189, 0.00000001374
298, 50.00000000000, 1005.19884534599, 83.88781725042, 4.12500003222, 0.00000000000, 0.00000000245, -0.00000000553
299, 50.00000000000, 1030.85399897460, -30000000.00000000000, 0.00000000000, 0.00000000000, -0.00000088796, 0.66000001198
300, 50.00000000000, 1036.81696161687, 63.82328640544, 4.12500003222, 0.00000000000, 0.00000000105, -0.00000003021
301, 50.00000000000, 1054.12813565321, 93.90040066176, 4.12500003222, 0.00000000000, 0.00000000856, -0.00000002638
302, 50.00000000000, 1061.00867244268, 73.14205714215, 4.12500003222, 0.00000000000, 0.00000000671, 0.00000001273
303, 50.00000000000, 1095.76986868288, -30000000.00000000000, 0.00000000000, 0.00000000000, -0.00000083959, 0.66000001198
304, 50.00000000000, 1096.94396212531, 56.90965063757, 4.12500003222, 0.00000000000, 0.00000000191, 0.00000000262
305, 50.00000000000, 1126.79137059676, 53.79908410049, 4.12500003222, 0.00000000000, -0.00000000502, 0.00000001051
306, 50.00000000000, 1118.66802448256, 6.76845361753, 4.12500003222, 0.00000000000, -0.00000000842, 0.00000004310
307, 50.00000000000, 1138.68607821256, 76.80376029002, 4.12500003222, 0.00000000000, 0.00000000803, -0.00000002672
308, 50.00000000000, 1170.75199446877, 51.10316545270, 4.12500003222, 0.00000000000, 0.00000000772, 0.00000000645
309, 50.00000000000, 1196.44738018250, 75.86416898174, 4.12500003222, 0.00000000000, 0.00000000341, 0.00000001959
310, 50.00000000000, 1195.22487875648, 4.09881198670, 4.12500003222, 0.00000000000, 0.00000000289, -0.00000001562
311, 50.00000000000, 1205.48711147044, 88.12215995647, 4.12500003222, 0.00000000000, 0.00000000242, 0.00000001812
312, 50.00000000000, 1231.77337302801, 8.34646174446, 4.12500003222, 0.00000000000, -0.00000000345, -0.00000001931
313, 50.00000000000, 1227.71469951619, 23.95546941476, 4.12500003222, 0.00000000000, 0.00000000598, -0.00000000043
314, 50.00000000000, 1240.73199818528, 89.87989351780, 4.12500003222, 0.00000000000, 0.00000000621, 0.00000000235
315, 50.00000000000, 1262.27669068375, 60.73681001016, 4.12500003222, 0.00000000000, 0.00000000396, -0.00000000787
316, 50.00000000000, 1271.71798077739, 98.74488234563, 4.12500003222, 0.00000000000, -0.00000002042, 0.00000001795
317, 50.00000000000, 1303.83645763951, 60.47608267533, 4.12500003222, 0.00000000000, -0.00000000579, -0.00000001625
318, 50.00000000000, 1307.09757428896, 38.94717083954, 4.12500003222, 0.00000000000, -0.00000000170, 0.00000003137
319, 50.00000000000, 1332.28944629219, 72.24585939987, 4.12500003222, 0.00000000000, -0.00000000209, 0.00000001810
320, 50.00000000000, -15.81525601760, 72.98845474641, 4.12500003222, 0.00000000000, -0.00000000000, 0.00000000000
321, 50.00000000000, 66.74347270937, 12.16309427316, 4.12500003222, 0.00000000000, -0.00000000291, 0.00000001418
322, 50.00000000000, 76.80845962450, 60.69787886076, 4.12500003222, 0.00000000000, 0.00000000112, -0.00000000341
323, 50.00000000000, 92.94673686194, 48.49687506918, 4.12500003222, 0.00000000000, -0.00000000390, -0.00000004070
324, 50.00000000000, 73.44495054972, 250.28939702118, 4.12500003222, 0.00000000000, 0.00000000000, 0.00000000000
325, 50.00000000000, 129.85595213923, 14.24090069006, 4.12500003222, 0.00000000000, 0.00000001391, -0.00000002983
326, 50.00000000000, 139.22713837738, 43.86754913883, 4.12500003222, 0.00000000000, -0.00000001470, 0.00000000030
327, 50.00000000000, 161.44188332062, 42.13944089031, 4.12500003222, 0.00000000000, 0.00000000295, 0.00000002404
328, 50.00000000000, 179.42244226761, 16.84104983352, 4.12500003222, 0.00000000000, 0.00000000227, -0.00000002945
329, 50.00000000000, 171.79381201894, 85.18125971578, 4.12500003222, 0.00000000000, -0.00000000672, -0.00000001293
330, 50.00000000000, 185.83648624627, 128.36273300096, 4.12500003222, 0.00000000000, -0.00000000061, 0.00000002186
331, 50.00000000000, 187.14176911647, 92.62343294600, 4.12500003222, 0.00000000000, 0.00000000231, -0.00000001382
332, 50.00000000000, 258.44342016745, 54.86389738156, 4.12500003222, 0.00000000000, 0.00000000770, 0.00000001176
333, 50.00000000000, 270.14433903055, 83.86188213994, 4.12500003222, 0.00000000000, 0.00000000406, -0.00000000526
334, 50.00000000000, 289.38904179495, 79.34462301129, 4.12500003222, 0.00000000000, 0.00000000361, 0.00000000108
335, 50.00000000000, 272.54629006261, 163.88156436137, 4.12500003222, 0.00000000000, 0.00000000146, 0.00000000107
336, 50.00000000000, 311.42138680129, 48.22091151683, 4.12500003222, 0.00000000000, 0.00000000367, 0.00000001744
337, 50.00000000000, 342.36405521696, 89.71994163025, 4.12500003222, 0.00000000000, 0.00000000474, -0.00000000485
338, 50.00000000000, 345.48345930747, 63.28588261373, 4.12500003222, 0.00000000000, 0.00000001047, -0.00000000125
339, 50.00000000000, 340.00595498222, -30000000.00000000000, 0.00000000000, 0.00000000000, -0.00000017105, 0.66000001198
340, 50.00000000000, 365.47361659933, 52.06779395713, 4.12500003222, 0.00000000000, -0.00000000408, -0.00000001733
341, 50.00000000000, 397.71723706702, 47.32259394551, 4.12500003222, 0.00000000000, 0.00000000470, 0.00000000930
342, 50.00000000000, 402.78165685231, 70.64631703316, 4.12500003222, 0.00000000000, 0.00000000235, 0.00000000724
343, 50.00000000000, 411.95594727245, -30000000.00000000000, 0.00000000000, 0.00000000000, 0.00000040949, 0.66000001198
344, 50.00000000000, 421.63645327278, -30000000.00000000000, 0.00000000000, 0.00000000000, 0.00000031613, 0.66000001198
345, 50.00000000000, 450.33183826147, 100.97510278518, 4.12500003222, 0.00000000000, -0.00000000714, 0.00000001088
346, 50.00000000000, 462.05052910816, 68.68658931183, 4.12500003222, 0.00000000000, -0.00000000114, 0.00000000558
347, 50.00000000000, 484.09560581066, 67.99625411709, 4.12500003222, 0.00000000000, 0.00000000591, 0.00000003044
348, 50.00000000000, 504.67235011542, 51.07657695512, 4.12500003222, 0.00000000000, -0.00000000059, 0.00000000324
349, 50.00000000000, 508.76185780467, -30000000.00000000000, 0.00000000000, 0.00000000000, 0.00000080948, 0.66000001198
350, 50.00000000000, 557.87410404846, 135.06161711884, 4.12500003222, 0.00000000000, 0.00000001420, 0.00000002870
351, 50.00000000000, 567.15907114499, 85.60736040359, 4.12500003222, 0.00000000000, -0.00000000015, 0.00000000855
352, 50.00000000000, 570.18292825236, 118.53147885146, 4.12500003222, 0.00000000000, -0.00000000160, -0.00000002096
353, 50.00000000000, 582.01131040158, 75.03949979153, 4.12500003222, 0.00000000000, -0.00000000518, -0.00000002020
354, 50.00000000000, 597.98917699701, 102.83204696637, 4.12500003222, 0.00000000000, 0.00000000546, -0.00000001597
355, 50.00000000000, 615.70214350140, 97.50562418568, 4.12500003222, 0.00000000000, 0.00000000126, 0.00000000899
356, 50.00000000000, 612.61956826743, 176.48338716443, 4.12500003222, 0.00000000000, -0.00000000106, -0.00000000362
357, 50.00000000000, 645.43183371695, 108.45572479658, 4.12500003222, 0.00000000000, 0.00000001004, -0.00000000602
358, 50.00000000000, 666.31304299607, 160.63130567020, 4.12500003222, 0.00000000000, 0.00000000145, 0.00000000285
359, 50.00000000000, 683.79355610753, -30000000.00000000000, 0.00000000000, 0.00000000000, -0.00000056277, 0.66000001198
360, 50.00000000000, 713.96324755042, 122.25961351924, 4.12500003222, 0.00000000000, 0.00000000445, -0.00000001106
361, 50.00000000000, 725.45085753074, 34.22218673071, 4.12500003222, 0.00000000000, 0.00000000539, 0.00000000473
362, 50.00000000000, 748.68305290493, 114.91640789372, 4.12500003222, 0.00000000000, -0.00000000376, -0.00000000813
363, 50.00000000000, 744.02844398347, 39.40459446185, 4.12500003222, 0.00000000000, 0.00000000569, -0.00000004137
364, 50.00000000000, 755.65693588023, 83.49625964373, 4.12500003222, 0.00000000000, 0.00000000886, -0.00000004642
365, 50.00000000000, 798.45302972963, 216.26017192930, 4.12500003222, 0.00000000000, 0.00000000565, 0.00000001101
366, 50.00000000000, 807.98956735489, -30000000.00000000000, 0.00000000000, 0.00000000000, -0.00000008405, 0.66000001198
367, 50.00000000000, 811.47827788867, -30000000.00000000000, 0.00000000000, 0.00000000000, 0.00000036708, 0.66000001198
368, 50.00000000000, 833.69649444093, -30000000.00000000000, 0.00000000000, 0.00000000000, -0.00000141773, 0.66000001198
369, 50.00000000000, 829.21403854674, 124.54534861414, 4.12500003222, 0.00000000000, -0.00000000052, 0.00000002583
370, 50.00000000000, 862.56737029223, 111.46602270465, 4.12500003222, 0.00000000000, 0.00000000310, -0.00000000360
371, 50.00000000000, 890.63339669740, -30000000.00000000000, 0.00000000000, 0.00000000000, 0.00000103162, 0.66000001198
372, 50.00000000000, 899.96700265861, 93.77840490171, 4.12500003222, 0.00000000000, 0.00000000319, -0.00000003456
373, 50.00000000000, 916.00704942780, 62.57361187903, 4.12500003222, 0.00000000000, -0.00000000047, -0.00000003023
374, 50.00000000000, 940.05715369835, 54.97732065187, 4.12500003222, 0.00000000000, 0.00000000379, -0.00000000338
375, 50.00000000000, 963.24966930524, -30000000.00000000000, 0.00000000000, 0.00000000000, 0.00000058485, 0.66000001198
376, 50.00000000000, 975.56517072570, -30000000.00000000000, 0.00000000000, 0.00000000000, -0.00000023486, 0.66000001198
377, 50.00000000000, 988.41902357698, 28.16714998656, 4.12500003222, 0.00000000000, -0.00000000160, 0.00000001469
378, 50.00000000000, 1000.35946318170, 46.67139574092, 4.12500003222, 0.00000000000, -0.00000000047, 0.00000000881
379, 50.00000000000, 1016.18387803338, 98.01695465834, 4.12500003222, 0.00000000000, -0.00000000641, 0.00000000375
380, 50.00000000000, 1037.82580700827, 77.60024702801, 4.12500003222, 0.00000000000, 0.00000000107, 0.00000000091
381, 50.00000000000, 1044.34560795297, 114.17066913412, 4.12500003222, 0.00000000000, -0.00000000431, 0.00000002349
382, 50.00000000000, 1070.33477745905, 82.35371187305, 4.12500003222, 0.00000000000, -0.00000000698, -0.00000000060
383, 50.00000000000, 1085.98675142854, 72.68752372625, 4.12500003222, 0.00000000000, -0.00000000249, -0.00000001073
384, 50.00000000000, 1097.83298477439, 33.37916927612, 4.12500003222, 0.00000000000, -0.00000001119, -0.00000000858
385, 50.00000000000, 1117.37804478160, 43.45381541680, 4.12500003222, 0.00000000000, 0.00000000897, 0.00000002347
386, 50.00000000000, 1135.25838267496, 42.51574017940, 4.12500003222, 0.00000000000, -0.00000000211, 0.00000002462
387, 50.00000000000, 1139.35100733775, 11.45405225520, 4.12500003222, 0.00000000000, -0.00000000151, -0.00000001015
388, 50.00000000000, 1157.47508273209, 42.94426877008, 4.12500003222, 0.00000000000, -0.00000000587, 0.00000000351
389, 50.00000000000, 1169.56253785298, 97.87387052150, 4.12500003222, 0.00000000000, 0.00000000142, -0.00000001215
390, 50.00000000000, 1193.59452095117, 108.41222245690, 4.12500003222, 0.00000000000, -0.00000000005, -0.00000002282
391, 50.00000000000, 1208.27209544320, 98.23520381452, 4.12500003222, 0.00000000000, -0.00000000599, -0.00000000628
392, 50.00000000000, 1227.76222926572, 58.24673312889, 4.12500003222, 0.00000000000, -0.00000000385, 0.00000001108
393, 50.00000000000, 1247.57183620000, 27.86469353722, 4.12500003222, 0.00000000000, -0.00000000117, 0.00000000711
394, 50.00000000000, 1247.76111308504, 102.33353833142, 4.12500003222, 0.00000000000, 0.00000000974, -0.00000001187
395, 50.00000000000, 1261.25104798620, 82.24958735850, 4.12500003222, 0.00000000000, -0.00000000262, -0.00000000569
396, 50.00000000000, 1281.31009034058, 54.19800113879, 4.12500003222, 0.00000000000, -0.00000000505, 0.00000001830
397, 50.00000000000, 1283.67917841752, 106.72285621626, 4.12500003222, 0.00000000000, 0.00000000862, 0.00000003304
398, 50.00000000000, 1311.57114253830, 124.78891171302, 4.12500003222, 0.00000000000, 0.00000000482, 0.00000002457
399, 50.00000000000, 1319.01843507697, 44.94350823375, 4.12500003222, 0.00000000000, -0.00000000921, -0.00000002803
400, 50.00000000000, 41.36559822366, 36.69622178630, 4.12500003222, 0.00000000000, -0.00000000339, 0.00000000815
401, 50.00000000000, 58.87745795352, 67.63951763275, 4.12500003222, 0.00000000000, -0.00000000646, -0.00000001908
402, 50.00000000000, 93.12277621588, 110.36728646617, 4.12500003222, 0.00000000000, -0.00000000125, 0.00000000469
403, 50.00000000000, 91.50683699303, 72.50779794523, 4.12500003222, 0.00000000000, 0.00000000784, -0.00000000831
404, 50.00000000000, 115.30688595416, 72.16807076542, 4.12500003222, 0.00000000000, -0.00000001014, -0.00000001809
405, 50.00000000000, 112.44293436791, 8.03079195403, 4.12500003222, 0.00000000000, -0.00000000553, -0.00000001364
406, 50.00000000000, 141.17091032437, 27.14435866749, 4.12500003222, 0.00000000000, 0.00000000157, -0.00000002193
407, 50.00000000000, 134.50201524693, 104.32462371386, 4.12500003222, 0.00000000000, -0.00000000093, 0.00000000300
408, 50.00000000000, 159.08365602774, 76.33300398072, 4.12500003222, 0.00000000000, 0.00000000843, 0.00000001788
409, 50.00000000000, 176.81311905035, 71.78168951962, 4.12500003222, 0.00000000000, 0.00000000198, -0.00000001758
410, 50.00000000000, 164.88377362894, 94.09642668177, 4.12500003222, 0.00000000000, -0.00000000178, -0.00000000499
411, 50.00000000000, 204.71418049420, 258.86058090357, 4.12500003222, 0.00000000000, 0.00000000000, 0.00000000000
412, 50.00000000000, 213.39687384936, 159.17889565763, 4.12500003222, 0.00000000000, -0.00000000012, 0.00000000393
413, 50.00000000000, 234.67611552191, 237.00641429987, 4.12500003222, 0.00000000000, 0.00000000000, 0.00000000000
414, 50.00000000000, 276.29946711341, 67.58745764870, 4.12500003222, 0.00000000000, -0.00000000050, 0.00000000801
415, 50.00000000000, 308.57339173199, 80.08486988995, 4.12500003222, 0.00000000000, 0.00000000061, 0.00000000033
416, 50.00000000000, 305.00141062863, 15.25638512307, 4.12500003222, 0.00000000000, 0.00000000156, -0.00000002180
417, 50.00000000000, 325.18983490825, 28.44742458970, 4.12500003222, 0.00000000000, 0.00000001190, -0.00000000222
418, 50.00000000000, 322.42956292726, -30000000.00000000000, 0.00000000000, 0.00000000000, 0.00000072823, 0.66000001198
419, 50.00000000000, 339.49563006144, -30000000.00000000000, 0.00000000000, 0.00000000000, -0.00000011559, 0.66000001198
420, 50.00000000000, 353.13639307633, 191.61913320249, 4.12500003222, 0.00000000000, 0.00000000000, 0.00000000000
421, 50.00000000000, 392.56168792967, 111.68700795072, 4.12500003222, 0.00000000000, 0.00000001859, -0.00000002642
422, 50.00000000000, 406.52119998842, 127.35626522693, 4.12500003222, 0.00000000000, 0.00000000070, 0.00000000910
423, 50.00000000000, 405.77340567594, -30000000.00000000000, 0.00000000000, 0.00000000000, 0.00000163363, 0.66000001198
424, 50.00000000000, 427.42691833112, 124.54843307900, 4.12500003222, 0.00000000000, -0.00000000311, 0.00000000913
425, 50.00000000000, 431.99413008865, -30000000.00000000000, 0.00000000000, 0.00000000000, -0.00000150851, 0.66000001198
426, 50.00000000000, 468.50401349371, 61.08060809816, 4.12500003222, 0.00000000000, -0.00000000052, -0.00000000469
427, 50.00000000000, 462.81454701240, 218.56936118400, 4.12500003222, 0.00000000000, -0.00000000367, -0.00000000123
428, 50.00000000000, 514.92733110510, 81.02267997373, 4.12500003222, 0.00000000000, -0.00000001080, 0.00000002419
429, 50.00000000000, 507.52694227155, -30000000.00000000000, 0.00000000000, 0.00000000000, 0.00000032952, 0.66000001198
430, 50.00000000000, 547.75993917251, 118.57487378386, 4.12500003222, 0.00000000000, 0.00000000221, -0.00000003750
431, 50.00000000000, 543.17666766428, 97.54326275734, 4.12500003222, 0.00000000000, 0.00000000333, -0.00000000047
432, 50.00000000000, 567.79009194951, -30000000.00000000000, 0.00000000000, 0.00000000000, -0.00000171706, 0.66000001198
433, 50.00000000000, 591.59877997084, 90.06853265749, 4.12500003222, 0.00000000000, -0.00000000024, 0.00000001596
434, 50.00000000000, 587.81307210009, 150.66021957069, 4.12500003222, 0.00000000000, -0.00000000466, 0.00000001350
435, 50.00000000000, 622.85342972217, 74.42193849613, 4.12500003222, 0.00000000000, 0.00000001292, 0.00000001250
436, 50.00000000000, 636.05794956000, 87.11129256326, 4.12500003222, 0.00000000000, 0.00000000800, -0.00000005632
437, 50.00000000000, 655.33274793890, 91.83966924164, 4.12500003222, 0.00000000000, 0.00000000224, 0.00000002571
438, 50.00000000000, 663.09595782909, 59.72199584058, 4.12500003222, 0.00000000000, -0.00000000419, 0.00000000338
439, 50.00000000000, 687.08778036586, 66.41590995346, 4.12500003222, 0.00000000000, -0.00000000165, 0.00000001956
440, 50.00000000000, 700.78001884611, 82.18674400687, 4.12500003222, 0.00000000000, 0.00000000063, 0.00000000619
441, 50.00000000000, 718.97314057585, -30000000.00000000000, 0.00000000000, 0.00000000000, -0.00000019778, 0.66000001198
442, 50.00000000000, 730.38082713688, -30000000.00000000000, 0.00000000000, 0.00000000000, 0.00000005238, 0.66000001198
443, 50.00000000000, 756.56356953346, 48.86331286901, 4.12500003222, 0.00000000000, -0.00000000139, -0.00000001040
444, 50.00000000000, 748.09193479839, 134.01552804000, 4.12500003222, 0.00000000000, -0.00000000159, -0.00000001130
445, 50.00000000000, 788.07497667908, 64.55008681397, 4.12500003222, 0.00000000000, -0.00000000195, -0.00000000340
446, 50.00000000000, 805.27642635869, 102.28084312382, 4.12500003222, 0.00000000000, 0.00000000202, -0.00000003223
447, 50.00000000000, 797.82817077132, 81.06626334131, 4.12500003222, 0.00000000000, 0.00000000516, 0.00000002630
448, 50.00000000000, 821.11064560240, 111.04562990581, 4.12500003222, 0.00000000000, 0.00000000087, -0.00000005645
449, 50.00000000000, 861.18299407339, 51.24927653625, 4.12500003222, 0.00000000000, 0.00000000022, -0.00000000352
450, 50.00000000000, 842.33474992259, 161.66734202942, 4.12500003222, 0.00000000000, -0.00000000092, -0.00000000960
451, 50.00000000000, 882.60041773124, 84.76409773019, 4.12500003222, 0.00000000000, 0.00000000170, 0.00000000372
452, 50.00000000000, 906.72404817217, -30000000.00000000000, 0.00000000000, 0.00000000000, -0.00000081974, 0.66000001198
453, 50.00000000000, 889.82143824641, 190.25145485577, 4.12500003222, 0.00000000000, -0.00000000050, -0.00000000068
454, 50.00000000000, 938.23477612011, 87.18045837617, 4.12500003222, 0.00000000000, -0.00000000899, -0.00000001695
455, 50.00000000000, 960.53549386189, -30000000.00000000000, 0.00000000000, 0.00000000000, 0.00000106156, 0.66000001198
456, 50.00000000000, 961.27246224315, 82.12148288390, 4.12500003222, 0.00000000000, 0.00000000315, -0.00000002786
457, 50.00000000000, 993.12444048294, 187.35796610637, 4.12500003222, 0.00000000000, 0.00000000000, 0.00000000000
458, 50.00000000000, 983.53092190898, 115.58611404199, 4.12500003222, 0.00000000000, -0.00000000367, 0.00000001395
459, 50.00000000000, 1008.06331042417, 115.27325191018, 4.12500003222, 0.00000000000, -0.00000000013, 0.00000000218
460, 50.00000000000, 1022.37749951389, 128.13631629480, 4.12500003222, 0.00000000000, 0.00000000427, 0.00000000203
461, 50.00000000000, 1047.68878877592, 76.94057714078, 4.12500003222, 0.00000000000, 0.00000000386, 0.00000003679
462, 50.00000000000, 1040.84226038984, 132.33718295344, 4.12500003222, 0.00000000000, -0.00000000119, -0.00000000409
463, 50.00000000000, 1075.59850210320, 140.92684045623, 4.12500003222, 0.00000000000, 0.00000000217, -0.00000000357
464, 50.00000000000, 1105.18545689384, 24.64112269968, 4.12500003222, 0.00000000000, -0.00000001017, -0.00000001719
465, 50.00000000000, 1120.28272768035, 62.37250152808, 4.12500003222, 0.00000000000, 0.00000000865, -0.00000004264
466, 50.00000000000, 1137.24896842879, 57.50170096884, 4.12500003222, 0.00000000000, -0.00000001678, 0.00000001437
467, 50.00000000000, 1145.95618014384, 61.23689046519, 4.12500003222, 0.00000000000, 0.00000000188, 0.00000001624
468, 50.00000000000, 1157.88278829736, 81.64782801583, 4.12500003222, 0.00000000000, 0.00000000363, -0.00000000931
469, 50.00000000000, 1176.92928390130, 114.09080938024, 4.12500003222, 0.00000000000, -0.00000000224, 0.00000002037
470, 50.00000000000, 1186.85318508997, 93.17719260283, 4.12500003222, 0.00000000000, 0.00000000361, 0.00000001810
471, 50.00000000000, 1218.15885274914, 44.89820493931, 4.12500003222, 0.00000000000, -0.00000000733, 0.00000001134
472, 50.00000000000, 1187.25682019371, 147.03853394553, 4.12500003222, 0.00000000000, 0.00000000434, 0.00000001332
473, 50.00000000000, 1228.00339335615, 108.20753128261, 4.12500003222, 0.00000000000, -0.00000000500, 0.00000001232
474, 50.00000000000, 1251.24921188256, 83.39307794526, 4.12500003222, 0.00000000000, -0.00000000763, 0.00000000326
475, 50.00000000000, 1286.30286380346, 15.26671333452, 4.12500003222, 0.00000000000, 0.00000000923, -0.00000000275
476, 50.00000000000, 1258.76835615227, 104.83372865393, 4.12500003222, 0.00000000000, 0.00000000380, -0.00000001843
477, 50.00000000000, 1289.30686063216, 148.29090346851, 4.12500003222, 0.00000000000, -0.00000000121, 0.00000000600
478, 50.00000000000, 1302.87236377686, 91.46539969766, 4.12500003222, 0.00000000000, 0.00000000311, 0.00000000113
479, 50.00000000000, 1325.37986447207, 90.19300130141, 4.12500003222, 0.00000000000, 0.00000000446, 0.00000001659
480, 50.00000000000, 41.55819054008, 57.66223241776, 4.12500003222, 0.00000000000, 0.00000000378, 0.00000002210
481, 50.00000000000, 72.88809189907, 104.89783348689, 4.12500003222, 0.00000000000, -0.00000000395, -0.00000001706
482, 50.00000000000, 81.06881827051, 41.92547523512, 4.12500003222, 0.00000000000, 0.00000000459, -0.00000001449
483, 50.00000000000, 98.51803764297, 58.70067902400, 4.12500003222, 0.00000000000, 0.00000000417, 0.00000002768
484, 50.00000000000, 101.04419893051, 128.29263601042, 4.12500003222, 0.00000000000, 0.00000000176, -0.00000000630
485, 50.00000000000, 122.59992706744, 53.40691027424, 4.12500003222, 0.00000000000, 0.00000000693, -0.00000000308
486, 50.00000000000, 145.16924018348, 59.28013545832, 4.12500003222, 0.00000000000, -0.00000000858, -0.00000000501
487, 50.00000000000, 163.86451534588, 5.88250453706, 4.12500003222, 0.00000000000, -0.00000000795, 0.00000003631
488, 50.00000000000, 149.97661316937, 134.69645772866, 4.12500003222, 0.00000000000, -0.00000000168, -0.00000000564
489, 50.00000000000, 150.88948905722, 74.86981549157, 4.12500003222, 0.00000000000, 0.00000001035, 0.00000001258
490, 50.00000000000, 199.53289648223, 41.03555709465, 4.12500003222, 0.00000000000, 0.00000000517, -0.00000002970
491, 50.00000000000, 199.58853419454, 144.42040941398, 4.12500003222, 0.00000000000, -0.00000000537, -0.00000000358
492, 50.00000000000, 205.85328419392, 125.13248639047, 4.12500003222, 0.00000000000, -0.00000000235, -0.00000000470
493, 50.00000000000, 256.72565092647, 69.41670598226, 4.12500003222, 0.00000000000, 0.00000000153, 0.00000001140
494, 50.00000000000, 270.46391351880, 12.02634408148, 4.12500003222, 0.00000000000, -0.00000000163, 0.00000001279
495, 50.00000000000, 288.63314836985, 45.25378783602, 4.12500003222, 0.00000000000, -0.00000000161, 0.00000001350
496, 50.00000000000, 303.27165593001, 27.45022204240, 4.12500003222, 0.00000000000, -0.00000000578, -0.00000000031
497, 50.00000000000, 340.71540376502, 71.20000287036, 4.12500003222, 0.00000000000, 0.00000000298, -0.00000000280
498, 50.00000000000, 353.79915590973, 52.93825438690, 4.12500003222, 0.00000000000, 0.00000000087, 0.00000002238
499, 50.00000000000, 363.30675518612, 75.54204424568, 4.12500003222, 0.00000000000, 0.00000000437, -0.00000003264
500, 50.00000000000, 379.68466973461, 33.09000904608, 4.12500003222, 0.00000000000, -0.00000000246, 0.00000000182
501, 50.00000000000, 399.90933145988, 104.00736320538, 4.12500003222, 0.00000000000, -0.00000001319, 0.00000000130
502, 50.00000000000, 404.32242418521, 54.93748405306, 4.12500003222, 0.00000000000, -0.00000000634, -0.00000001598
503, 50.00000000000, 428.36649990702, 73.22484772395, 4.12500003222, 0.00000000000, -0.00000000219, 0.00000001011
504, 50.00000000000, 421.88715905444, -30000000.00000000000, 0.00000000000, 0.00000000000, 0.00000027989, 0.66000001198
505, 50.00000000000, 446.98587073727, 204.97961223108, 4.12500003222, 0.00000000000, 0.00000000340, 0.00000000312
506, 50.00000000000, 466.60517697169, 198.86850745871, 4.12500003222, 0.00000000000, -0.00000000079, -0.00000000300
507, 50.00000000000, 486.62572253373, 59.79197921317, 4.12500003222, 0.00000000000, 0.00000001196, 0.00000000854
508, 50.00000000000, 497.78679045020, 98.78519137213, 4.12500003222, 0.00000000000, 0.00000000481, -0.00000002576
509, 50.00000000000, 501.38689503122, 206.20989214461, 4.12500003222, 0.00000000000, 0.00000000899, -0.00000000280
510, 50.00000000000, 529.65376166794, -30000000.00000000000, 0.00000000000, 0.00000000000, 0.00000028521, 0.66000001198
511, 50.00000000000, 550.98179844820, 155.57958242194, 4.12500003222, 0.00000000000, -0.00000000277, -0.00000000439
512, 50.00000000000, 573.63573611476, 166.25268536229, 4.12500003222, 0.00000000000, 0.00000000792, 0.00000000999
513, 50.00000000000, 593.49298284871, 125.97527103500, 4.12500003222, 0.00000000000, -0.00000000599, 0.00000001535
514, 50.00000000000, 605.99208391698, 118.51387270011, 4.12500003222, 0.00000000000, -0.00000000641, 0.00000002065
515, 50.00000000000, 616.48904649116, 137.34464537359, 4.12500003222, 0.00000000000, -0.00000000281, -0.00000001454
516, 50.00000000000, 633.52634916971, -30000000.00000000000, 0.00000000000, 0.00000000000, 0.00000124373, 0.66000001198
517, 50.00000000000, 644.46437852250, 72.88505504715, 4.12500003222, 0.00000000000, -0.00000000070, 0.00000000640
518, 50.00000000000, 667.23964093174, 197.64695120974, 4.12500003222, 0.00000000000, -0.00000000003, 0.00000000006
519, 50.00000000000, 677.58718619771, 82.12676561917, 4.12500003222, 0.00000000000, 0.00000000543, -0.00000002834
520, 50.00000000000, 701.66737116100, -30000000.00000000000, 0.00000000000, 0.00000000000, -0.00000054288, 0.66000001198
521, 50.00000000000, 735.93425460900, 95.70243899889, 4.12500003222, 0.00000000000, -0.00000000176, 0.00000002347
522, 50.00000000000, 747.27427240604, 64.33785757282, 4.12500003222, 0.00000000000, -0.00000000758, 0.00000002810
523, 50.00000000000, 747.66260697377, -30000000.00000000000, 0.00000000000, 0.00000000000, -0.00000066804, 0.66000001198
524, 50.00000000000, 777.74538331266, 216.20012605448, 4.12500003222, 0.00000000000, 0.00000000029, -0.00000000032
525, 50.00000000000, 780.60005647343, -30000000.00000000000, 0.00000000000, 0.00000000000, -0.00000020647, 0.66000001198
526, 50.00000000000, 786.77873012716, 115.26490356366, 4.12500003222, 0.00000000000, -0.00000000794, 0.00000000014
527, 50.00000000000, 818.78860709223, 87.46054602983, 4.12500003222, 0.00000000000, -0.00000000379, 0.00000004380
528, 50.00000000000, 817.58454314461, 140.93390700030, 4.12500003222, 0.00000000000, 0.00000000116, 0.00000000112
529, 50.00000000000, 838.47133372787, 140.56035045802, 4.12500003222, 0.00000000000, -0.00000000415, 0.00000003385
530, 50.00000000000, 857.39430118765, 148.12650740523, 4.12500003222, 0.00000000000, -0.00000000023, -0.00000000231
531, 50.00000000000, 880.13905170446, 102.90356107422, 4.12500003222, 0.00000000000, -0.00000000621, 0.00000000662
532, 50.00000000000, 913.89300562644, -30000000.00000000000, 0.00000000000, 0.00000000000, -0.00000106621, 0.66000001198
533, 50.00000000000, 929.99794696983, 70.21647445665, 4.12500003222, 0.00000000000, 0.00000000861, 0.00000000572
534, 50.00000000000, 922.49214027476, 174.22770890894, 4.12500003222, 0.00000000000, 0.00000000043, 0.00000000349
535, 50.00000000000, 954.15222126240, 97.68552178526, 4.12500003222, 0.00000000000, 0.00000000490, 0.00000003090
536, 50.00000000000, 973.22133059790, 102.73756883752, 4.12500003222, 0.00000000000, -0.00000000328, 0.00000000804
537, 50.00000000000, 966.95307036329, 30.59844610398, 4.12500003222, 0.00000000000, 0.00000000047, 0.00000001010
538, 50.00000000000, 999.74410292667, 70.94541618813, 4.12500003222, 0.00000000000, 0.00000000005, 0.00000000546
539, 50.00000000000, 1016.44887979945, 63.85621160632, 4.12500003222, 0.00000000000, -0.00000000229, -0.00000000254
540, 50.00000000000, 1033.05484091876, 56.86270636167, 4.12500003222, 0.00000000000, 0.00000001111, 0.00000000447
541, 50.00000000000, 1056.40397885425, 63.14355270328, 4.12500003222, 0.00000000000, -0.00000001328, -0.00000004176
542, 50.00000000000, 1065.14823237952, 40.96212981128, 4.12500003222, 0.00000000000, 0.00000000005, -0.00000001078
543, 50.00000000000, 1098.15561847898, 228.81121298137, 4.12500003222, 0.00000000000, 0.00000000000, 0.00000000000
544, 50.00000000000, 1106.34019059042, 63.54403409041, 4.12500003222, 0.00000000000, 0.00000001244, 0.00000000191
545, 50.00000000000, 1138.62777663937, 170.82120770140, 4.12500003222, 0.00000000000, -0.00000000222, -0.00000001492
546, 50.00000000000, 1141.55215249475, 190.62589962591, 4.12500003222, 0.00000000000, 0.00000000222, 0.00000001492
547, 50.00000000000, 1144.87124929131, 24.96043153945, 4.12500003222, 0.00000000000, 0.00000000217, 0.00000001890
548, 50.00000000000, 1157.11566796273, 115.48740151329, 4.12500003222, 0.00000000000, 0.00000000178, 0.00000001490
549, 50.00000000000, 1188.29171943317, 58.93689103396, 4.12500003222, 0.00000000000, -0.00000000612, 0.00000000888
550, 50.00000000000, 1211.21359643730, 66.67746652854, 4.12500003222, 0.00000000000, 0.00000000161, -0.00000001850
551, 50.00000000000, 1191.66625920106, 128.27716202215, 4.12500003222, 0.00000000000, -0.00000000694, 0.00000000516
552, 50.00000000000, 1227.54492215229, 92.39163377159, 4.12500003222, 0.00000000000, -0.00000000579, -0.00000002384
553, 50.00000000000, 1237.11739747920, 112.61261874527, 4.12500003222, 0.00000000000, -0.00000000599, 0.00000000992
554, 50.00000000000, 1245.41673518579, 123.82921736053, 4.12500003222, 0.00000000000, 0.00000000057, 0.00000000886
555, 50.00000000000, 1261.68614643707, 118.34800432141, 4.12500003222, 0.00000000000, 0.00000000728, 0.00000001548
556, 50.00000000000, 1273.45864688964, 134.67802994882, 4.12500003222, 0.00000000000, -0.00000000437, 0.00000000477
557, 50.00000000000, 1285.35211159363, 168.22216874495, 4.12500003222, 0.00000000000, -0.00000000074, 0.00000000267
558, 50.00000000000, 1300.35937107247, 115.23995809719, 4.12500003222, 0.00000000000, -0.00000002089, -0.00000005585
559, 50.00000000000, 1320.23652093731, 56.93406220578, 4.12500003222, 0.00000000000, -0.00000000567, -0.00000000200
560, 50.00000000000, 60.25417435547, 91.66473188920, 4.12500003222, 0.00000000000, 0.00000000271, 0.00000000924
561, 50.00000000000, 27.40234885013, 263.42618218731, 4.12500003222, 0.00000000000, 0.00000000000, 0.00000000000
562, 50.00000000000, 84.68839861726, 90.79477158846, 4.12500003222, 0.00000000000, -0.00000000217, 0.00000001855
563, 50.00000000000, 114.59752819578, 111.16946704400, 4.12500003222, 0.00000000000, 0.00000000687, 0.00000001596
564, 50.00000000000, 79.90170621740, 124.83853358892, 4.12500003222, 0.00000000000, -0.00000000066, 0.00000001722
565, 50.00000000000, 124.97011806433, 29.20304110728, 4.12500003222, 0.00000000000, -0.00000000604, -0.00000000113
566, 50.00000000000, 133.97847317944, 59.46863228488, 4.12500003222, 0.00000000000, -0.00000001066, -0.00000002481
567, 50.00000000000, 131.54607134108, 144.68603724423, 4.12500003222, 0.00000000000, 0.00000000348, -0.00000001422
568, 50.00000000000, 152.76778680804, 113.52051904654, 4.12500003222, 0.00000000000, -0.00000000306, 0.00000001726
569, 50.00000000000, 172.00231118654, 108.06098655064, 4.12500003222, 0.00000000000, 0.00000000002, 0.00000002528
570, 50.00000000000, 168.72452872995, 126.24567169924, 4.12500003222, 0.00000000000, -0.00000000369, -0.00000002025
571, 50.00000000000, 193.21799857956, 164.69203144860, 4.12500003222, 0.00000000000, 0.00000000143, -0.00000000171
572, 50.00000000000, 251.04392212456, 39.33335389712, 4.12500003222, 0.00000000000, -0.00000000935, -0.00000002647
573, 50.00000000000, 219.70795156538, 139.67356728716, 4.12500003222, 0.00000000000, 0.00000000373, 0.00000000400
574, 50.00000000000, 277.31419656022, 59.81522953526, 4.12500003222, 0.00000000000, 0.00000000561, -0.00000002111
575, 50.00000000000, 289.63609247249, 25.04466971222, 4.12500003222, 0.00000000000, -0.00000001948, 0.00000000567
576, 50.00000000000, 287.24977382184, 150.23075083204, 4.12500003222, 0.00000000000, 0.00000000076, -0.00000000078
577, 50.00000000000, 329.86648693140, 80.70300250248, 4.12500003222, 0.00000000000, 0.00000000423, -0.00000002116
578, 50.00000000000, 320.24312966861, 219.30778805892, 4.12500003222, 0.00000000000, 0.00000000000, 0.00000000000
579, 50.00000000000, 370.25858835530, 118.13300800855, 4.12500003222, 0.00000000000, -0.00000000502, 0.00000001768
580, 50.00000000000, 384.80634837816, 68.27837466011, 4.12500003222, 0.00000000000, -0.00000000341, 0.00000002802
581, 50.00000000000, 389.00568780571, 124.36675683725, 4.12500003222, 0.00000000000, -0.00000000930, 0.00000004076
582, 50.00000000000, 390.77758831900, 183.68740901343, 4.12500003222, 0.00000000000, 0.00000000000, 0.00000000000
583, 50.00000000000, 415.16337141811, 73.88154124911, 4.12500003222, 0.00000000000, 0.00000000281, 0.00000003314
584, 50.00000000000, 433.98560872772, 106.06412093491, 4.12500003222, 0.00000000000, 0.00000000158, -0.00000000400
585, 50.00000000000, 442.52616531724, -30000000.00000000000, 0.00000000000, 0.00000000000, -0.00000187657, 0.66000001198
586, 50.00000000000, 458.36484508490, 104.53478791052, 4.12500003222, 0.00000000000, 0.00000000752, 0.00000001654
587, 50.00000000000, 482.28508462183, 211.96327973738, 4.12500003222, 0.00000000000, -0.00000000793, 0.00000000392
588, 50.00000000000, 502.46832041553, 74.21530634023, 4.12500003222, 0.00000000000, -0.00000001233, -0.00000003811
589, 50.00000000000, 519.23784016324, 70.91963875034, 4.12500003222, 0.00000000000, -0.00000000756, -0.00000000027
590, 50.00000000000, 533.30446659216, 81.62115569924, 4.12500003222, 0.00000000000, 0.00000000098, -0.00000001026
591, 50.00000000000, 557.74222891438, 172.66751550136, 4.12500003222, 0.00000000000, 0.00000000142, 0.00000001488
592, 50.00000000000, 577.88268803251, 134.28639895639, 4.12500003222, 0.00000000000, 0.00000000267, -0.00000000282
593, 50.00000000000, 602.06975482449, 83.04147080110, 4.12500003222, 0.00000000000, 0.00000000455, 0.00000001911
594, 50.00000000000, 607.41173981718, 156.12076185623, 4.12500003222, 0.00000000000, -0.00000000148, 0.00000000747
595, 50.00000000000, 628.29407955527, 118.46782314241, 4.12500003222, 0.00000000000, 0.00000000429, 0.00000000535
596, 50.00000000000, 632.58370148320, 95.80574693305, 4.12500003222, 0.00000000000, -0.00000001432, 0.00000000840
597, 50.00000000000, 654.12725725381, 143.43133160640, 4.12500003222, 0.00000000000, 0.00000000021, 0.00000000029
598, 50.00000000000, 667.19049989530, -30000000.00000000000, 0.00000000000, 0.00000000000, -0.00000021048, 0.66000001198
599, 50.00000000000, 676.11523676362, 178.84425063100, 4.12500003222, 0.00000000000, -0.00000000163, -0.00000000321
600, 50.00000000000, 703.58707089712, -30000000.00000000000, 0.00000000000, 0.00000000000, -0.00000033473, 0.66000001198
601, 50.00000000000, 727.59700130291, 138.63766664535, 4.12500003222, 0.00000000000, -0.00000000381, -0.00000001278
602, 50.00000000000, 737.63860172298, 56.74036617894, 4.12500003222, 0.00000000000, 0.00000000205, 0.00000002660
603, 50.00000000000, 762.33613964542, -30000000.00000000000, 0.00000000000, 0.00000000000, 0.00000045388, 0.66000001198
604, 50.00000000000, 767.30055571377, 64.73714840579, 4.12500003222, 0.00000000000, 0.00000000562, 0.00000004652
605, 50.00000000000, 787.16811034867, 96.25926046529, 4.12500003222, 0.00000000000, 0.00000000987, 0.00000002357
606, 50.00000000000, 789.26298218494, 198.51318925618, 4.12500003222, 0.00000000000, -0.00000000594, -0.00000001069
607, 50.00000000000, 806.74776482757, 123.54823698196, 4.12500003222, 0.00000000000, -0.00000000635, 0.00000001556
608, 50.00000000000, 841.62396883904, 118.73139577395, 4.12500003222, 0.00000000000, 0.00000001249, 0.00000000384
609, 50.00000000000, 853.07208036770, 128.22184007472, 4.12500003222, 0.00000000000, 0.00000000187, -0.00000002172
610, 50.00000000000, 862.56816828837, 166.95992180961, 4.12500003222, 0.00000000000, 0.00000000353, 0.00000002659
611, 50.00000000000, 877.09824685402, 152.48654747288, 4.12500003222, 0.00000000000, 0.00000000015, -0.00000001112
612, 50.00000000000, 882.23936007529, 171.46803986167, 4.12500003222, 0.00000000000, 0.00000000127, 0.00000001144
613, 50.00000000000, 915.49079252378, 81.64642979097, 4.12500003222, 0.00000000000, -0.00000000441, 0.00000004427
614, 50.00000000000, 910.78952871029, 191.92781786096, 4.12500003222, 0.00000000000, 0.00000000777, 0.00000001231
615, 50.00000000000, 961.66960122307, 115.21672636250, 4.12500003222, 0.00000000000, -0.00000000340, -0.00000000833
616, 50.00000000000, 976.37743869899, 69.98374164124, 4.12500003222, 0.00000000000, -0.00000000385, -0.00000002845
617, 50.00000000000, 984.88979496945, 138.19487609029, 4.12500003222, 0.00000000000, -0.00000000416, 0.00000000147
618, 50.00000000000, 998.57791665631, 124.37236696393, 4.12500003222, 0.00000000000, -0.00000000471, -0.00000000304
619, 50.00000000000, 1022.97863141524, 78.00712116697, 4.12500003222, 0.00000000000, -0.00000000050, 0.00000002295
620, 50.00000000000, 1035.44833709784, 95.41121598898, 4.12500003222, 0.00000000000, 0.00000000130, -0.00000001242
621, 50.00000000000, 1041.85229525421, 42.00055628970, 4.12500003222, 0.00000000000, 0.00000000058, 0.00000000010
622, 50.00000000000, 1055.93457436039, 146.05031139858, 4.12500003222, 0.00000000000, -0.00000000304, 0.00000000547
623, 50.00000000000, 1060.99021807011, 126.31525160688, 4.12500003222, 0.00000000000, -0.00000000093, 0.00000000108
624, 50.00000000000, 1105.66523875962, 45.36326014925, 4.12500003222, 0.00000000000, 0.00000000409, 0.00000001628
625, 50.00000000000, 1106.23804727390, 80.52829273494, 4.12500003222, 0.00000000000, -0.00000000987, 0.00000000583
626, 50.00000000000, 1135.62738596017, 112.52234468405, 4.12500003222, 0.00000000000, -0.00000000344, 0.00000000731
627, 50.00000000000, 1147.01346363853, 97.24578837187, 4.12500003222, 0.00000000000, -0.00000000414, 0.00000001034
628, 50.00000000000, 1168.53827531465, 62.26295040392, 4.12500003222, 0.00000000000, 0.00000000476, 0.00000002895
629, 50.00000000000, 1176.44226970698, 76.16749595694, 4.12500003222, 0.00000000000, -0.00000002020, -0.00000004943
630, 50.00000000000, 1206.00959384722, 55.48668713353, 4.12500003222, 0.00000000000, 0.00000000174, -0.00000003529
631, 50.00000000000, 1202.33026018639, 161.14975105051, 4.12500003222, 0.00000000000, -0.00000000084, -0.00000000085
632, 50.00000000000, 1215.01426477005, 109.15456698337, 4.12500003222, 0.00000000000, -0.00000000210, -0.00000001283
633, 50.00000000000, 1226.33040852674, 129.36405320094, 4.12500003222, 0.00000000000, 0.00000000427, 0.00000001638
634, 50.00000000000, 1265.86232983992, 175.31434526186, 4.12500003222, 0.00000000000, 0.00000000080, -0.00000000323
635, 50.00000000000, 1255.33509815548, 140.49711268727, 4.12500003222, 0.00000000000, -0.00000000612, -0.00000001022
636, 50.00000000000, 1280.00810888913, 89.74940444571, 4.12500003222, 0.00000000000, 0.00000000592, -0.00000002649
637, 50.00000000000, 1269.81585741691, 155.31863198427, 4.12500003222, 0.00000000000, -0.00000000056, 0.00000000711
638, 50.00000000000, 1306.69075686364, 25.65685994676, 4.12500003222, 0.00000000000, 0.00000000636, 0.00000003397
639, 50.00000000000, 1327.41009073912, 31.89030187197, 4.12500003222, 0.00000000000, -0.00000000410, -0.00000000217
