0, 50.00000000000, 33.25207908330, 83.42414499576, 4.12500003222, 0.00000000000, 0.00000000143, 0.00000000227
1, 50.00000000000, 31.17842742412, 192.18655270921, 4.12500003222, 0.00000000000, 0.00000000000, 0.00000000000
2, 50.00000000000, 66.42097603032, 6.59082949337, 4.12500003222, 0.00000000000, -0.00000001016, 0.00000001009
3, 50.00000000000, 97.99564819680, 82.89127244082, 4.12500003222, 0.00000000000, 0.00000000884, -0.00000001301
4, 50.00000000000, 109.86803148290, 26.03961612271, 4.12500003222, 0.00000000000, -0.00000000810, -0.00000000994
5, 50.00000000000, 124.71393715127, 38.98032367405, 4.12500003222, 0.00000000000, 0.00000000444, 0.00000000974
6, 50.00000000000, 142.37363569905, 25.58592193207, 4.12500003222, 0.00000000000, 0.00000000263, -0.00000002955
7, 50.00000000000, 148.05051411955, 12.19470454080, 4.12500003222, 0.00000000000, 0.00000000341, 0.00000000561
8, 50.00000000000, 173.03385135115, 7.52468527677, 4.12500003222, 0.00000000000, -0.00000000570, -0.00000003505
9, 50.00000000000, 172.64837523848, 48.80744415102, 4.12500003222, 0.00000000000, 0.00000000248, 0.00000000991
10, 50.00000000000, 193.85943124309, 5.17206614059, 4.12500003222, 0.00000000000, 0.00000000157, 0.00000001637
11, 50.00000000000, 229.77929496294, 22.11163540629, 4.12500003222, 0.00000000000, -0.00000000119, -0.00000000209
12, 50.00000000000, 227.92906772432, 9.27902609627, 4.12500003222, 0.00000000000, -0.00000000302, 0.00000001131
13, 50.00000000000, 264.39654179747, 25.27899919601, 4.12500003222, 0.00000000000, 0.00000000773, -0.00000002376
14, 50.00000000000, 275.57005751010, 29.28464678210, 4.12500003222, 0.00000000000, -0.00000000193, -0.00000000658
15, 50.00000000000, 294.59060473250, 38.02771094764, 4.12500003222, 0.00000000000, 0.00000000743, 0.00000002466
16, 50.00000000000, 296.75802105746, 4.40980007195, 4.12500003222, 0.00000000000, -0.00000000092, -0.00000001201
17, 50.00000000000, 315.19119872048, 41.63477429165, 4.12500003222, 0.00000000000, 0.00000000040, 0.00000002515
18, 50.00000000000, 320.77220573898, -30000000.00000000000, 0.00000000000, 0.00000000000, 0.00000086896, 0.66000001198
19, 50.00000000000, 369.47439848039, 84.54505501623, 4.12500003222, 0.00000000000, 0.00000000775, -0.00000000191
20, 50.00000000000, 354.78505746845, -30000000.00000000000, 0.00000000000, 0.00000000000, -0.00000024838, 0.66000001198
21, 50.00000000000, 390.94860550761, 33.06007865750, 4.12500003222, 0.00000000000, 0.00000000326, -0.00000000668
22, 50.00000000000, 410.64785405403, 119.24240126639, 4.12500003222, 0.00000000000, -0.00000000425, -0.00000001557
23, 50.00000000000, 414.08240661901, 55.12170497510, 4.12500003222, 0.00000000000, 0.00000000060, 0.00000003497
24, 50.00000000000, 432.27415748936, -30000000.00000000000, 0.00000000000, 0.00000000000, -0.00000154884, 0.66000001198
25, 50.00000000000, 439.37448648034, 62.75417535696, 4.12500003222, 0.00000000000, -0.00000000228, 0.00000001228
26, 50.00000000000, 466.74706345426, 47.56487879051, 4.12500003222, 0.00000000000, 0.00000000384, -0.00000000023
27, 50.00000000000, 483.28374981234, 45.13647086875, 4.12500003222, 0.00000000000, 0.00000000135, 0.00000001320
28, 50.00000000000, 490.80233750401, -30000000.00000000000, 0.00000000000, 0.00000000000, 0.00000049650, 0.66000001198
29, 50.00000000000, 526.92994466199, 129.02995709988, 4.12500003222, 0.00000000000, -0.00000000115, -0.00000000084
30, 50.00000000000, 536.70302360901, 63.92240386019, 4.12500003222, 0.00000000000, 0.00000000231, 0.00000000387
31, 50.00000000000, 543.19691392511, -30000000.00000000000, 0.00000000000, 0.00000000000, -0.00000031239, 0.66000001198
32, 50.00000000000, 553.51083804229, -30000000.00000000000, 0.00000000000, 0.00000000000, -0.00000083369, 0.66000001198
33, 50.00000000000, 579.37083240396, -30000000.00000000000, 0.00000000000, 0.00000000000, -0.00000082370, 0.66000001198
34, 50.00000000000, 598.51559781424, 65.80709922081, 4.12500003222, 0.00000000000, 0.00000000534, 0.00000000505
35, 50.00000000000, 620.07826968250, 104.64763350402, 4.12500003222, 0.00000000000, 0.00000000708, -0.00000000886
36, 50.00000000000, 634.34508717800, -30000000.00000000000, 0.00000000000, 0.00000000000, 0.00000103929, 0.66000001198
37, 50.00000000000, 652.04110327195, -30000000.00000000000, 0.00000000000, 0.00000000000, 0.00000034749, 0.66000001198
38, 50.00000000000, 665.81883992390, -30000000.00000000000, 0.00000000000, 0.00000000000, -0.00000046471, 0.66000001198
39, 50.00000000000, 689.62023614904, -30000000.00000000000, 0.00000000000, 0.00000000000, -0.00000146193, 0.66000001198
40, 50.00000000000, 700.00972289972, -30000000.00000000000, 0.00000000000, 0.00000000000, -0.00000081334, 0.66000001198
41, 50.00000000000, 719.85141430925, -30000000.00000000000, 0.00000000000, 0.00000000000, -0.00000036030, 0.66000001198
42, 50.00000000000, 732.14667978105, 74.05632055814, 4.12500003222, 0.00000000000, -0.00000000875, 0.00000004028
43, 50.00000000000, 749.88942406335, 101.99242540506, 4.12500003222, 0.00000000000, 0.00000000719, -0.00000003340
44, 50.00000000000, 768.05946027001, 101.50365107733, 4.12500003222, 0.00000000000, -0.00000000289, -0.00000000153
45, 50.00000000000, 785.39871402538, -30000000.00000000000, 0.00000000000, 0.00000000000, 0.00000067281, 0.66000001198
46, 50.00000000000, 802.72063867561, -30000000.00000000000, 0.00000000000, 0.00000000000, -0.00000020174, 0.66000001198
47, 50.00000000000, 821.86992796889, -30000000.00000000000, 0.00000000000, 0.00000000000, -0.00000056600, 0.66000001198
48, 50.00000000000, 835.05849387833, -30000000.00000000000, 0.00000000000, 0.00000000000, -0.00000162012, 0.66000001198
49, 50.00000000000, 845.12785718115, 84.85361861978, 4.12500003222, 0.00000000000, 0.00000000252, -0.00000001365
50, 50.00000000000, 877.38136137834, -30000000.00000000000, 0.00000000000, 0.00000000000, 0.00000194555, 0.66000001198
51, 50.00000000000, 893.77444871763, -30000000.00000000000, 0.00000000000, 0.00000000000, 0.00000027232, 0.66000001198
52, 50.00000000000, 872.02323147502, 189.01886270441, 4.12500003222, 0.00000000000, 0.00000000040, -0.00000000589
53, 50.00000000000, 929.93711020118, -30000000.00000000000, 0.00000000000, 0.00000000000, -0.00000148395, 0.66000001198
54, 50.00000000000, 942.00735429253, -30000000.00000000000, 0.00000000000, 0.00000000000, -0.00000026674, 0.66000001198
55, 50.00000000000, 956.53609056131, -30000000.00000000000, 0.00000000000, 0.00000000000, 0.00000118068, 0.66000001198
56, 50.00000000000, 977.98592740005, -30000000.00000000000, 0.00000000000, 0.00000000000, -0.00000065949, 0.66000001198
57, 50.00000000000, 985.92752589407, 48.95416860428, 4.12500003222, 0.00000000000, -0.00000000122, -0.00000000373
58, 50.00000000000, 1013.21777405636, -30000000.00000000000, 0.00000000000, 0.00000000000, 0.00000144585, 0.66000001198
59, 50.00000000000, 1024.89819925120, 47.59256671039, 4.12500003222, 0.00000000000, 0.00000000248, 0.00000000180
60, 50.00000000000, 1034.61296605078, 114.20577285803, 4.12500003222, 0.00000000000, 0.00000000411, 0.00000002718
61, 50.00000000000, 1061.90329918524, -30000000.00000000000, 0.00000000000, 0.00000000000, 0.00000017793, 0.66000001198
62, 50.00000000000, 1072.90617315572, -30000000.00000000000, 0.00000000000, 0.00000000000, 0.00000042735, 0.66000001198
63, 50.00000000000, 1110.45630420443, 99.50683561090, 4.12500003222, 0.00000000000, -0.00000000161, 0.00000000511
64, 50.00000000000, 1103.62739483543, 1.95054210962, 4.12500003222, 0.00000000000, -0.00000000889, 0.00000001329
65, 50.00000000000, 1130.21158356882, 74.75081050120, 4.12500003222, 0.00000000000, -0.00000000563, -0.00000000136
66, 50.00000000000, 1126.63566189235, 29.61317126988, 4.12500003222, 0.00000000000, 0.00000000464, -0.00000001136
67, 50.00000000000, 1162.28720132651, 65.95765633766, 4.12500003222, 0.00000000000, 0.00000000641, -0.00000000049
68, 50.00000000000, 1181.20093911107, 40.09281106421, 4.12500003222, 0.00000000000, -0.00000000186, 0.00000003554
69, 50.00000000000, 1184.75732089149, 5.07835461820, 4.12500003222, 0.00000000000, 0.00000000127, -0.00000000728
70, 50.00000000000, 1197.92761059944, 25.06820465302, 4.12500003222, 0.00000000000, -0.00000000082, 0.00000004751
71, 50.00000000000, 1216.48054001317, 32.05223505470, 4.12500003222, 0.00000000000, -0.00000000827, -0.00000004631
72, 50.00000000000, 1248.12651867413, 57.65328579572, 4.12500003222, 0.00000000000, -0.00000000982, 0.00000000605
73, 50.00000000000, 1219.18618750320, 130.03618980463, 4.12500003222, 0.00000000000, -0.00000000600, 0.00000002375
74, 50.00000000000, 1269.87510117448, 8.88843284102, 4.12500003222, 0.00000000000, 0.00000000196, 0.00000001960
75, 50.00000000000, 1285.95272092405, 6.15147178925, 4.12500003222, 0.00000000000, -0.00000000526, 0.00000002272
76, 50.00000000000, 1294.76449685309, 29.12028513832, 4.12500003222, 0.00000000000, 0.00000000373, 0.00000001325
77, 50.00000000000, 1303.48119523464, 49.00419953873, 4.12500003222, 0.00000000000, -0.00000000958, 0.00000001180
78, 50.00000000000, 1328.41426419881, 10.52147870532, 4.12500003222, 0.00000000000, -0.00000000496, 0.00000001367
79, 50.00000000000, 1322.82102871115, 101.90306166907, 4.12500003222, 0.00000000000, 0.00000000297, -0.00000000772
80, 50.00000000000, 32.36499320870, 10.02200441128, 4.12500003222, 0.00000000000, 0.00000000289, 0.00000001699
81, 50.00000000000, 51.11049668565, 28.76418981167, 4.12500003222, 0.00000000000, 0.00000000755, 0.00000000423
82, 50.00000000000, 73.82972636334, 28.34361927069, 4.12500003222, 0.00000000000, 0.00000000862, 0.00000004011
83, 50.00000000000, 89.35868996783, 13.44881187641, 4.12500003222, 0.00000000000, 0.00000000701, 0.00000000959
84, 50.00000000000, 102.59833296171, 43.24987722568, 4.12500003222, 0.00000000000, -0.00000001194, -0.00000004998
85, 50.00000000000, 123.78036612914, 7.17876559963, 4.12500003222, 0.00000000000, -0.00000000360, 0.00000002198
86, 50.00000000000, 138.97044254097, 3.17031954431, 4.12500003222, 0.00000000000, 0.00000000003, 0.00000000293
87, 50.00000000000, 159.48777980386, 28.71002755046, 4.12500003222, 0.00000000000, 0.00000000361, -0.00000003133
88, 50.00000000000, 151.77265299905, 59.40366647905, 4.12500003222, 0.00000000000, 0.00000000251, 0.00000001648
89, 50.00000000000, 175.57751045314, 31.07051948252, 4.12500003222, 0.00000000000, 0.00000000067, -0.00000000409
90, 50.00000000000, 212.33029106693, 15.86888796831, 4.12500003222, 0.00000000000, 0.00000000581, -0.00000002574
91, 50.00000000000, 208.98810015604, 26.63937487951, 4.12500003222, 0.00000000000, 0.00000000587, 0.00000001463
92, 50.00000000000, 250.53275359215, 32.24118943038, 4.12500003222, 0.00000000000, 0.00000000204, 0.00000002838
93, 50.00000000000, 244.96200278047, 21.55733052943, 4.12500003222, 0.00000000000, -0.00000000516, -0.00000003014
94, 50.00000000000, 271.40719177626, 45.36348273171, 4.12500003222, 0.00000000000, -0.00000000197, 0.00000000264
95, 50.00000000000, 290.97272136680, 60.53037502389, 4.12500003222, 0.00000000000, -0.00000000174, 0.00000003305
96, 50.00000000000, 313.28469422728, 9.56781300887, 4.12500003222, 0.00000000000, 0.00000000190, 0.00000000872
97, 50.00000000000, 313.67373188228, 64.29931335791, 4.12500003222, 0.00000000000, -0.00000001413, -0.00000000231
98, 50.00000000000, 338.14159274330, 38.33996411173, 4.12500003222, 0.00000000000, -0.00000000837, 0.00000001730
99, 50.00000000000, 360.94554414027, 64.22057107893, 4.12500003222, 0.00000000000, -0.00000000709, 0.00000002685
100, 50.00000000000, 354.50184675772, -30000000.00000000000, 0.00000000000, 0.00000000000, -0.00000022625, 0.66000001198
101, 50.00000000000, 373.64157133848, -30000000.00000000000, 0.00000000000, 0.00000000000, -0.00000009073, 0.66000001198
102, 50.00000000000, 392.21622457898, -30000000.00000000000, 0.00000000000, 0.00000000000, 0.00000085312, 0.66000001198
103, 50.00000000000, 407.27099267571, 87.25996284240, 4.12500003222, 0.00000000000, -0.00000000697, 0.00000003862
104, 50.00000000000, 431.09505487537, 39.91421876182, 4.12500003222, 0.00000000000, 0.00000000297, -0.00000000397
105, 50.00000000000, 448.22031180589, 48.35999203068, 4.12500003222, 0.00000000000, -0.00000000119, -0.00000000727
106, 50.00000000000, 470.44530082301, 102.87016446044, 4.12500003222, 0.00000000000, 0.00000001097, -0.00000001144
107, 50.00000000000, 478.68647748534, -30000000.00000000000, 0.00000000000, 0.00000000000, 0.00000090104, 0.66000001198
108, 50.00000000000, 505.73214600153, 93.64932982254, 4.12500003222, 0.00000000000, 0.00000000709, -0.00000000442
109, 50.00000000000, 516.47745116329, 94.02875385331, 4.12500003222, 0.00000000000, 0.00000000123, -0.00000002878
110, 50.00000000000, 539.05201668111, -30000000.00000000000, 0.00000000000, 0.00000000000, 0.00000041767, 0.66000001198
111, 50.00000000000, 545.77179603882, -30000000.00000000000, 0.00000000000, 0.00000000000, -0.00000076431, 0.66000001198
112, 50.00000000000, 572.32742988324, 96.44444483486, 4.12500003222, 0.00000000000, 0.00000000612, -0.00000001826
113, 50.00000000000, 584.16788207954, 112.15295503337, 4.12500003222, 0.00000000000, -0.00000000333, 0.00000002367
114, 50.00000000000, 608.53080842667, 119.99692382886, 4.12500003222, 0.00000000000, 0.00000000393, -0.00000002174
115, 50.00000000000, 617.08287733555, -30000000.00000000000, 0.00000000000, 0.00000000000, 0.00000207609, 0.66000001198
116, 50.00000000000, 621.15503974163, -30000000.00000000000, 0.00000000000, 0.00000000000, 0.00000135948, 0.66000001198
117, 50.00000000000, 643.59352930570, -30000000.00000000000, 0.00000000000, 0.00000000000, 0.00000028890, 0.66000001198
118, 50.00000000000, 661.93821782888, -30000000.00000000000, 0.00000000000, 0.00000000000, -0.00000066518, 0.66000001198
119, 50.00000000000, 677.80786175520, -30000000.00000000000, 0.00000000000, 0.00000000000, -0.00000008347, 0.66000001198
120, 50.00000000000, 732.15159879991, 118.85681287088, 4.12500003222, 0.00000000000, -0.00000000351, 0.00000003650
121, 50.00000000000, 718.42557225975, 69.33189947849, 4.12500003222, 0.00000000000, -0.00000000500, 0.00000000109
122, 50.00000000000, 737.50824627698, 83.62127359596, 4.12500003222, 0.00000000000, -0.00000000361, 0.00000004727
123, 50.00000000000, 752.22759272297, -30000000.00000000000, 0.00000000000, 0.00000000000, 0.00000049558, 0.66000001198
124, 50.00000000000, 776.61010321303, 48.33900606849, 4.12500003222, 0.00000000000, 0.00000000163, 0.00000001070
125, 50.00000000000, 799.57400658793, 57.88213112941, 4.12500003222, 0.00000000000, 0.00000000180, -0.00000003445
126, 50.00000000000, 796.92100672307, -30000000.00000000000, 0.00000000000, 0.00000000000, 0.00000094659, 0.66000001198
127, 50.00000000000, 822.03916367755, -30000000.00000000000, 0.00000000000, 0.00000000000, -0.00000059331, 0.66000001198
128, 50.00000000000, 850.79057522239, 62.45403495617, 4.12500003222, 0.00000000000, -0.00000000896, 0.00000000992
129, 50.00000000000, 848.29658388455, 106.96567040024, 4.12500003222, 0.00000000000, 0.00000000020, -0.00000001027
130, 50.00000000000, 886.82560572590, 67.04582722088, 4.12500003222, 0.00000000000, -0.00000000216, 0.00000001191
131, 50.00000000000, 881.29162901969, -30000000.00000000000, 0.00000000000, 0.00000000000, 0.00000181700, 0.66000001198
132, 50.00000000000, 901.95507911787, -30000000.00000000000, 0.00000000000, 0.00000000000, -0.00000031456, 0.66000001198
133, 50.00000000000, 904.97633724998, 175.56488772701, 4.12500003222, 0.00000000000, -0.00000000355, 0.00000000501
134, 50.00000000000, 952.77659271003, 69.93313508876, 4.12500003222, 0.00000000000, 0.00000000770, -0.00000003418
135, 50.00000000000, 968.90060662918, 53.26403003247, 4.12500003222, 0.00000000000, -0.00000000795, -0.00000001597
136, 50.00000000000, 972.40402886907, -30000000.00000000000, 0.00000000000, 0.00000000000, -0.00000035837, 0.66000001198
137, 50.00000000000, 1004.02615476138, 62.93733943506, 4.12500003222, 0.00000000000, 0.00000000593, -0.00000000691
138, 50.00000000000, 1001.50623095541, 103.97362687149, 4.12500003222, 0.00000000000, -0.00000000037, 0.00000003334
139, 50.00000000000, 1031.32907735432, -30000000.00000000000, 0.00000000000, 0.00000000000, -0.00000093901, 0.66000001198
140, 50.00000000000, 1040.42099259026, -30000000.00000000000, 0.00000000000, 0.00000000000, -0.00000085620, 0.66000001198
141, 50.00000000000, 1054.07549792514, 57.78747406099, 4.12500003222, 0.00000000000, -0.00000000005, 0.00000000598
142, 50.00000000000, 1080.47056507641, -30000000.00000000000, 0.00000000000, 0.00000000000, -0.00000023831, 0.66000001198
143, 50.00000000000, 1090.96633550052, 50.46376184139, 4.12500003222, 0.00000000000, -0.00000000970, 0.00000000670
144, 50.00000000000, 1088.35767436955, 14.77001281013, 4.12500003222, 0.00000000000, 0.00000000020, -0.00000001094
145, 50.00000000000, 1113.37539267625, 12.59846170684, 4.12500003222, 0.00000000000, 0.00000000450, 0.00000000508
146, 50.00000000000, 1144.65778740576, 36.07267255448, 4.12500003222, 0.00000000000, -0.00000000337, 0.00000001914
147, 50.00000000000, 1163.23078286324, 28.58835406271, 4.12500003222, 0.00000000000, 0.00000000003, 0.00000003689
148, 50.00000000000, 1169.69334420802, 134.19577585305, 4.12500003222, 0.00000000000, -0.00000000429, -0.00000002121
149, 50.00000000000, 1180.36627057143, 27.60507725432, 4.12500003222, 0.00000000000, 0.00000000284, -0.00000003645
150, 50.00000000000, 1199.05522367285, 40.98266843337, 4.12500003222, 0.00000000000, -0.00000001326, -0.00000004421
151, 50.00000000000, 1218.59264677401, 12.25434942563, 4.12500003222, 0.00000000000, 0.00000000604, 0.00000001266
152, 50.00000000000, 1223.72300799543, 150.95625920386, 4.12500003222, 0.00000000000, -0.00000000109, -0.00000001780
153, 50.00000000000, 1253.84659677886, 11.39201428120, 4.12500003222, 0.00000000000, 0.00000000181, -0.00000001556
154, 50.00000000000, 1273.95960882996, 25.17960623912, 4.12500003222, 0.00000000000, 0.00000000151, -0.00000001135
155, 50.00000000000, 1282.04404884131, 80.78586311547, 4.12500003222, 0.00000000000, -0.00000000362, 0.00000002774
156, 50.00000000000, 1290.25293488791, 117.36641804258, 4.12500003222, 0.00000000000, 0.00000001136, -0.00000000562
157, 50.00000000000, 1301.29633643423, 74.50596555494, 4.12500003222, 0.00000000000, 0.00000000392, 0.00000001529
158, 50.00000000000, 1304.24739357246, 130.80581563503, 4.12500003222, 0.00000000000, 0.00000000102, -0.00000000880
159, 50.00000000000, 1321.76772679487, 77.35836606853, 4.12500003222, 0.00000000000, 0.00000000093, 0.00000002628
160, 50.00000000000, 34.88570788962, 25.04714770050, 4.12500003222, 0.00000000000, -0.00000000673, -0.00000001801
161, 50.00000000000, 51.80763922261, 90.90092120639, 4.12500003222, 0.00000000000, -0.00000000121, -0.00000001448
162, 50.00000000000, 80.04804077368, 8.57386217331, 4.12500003222, 0.00000000000, -0.00000000714, 0.00000000892
163, 50.00000000000, 88.84735101905, 29.51892682896, 4.12500003222, 0.00000000000, 0.00000000094, 0.00000000995
164, 50.00000000000, 101.36458919279, 61.07282954821, 4.12500003222, 0.00000000000, -0.00000000106, 0.00000004209
165, 50.00000000000, 113.64561100531, 50.70061968519, 4.12500003222, 0.00000000000, 0.00000001206, 0.00000002971
166, 50.00000000000, 143.70813056010, 38.08090210984, 4.12500003222, 0.00000000000, -0.00000000286, -0.00000003939
167, 50.00000000000, 156.36563719225, 20.36790400669, 4.12500003222, 0.00000000000, 0.00000001223, 0.00000003744
168, 50.00000000000, 162.90149519193, 64.17107010450, 4.12500003222, 0.00000000000, 0.00000000131, -0.00000000802
169, 50.00000000000, 190.81383500360, 14.99089099702, 4.12500003222, 0.00000000000, -0.00000000522, -0.00000004462
170, 50.00000000000, 210.03318568657, 5.99224407536, 4.12500003222, 0.00000000000, 0.00000000125, -0.00000000476
171, 50.00000000000, 226.81175386534, 34.56289209038, 4.12500003222, 0.00000000000, -0.00000000100, -0.00000001803
172, 50.00000000000, 247.43303237304, 8.48645537560, 4.12500003222, 0.00000000000, 0.00000000669, -0.00000002159
173, 50.00000000000, 259.62811865351, 48.40245081809, 4.12500003222, 0.00000000000, -0.00000000316, 0.00000000930
174, 50.00000000000, 277.85840333930, 7.56915393054, 4.12500003222, 0.00000000000, -0.00000000726, -0.00000002417
175, 50.00000000000, 286.61753201299, 14.13869908064, 4.12500003222, 0.00000000000, -0.00000000757, 0.00000002021
176, 50.00000000000, 306.77091967970, 25.24347072419, 4.12500003222, 0.00000000000, 0.00000001409, 0.00000000037
177, 50.00000000000, 327.73667643830, 48.01117447157, 4.12500003222, 0.00000000000, -0.00000000289, -0.00000002364
178, 50.00000000000, 347.77129090636, 84.87659711500, 4.12500003222, 0.00000000000, -0.00000001215, -0.00000000060
179, 50.00000000000, 356.38106158005, 97.32368029317, 4.12500003222, 0.00000000000, -0.00000000019, 0.00000002188
180, 50.00000000000, 375.78362703504, 101.84183263233, 4.12500003222, 0.00000000000, -0.00000001339, -0.00000001718
181, 50.00000000000, 390.59263106029, 87.57568344546, 4.12500003222, 0.00000000000, -0.00000000071, 0.00000000190
182, 50.00000000000, 410.00095398531, 103.76717704176, 4.12500003222, 0.00000000000, 0.00000000036, 0.00000000848
183, 50.00000000000, 410.94211696461, 37.74815387383, 4.12500003222, 0.00000000000, 0.00000000104, -0.00000002045
184, 50.00000000000, 419.54036532895, -30000000.00000000000, 0.00000000000, 0.00000000000, 0.00000008439, 0.66000001198
185, 50.00000000000, 441.71278209856, 122.57623881366, 4.12500003222, 0.00000000000, 0.00000000775, -0.00000002210
186, 50.00000000000, 461.13176643580, 85.34399222107, 4.12500003222, 0.00000000000, -0.00000000321, -0.00000000084
187, 50.00000000000, 475.51940252130, 80.52574504497, 4.12500003222, 0.00000000000, -0.00000000980, 0.00000000604
188, 50.00000000000, 500.03961080572, 61.32937524882, 4.12500003222, 0.00000000000, -0.00000000317, -0.00000002532
189, 50.00000000000, 519.40223974910, 47.46358915519, 4.12500003222, 0.00000000000, -0.00000000511, 0.00000002509
190, 50.00000000000, 520.58267380689, -30000000.00000000000, 0.00000000000, 0.00000000000, 0.00000135806, 0.66000001198
191, 50.00000000000, 549.18913450155, 82.54803735246, 4.12500003222, 0.00000000000, -0.00000000084, -0.00000003649
192, 50.00000000000, 560.95779636193, 150.89638757491, 4.12500003222, 0.00000000000, -0.00000000302, -0.00000000556
193, 50.00000000000, 573.03072385737, 185.21889789340, 4.12500003222, 0.00000000000, 0.00000000284, 0.00000002059
194, 50.00000000000, 588.70301023312, 171.01403109486, 4.12500003222, 0.00000000000, -0.00000000012, 0.00000000632
195, 50.00000000000, 612.28101428985, -30000000.00000000000, 0.00000000000, 0.00000000000, 0.00000223237, 0.66000001198
196, 50.00000000000, 639.89820585641, -30000000.00000000000, 0.00000000000, 0.00000000000, 0.00000073799, 0.66000001198
197, 50.00000000000, 653.53228575771, -30000000.00000000000, 0.00000000000, 0.00000000000, -0.00000007266, 0.66000001198
198, 50.00000000000, 674.82951531295, 62.19095565863, 4.12500003222, 0.00000000000, -0.00000000040, 0.00000000500
199, 50.00000000000, 673.06020826581, -30000000.00000000000, 0.00000000000, 0.00000000000, 0.00000070719, 0.66000001198
200, 50.00000000000, 711.99429313624, 103.89931319487, 4.12500003222, 0.00000000000, -0.00000000709, 0.00000001088
201, 50.00000000000, 727.97977796471, 105.35777007813, 4.12500003222, 0.00000000000, -0.00000000958, 0.00000002155
202, 50.00000000000, 727.23358040919, 52.03535409958, 4.12500003222, 0.00000000000, 0.00000000882, -0.00000000018
203, 50.00000000000, 756.44150424276, -30000000.00000000000, 0.00000000000, 0.00000000000, -0.00000024601, 0.66000001198
204, 50.00000000000, 765.68247227427, -30000000.00000000000, 0.00000000000, 0.00000000000, -0.00000020833, 0.66000001198
205, 50.00000000000, 795.24587145301, 42.85637868894, 4.12500003222, 0.00000000000, 0.00000000480, 0.00000000085
206, 50.00000000000, 813.70542563291, 37.21589285805, 4.12500003222, 0.00000000000, -0.00000000239, -0.00000000180
207, 50.00000000000, 813.47015248450, 70.83730556170, 4.12500003222, 0.00000000000, 0.00000000835, 0.00000000954
208, 50.00000000000, 834.89400652545, 100.52623458640, 4.12500003222, 0.00000000000, -0.00000000334, -0.00000001364
209, 50.00000000000, 832.10423299599, 68.17537711960, 4.12500003222, 0.00000000000, 0.00000000451, -0.00000002083
210, 50.00000000000, 866.59283745094, -30000000.00000000000, 0.00000000000, 0.00000000000, 0.00000161984, 0.66000001198
211, 50.00000000000, 890.63605409679, -30000000.00000000000, 0.00000000000, 0.00000000000, 0.00000103109, 0.66000001198
212, 50.00000000000, 912.81551664100, 46.85841204021, 4.12500003222, 0.00000000000, 0.00000000281, -0.00000001439
213, 50.00000000000, 915.76837511254, -30000000.00000000000, 0.00000000000, 0.00000000000, -0.00000147500, 0.66000001198
214, 50.00000000000, 946.52609342556, 112.87231470299, 4.12500003222, 0.00000000000, -0.00000000101, -0.00000001238
215, 50.00000000000, 967.77077602519, 65.13498788446, 4.12500003222, 0.00000000000, -0.00000000529, -0.00000000608
216, 50.00000000000, 989.00248107885, 61.95201194588, 4.12500003222, 0.00000000000, 0.00000000992, -0.00000000577
217, 50.00000000000, 984.27381532761, -30000000.00000000000, 0.00000000000, 0.00000000000, -0.00000176700, 0.66000001198
218, 50.00000000000, 1003.32229807529, -30000000.00000000000, 0.00000000000, 0.00000000000, 0.00000034875, 0.66000001198
219, 50.00000000000, 1025.88273151686, -30000000.00000000000, 0.00000000000, 0.00000000000, -0.00000022594, 0.66000001198
220, 50.00000000000, 1014.09888619153, 141.88781282446, 4.12500003222, 0.00000000000, -0.00000000074, 0.00000001828
221, 50.00000000000, 1060.95933811455, 51.80187854651, 4.12500003222, 0.00000000000, 0.00000000701, -0.00000000632
222, 50.00000000000, 1078.72713117066, 58.62999178800, 4.12500003222, 0.00000000000, -0.00000000302, 0.00000000719
223, 50.00000000000, 1089.32148111863, 35.78370689613, 4.12500003222, 0.00000000000, -0.00000000509, -0.00000000384
224, 50.00000000000, 1099.51510483404, 14.46804988460, 4.12500003222, 0.00000000000, 0.00000000450, -0.00000003550
225, 50.00000000000, 1132.01540722735, 21.71006434268, 4.12500003222, 0.00000000000, 0.00000000040, -0.00000001120
226, 50.00000000000, 1129.76336960951, 93.06436279824, 4.12500003222, 0.00000000000, 0.00000000261, 0.00000000972
227, 50.00000000000, 1156.85848661269, 47.80695942877, 4.12500003222, 0.00000000000, -0.00000000627, -0.00000001846
228, 50.00000000000, 1164.49015633425, 9.52846477226, 4.12500003222, 0.00000000000, 0.00000000046, 0.00000000421
229, 50.00000000000, 1181.15391993031, 15.30236249267, 4.12500003222, 0.00000000000, -0.00000001111, 0.00000001939
230, 50.00000000000, 1201.02195113498, 16.11413862920, 4.12500003222, 0.00000000000, 0.00000000334, 0.00000005153
231, 50.00000000000, 1223.42906106541, 81.23065196781, 4.12500003222, 0.00000000000, -0.00000000423, -0.00000000599
232, 50.00000000000, 1239.31396140776, 41.76105528308, 4.12500003222, 0.00000000000, 0.00000000269, 0.00000001562
233, 50.00000000000, 1241.33438111757, 78.99861112162, 4.12500003222, 0.00000000000, 0.00000000357, -0.00000001399
234, 50.00000000000, 1258.02238502421, 73.50789467809, 4.12500003222, 0.00000000000, -0.00000000089, 0.00000000921
235, 50.00000000000, 1274.42446360590, 101.43774285844, 4.12500003222, 0.00000000000, 0.00000000825, -0.00000002322
236, 50.00000000000, 1307.87079676996, 8.64207557974, 4.12500003222, 0.00000000000, 0.00000000059, 0.00000001012
237, 50.00000000000, 1302.79605256410, 93.48957593976, 4.12500003222, 0.00000000000, -0.00000000298, 0.00000000819
238, 50.00000000000, 1308.97092876635, 109.08509577251, 4.12500003222, 0.00000000000, 0.00000001274, 0.00000002627
239, 50.00000000000, 1333.26926904074, 109.87400524069, 4.12500003222, 0.00000000000, -0.00000001337, -0.00000002562
240, 50.00000000000, 50.39431697476, 50.74085187637, 4.12500003222, 0.00000000000, -0.00000001077, -0.00000002096
241, 50.00000000000, 47.02361754820, 7.05657400708, 4.12500003222, 0.00000000000, 0.00000000202, -0.00000000851
242, 50.00000000000, 67.57003757606, 20.96235026455, 4.12500003222, 0.00000000000, 0.00000000709, 0.00000001532
243, 50.00000000000, 85.49637390747, 96.78205729610, 4.12500003222, 0.00000000000, 0.00000000659, 0.00000000878
244, 50.00000000000, 107.59349962528, 97.29218583391, 4.12500003222, 0.00000000000, -0.00000000001, 0.00000001217
245, 50.00000000000, 121.28485234305, 83.28288374754, 4.12500003222, 0.00000000000, -0.00000000942, 0.00000004147
246, 50.00000000000, 135.43868238137, 16.83795619022, 4.12500003222, 0.00000000000, 0.00000000323, -0.00000000087
247, 50.00000000000, 134.84008675129, 131.06606822277, 4.12500003222, 0.00000000000, 0.00000000250, -0.00000000591
248, 50.00000000000, 138.62936877525, 90.58599500181, 4.12500003222, 0.00000000000, -0.00000000571, 0.00000001618
249, 50.00000000000, 155.94621072385, 101.21940679709, 4.12500003222, 0.00000000000, 0.00000000165, -0.00000000042
250, 50.00000000000, 192.44486220723, 23.58112013882, 4.12500003222, 0.00000000000, -0.00000000259, 0.00000005299
251, 50.00000000000, 190.85524764558, 120.51979217085, 4.12500003222, 0.00000000000, -0.00000000415, -0.00000000866
252, 50.00000000000, 236.16453229908, 52.39220260818, 4.12500003222, 0.00000000000, 0.00000000591, 0.00000001284
253, 50.00000000000, 263.02402440530, 36.51393474306, 4.12500003222, 0.00000000000, 0.00000000169, 0.00000001547
254, 50.00000000000, 241.09809000565, 153.79096127281, 4.12500003222, 0.00000000000, -0.00000000397, -0.00000000452
255, 50.00000000000, 254.64828023434, 168.56116187360, 4.12500003222, 0.00000000000, 0.00000000657, 0.00000000624
256, 50.00000000000, 289.05885764162, 159.57271282964, 4.12500003222, 0.00000000000, -0.00000000002, 0.00000001044
257, 50.00000000000, 326.12438452239, 58.67415758655, 4.12500003222, 0.00000000000, -0.00000000713, -0.00000000194
258, 50.00000000000, 347.04699404089, 72.85228504510, 4.12500003222, 0.00000000000, 0.00000000199, 0.00000000353
259, 50.00000000000, 355.37787289434, 32.28744693884, 4.12500003222, 0.00000000000, -0.00000000157, -0.00000001372
260, 50.00000000000, 372.20160917906, 45.92720941910, 4.12500003222, 0.00000000000, 0.00000001193, 0.00000004591
261, 50.00000000000, 379.91905536554, 54.25121658393, 4.12500003222, 0.00000000000, -0.00000000806, 0.00000000737
262, 50.00000000000, 388.93887788843, -30000000.00000000000, 0.00000000000, 0.00000000000, 0.00000061209, 0.66000001198
263, 50.00000000000, 424.99892675301, 90.49617989336, 4.12500003222, 0.00000000000, 0.00000000536, 0.00000000036
264, 50.00000000000, 426.62033116895, 55.40819843315, 4.12500003222, 0.00000000000, 0.00000000020, 0.00000000365
265, 50.00000000000, 441.87518620357, 84.45577013986, 4.12500003222, 0.00000000000, 0.00000000475, 0.00000002739
266, 50.00000000000, 460.80104037048, 120.10078153983, 4.12500003222, 0.00000000000, 0.00000000726, 0.00000001426
267, 50.00000000000, 482.26030315793, 91.03484133952, 4.12500003222, 0.00000000000, -0.00000001205, 0.00000001060
268, 50.00000000000, 493.88153186135, 81.47004749257, 4.12500003222, 0.00000000000, 0.00000001040, -0.00000001488
269, 50.00000000000, 518.90306720106, 61.75198849016, 4.12500003222, 0.00000000000, 0.00000000489, -0.00000000304
270, 50.00000000000, 531.84524923006, -30000000.00000000000, 0.00000000000, 0.00000000000, -0.00000014633, 0.66000001198
271, 50.00000000000, 555.45342036108, 102.65249302370, 4.12500003222, 0.00000000000, -0.00000000403, 0.00000000459
272, 50.00000000000, 558.33743636570, 64.57812915007, 4.12500003222, 0.00000000000, -0.00000000194, 0.00000000334
273, 50.00000000000, 593.32813421624, 135.96676997089, 4.12500003222, 0.00000000000, -0.00000000684, 0.00000002008
274, 50.00000000000, 604.65869022092, 102.87984719335, 4.12500003222, 0.00000000000, -0.00000000353, 0.00000003235
275, 50.00000000000, 610.72159863076, 84.28389737007, 4.12500003222, 0.00000000000, -0.00000000845, -0.00000002186
276, 50.00000000000, 629.15038711257, -30000000.00000000000, 0.00000000000, 0.00000000000, 0.00000099221, 0.66000001198
277, 50.00000000000, 662.10975409018, 76.59503942322, 4.12500003222, 0.00000000000, 0.00000000250, -0.00000000801
278, 50.00000000000, 660.57065993030, -30000000.00000000000, 0.00000000000, 0.00000000000, -0.00000089032, 0.66000001198
279, 50.00000000000, 679.30342263347, 46.10010459753, 4.12500003222, 0.00000000000, 0.00000000074, -0.00000000055
280, 50.00000000000, 694.87787975621, -30000000.00000000000, 0.00000000000, 0.00000000000, -0.00000029079, 0.66000001198
281, 50.00000000000, 718.18573561638, 87.27092541459, 4.12500003222, 0.00000000000, 0.00000000785, -0.00000000852
282, 50.00000000000, 745.01697509145, -30000000.00000000000, 0.00000000000, 0.00000000000, -0.00000014535, 0.66000001198
283, 50.00000000000, 765.75053215046, 120.67407132594, 4.12500003222, 0.00000000000, -0.00000000259, -0.00000001126
284, 50.00000000000, 775.82465283782, 82.10201672469, 4.12500003222, 0.00000000000, 0.00000000364, -0.00000001463
285, 50.00000000000, 786.29845201467, -30000000.00000000000, 0.00000000000, 0.00000000000, 0.00000050588, 0.66000001198
286, 50.00000000000, 816.94139452045, 53.39632941084, 4.12500003222, 0.00000000000, -0.00000000119, 0.00000002108
287, 50.00000000000, 834.90034777007, 46.64160024257, 4.12500003222, 0.00000000000, -0.00000000559, 0.00000002721
288, 50.00000000000, 839.46921890601, -30000000.00000000000, 0.00000000000, 0.00000000000, -0.00000101373, 0.66000001198
289, 50.00000000000, 870.92331077130, 54.30866310551, 4.12500003222, 0.00000000000, 0.00000000101, 0.00000000596
290, 50.00000000000, 865.72750680686, 94.08769080947, 4.12500003222, 0.00000000000, -0.00000000502, 0.00000000042
291, 50.00000000000, 891.45761492090, 47.65981572732, 4.12500003222, 0.00000000000, -0.00000000069, -0.00000000813
292, 50.00000000000, 905.22338823391, -30000000.00000000000, 0.00000000000, 0.00000000000, -0.00000110819, 0.66000001198
293, 50.00000000000, 927.03873516679, 104.53380574313, 4.12500003222, 0.00000000000, -0.00000000200, -0.00000000635
294, 50.00000000000, 934.22413838931, 51.59180469063, 4.12500003222, 0.00000000000, 0.00000000505, -0.00000000636
295, 50.00000000000, 954.70090679234, 44.56940735674, 4.12500003222, 0.00000000000, -0.00000000522, 0.00000004452
296, 50.00000000000, 981.43350778751, 95.45178369719, 4.12500003222, 0.00000000000, -0.00000000510, 0.00000001035
297, 50.00000000000, 992.37331210051, 84.76695208310, 4.12500003222, 0.00000000000, -0.00000001369, -0.00000002862
298, 50.00000000000, 1011.74508265618, 86.36719330271, 4.12500003222, 0.00000000000, 0.00000000779, -0.00000003387
299, 50.00000000000, 1030.85399897460, -30000000.00000000000, 0.00000000000, 0.00000000000, -0.00000088796, 0.66000001198
300, 50.00000000000, 1042.86444652412, 64.85328963217, 4.12500003222, 0.00000000000, 0.00000000076, 0.00000000138
301, 50.00000000000, 1060.64765568760, 94.82781883667, 4.12500003222, 0.00000000000, -0.00000001006, 0.00000001853
302, 50.00000000000, 1066.96573848732, 73.54714593973, 4.12500003222, 0.00000000000, 0.00000000358, 0.00000000968
303, 50.00000000000, 1095.76986868288, -30000000.00000000000, 0.00000000000, 0.00000000000, -0.00000083959, 0.66000001198
304, 50.00000000000, 1102.16834037417, 56.19729352513, 4.12500003222, 0.00000000000, 0.00000000513, 0.00000001278
305, 50.00000000000, 1132.18978339779, 53.17925537127, 4.12500003222, 0.00000000000, -0.00000000462, -0.00000001616
306, 50.00000000000, 1124.17073299978, 6.81394498160, 4.12500003222, 0.00000000000, -0.00000000704, 0.00000004198
307, 50.00000000000, 1143.79919640374, 76.12657664104, 4.12500003222, 0.00000000000, -0.00000000331, 0.00000002816
308, 50.00000000000, 1176.12509020845, 50.90985249565, 4.12500003222, 0.00000000000, -0.00000000067, 0.00000001004
309, 50.00000000000, 1201.23746608301, 77.30102328550, 4.12500003222, 0.00000000000, 0.00000000476, 0.00000001002
310, 50.00000000000, 1201.68145313627, 3.97362043144, 4.12500003222, 0.00000000000, 0.00000000462, -0.00000004331
311, 50.00000000000, 1209.76753877305, 90.47013346977, 4.12500003222, 0.00000000000, 0.00000000435, -0.00000000706
312, 50.00000000000, 1237.62967091440, 8.91462213533, 4.12500003222, 0.00000000000, -0.00000000391, -0.00000000601
313, 50.00000000000, 1234.56290143970, 25.91639246815, 4.12500003222, 0.00000000000, -0.00000000219, -0.00000002408
314, 50.00000000000, 1249.78056995090, 96.43190206730, 4.12500003222, 0.00000000000, 0.00000001085, 0.00000002069
315, 50.00000000000, 1269.84367902949, 66.11673700884, 4.12500003222, 0.00000000000, 0.00000000259, -0.00000001400
316, 50.00000000000, 1285.44680251514, 104.64303096970, 4.12500003222, 0.00000000000, 0.00000000556, -0.00000005193
317, 50.00000000000, 1311.68046473332, 61.40355296318, 4.12500003222, 0.00000000000, -0.00000000313, -0.00000001466
318, 50.00000000000, 1313.03998310134, 39.71687952787, 4.12500003222, 0.00000000000, 0.00000000164, -0.00000000014
319, 50.00000000000, 1341.93275653109, 69.60335543954, 4.12500003222, 0.00000000000, 0.00000000427, 0.00000001076
320, 50.00000000000, -15.81525601760, 76.22407284921, 4.12500003222, 0.00000000000, -0.00000000000, 0.00000000000
321, 50.00000000000, 55.10309324512, 13.94314676269, 4.12500003222, 0.00000000000, -0.00000000053, -0.00000001599
322, 50.00000000000, 68.78835512768, 61.98610682116, 4.12500003222, 0.00000000000, 0.00000000025, 0.00000001898
323, 50.00000000000, 83.42972351635, 48.70832698385, 4.12500003222, 0.00000000000, -0.00000000949, -0.00000002262
324, 50.00000000000, 73.44495054972, 249.19054562779, 4.12500003222, 0.00000000000, 0.00000000000, 0.00000000000
325, 50.00000000000, 122.53584133902, 15.57038608933, 4.12500003222, 0.00000000000, 0.00000000252, -0.00000003216
326, 50.00000000000, 135.43146504929, 49.14407050595, 4.12500003222, 0.00000000000, 0.00000000359, 0.00000003765
327, 50.00000000000, 156.13525437222, 42.45286853649, 4.12500003222, 0.00000000000, 0.00000001077, 0.00000001539
328, 50.00000000000, 172.98373033020, 14.82555471783, 4.12500003222, 0.00000000000, -0.00000000926, 0.00000007027
329, 50.00000000000, 175.71886422900, 84.40966658679, 4.12500003222, 0.00000000000, -0.00000000039, 0.00000000751
330, 50.00000000000, 186.11442519712, 136.46174968174, 4.12500003222, 0.00000000000, 0.00000000362, 0.00000000469
331, 50.00000000000, 189.66727195413, 100.40050469967, 4.12500003222, 0.00000000000, 0.00000000092, 0.00000000167
332, 50.00000000000, 252.26005881121, 55.38513673736, 4.12500003222, 0.00000000000, -0.00000000512, 0.00000000442
333, 50.00000000000, 264.51538229859, 83.96719947583, 4.12500003222, 0.00000000000, -0.00000000118, 0.00000001059
334, 50.00000000000, 283.87258402352, 78.51248352204, 4.12500003222, 0.00000000000, 0.00000000324, 0.00000001586
335, 50.00000000000, 274.61353308625, 174.67766059720, 4.12500003222, 0.00000000000, -0.00000000017, -0.00000000139
336, 50.00000000000, 305.23878821662, 48.46912366216, 4.12500003222, 0.00000000000, -0.00000000198, -0.00000006190
337, 50.00000000000, 336.70977741317, 89.36144195257, 4.12500003222, 0.00000000000, -0.00000000549, 0.00000001712
338, 50.00000000000, 339.60435863447, 62.87930234274, 4.12500003222, 0.00000000000, 0.00000002364, -0.00000003050
339, 50.00000000000, 340.00595498222, -30000000.00000000000, 0.00000000000, 0.00000000000, -0.00000017105, 0.66000001198
340, 50.00000000000, 359.30559441346, 51.54348932661, 4.12500003222, 0.00000000000, 0.00000000493, 0.00000000277
341, 50.00000000000, 391.92342233910, 46.76198817400, 4.12500003222, 0.00000000000, -0.00000001416, -0.00000004501
342, 50.00000000000, 397.20892826405, 68.85894020996, 4.12500003222, 0.00000000000, 0.00000000976, 0.00000000923
343, 50.00000000000, 411.95594727245, -30000000.00000000000, 0.00000000000, 0.00000000000, 0.00000040949, 0.66000001198
344, 50.00000000000, 421.63645327278, -30000000.00000000000, 0.00000000000, 0.00000000000, 0.00000031613, 0.66000001198
345, 50.00000000000, 445.45720116923, 101.17542987122, 4.12500003222, 0.00000000000, -0.00000000045, -0.00000003051
346, 50.00000000000, 457.54932476097, 69.09031918248, 4.12500003222, 0.00000000000, -0.00000000176, -0.00000000889
347, 50.00000000000, 479.42359820436, 68.29300012248, 4.12500003222, 0.00000000000, -0.00000000004, -0.00000000435
348, 50.00000000000, 500.13709313774, 51.44567328410, 4.12500003222, 0.00000000000, -0.00000000660, -0.00000000179
349, 50.00000000000, 508.76185780467, -30000000.00000000000, 0.00000000000, 0.00000000000, 0.00000080948, 0.66000001198
350, 50.00000000000, 544.72162761160, 139.40540581449, 4.12500003222, 0.00000000000, -0.00000000128, 0.00000000328
351, 50.00000000000, 563.44831674080, 85.04241634155, 4.12500003222, 0.00000000000, 0.00000000013, -0.00000001252
352, 50.00000000000, 566.66411540081, 117.61319220910, 4.12500003222, 0.00000000000, -0.00000000531, -0.00000000407
353, 50.00000000000, 578.19939593328, 72.68461392463, 4.12500003222, 0.00000000000, -0.00000000768, 0.00000000989
354, 50.00000000000, 594.44130945287, 100.90138410689, 4.12500003222, 0.00000000000, -0.00000000407, -0.00000000441
355, 50.00000000000, 612.31119988252, 95.87429737965, 4.12500003222, 0.00000000000, 0.00000000302, -0.00000002086
356, 50.00000000000, 608.80557937470, 175.08199061235, 4.12500003222, 0.00000000000, 0.00000000005, -0.00000000080
357, 50.00000000000, 641.37601918537, 107.33898383065, 4.12500003222, 0.00000000000, -0.00000000682, 0.00000000900
358, 50.00000000000, 663.26266680603, 162.04356304832, 4.12500003222, 0.00000000000, -0.00000000055, -0.00000000141
359, 50.00000000000, 683.79355610753, -30000000.00000000000, 0.00000000000, 0.00000000000, -0.00000056277, 0.66000001198
360, 50.00000000000, 713.84967259489, 122.96164055788, 4.12500003222, 0.00000000000, 0.00000001044, -0.00000000126
361, 50.00000000000, 722.59514942514, 36.10010772917, 4.12500003222, 0.00000000000, 0.00000000859, 0.00000000731
362, 50.00000000000, 748.54823151748, 115.40914386648, 4.12500003222, 0.00000000000, 0.00000000100, 0.00000001180
363, 50.00000000000, 741.57174911414, 39.82130848688, 4.12500003222, 0.00000000000, 0.00000000735, 0.00000001046
364, 50.00000000000, 754.52284937941, 83.70073864131, 4.12500003222, 0.00000000000, -0.00000000094, 0.00000001483
365, 50.00000000000, 797.18003422527, 215.23198236089, 4.12500003222, 0.00000000000, -0.00000000491, -0.00000001716
366, 50.00000000000, 807.98956735489, -30000000.00000000000, 0.00000000000, 0.00000000000, -0.00000008405, 0.66000001198
367, 50.00000000000, 811.47827788867, -30000000.00000000000, 0.00000000000, 0.00000000000, 0.00000036708, 0.66000001198
368, 50.00000000000, 833.69649444093, -30000000.00000000000, 0.00000000000, 0.00000000000, -0.00000141773, 0.66000001198
369, 50.00000000000, 830.55776108200, 123.89017986799, 4.12500003222, 0.00000000000, 0.00000000593, 0.00000000953
370, 50.00000000000, 865.63038712570, 114.16091869719, 4.12500003222, 0.00000000000, 0.00000000450, 0.00000000443
371, 50.00000000000, 890.63339669740, -30000000.00000000000, 0.00000000000, 0.00000000000, 0.00000103162, 0.66000001198
372, 50.00000000000, 905.14116096987, 98.15532789244, 4.12500003222, 0.00000000000, 0.00000000565, 0.00000001477
373, 50.00000000000, 921.69085708637, 64.21415504659, 4.12500003222, 0.00000000000, -0.00000000242, 0.00000001557
374, 50.00000000000, 946.34527763346, 58.76820343511, 4.12500003222, 0.00000000000, 0.00000001097, -0.00000002154
375, 50.00000000000, 963.24966930524, -30000000.00000000000, 0.00000000000, 0.00000000000, 0.00000058485, 0.66000001198
376, 50.00000000000, 975.56517072570, -30000000.00000000000, 0.00000000000, 0.00000000000, -0.00000023486, 0.66000001198
377, 50.00000000000, 994.14136891909, 31.28864705373, 4.12500003222, 0.00000000000, 0.00000000061, -0.00000000606
378, 50.00000000000, 1006.18275560181, 48.77347087815, 4.12500003222, 0.00000000000, 0.00000000246, 0.00000001622
379, 50.00000000000, 1022.60838195919, 99.67393811417, 4.12500003222, 0.00000000000, 0.00000000561, -0.00000000735
380, 50.00000000000, 1044.06672444412, 78.49263507791, 4.12500003222, 0.00000000000, -0.00000000307, -0.00000000823
381, 50.00000000000, 1051.34890172612, 115.67768638022, 4.12500003222, 0.00000000000, -0.00000000019, 0.00000000362
382, 50.00000000000, 1076.32442222850, 82.92244920970, 4.12500003222, 0.00000000000, 0.00000000607, -0.00000001499
383, 50.00000000000, 1091.47762664670, 72.46858806097, 4.12500003222, 0.00000000000, 0.00000000957, -0.00000001302
384, 50.00000000000, 1103.11701620857, 32.77387428786, 4.12500003222, 0.00000000000, -0.00000000411, 0.00000001760
385, 50.00000000000, 1122.72850563154, 43.14369378573, 4.12500003222, 0.00000000000, 0.00000000775, 0.00000001314
386, 50.00000000000, 1140.95960422259, 42.79240494726, 4.12500003222, 0.00000000000, 0.00000000745, -0.00000002813
387, 50.00000000000, 1144.77337980132, 11.76266891862, 4.12500003222, 0.00000000000, -0.00000000451, -0.00000001516
388, 50.00000000000, 1163.03178926611, 43.03309082458, 4.12500003222, 0.00000000000, -0.00000000031, -0.00000002965
389, 50.00000000000, 1173.71697830994, 97.96226060017, 4.12500003222, 0.00000000000, -0.00000000465, -0.00000001172
390, 50.00000000000, 1196.85196606401, 109.70690575032, 4.12500003222, 0.00000000000, 0.00000000079, -0.00000000960
391, 50.00000000000, 1213.15477270285, 100.02009043222, 4.12500003222, 0.00000000000, 0.00000000443, 0.00000000512
392, 50.00000000000, 1230.75351823420, 62.63225025784, 4.12500003222, 0.00000000000, 0.00000000326, -0.00000001966
393, 50.00000000000, 1254.10004968120, 26.84188601068, 4.12500003222, 0.00000000000, 0.00000000092, 0.00000001661
394, 50.00000000000, 1254.30937383555, 108.09685523245, 4.12500003222, 0.00000000000, 0.00000000133, -0.00000000030
395, 50.00000000000, 1270.45456157476, 89.40393556073, 4.12500003222, 0.00000000000, 0.00000000102, -0.00000000461
396, 50.00000000000, 1288.89133375560, 60.71256160583, 4.12500003222, 0.00000000000, -0.00000000030, -0.00000001967
397, 50.00000000000, 1298.99421108123, 108.34708654364, 4.12500003222, 0.00000000000, 0.00000000642, -0.00000000969
398, 50.00000000000, 1325.41016157746, 126.73944830318, 4.12500003222, 0.00000000000, -0.00000001361, -0.00000003769
399, 50.00000000000, 1325.11343506900, 43.80495372282, 4.12500003222, 0.00000000000, 0.00000000722, 0.00000000456
400, 50.00000000000, 33.39814536777, 42.56374642643, 4.12500003222, 0.00000000000, 0.00000000063, 0.00000002832
401, 50.00000000000, 50.47747482488, 71.20204941235, 4.12500003222, 0.00000000000, 0.00000000522, 0.00000000997
402, 50.00000000000, 76.54138380036, 116.29324757239, 4.12500003222, 0.00000000000, 0.00000000183, 0.00000000023
403, 50.00000000000, 83.67394101804, 74.48065995822, 4.12500003222, 0.00000000000, -0.00000000622, -0.00000002090
404, 50.00000000000, 108.49165814217, 73.14774970463, 4.12500003222, 0.00000000000, -0.00000000289, 0.00000001464
405, 50.00000000000, 104.00063312104, 11.14130672801, 4.12500003222, 0.00000000000, 0.00000000742, -0.00000000364
406, 50.00000000000, 134.82262033235, 28.33722903749, 4.12500003222, 0.00000000000, -0.00000000070, 0.00000003099
407, 50.00000000000, 136.78803859132, 110.87294945555, 4.12500003222, 0.00000000000, -0.00000000106, -0.00000000840
408, 50.00000000000, 159.99820761333, 81.85126035905, 4.12500003222, 0.00000000000, -0.00000000724, 0.00000000301
409, 50.00000000000, 174.22493006557, 70.53479460048, 4.12500003222, 0.00000000000, -0.00000000441, -0.00000005786
410, 50.00000000000, 170.70548779898, 96.09854029992, 4.12500003222, 0.00000000000, 0.00000000271, 0.00000000560
411, 50.00000000000, 204.71418049420, 257.40219084724, 4.12500003222, 0.00000000000, 0.00000000000, 0.00000000000
412, 50.00000000000, 215.47705172321, 182.79817562348, 4.12500003222, 0.00000000000, 0.00000000146, -0.00000000146
413, 50.00000000000, 234.67611552191, 230.45943348840, 4.12500003222, 0.00000000000, 0.00000000000, 0.00000000000
414, 50.00000000000, 270.25609478688, 67.88028712759, 4.12500003222, 0.00000000000, -0.00000000390, -0.00000004564
415, 50.00000000000, 302.83325924046, 79.34983302730, 4.12500003222, 0.00000000000, -0.00000000216, 0.00000000274
416, 50.00000000000, 298.53402837964, 15.41614950043, 4.12500003222, 0.00000000000, 0.00000000060, -0.00000000511
417, 50.00000000000, 318.62308593385, 28.58342263651, 4.12500003222, 0.00000000000, -0.00000000021, -0.00000003263
418, 50.00000000000, 322.42956292726, -30000000.00000000000, 0.00000000000, 0.00000000000, 0.00000072823, 0.66000001198
419, 50.00000000000, 339.49563006144, -30000000.00000000000, 0.00000000000, 0.00000000000, -0.00000011559, 0.66000001198
420, 50.00000000000, 353.13639307633, 204.71567988156, 4.12500003222, 0.00000000000, 0.00000000000, 0.00000000000
421, 50.00000000000, 388.47912978057, 111.09620890119, 4.12500003222, 0.00000000000, -0.00000000459, 0.00000002636
422, 50.00000000000, 400.48339804626, 127.53447130561, 4.12500003222, 0.00000000000, -0.00000000591, -0.00000001190
423, 50.00000000000, 405.77340567594, -30000000.00000000000, 0.00000000000, 0.00000000000, 0.00000163363, 0.66000001198
424, 50.00000000000, 434.39996389457, 140.60771958366, 4.12500003222, 0.00000000000, -0.00000001018, 0.00000002512
425, 50.00000000000, 431.99413008865, -30000000.00000000000, 0.00000000000, 0.00000000000, -0.00000150851, 0.66000001198
426, 50.00000000000, 463.89120050552, 61.15891982894, 4.12500003222, 0.00000000000, -0.00000000052, 0.00000000292
427, 50.00000000000, 465.13596504519, 225.68632901935, 4.12500003222, 0.00000000000, 0.00000000342, 0.00000000618
428, 50.00000000000, 510.68275925169, 81.28385216899, 4.12500003222, 0.00000000000, 0.00000000504, 0.00000001811
429, 50.00000000000, 507.52694227155, -30000000.00000000000, 0.00000000000, 0.00000000000, 0.00000032952, 0.66000001198
430, 50.00000000000, 544.70455265409, 118.35119655376, 4.12500003222, 0.00000000000, 0.00000000431, -0.00000000879
431, 50.00000000000, 539.27699033270, 97.51424392370, 4.12500003222, 0.00000000000, -0.00000000101, 0.00000003076
432, 50.00000000000, 567.79009194951, -30000000.00000000000, 0.00000000000, 0.00000000000, -0.00000171706, 0.66000001198
433, 50.00000000000, 587.99843397541, 87.95535072614, 4.12500003222, 0.00000000000, 0.00000000623, -0.00000000063
434, 50.00000000000, 582.08258327577, 151.95211254090, 4.12500003222, 0.00000000000, 0.00000000685, -0.00000000260
435, 50.00000000000, 619.89857767199, 72.92243935818, 4.12500003222, 0.00000000000, -0.00000000340, 0.00000000455
436, 50.00000000000, 632.49443553940, 85.85602506667, 4.12500003222, 0.00000000000, 0.00000000526, -0.00000001545
437, 50.00000000000, 652.41450720292, 91.81583538973, 4.12500003222, 0.00000000000, 0.00000000862, 0.00000000135
438, 50.00000000000, 661.53350927108, 61.05816741459, 4.12500003222, 0.00000000000, -0.00000000242, 0.00000001986
439, 50.00000000000, 685.38009077172, 68.43458461521, 4.12500003222, 0.00000000000, -0.00000000980, -0.00000001182
440, 50.00000000000, 699.30497539844, 83.81331570873, 4.12500003222, 0.00000000000, 0.00000000159, 0.00000000635
441, 50.00000000000, 718.97314057585, -30000000.00000000000, 0.00000000000, 0.00000000000, -0.00000019778, 0.66000001198
442, 50.00000000000, 730.38082713688, -30000000.00000000000, 0.00000000000, 0.00000000000, 0.00000005238, 0.66000001198
443, 50.00000000000, 754.15665806397, 50.04150739034, 4.12500003222, 0.00000000000, -0.00000000952, -0.00000003225
444, 50.00000000000, 748.20311029401, 134.30510108328, 4.12500003222, 0.00000000000, -0.00000001054, -0.00000000303
445, 50.00000000000, 784.61860166428, 64.47818244896, 4.12500003222, 0.00000000000, -0.00000000925, 0.00000000687
446, 50.00000000000, 804.98244227558, 101.68360009007, 4.12500003222, 0.00000000000, 0.00000000017, -0.00000000929
447, 50.00000000000, 798.27193107247, 80.72998431539, 4.12500003222, 0.00000000000, -0.00000000224, 0.00000003486
448, 50.00000000000, 823.50354497865, 108.95680953990, 4.12500003222, 0.00000000000, -0.00000000331, -0.00000000042
449, 50.00000000000, 854.52283468306, 42.80186115256, 4.12500003222, 0.00000000000, 0.00000000491, -0.00000001146
450, 50.00000000000, 843.90452209399, 162.80155455753, 4.12500003222, 0.00000000000, 0.00000000061, 0.00000000079
451, 50.00000000000, 886.53877666596, 87.50932632963, 4.12500003222, 0.00000000000, -0.00000000390, -0.00000002493
452, 50.00000000000, 906.72404817217, -30000000.00000000000, 0.00000000000, 0.00000000000, -0.00000081974, 0.66000001198
453, 50.00000000000, 892.64866433340, 193.01327829924, 4.12500003222, 0.00000000000, -0.00000000198, -0.00000001880
454, 50.00000000000, 944.56770906054, 90.56430709844, 4.12500003222, 0.00000000000, -0.00000000289, 0.00000001900
455, 50.00000000000, 960.53549386189, -30000000.00000000000, 0.00000000000, 0.00000000000, 0.00000106156, 0.66000001198
456, 50.00000000000, 967.90280604738, 84.85255858029, 4.12500003222, 0.00000000000, 0.00000001204, -0.00000000131
457, 50.00000000000, 993.12444048294, 214.90439978331, 4.12500003222, 0.00000000000, 0.00000000000, 0.00000000000
458, 50.00000000000, 990.34008791818, 118.78156321673, 4.12500003222, 0.00000000000, 0.00000000900, -0.00000001207
459, 50.00000000000, 1014.91010530338, 117.30583320526, 4.12500003222, 0.00000000000, -0.00000000907, 0.00000000654
460, 50.00000000000, 1029.56940531286, 130.43353477279, 4.12500003222, 0.00000000000, 0.00000000284, -0.00000001914
461, 50.00000000000, 1053.89360819075, 77.50072229063, 4.12500003222, 0.00000000000, -0.00000000840, -0.00000002895
462, 50.00000000000, 1047.78433529917, 134.33458802053, 4.12500003222, 0.00000000000, -0.00000000345, -0.00000002006
463, 50.00000000000, 1082.65509431357, 143.49071604496, 4.12500003222, 0.00000000000, -0.00000000307, -0.00000000173
464, 50.00000000000, 1110.58808971846, 24.26366696517, 4.12500003222, 0.00000000000, 0.00000000981, -0.00000001732
465, 50.00000000000, 1125.54858330201, 61.86042256581, 4.12500003222, 0.00000000000, -0.00000001112, -0.00000001164
466, 50.00000000000, 1142.51550053375, 57.57419933151, 4.12500003222, 0.00000000000, 0.00000000036, -0.00000003300
467, 50.00000000000, 1151.35831270702, 60.76229329636, 4.12500003222, 0.00000000000, -0.00000000624, -0.00000001120
468, 50.00000000000, 1162.56433893057, 81.00451313043, 4.12500003222, 0.00000000000, -0.00000000151, 0.00000007790
469, 50.00000000000, 1180.04417838330, 116.07348099762, 4.12500003222, 0.00000000000, -0.00000000104, -0.00000000518
470, 50.00000000000, 1191.13911194732, 94.03616137001, 4.12500003222, 0.00000000000, -0.00000000448, 0.00000000223
471, 50.00000000000, 1224.21801144722, 47.25993760079, 4.12500003222, 0.00000000000, 0.00000001677, 0.00000001547
472, 50.00000000000, 1208.69395832386, 164.27995550778, 4.12500003222, 0.00000000000, -0.00000000313, 0.00000000181
473, 50.00000000000, 1233.04915602117, 112.08855506108, 4.12500003222, 0.00000000000, -0.00000000061, -0.00000001309
474, 50.00000000000, 1260.16312561397, 87.82724977357, 4.12500003222, 0.00000000000, 0.00000000441, 0.00000001476
475, 50.00000000000, 1292.80893694250, 15.04848856817, 4.12500003222, 0.00000000000, -0.00000000339, -0.00000001080
476, 50.00000000000, 1268.16745320107, 109.30950374705, 4.12500003222, 0.00000000000, -0.00000000795, -0.00000000624
477, 50.00000000000, 1301.29670159141, 152.07188744662, 4.12500003222, 0.00000000000, -0.00000000025, -0.00000000548
478, 50.00000000000, 1315.18462043628, 92.42118084392, 4.12500003222, 0.00000000000, 0.00000000119, 0.00000005030
479, 50.00000000000, 1337.38669219100, 89.25356394717, 4.12500003222, 0.00000000000, -0.00000000091, 0.00000001257
480, 50.00000000000, 32.41890477960, 63.21082955657, 4.12500003222, 0.00000000000, -0.00000000148, -0.00000001248
481, 50.00000000000, 55.37895303498, 114.87113243856, 4.12500003222, 0.00000000000, 0.00000000104, -0.00000000642
482, 50.00000000000, 67.13117164478, 42.14362808984, 4.12500003222, 0.00000000000, 0.00000000764, -0.00000003506
483, 50.00000000000, 90.86173530348, 61.57127341924, 4.12500003222, 0.00000000000, -0.00000000435, -0.00000000779
484, 50.00000000000, 88.52899261914, 133.22991581478, 4.12500003222, 0.00000000000, 0.00000000035, 0.00000000361
485, 50.00000000000, 120.64912334968, 60.59047292592, 4.12500003222, 0.00000000000, 0.00000001586, 0.00000001327
486, 50.00000000000, 141.14476498138, 71.29371421406, 4.12500003222, 0.00000000000, 0.00000000380, -0.00000003515
487, 50.00000000000, 156.63435607348, 5.06900735154, 4.12500003222, 0.00000000000, -0.00000001294, 0.00000002282
488, 50.00000000000, 151.78589095207, 142.43002779287, 4.12500003222, 0.00000000000, 0.00000000061, 0.00000000073
489, 50.00000000000, 152.19920211592, 80.75815029556, 4.12500003222, 0.00000000000, -0.00000000048, -0.00000000911
490, 50.00000000000, 192.59787832159, 40.50524158315, 4.12500003222, 0.00000000000, 0.00000000076, 0.00000000425
491, 50.00000000000, 198.96303739894, 170.24878379074, 4.12500003222, 0.00000000000, 0.00000000151, -0.00000000528
492, 50.00000000000, 206.38787561238, 133.98168670113, 4.12500003222, 0.00000000000, 0.00000000215, 0.00000000038
493, 50.00000000000, 250.58198081980, 70.33841991172, 4.12500003222, 0.00000000000, 0.00000000007, 0.00000000991
494, 50.00000000000, 263.90881664180, 12.68671225366, 4.12500003222, 0.00000000000, 0.00000000612, -0.00000003345
495, 50.00000000000, 282.31166217153, 45.32245879454, 4.12500003222, 0.00000000000, 0.00000000104, 0.00000000972
496, 50.00000000000, 296.72211842599, 27.27179016559, 4.12500003222, 0.00000000000, 0.00000000819, 0.00000003064
497, 50.00000000000, 334.86124372620, 70.47449140021, 4.12500003222, 0.00000000000, 0.00000001653, 0.00000004559
498, 50.00000000000, 347.65345571033, 52.51207777433, 4.12500003222, 0.00000000000, 0.00000000419, -0.00000001875
499, 50.00000000000, 357.59301802592, 74.67819943230, 4.12500003222, 0.00000000000, -0.00000000481, -0.00000001910
500, 50.00000000000, 373.73386762261, 32.69261553511, 4.12500003222, 0.00000000000, 0.00000000586, -0.00000002483
501, 50.00000000000, 396.90193325600, 104.91941606702, 4.12500003222, 0.00000000000, 0.00000001667, -0.00000001338
502, 50.00000000000, 397.01516119271, 55.06056323856, 4.12500003222, 0.00000000000, 0.00000000864, 0.00000002542
503, 50.00000000000, 423.45561073933, 72.98932197708, 4.12500003222, 0.00000000000, 0.00000000645, -0.00000001604
504, 50.00000000000, 421.88715905444, -30000000.00000000000, 0.00000000000, 0.00000000000, 0.00000027989, 0.66000001198
505, 50.00000000000, 455.82868135191, 207.51796944009, 4.12500003222, 0.00000000000, -0.00000000311, -0.00000000564
506, 50.00000000000, 456.67378927789, 187.23092496459, 4.12500003222, 0.00000000000, 0.00000000001, -0.00000000029
507, 50.00000000000, 482.09158204514, 59.84748592112, 4.12500003222, 0.00000000000, -0.00000000172, -0.00000001505
508, 50.00000000000, 493.22238418633, 98.35202519015, 4.12500003222, 0.00000000000, -0.00000000741, 0.00000003735
509, 50.00000000000, 500.87937717959, 231.34346737177, 4.12500003222, 0.00000000000, 0.00000000098, -0.00000000033
510, 50.00000000000, 529.65376166794, -30000000.00000000000, 0.00000000000, 0.00000000000, 0.00000028521, 0.66000001198
511, 50.00000000000, 545.24931779088, 160.41309309149, 4.12500003222, 0.00000000000, 0.00000000133, -0.00000001183
512, 50.00000000000, 568.81919495509, 166.36977596330, 4.12500003222, 0.00000000000, -0.00000000632, 0.00000000523
513, 50.00000000000, 589.54752799557, 122.42826704329, 4.12500003222, 0.00000000000, -0.00000000116, 0.00000002273
514, 50.00000000000, 601.97640383557, 116.26748444248, 4.12500003222, 0.00000000000, 0.00000000687, -0.00000001390
515, 50.00000000000, 611.30549313370, 136.42702052894, 4.12500003222, 0.00000000000, -0.00000000585, 0.00000000359
516, 50.00000000000, 633.52634916971, -30000000.00000000000, 0.00000000000, 0.00000000000, 0.00000124373, 0.66000001198
517, 50.00000000000, 642.43979937755, 73.35664267936, 4.12500003222, 0.00000000000, 0.00000002206, -0.00000004681
518, 50.00000000000, 667.78406084803, 195.95129606203, 4.12500003222, 0.00000000000, 0.00000000116, -0.00000000238
519, 50.00000000000, 675.43409066200, 83.76836135891, 4.12500003222, 0.00000000000, -0.00000000275, 0.00000000146
520, 50.00000000000, 701.66737116100, -30000000.00000000000, 0.00000000000, 0.00000000000, -0.00000054288, 0.66000001198
521, 50.00000000000, 735.36471668943, 96.39978338520, 4.12500003222, 0.00000000000, 0.00000001170, -0.00000003724
522, 50.00000000000, 745.43173399325, 65.15938908272, 4.12500003222, 0.00000000000, 0.00000000536, -0.00000001695
523, 50.00000000000, 747.66260697377, -30000000.00000000000, 0.00000000000, 0.00000000000, -0.00000066804, 0.66000001198
524, 50.00000000000, 777.18388287402, 210.50260939956, 4.12500003222, 0.00000000000, 0.00000000892, -0.00000001060
525, 50.00000000000, 780.60005647343, -30000000.00000000000, 0.00000000000, 0.00000000000, -0.00000020647, 0.66000001198
526, 50.00000000000, 786.91301854478, 114.94082374611, 4.12500003222, 0.00000000000, 0.00000000102, 0.00000001674
527, 50.00000000000, 821.33394673214, 87.43148434165, 4.12500003222, 0.00000000000, -0.00000000794, -0.00000000979
528, 50.00000000000, 818.16028575625, 139.97386194767, 4.12500003222, 0.00000000000, 0.00000000015, -0.00000000209
529, 50.00000000000, 839.04342902172, 142.08902224434, 4.12500003222, 0.00000000000, 0.00000000142, -0.00000002201
530, 50.00000000000, 858.74276805787, 149.35973812573, 4.12500003222, 0.00000000000, 0.00000000004, -0.00000000304
531, 50.00000000000, 884.32070783670, 106.29102511172, 4.12500003222, 0.00000000000, -0.00000000012, 0.00000000720
532, 50.00000000000, 913.89300562644, -30000000.00000000000, 0.00000000000, 0.00000000000, -0.00000106621, 0.66000001198
533, 50.00000000000, 935.60053226607, 73.89217665792, 4.12500003222, 0.00000000000, -0.00000000702, -0.00000000023
534, 50.00000000000, 925.29968013350, 176.88300514110, 4.12500003222, 0.00000000000, -0.00000000309, 0.00000000729
535, 50.00000000000, 960.87976975688, 101.02619038847, 4.12500003222, 0.00000000000, -0.00000000333, 0.00000000959
536, 50.00000000000, 980.15923075260, 105.54468817398, 4.12500003222, 0.00000000000, 0.00000000088, -0.00000002518
537, 50.00000000000, 972.89727832620, 33.26283945492, 4.12500003222, 0.00000000000, 0.00000000209, -0.00000000512
538, 50.00000000000, 1006.07501693552, 73.25146347368, 4.12500003222, 0.00000000000, -0.00000000155, -0.00000000165
539, 50.00000000000, 1022.46199287287, 65.71514717554, 4.12500003222, 0.00000000000, -0.00000000869, 0.00000001177
540, 50.00000000000, 1038.65005425971, 57.67789587838, 4.12500003222, 0.00000000000, 0.00000000460, -0.00000001112
541, 50.00000000000, 1062.06738886749, 63.31685764019, 4.12500003222, 0.00000000000, -0.00000001034, -0.00000002432
542, 50.00000000000, 1070.19646386080, 40.70293963385, 4.12500003222, 0.00000000000, 0.00000000244, 0.00000000717
543, 50.00000000000, 1098.15561847898, 255.57727337902, 4.12500003222, 0.00000000000, 0.00000000000, 0.00000000000
544, 50.00000000000, 1111.72342134339, 63.22455727826, 4.12500003222, 0.00000000000, -0.00000000362, 0.00000002049
545, 50.00000000000, 1137.47063228951, 176.67689148098, 4.12500003222, 0.00000000000, 0.00000000071, 0.00000000277
546, 50.00000000000, 1142.70929684461, 197.48392785180, 4.12500003222, 0.00000000000, -0.00000000071, -0.00000000277
547, 50.00000000000, 1150.26256571041, 25.03051870245, 4.12500003222, 0.00000000000, 0.00000000023, 0.00000002370
548, 50.00000000000, 1160.13953626039, 114.93760982959, 4.12500003222, 0.00000000000, -0.00000000307, 0.00000000440
549, 50.00000000000, 1192.79587787012, 59.64839241260, 4.12500003222, 0.00000000000, -0.00000000218, 0.00000001406
550, 50.00000000000, 1213.70065059868, 67.69201596482, 4.12500003222, 0.00000000000, -0.00000000782, 0.00000000546
551, 50.00000000000, 1204.26528273328, 144.11330522664, 4.12500003222, 0.00000000000, 0.00000000014, 0.00000000048
552, 50.00000000000, 1232.17638003369, 97.28603818644, 4.12500003222, 0.00000000000, -0.00000001344, -0.00000001898
553, 50.00000000000, 1239.98387968224, 117.92200936527, 4.12500003222, 0.00000000000, 0.00000000974, 0.00000000005
554, 50.00000000000, 1253.65503293577, 127.48307993817, 4.12500003222, 0.00000000000, 0.00000000537, -0.00000001553
555, 50.00000000000, 1272.46768464414, 123.54860594672, 4.12500003222, 0.00000000000, -0.00000000911, 0.00000004124
556, 50.00000000000, 1286.03901989581, 138.38501229022, 4.12500003222, 0.00000000000, -0.00000000400, -0.00000000770
557, 50.00000000000, 1297.07472904747, 172.62126425737, 4.12500003222, 0.00000000000, -0.00000000387, -0.00000001453
558, 50.00000000000, 1314.16327590852, 116.39605050685, 4.12500003222, 0.00000000000, 0.00000000017, -0.00000001539
559, 50.00000000000, 1327.70188547729, 56.92144449643, 4.12500003222, 0.00000000000, -0.00000000167, -0.00000003188
560, 50.00000000000, 40.80999892854, 103.72293632157, 4.12500003222, 0.00000000000, -0.00000000032, 0.00000000887
561, 50.00000000000, 27.40234885013, 253.80171022044, 4.12500003222, 0.00000000000, 0.00000000000, 0.00000000000
562, 50.00000000000, 65.50490282601, 99.75101846166, 4.12500003222, 0.00000000000, 0.00000000203, 0.00000000885
563, 50.00000000000, 96.70262137659, 115.13206427084, 4.12500003222, 0.00000000000, 0.00000000542, -0.00000002241
564, 50.00000000000, 76.04140063241, 148.77648795804, 4.12500003222, 0.00000000000, -0.00000000462, 0.00000000581
565, 50.00000000000, 120.60204629384, 30.49867063566, 4.12500003222, 0.00000000000, -0.00000000303, -0.00000004250
566, 50.00000000000, 130.47723110004, 69.07501331419, 4.12500003222, 0.00000000000, -0.00000000042, -0.00000002826
567, 50.00000000000, 133.74350131637, 151.99246527807, 4.12500003222, 0.00000000000, -0.00000000010, -0.00000000027
568, 50.00000000000, 153.49521455932, 121.37030633019, 4.12500003222, 0.00000000000, -0.00000000299, 0.00000000900
569, 50.00000000000, 173.47483029483, 114.86883443689, 4.12500003222, 0.00000000000, 0.00000000094, 0.00000002157
570, 50.00000000000, 169.62238817959, 132.89955944131, 4.12500003222, 0.00000000000, -0.00000000089, -0.00000000931
571, 50.00000000000, 196.49530638276, 190.42309139723, 4.12500003222, 0.00000000000, -0.00000000297, 0.00000000674
572, 50.00000000000, 244.76368669372, 39.50819224120, 4.12500003222, 0.00000000000, -0.00000000505, 0.00000003170
573, 50.00000000000, 226.48712773717, 139.94971774720, 4.12500003222, 0.00000000000, -0.00000000304, -0.00000000183
574, 50.00000000000, 271.27315721838, 60.33729217425, 4.12500003222, 0.00000000000, -0.00000000635, 0.00000000268
575, 50.00000000000, 283.28129028406, 25.51539338251, 4.12500003222, 0.00000000000, 0.00000000222, -0.00000003438
576, 50.00000000000, 286.99309301842, 139.71137763085, 4.12500003222, 0.00000000000, -0.00000000098, -0.00000000940
577, 50.00000000000, 324.06909748569, 79.69292094584, 4.12500003222, 0.00000000000, 0.00000000930, 0.00000002107
578, 50.00000000000, 320.24312966861, 205.06554738731, 4.12500003222, 0.00000000000, 0.00000000000, 0.00000000000
579, 50.00000000000, 366.06458673882, 117.47854911994, 4.12500003222, 0.00000000000, -0.00000000047, 0.00000000375
580, 50.00000000000, 378.67741287344, 67.91992793605, 4.12500003222, 0.00000000000, 0.00000000463, -0.00000002519
581, 50.00000000000, 384.54618188354, 124.09189957472, 4.12500003222, 0.00000000000, 0.00000000222, -0.00000000471
582, 50.00000000000, 390.77758831900, 198.14571240425, 4.12500003222, 0.00000000000, 0.00000000000, 0.00000000000
583, 50.00000000000, 410.28016080015, 72.10943574650, 4.12500003222, 0.00000000000, -0.00000000000, -0.00000003129
584, 50.00000000000, 430.14128294128, 107.03256671895, 4.12500003222, 0.00000000000, -0.00000000092, -0.00000000219
585, 50.00000000000, 442.52616531724, -30000000.00000000000, 0.00000000000, 0.00000000000, -0.00000187657, 0.66000001198
586, 50.00000000000, 453.88025157396, 105.20923815546, 4.12500003222, 0.00000000000, -0.00000000728, -0.00000002171
587, 50.00000000000, 481.55976151983, 237.68008983749, 4.12500003222, 0.00000000000, -0.00000000129, 0.00000000009
588, 50.00000000000, 497.94527494947, 74.60365301422, 4.12500003222, 0.00000000000, -0.00000000022, 0.00000002265
589, 50.00000000000, 514.72812428181, 71.09068623424, 4.12500003222, 0.00000000000, 0.00000001356, 0.00000000867
590, 50.00000000000, 528.76848104553, 81.53436155238, 4.12500003222, 0.00000000000, -0.00000000446, -0.00000001928
591, 50.00000000000, 554.16557455968, 175.27877287345, 4.12500003222, 0.00000000000, 0.00000000480, -0.00000000519
592, 50.00000000000, 573.93130230162, 134.15175176583, 4.12500003222, 0.00000000000, 0.00000000684, -0.00000001113
593, 50.00000000000, 598.60434263032, 80.55564082024, 4.12500003222, 0.00000000000, 0.00000000829, 0.00000001440
594, 50.00000000000, 602.18278192271, 155.18665181729, 4.12500003222, 0.00000000000, 0.00000000270, -0.00000002231
595, 50.00000000000, 624.12248027828, 117.10356522767, 4.12500003222, 0.00000000000, 0.00000000274, -0.00000000374
596, 50.00000000000, 629.17043981607, 94.55362287561, 4.12500003222, 0.00000000000, -0.00000002208, 0.00000006632
597, 50.00000000000, 655.76318183218, 142.22472312012, 4.12500003222, 0.00000000000, 0.00000000054, 0.00000000139
598, 50.00000000000, 667.19049989530, -30000000.00000000000, 0.00000000000, 0.00000000000, -0.00000021048, 0.66000001198
599, 50.00000000000, 676.98526845899, 177.36402680066, 4.12500003222, 0.00000000000, -0.00000000115, 0.00000000240
600, 50.00000000000, 703.58707089712, -30000000.00000000000, 0.00000000000, 0.00000000000, -0.00000033473, 0.66000001198
601, 50.00000000000, 727.85763936529, 139.46214578738, 4.12500003222, 0.00000000000, -0.00000000355, -0.00000002183
602, 50.00000000000, 735.56472680615, 57.80357312690, 4.12500003222, 0.00000000000, -0.00000000932, -0.00000005015
603, 50.00000000000, 762.33613964542, -30000000.00000000000, 0.00000000000, 0.00000000000, 0.00000045388, 0.66000001198
604, 50.00000000000, 765.19279528549, 65.86825033869, 4.12500003222, 0.00000000000, 0.00000000762, 0.00000000927
605, 50.00000000000, 786.88114303151, 96.86226644355, 4.12500003222, 0.00000000000, 0.00000000728, -0.00000001998
606, 50.00000000000, 791.09747812794, 194.66866390197, 4.12500003222, 0.00000000000, -0.00000000400, 0.00000002776
607, 50.00000000000, 808.27328037121, 121.56911917889, 4.12500003222, 0.00000000000, -0.00000000635, 0.00000001004
608, 50.00000000000, 843.39894823924, 120.20497711108, 4.12500003222, 0.00000000000, -0.00000000705, -0.00000000320
609, 50.00000000000, 854.20719170153, 129.64584562002, 4.12500003222, 0.00000000000, -0.00000000060, 0.00000003264
610, 50.00000000000, 864.06220903919, 169.50537688589, 4.12500003222, 0.00000000000, 0.00000000099, 0.00000000444
611, 50.00000000000, 878.34438180621, 153.98663566424, 4.12500003222, 0.00000000000, -0.00000000068, -0.00000000849
612, 50.00000000000, 884.83453102233, 173.01565797179, 4.12500003222, 0.00000000000, 0.00000000344, 0.00000002230
613, 50.00000000000, 922.00945079108, 85.79626431987, 4.12500003222, 0.00000000000, 0.00000000120, 0.00000000755
614, 50.00000000000, 913.63345715993, 194.65185538935, 4.12500003222, 0.00000000000, 0.00000000108, -0.00000000778
615, 50.00000000000, 968.48490452535, 117.17075196432, 4.12500003222, 0.00000000000, -0.00000000461, 0.00000001739
616, 50.00000000000, 982.84143734230, 72.63878947641, 4.12500003222, 0.00000000000, -0.00000000190, 0.00000004006
617, 50.00000000000, 992.10545814248, 140.85894730632, 4.12500003222, 0.00000000000, -0.00000000567, 0.00000001039
618, 50.00000000000, 1005.58366480450, 127.57563905866, 4.12500003222, 0.00000000000, 0.00000000070, -0.00000003924
619, 50.00000000000, 1029.31467568354, 79.88598185196, 4.12500003222, 0.00000000000, -0.00000000440, 0.00000003163
620, 50.00000000000, 1041.91278934345, 96.42607843080, 4.12500003222, 0.00000000000, 0.00000000515, -0.00000000314
621, 50.00000000000, 1047.06897025291, 41.77700119350, 4.12500003222, 0.00000000000, 0.00000000189, 0.00000004040
622, 50.00000000000, 1062.66100158859, 148.90505150229, 4.12500003222, 0.00000000000, -0.00000000006, -0.00000000214
623, 50.00000000000, 1067.43236492288, 129.17213503262, 4.12500003222, 0.00000000000, 0.00000000246, 0.00000000185
624, 50.00000000000, 1110.88836450603, 44.97515346769, 4.12500003222, 0.00000000000, 0.00000000613, -0.00000000354
625, 50.00000000000, 1111.43987402202, 79.32280323667, 4.12500003222, 0.00000000000, -0.00000000666, -0.00000000356
626, 50.00000000000, 1138.91457376916, 112.18662453889, 4.12500003222, 0.00000000000, 0.00000000020, 0.00000000405
627, 50.00000000000, 1151.26114412552, 96.70581388838, 4.12500003222, 0.00000000000, 0.00000001219, -0.00000001955
628, 50.00000000000, 1173.75746436752, 61.82394735584, 4.12500003222, 0.00000000000, 0.00000001417, -0.00000001580
629, 50.00000000000, 1181.32078247701, 76.09000084923, 4.12500003222, 0.00000000000, -0.00000000195, -0.00000001876
630, 50.00000000000, 1209.76521891658, 54.52853271907, 4.12500003222, 0.00000000000, 0.00000000646, 0.00000001952
631, 50.00000000000, 1228.22156454961, 170.79655327543, 4.12500003222, 0.00000000000, 0.00000000075, 0.00000000201
632, 50.00000000000, 1217.93609765673, 113.96319425891, 4.12500003222, 0.00000000000, -0.00000000717, 0.00000001837
633, 50.00000000000, 1234.55188759369, 133.74118586955, 4.12500003222, 0.00000000000, -0.00000000461, 0.00000001201
634, 50.00000000000, 1277.82100621597, 179.86153037645, 4.12500003222, 0.00000000000, -0.00000000003, -0.00000000844
635, 50.00000000000, 1266.60421099053, 143.45326824181, 4.12500003222, 0.00000000000, -0.00000000152, 0.00000000320
636, 50.00000000000, 1290.56185032657, 93.80340171336, 4.12500003222, 0.00000000000, -0.00000000972, 0.00000003054
637, 50.00000000000, 1281.44085516349, 158.75335816651, 4.12500003222, 0.00000000000, 0.00000000159, 0.00000001029
638, 50.00000000000, 1313.22948008153, 25.44359835105, 4.12500003222, 0.00000000000, -0.00000000644, -0.00000001596
639, 50.00000000000, 1333.73310111195, 31.70849088335, 4.12500003222, 0.00000000000, -0.00000000563, 0.00000002312
