0, 50.00000000000, 78.85528374097, 65.98962478928, 4.12500003222, 0.00000000000, 0.00000000970, 0.00000001972
1, 50.00000000000, 31.17842742412, 216.46076592800, 4.12500003222, 0.00000000000, 0.00000000000, 0.00000000000
2, 50.00000000000, 114.23457821417, 11.12536216277, 4.12500003222, 0.00000000000, -0.00000000005, -0.00000001916
3, 50.00000000000, 131.38670603236, 58.53342138120, 4.12500003222, 0.00000000000, -0.00000000140, 0.00000000322
4, 50.00000000000, 143.88430270387, 28.11843304241, 4.12500003222, 0.00000000000, -0.00000001435, 0.00000000971
5, 50.00000000000, 159.84781778193, 43.51038054252, 4.12500003222, 0.00000000000, 0.00000001502, 0.00000006971
6, 50.00000000000, 175.52075977160, 25.74566081618, 4.12500003222, 0.00000000000, 0.00000001604, -0.00000001061
7, 50.00000000000, 177.87949502338, 12.59138117994, 4.12500003222, 0.00000000000, 0.00000000324, -0.00000004299
8, 50.00000000000, 201.66579542167, 10.95607322140, 4.12500003222, 0.00000000000, -0.00000000500, 0.00000000076
9, 50.00000000000, 208.76097710339, 45.62418774493, 4.12500003222, 0.00000000000, -0.00000000604, 0.00000000394
10, 50.00000000000, 217.10931460788, 8.65300374434, 4.12500003222, 0.00000000000, -0.00000000458, -0.00000006517
11, 50.00000000000, 256.31759923834, 21.70538624451, 4.12500003222, 0.00000000000, -0.00000000887, -0.00000000100
12, 50.00000000000, 254.22744633584, 8.99972567163, 4.12500003222, 0.00000000000, -0.00000000241, 0.00000002558
13, 50.00000000000, 290.23817087996, 25.10951875588, 4.12500003222, 0.00000000000, 0.00000001203, -0.00000000164
14, 50.00000000000, 301.34479761342, 28.56394793357, 4.12500003222, 0.00000000000, 0.00000001039, 0.00000003674
15, 50.00000000000, 320.48395968909, 37.89683703291, 4.12500003222, 0.00000000000, -0.00000000856, -0.00000005403
16, 50.00000000000, 322.69593595182, 4.07607750992, 4.12500003222, 0.00000000000, 0.00000000235, -0.00000003170
17, 50.00000000000, 341.30186120365, 40.93221904643, 4.12500003222, 0.00000000000, 0.00000001540, 0.00000002064
18, 50.00000000000, 320.77220573898, -30000000.00000000000, 0.00000000000, 0.00000000000, 0.00000086896, 0.66000001198
19, 50.00000000000, 395.64012310704, 83.14715797470, 4.12500003222, 0.00000000000, 0.00000000549, 0.00000000127
20, 50.00000000000, 354.78505746845, -30000000.00000000000, 0.00000000000, 0.00000000000, -0.00000024838, 0.66000001198
21, 50.00000000000, 416.27417282136, 32.10191833774, 4.12500003222, 0.00000000000, 0.00000000156, -0.00000001222
22, 50.00000000000, 434.23339314906, 112.64398153609, 4.12500003222, 0.00000000000, 0.00000000067, -0.00000003071
23, 50.00000000000, 441.38804494671, 50.38567963240, 4.12500003222, 0.00000000000, -0.00000000010, 0.00000000222
24, 50.00000000000, 432.27415748936, -30000000.00000000000, 0.00000000000, 0.00000000000, -0.00000154884, 0.66000001198
25, 50.00000000000, 458.23782983113, 64.44619502776, 4.12500003222, 0.00000000000, -0.00000000815, -0.00000000315
26, 50.00000000000, 477.24640811120, 50.66678314445, 4.12500003222, 0.00000000000, -0.00000000321, -0.00000000321
27, 50.00000000000, 494.59139032415, 46.09621903395, 4.12500003222, 0.00000000000, -0.00000000417, -0.00000001481
28, 50.00000000000, 490.80233750401, -30000000.00000000000, 0.00000000000, 0.00000000000, 0.00000049650, 0.66000001198
29, 50.00000000000, 545.63953022590, 134.66925378402, 4.12500003222, 0.00000000000, 0.00000000074, -0.00000000353
30, 50.00000000000, 550.04048620131, 57.14866464235, 4.12500003222, 0.00000000000, -0.00000000179, 0.00000001000
31, 50.00000000000, 543.19691392511, -30000000.00000000000, 0.00000000000, 0.00000000000, -0.00000031239, 0.66000001198
32, 50.00000000000, 553.51083804229, -30000000.00000000000, 0.00000000000, 0.00000000000, -0.00000083369, 0.66000001198
33, 50.00000000000, 579.37083240396, -30000000.00000000000, 0.00000000000, 0.00000000000, -0.00000082370, 0.66000001198
34, 50.00000000000, 605.64724146856, 65.04414204549, 4.12500003222, 0.00000000000, 0.00000000532, -0.00000001784
35, 50.00000000000, 630.43574801596, 101.80528926197, 4.12500003222, 0.00000000000, -0.00000000521, 0.00000001713
36, 50.00000000000, 634.34508717800, -30000000.00000000000, 0.00000000000, 0.00000000000, 0.00000103929, 0.66000001198
37, 50.00000000000, 652.04110327195, -30000000.00000000000, 0.00000000000, 0.00000000000, 0.00000034749, 0.66000001198
38, 50.00000000000, 665.81883992390, -30000000.00000000000, 0.00000000000, 0.00000000000, -0.00000046471, 0.66000001198
39, 50.00000000000, 689.62023614904, -30000000.00000000000, 0.00000000000, 0.00000000000, -0.00000146193, 0.66000001198
40, 50.00000000000, 700.00972289972, -30000000.00000000000, 0.00000000000, 0.00000000000, -0.00000081334, 0.66000001198
41, 50.00000000000, 719.85141430925, -30000000.00000000000, 0.00000000000, 0.00000000000, -0.00000036030, 0.66000001198
42, 50.00000000000, 732.60222189276, 63.26703922482, 4.12500003222, 0.00000000000, -0.00000000318, -0.00000000315
43, 50.00000000000, 749.17548802441, 91.27765350281, 4.12500003222, 0.00000000000, -0.00000000686, 0.00000002902
44, 50.00000000000, 766.95809156629, 91.29454079907, 4.12500003222, 0.00000000000, 0.00000000032, 0.00000000157
45, 50.00000000000, 785.39871402538, -30000000.00000000000, 0.00000000000, 0.00000000000, 0.00000067281, 0.66000001198
46, 50.00000000000, 802.72063867561, -30000000.00000000000, 0.00000000000, 0.00000000000, -0.00000020174, 0.66000001198
47, 50.00000000000, 821.86992796889, -30000000.00000000000, 0.00000000000, 0.00000000000, -0.00000056600, 0.66000001198
48, 50.00000000000, 835.05849387833, -30000000.00000000000, 0.00000000000, 0.00000000000, -0.00000162012, 0.66000001198
49, 50.00000000000, 838.28830106962, 75.52368368799, 4.12500003222, 0.00000000000, 0.00000000374, -0.00000000153
50, 50.00000000000, 877.38136137834, -30000000.00000000000, 0.00000000000, 0.00000000000, 0.00000194555, 0.66000001198
51, 50.00000000000, 893.77444871763, -30000000.00000000000, 0.00000000000, 0.00000000000, 0.00000027232, 0.66000001198
52, 50.00000000000, 864.25925669160, 178.63115190488, 4.12500003222, 0.00000000000, 0.00000000496, -0.00000001178
53, 50.00000000000, 929.93711020118, -30000000.00000000000, 0.00000000000, 0.00000000000, -0.00000148395, 0.66000001198
54, 50.00000000000, 942.00735429253, -30000000.00000000000, 0.00000000000, 0.00000000000, -0.00000026674, 0.66000001198
55, 50.00000000000, 956.53609056131, -30000000.00000000000, 0.00000000000, 0.00000000000, 0.00000118068, 0.66000001198
56, 50.00000000000, 977.98592740005, -30000000.00000000000, 0.00000000000, 0.00000000000, -0.00000065949, 0.66000001198
57, 50.00000000000, 969.67988379539, 24.59593112726, 4.12500003222, 0.00000000000, 0.00000000046, 0.00000002841
58, 50.00000000000, 1013.21777405636, -30000000.00000000000, 0.00000000000, 0.00000000000, 0.00000144585, 0.66000001198
59, 50.00000000000, 1011.13778708101, 24.94071418198, 4.12500003222, 0.00000000000, 0.00000000116, -0.00000001391
60, 50.00000000000, 1021.59888298864, 77.62734802938, 4.12500003222, 0.00000000000, -0.00000000983, 0.00000002109
61, 50.00000000000, 1061.90329918524, -30000000.00000000000, 0.00000000000, 0.00000000000, 0.00000017793, 0.66000001198
62, 50.00000000000, 1072.90617315572, -30000000.00000000000, 0.00000000000, 0.00000000000, 0.00000042735, 0.66000001198
63, 50.00000000000, 1090.58989035822, 96.09309679520, 4.12500003222, 0.00000000000, 0.00000000726, -0.00000002036
64, 50.00000000000, 1072.61172896111, 1.54983084316, 4.12500003222, 0.00000000000, -0.00000000221, -0.00000000131
65, 50.00000000000, 1101.38883564638, 73.17495344285, 4.12500003222, 0.00000000000, 0.00000001184, 0.00000000241
66, 50.00000000000, 1093.28922765943, 28.88925412888, 4.12500003222, 0.00000000000, 0.00000000970, 0.00000001447
67, 50.00000000000, 1133.03372727677, 66.02202610085, 4.12500003222, 0.00000000000, -0.00000001793, -0.00000000658
68, 50.00000000000, 1148.22253390824, 39.05579404018, 4.12500003222, 0.00000000000, 0.00000000227, -0.00000003985
69, 50.00000000000, 1154.41641578195, 5.44066517469, 4.12500003222, 0.00000000000, 0.00000000547, -0.00000002400
70, 50.00000000000, 1169.38166114947, 26.76974288726, 4.12500003222, 0.00000000000, -0.00000000677, -0.00000000671
71, 50.00000000000, 1184.48687667212, 26.44093374467, 4.12500003222, 0.00000000000, 0.00000000083, 0.00000000194
72, 50.00000000000, 1214.62722491970, 44.18288435072, 4.12500003222, 0.00000000000, -0.00000001304, 0.00000000036
73, 50.00000000000, 1178.35000935733, 100.72206635480, 4.12500003222, 0.00000000000, -0.00000000131, 0.00000001406
74, 50.00000000000, 1235.32820099234, 11.20508679086, 4.12500003222, 0.00000000000, -0.00000000217, 0.00000000998
75, 50.00000000000, 1246.49684270494, 6.21895238215, 4.12500003222, 0.00000000000, 0.00000000002, -0.00000001606
76, 50.00000000000, 1254.34594656124, 25.78972105644, 4.12500003222, 0.00000000000, -0.00000000820, 0.00000000690
77, 50.00000000000, 1259.57561581167, 37.56989605825, 4.12500003222, 0.00000000000, -0.00000000084, 0.00000004664
78, 50.00000000000, 1290.26231138025, 12.65238675815, 4.12500003222, 0.00000000000, 0.00000000887, -0.00000001805
79, 50.00000000000, 1271.48362789594, 84.86330693832, 4.12500003222, 0.00000000000, 0.00000000432, 0.00000000417
80, 50.00000000000, 79.52975248643, 12.18705249112, 4.12500003222, 0.00000000000, -0.00000000083, 0.00000001075
81, 50.00000000000, 100.66536008428, 27.23348446867, 4.12500003222, 0.00000000000, 0.00000000485, -0.00000001963
82, 50.00000000000, 122.48307443067, 21.37022171849, 4.12500003222, 0.00000000000, 0.00000001219, 0.00000001943
83, 50.00000000000, 134.70449630898, 14.40801228756, 4.12500003222, 0.00000000000, 0.00000000642, -0.00000000637
84, 50.00000000000, 135.82444083889, 35.83264409050, 4.12500003222, 0.00000000000, -0.00000000597, -0.00000003395
85, 50.00000000000, 155.11620547727, 11.64087304572, 4.12500003222, 0.00000000000, 0.00000000376, -0.00000000389
86, 50.00000000000, 166.14851656345, 7.86461723830, 4.12500003222, 0.00000000000, 0.00000000153, 0.00000003635
87, 50.00000000000, 189.43773748599, 31.04348689859, 4.12500003222, 0.00000000000, -0.00000000391, 0.00000002858
88, 50.00000000000, 184.37543906047, 42.06935251857, 4.12500003222, 0.00000000000, -0.00000000285, -0.00000004530
89, 50.00000000000, 207.51176339096, 31.39177267884, 4.12500003222, 0.00000000000, -0.00000000461, 0.00000005263
90, 50.00000000000, 238.36896528552, 16.08363604081, 4.12500003222, 0.00000000000, 0.00000000640, -0.00000000891
91, 50.00000000000, 237.35758896542, 26.51595925071, 4.12500003222, 0.00000000000, 0.00000000820, -0.00000002638
92, 50.00000000000, 276.37540626676, 32.12767020338, 4.12500003222, 0.00000000000, -0.00000000409, 0.00000006067
93, 50.00000000000, 271.08208977880, 21.54955200186, 4.12500003222, 0.00000000000, -0.00000001660, -0.00000001475
94, 50.00000000000, 297.40341730798, 45.22876782648, 4.12500003222, 0.00000000000, -0.00000000756, -0.00000003327
95, 50.00000000000, 317.22853748062, 60.60314148156, 4.12500003222, 0.00000000000, 0.00000001834, 0.00000002727
96, 50.00000000000, 339.17657196206, 9.13260392854, 4.12500003222, 0.00000000000, 0.00000000398, 0.00000000592
97, 50.00000000000, 340.00009504001, 63.57345786481, 4.12500003222, 0.00000000000, -0.00000001779, -0.00000001354
98, 50.00000000000, 364.28063927866, 38.28405469855, 4.12500003222, 0.00000000000, -0.00000000894, -0.00000001041
99, 50.00000000000, 387.14761815184, 63.61862719989, 4.12500003222, 0.00000000000, -0.00000000800, 0.00000005332
100, 50.00000000000, 354.50184675772, -30000000.00000000000, 0.00000000000, 0.00000000000, -0.00000022625, 0.66000001198
101, 50.00000000000, 373.64157133848, -30000000.00000000000, 0.00000000000, 0.00000000000, -0.00000009073, 0.66000001198
102, 50.00000000000, 392.21622457898, -30000000.00000000000, 0.00000000000, 0.00000000000, 0.00000085312, 0.66000001198
103, 50.00000000000, 435.77115038629, 88.80382124577, 4.12500003222, 0.00000000000, -0.00000000111, -0.00000000816
104, 50.00000000000, 456.24928320019, 40.42002271855, 4.12500003222, 0.00000000000, 0.00000000051, -0.00000000226
105, 50.00000000000, 461.38582993648, 53.47319961826, 4.12500003222, 0.00000000000, -0.00000000391, 0.00000002777
106, 50.00000000000, 496.01086958068, 103.55406609984, 4.12500003222, 0.00000000000, 0.00000000695, -0.00000000464
107, 50.00000000000, 478.68647748534, -30000000.00000000000, 0.00000000000, 0.00000000000, 0.00000090104, 0.66000001198
108, 50.00000000000, 527.78631797254, 92.39987899652, 4.12500003222, 0.00000000000, -0.00000000753, -0.00000002278
109, 50.00000000000, 532.51712641569, 82.81374830706, 4.12500003222, 0.00000000000, -0.00000001297, -0.00000002141
110, 50.00000000000, 539.05201668111, -30000000.00000000000, 0.00000000000, 0.00000000000, 0.00000041767, 0.66000001198
111, 50.00000000000, 545.77179603882, -30000000.00000000000, 0.00000000000, 0.00000000000, -0.00000076431, 0.66000001198
112, 50.00000000000, 584.10566213190, 93.53262561192, 4.12500003222, 0.00000000000, -0.00000000044, -0.00000002267
113, 50.00000000000, 595.25279539592, 111.12929838541, 4.12500003222, 0.00000000000, 0.00000000136, -0.00000000172
114, 50.00000000000, 620.34645627391, 117.31223135819, 4.12500003222, 0.00000000000, -0.00000000523, 0.00000000375
115, 50.00000000000, 617.08287733555, -30000000.00000000000, 0.00000000000, 0.00000000000, 0.00000207609, 0.66000001198
116, 50.00000000000, 621.15503974163, -30000000.00000000000, 0.00000000000, 0.00000000000, 0.00000135948, 0.66000001198
117, 50.00000000000, 643.59352930570, -30000000.00000000000, 0.00000000000, 0.00000000000, 0.00000028890, 0.66000001198
118, 50.00000000000, 661.93821782888, -30000000.00000000000, 0.00000000000, 0.00000000000, -0.00000066518, 0.66000001198
119, 50.00000000000, 677.80786175520, -30000000.00000000000, 0.00000000000, 0.00000000000, -0.00000008347, 0.66000001198
120, 50.00000000000, 731.27259301660, 108.12733884293, 4.12500003222, 0.00000000000, 0.00000000702, 0.00000003065
121, 50.00000000000, 719.19536516083, 57.96338803647, 4.12500003222, 0.00000000000, -0.00000000352, -0.00000000742
122, 50.00000000000, 737.36738124762, 72.50324425080, 4.12500003222, 0.00000000000, 0.00000000097, 0.00000000294
123, 50.00000000000, 752.22759272297, -30000000.00000000000, 0.00000000000, 0.00000000000, 0.00000049558, 0.66000001198
124, 50.00000000000, 777.22541904464, 36.87388440409, 4.12500003222, 0.00000000000, 0.00000000603, 0.00000002838
125, 50.00000000000, 799.09245584676, 46.97696864060, 4.12500003222, 0.00000000000, -0.00000000118, -0.00000003709
126, 50.00000000000, 796.92100672307, -30000000.00000000000, 0.00000000000, 0.00000000000, 0.00000094659, 0.66000001198
127, 50.00000000000, 822.03916367755, -30000000.00000000000, 0.00000000000, 0.00000000000, -0.00000059331, 0.66000001198
128, 50.00000000000, 847.95769741729, 57.71546204406, 4.12500003222, 0.00000000000, 0.00000000393, 0.00000003340
129, 50.00000000000, 843.38729594742, 94.89125048475, 4.12500003222, 0.00000000000, -0.00000001161, -0.00000000726
130, 50.00000000000, 891.20138958905, 56.34871898879, 4.12500003222, 0.00000000000, 0.00000000179, 0.00000002226
131, 50.00000000000, 881.29162901969, -30000000.00000000000, 0.00000000000, 0.00000000000, 0.00000181700, 0.66000001198
132, 50.00000000000, 901.95507911787, -30000000.00000000000, 0.00000000000, 0.00000000000, -0.00000031456, 0.66000001198
133, 50.00000000000, 899.22995200581, 169.84597521933, 4.12500003222, 0.00000000000, 0.00000000144, 0.00000000293
134, 50.00000000000, 941.27100257635, 48.36243518441, 4.12500003222, 0.00000000000, -0.00000000481, -0.00000001703
135, 50.00000000000, 953.29091259798, 29.37709409516, 4.12500003222, 0.00000000000, 0.00000000350, -0.00000001530
136, 50.00000000000, 972.40402886907, -30000000.00000000000, 0.00000000000, 0.00000000000, -0.00000035837, 0.66000001198
137, 50.00000000000, 989.35785980901, 38.37382077088, 4.12500003222, 0.00000000000, 0.00000000272, 0.00000001870
138, 50.00000000000, 987.22125536452, 71.66407204834, 4.12500003222, 0.00000000000, -0.00000000039, 0.00000002192
139, 50.00000000000, 1031.32907735432, -30000000.00000000000, 0.00000000000, 0.00000000000, -0.00000093901, 0.66000001198
140, 50.00000000000, 1040.42099259026, -30000000.00000000000, 0.00000000000, 0.00000000000, -0.00000085620, 0.66000001198
141, 50.00000000000, 1031.79728705808, 38.90796540087, 4.12500003222, 0.00000000000, -0.00000000393, 0.00000000756
142, 50.00000000000, 1080.47056507641, -30000000.00000000000, 0.00000000000, 0.00000000000, -0.00000023831, 0.66000001198
143, 50.00000000000, 1065.69044940045, 47.92032983356, 4.12500003222, 0.00000000000, 0.00000000384, 0.00000005273
144, 50.00000000000, 1055.55192827395, 13.77069613559, 4.12500003222, 0.00000000000, 0.00000000044, 0.00000001572
145, 50.00000000000, 1081.18355757005, 13.10364002821, 4.12500003222, 0.00000000000, -0.00000000608, -0.00000000236
146, 50.00000000000, 1111.72555384869, 35.64874301080, 4.12500003222, 0.00000000000, 0.00000000092, -0.00000002399
147, 50.00000000000, 1131.15927537078, 27.85355954651, 4.12500003222, 0.00000000000, 0.00000001451, -0.00000001364
148, 50.00000000000, 1141.78139518123, 117.90327474794, 4.12500003222, 0.00000000000, 0.00000000039, 0.00000000908
149, 50.00000000000, 1148.42922416599, 26.98829456918, 4.12500003222, 0.00000000000, 0.00000000225, 0.00000001772
150, 50.00000000000, 1164.79955607599, 35.64730949215, 4.12500003222, 0.00000000000, -0.00000001448, -0.00000001342
151, 50.00000000000, 1190.04564231610, 12.93187341665, 4.12500003222, 0.00000000000, -0.00000000520, -0.00000003496
152, 50.00000000000, 1177.42906664341, 122.83926971081, 4.12500003222, 0.00000000000, 0.00000000097, -0.00000004705
153, 50.00000000000, 1223.32952279532, 11.91935872858, 4.12500003222, 0.00000000000, 0.00000000659, -0.00000000165
154, 50.00000000000, 1239.67681218811, 28.04321933456, 4.12500003222, 0.00000000000, -0.00000000571, -0.00000003040
155, 50.00000000000, 1235.51386134188, 59.52175930315, 4.12500003222, 0.00000000000, -0.00000000757, 0.00000007790
156, 50.00000000000, 1240.33105130499, 98.95716005812, 4.12500003222, 0.00000000000, 0.00000001706, 0.00000001295
157, 50.00000000000, 1254.32102755703, 58.03727352329, 4.12500003222, 0.00000000000, 0.00000000766, 0.00000002415
158, 50.00000000000, 1255.65465745667, 113.67041172419, 4.12500003222, 0.00000000000, 0.00000000467, -0.00000003245
159, 50.00000000000, 1268.94847434922, 61.61146273043, 4.12500003222, 0.00000000000, -0.00000000011, -0.00000001489
160, 50.00000000000, 91.79453177082, 31.18199513540, 4.12500003222, 0.00000000000, 0.00000000476, -0.00000003747
161, 50.00000000000, 101.94507801683, 64.31193812544, 4.12500003222, 0.00000000000, -0.00000000163, -0.00000002737
162, 50.00000000000, 124.52800054599, 3.73741225028, 4.12500003222, 0.00000000000, -0.00000000179, 0.00000000988
163, 50.00000000000, 133.12872029745, 25.23492031093, 4.12500003222, 0.00000000000, 0.00000000651, 0.00000000551
164, 50.00000000000, 137.14076360029, 49.41507563107, 4.12500003222, 0.00000000000, -0.00000000764, 0.00000001563
165, 50.00000000000, 144.85175967434, 44.17172584480, 4.12500003222, 0.00000000000, -0.00000000742, -0.00000001159
166, 50.00000000000, 176.01728640842, 37.36800072871, 4.12500003222, 0.00000000000, 0.00000001108, 0.00000000918
167, 50.00000000000, 185.89375476749, 21.78709622995, 4.12500003222, 0.00000000000, 0.00000000673, -0.00000000852
168, 50.00000000000, 187.55823664189, 57.66574819977, 4.12500003222, 0.00000000000, 0.00000000822, -0.00000000949
169, 50.00000000000, 220.54590308609, 16.66034685561, 4.12500003222, 0.00000000000, 0.00000001209, 0.00000000521
170, 50.00000000000, 235.70394435816, 6.10954744327, 4.12500003222, 0.00000000000, 0.00000000243, 0.00000000988
171, 50.00000000000, 252.65758288892, 34.88170248104, 4.12500003222, 0.00000000000, 0.00000000475, 0.00000001969
172, 50.00000000000, 273.72485403003, 8.69920534025, 4.12500003222, 0.00000000000, -0.00000000720, -0.00000003337
173, 50.00000000000, 285.57581104395, 48.42801553537, 4.12500003222, 0.00000000000, -0.00000000156, -0.00000000851
174, 50.00000000000, 303.85686208693, 7.13136605672, 4.12500003222, 0.00000000000, -0.00000000287, 0.00000000096
175, 50.00000000000, 312.50596730437, 13.69071047730, 4.12500003222, 0.00000000000, -0.00000001115, -0.00000000596
176, 50.00000000000, 332.77596392104, 25.00737260081, 4.12500003222, 0.00000000000, -0.00000000405, -0.00000001029
177, 50.00000000000, 353.81207437219, 47.63778593838, 4.12500003222, 0.00000000000, -0.00000000062, 0.00000000737
178, 50.00000000000, 374.35954476620, 84.11488480720, 4.12500003222, 0.00000000000, 0.00000000197, -0.00000000307
179, 50.00000000000, 382.22476356886, 96.84373523713, 4.12500003222, 0.00000000000, 0.00000000351, -0.00000001906
180, 50.00000000000, 401.32073598897, 100.47349856508, 4.12500003222, 0.00000000000, -0.00000000148, -0.00000000226
181, 50.00000000000, 416.80333935621, 85.37984452075, 4.12500003222, 0.00000000000, -0.00000000689, 0.00000000921
182, 50.00000000000, 436.74603254077, 100.65669706832, 4.12500003222, 0.00000000000, -0.00000000873, 0.00000004027
183, 50.00000000000, 435.62338359946, 34.89141151710, 4.12500003222, 0.00000000000, 0.00000000079, 0.00000000783
184, 50.00000000000, 419.54036532895, -30000000.00000000000, 0.00000000000, 0.00000000000, 0.00000008439, 0.66000001198
185, 50.00000000000, 467.29256343081, 117.41090238297, 4.12500003222, 0.00000000000, -0.00000000160, 0.00000002310
186, 50.00000000000, 484.66466403584, 83.74264390119, 4.12500003222, 0.00000000000, 0.00000000618, -0.00000002811
187, 50.00000000000, 492.07051092636, 83.94659368365, 4.12500003222, 0.00000000000, -0.00000000060, -0.00000000594
188, 50.00000000000, 512.72613625171, 59.00337079328, 4.12500003222, 0.00000000000, -0.00000000374, 0.00000000387
189, 50.00000000000, 531.04491684930, 44.03713455936, 4.12500003222, 0.00000000000, 0.00000000606, -0.00000001774
190, 50.00000000000, 520.58267380689, -30000000.00000000000, 0.00000000000, 0.00000000000, 0.00000135806, 0.66000001198
191, 50.00000000000, 563.49307089608, 76.84811402808, 4.12500003222, 0.00000000000, 0.00000000596, 0.00000001133
192, 50.00000000000, 574.87375594805, 147.84633794100, 4.12500003222, 0.00000000000, 0.00000000384, 0.00000001531
193, 50.00000000000, 583.05752776629, 181.61970704089, 4.12500003222, 0.00000000000, 0.00000000198, 0.00000001442
194, 50.00000000000, 600.14249435404, 168.59838639193, 4.12500003222, 0.00000000000, 0.00000000185, 0.00000000090
195, 50.00000000000, 612.28101428985, -30000000.00000000000, 0.00000000000, 0.00000000000, 0.00000223237, 0.66000001198
196, 50.00000000000, 639.89820585641, -30000000.00000000000, 0.00000000000, 0.00000000000, 0.00000073799, 0.66000001198
197, 50.00000000000, 653.53228575771, -30000000.00000000000, 0.00000000000, 0.00000000000, -0.00000007266, 0.66000001198
198, 50.00000000000, 674.60760864992, 53.09551633489, 4.12500003222, 0.00000000000, 0.00000000010, 0.00000000346
199, 50.00000000000, 673.06020826581, -30000000.00000000000, 0.00000000000, 0.00000000000, 0.00000070719, 0.66000001198
200, 50.00000000000, 711.56067198090, 92.99019320166, 4.12500003222, 0.00000000000, -0.00000000216, 0.00000000642
201, 50.00000000000, 727.48913605018, 95.22096756365, 4.12500003222, 0.00000000000, 0.00000000769, -0.00000003959
202, 50.00000000000, 728.05392177175, 40.76322256072, 4.12500003222, 0.00000000000, -0.00000000099, 0.00000001834
203, 50.00000000000, 756.44150424276, -30000000.00000000000, 0.00000000000, 0.00000000000, -0.00000024601, 0.66000001198
204, 50.00000000000, 765.68247227427, -30000000.00000000000, 0.00000000000, 0.00000000000, -0.00000020833, 0.66000001198
205, 50.00000000000, 796.09645175415, 31.12253809119, 4.12500003222, 0.00000000000, 0.00000000636, 0.00000001684
206, 50.00000000000, 815.30928931699, 27.72779105766, 4.12500003222, 0.00000000000, -0.00000000069, 0.00000001255
207, 50.00000000000, 808.66211905618, 60.88261042717, 4.12500003222, 0.00000000000, 0.00000001045, 0.00000000377
208, 50.00000000000, 826.99371516874, 90.67151376708, 4.12500003222, 0.00000000000, 0.00000001468, 0.00000002074
209, 50.00000000000, 828.04331598204, 59.55021050912, 4.12500003222, 0.00000000000, -0.00000000421, 0.00000002409
210, 50.00000000000, 866.59283745094, -30000000.00000000000, 0.00000000000, 0.00000000000, 0.00000161984, 0.66000001198
211, 50.00000000000, 890.63605409679, -30000000.00000000000, 0.00000000000, 0.00000000000, 0.00000103109, 0.66000001198
212, 50.00000000000, 896.89337248351, 34.61772797645, 4.12500003222, 0.00000000000, 0.00000000504, -0.00000000720
213, 50.00000000000, 915.76837511254, -30000000.00000000000, 0.00000000000, 0.00000000000, -0.00000147500, 0.66000001198
214, 50.00000000000, 936.28111712849, 92.39325859499, 4.12500003222, 0.00000000000, -0.00000000169, 0.00000001125
215, 50.00000000000, 954.89899264291, 41.90316018885, 4.12500003222, 0.00000000000, -0.00000000427, 0.00000000046
216, 50.00000000000, 974.95892957918, 34.48763559020, 4.12500003222, 0.00000000000, -0.00000000184, -0.00000004552
217, 50.00000000000, 984.27381532761, -30000000.00000000000, 0.00000000000, 0.00000000000, -0.00000176700, 0.66000001198
218, 50.00000000000, 1003.32229807529, -30000000.00000000000, 0.00000000000, 0.00000000000, 0.00000034875, 0.66000001198
219, 50.00000000000, 1025.88273151686, -30000000.00000000000, 0.00000000000, 0.00000000000, -0.00000022594, 0.66000001198
220, 50.00000000000, 996.77541377445, 105.69382702921, 4.12500003222, 0.00000000000, 0.00000000494, -0.00000000698
221, 50.00000000000, 1044.96602605047, 34.04749454522, 4.12500003222, 0.00000000000, -0.00000000685, 0.00000002125
222, 50.00000000000, 1055.54886106436, 50.19041923356, 4.12500003222, 0.00000000000, 0.00000000331, 0.00000002906
223, 50.00000000000, 1060.83531367334, 35.25680371625, 4.12500003222, 0.00000000000, -0.00000001767, 0.00000001024
224, 50.00000000000, 1067.16818586948, 13.76353712989, 4.12500003222, 0.00000000000, 0.00000000509, -0.00000001576
225, 50.00000000000, 1099.14114059096, 25.53881675262, 4.12500003222, 0.00000000000, -0.00000000768, 0.00000000915
226, 50.00000000000, 1097.72040298105, 81.24056966179, 4.12500003222, 0.00000000000, 0.00000000425, 0.00000002555
227, 50.00000000000, 1125.33819437671, 48.44605271797, 4.12500003222, 0.00000000000, 0.00000000494, 0.00000002435
228, 50.00000000000, 1133.00497760396, 10.39463421907, 4.12500003222, 0.00000000000, -0.00000000503, -0.00000001016
229, 50.00000000000, 1151.40038601860, 15.51016559304, 4.12500003222, 0.00000000000, -0.00000001025, 0.00000006706
230, 50.00000000000, 1167.73492840999, 13.93135633314, 4.12500003222, 0.00000000000, -0.00000000070, 0.00000002834
231, 50.00000000000, 1187.58756466759, 60.30152904473, 4.12500003222, 0.00000000000, -0.00000000444, -0.00000000161
232, 50.00000000000, 1207.55999051498, 29.87637747037, 4.12500003222, 0.00000000000, 0.00000000971, 0.00000009050
233, 50.00000000000, 1201.79735281654, 53.95022789110, 4.12500003222, 0.00000000000, 0.00000000350, -0.00000006217
234, 50.00000000000, 1210.98064362361, 61.45965199914, 4.12500003222, 0.00000000000, -0.00000000614, -0.00000001587
235, 50.00000000000, 1226.04932205961, 80.12253946092, 4.12500003222, 0.00000000000, 0.00000000032, -0.00000002914
236, 50.00000000000, 1269.38340414592, 6.70334661410, 4.12500003222, 0.00000000000, 0.00000000125, -0.00000001720
237, 50.00000000000, 1251.48483615460, 76.65168836296, 4.12500003222, 0.00000000000, -0.00000001238, -0.00000001165
238, 50.00000000000, 1258.13809241378, 91.49793511474, 4.12500003222, 0.00000000000, -0.00000000915, 0.00000000638
239, 50.00000000000, 1283.16515549152, 90.97656786350, 4.12500003222, 0.00000000000, 0.00000000282, 0.00000000319
240, 50.00000000000, 101.89999526193, 44.12953713943, 4.12500003222, 0.00000000000, 0.00000001117, 0.00000001255
241, 50.00000000000, 92.29746343992, 12.74257400522, 4.12500003222, 0.00000000000, -0.00000000074, -0.00000000127
242, 50.00000000000, 112.81116404523, 24.73269690129, 4.12500003222, 0.00000000000, 0.00000000548, 0.00000001752
243, 50.00000000000, 132.17707310502, 73.51549620252, 4.12500003222, 0.00000000000, -0.00000000390, -0.00000000940
244, 50.00000000000, 145.76992860026, 69.92542408777, 4.12500003222, 0.00000000000, 0.00000001206, -0.00000001122
245, 50.00000000000, 155.06635635882, 62.97875227278, 4.12500003222, 0.00000000000, 0.00000000926, -0.00000000955
246, 50.00000000000, 167.27865012898, 21.17720262379, 4.12500003222, 0.00000000000, -0.00000001194, -0.00000004307
247, 50.00000000000, 153.46259307833, 100.63070333492, 4.12500003222, 0.00000000000, 0.00000000177, 0.00000001133
248, 50.00000000000, 164.84804756347, 67.16976396002, 4.12500003222, 0.00000000000, -0.00000000604, -0.00000000329
249, 50.00000000000, 172.67004973802, 75.24239103460, 4.12500003222, 0.00000000000, -0.00000000482, -0.00000003427
250, 50.00000000000, 220.16327587330, 26.66061540543, 4.12500003222, 0.00000000000, 0.00000000193, 0.00000000063
251, 50.00000000000, 206.52165131790, 84.24899849177, 4.12500003222, 0.00000000000, -0.00000000634, -0.00000003497
252, 50.00000000000, 262.36563763100, 53.88804706335, 4.12500003222, 0.00000000000, 0.00000000117, -0.00000004141
253, 50.00000000000, 288.99974002669, 36.64021395589, 4.12500003222, 0.00000000000, 0.00000000734, 0.00000001931
254, 50.00000000000, 254.97373569170, 112.06271773358, 4.12500003222, 0.00000000000, 0.00000000300, -0.00000000091
255, 50.00000000000, 248.68944784195, 131.93712266586, 4.12500003222, 0.00000000000, -0.00000000237, -0.00000000174
256, 50.00000000000, 283.15291147134, 140.35770088236, 4.12500003222, 0.00000000000, 0.00000000275, 0.00000001023
257, 50.00000000000, 352.34870622617, 58.06617861537, 4.12500003222, 0.00000000000, -0.00000000696, 0.00000001846
258, 50.00000000000, 373.25316113459, 72.23685351414, 4.12500003222, 0.00000000000, 0.00000000850, 0.00000001241
259, 50.00000000000, 381.55288401101, 31.58296577279, 4.12500003222, 0.00000000000, 0.00000000276, 0.00000000010
260, 50.00000000000, 398.39700715799, 45.37144311816, 4.12500003222, 0.00000000000, -0.00000000670, 0.00000000974
261, 50.00000000000, 406.52389329835, 52.86270861602, 4.12500003222, 0.00000000000, 0.00000000029, 0.00000000208
262, 50.00000000000, 388.93887788843, -30000000.00000000000, 0.00000000000, 0.00000000000, 0.00000061209, 0.66000001198
263, 50.00000000000, 453.74627577306, 86.56830063520, 4.12500003222, 0.00000000000, -0.00000000081, -0.00000004283
264, 50.00000000000, 440.01688304858, 57.12243355993, 4.12500003222, 0.00000000000, -0.00000000177, 0.00000000890
265, 50.00000000000, 467.86330912835, 84.53906338771, 4.12500003222, 0.00000000000, 0.00000000301, 0.00000000130
266, 50.00000000000, 485.60786145099, 119.21164394885, 4.12500003222, 0.00000000000, 0.00000000278, 0.00000004204
267, 50.00000000000, 503.23205100914, 92.16921592537, 4.12500003222, 0.00000000000, 0.00000000702, -0.00000002868
268, 50.00000000000, 508.00284605584, 81.53784404906, 4.12500003222, 0.00000000000, -0.00000000044, 0.00000000571
269, 50.00000000000, 532.10240192408, 58.89593223363, 4.12500003222, 0.00000000000, 0.00000000966, -0.00000000089
270, 50.00000000000, 531.84524923006, -30000000.00000000000, 0.00000000000, 0.00000000000, -0.00000014633, 0.66000001198
271, 50.00000000000, 566.23721129964, 99.06691178551, 4.12500003222, 0.00000000000, -0.00000000809, -0.00000001225
272, 50.00000000000, 571.18969943566, 59.00700865651, 4.12500003222, 0.00000000000, 0.00000000080, 0.00000003220
273, 50.00000000000, 606.44506395670, 133.29970361402, 4.12500003222, 0.00000000000, -0.00000000158, 0.00000003958
274, 50.00000000000, 614.63652933096, 101.34699495741, 4.12500003222, 0.00000000000, -0.00000000715, 0.00000004950
275, 50.00000000000, 619.18367456349, 82.24635633671, 4.12500003222, 0.00000000000, 0.00000000276, -0.00000003586
276, 50.00000000000, 629.15038711257, -30000000.00000000000, 0.00000000000, 0.00000000000, 0.00000099221, 0.66000001198
277, 50.00000000000, 663.34818722067, 69.47725129589, 4.12500003222, 0.00000000000, -0.00000000604, 0.00000001704
278, 50.00000000000, 660.57065993030, -30000000.00000000000, 0.00000000000, 0.00000000000, -0.00000089032, 0.66000001198
279, 50.00000000000, 677.99791012781, 36.85961688250, 4.12500003222, 0.00000000000, -0.00000000682, -0.00000001185
280, 50.00000000000, 694.87787975621, -30000000.00000000000, 0.00000000000, 0.00000000000, -0.00000029079, 0.66000001198
281, 50.00000000000, 718.49370827363, 77.13061132624, 4.12500003222, 0.00000000000, -0.00000000271, -0.00000001207
282, 50.00000000000, 745.01697509145, -30000000.00000000000, 0.00000000000, 0.00000000000, -0.00000014535, 0.66000001198
283, 50.00000000000, 764.14763278477, 110.20175471811, 4.12500003222, 0.00000000000, -0.00000000436, 0.00000000506
284, 50.00000000000, 774.46410445941, 71.91366955941, 4.12500003222, 0.00000000000, -0.00000001677, -0.00000005351
285, 50.00000000000, 786.29845201467, -30000000.00000000000, 0.00000000000, 0.00000000000, 0.00000050588, 0.66000001198
286, 50.00000000000, 816.29336040939, 44.23275771553, 4.12500003222, 0.00000000000, -0.00000000486, -0.00000003272
287, 50.00000000000, 835.23588749961, 39.75847503900, 4.12500003222, 0.00000000000, -0.00000000499, -0.00000000183
288, 50.00000000000, 839.46921890601, -30000000.00000000000, 0.00000000000, 0.00000000000, -0.00000101373, 0.66000001198
289, 50.00000000000, 868.09683608285, 57.52132097361, 4.12500003222, 0.00000000000, -0.00000000361, -0.00000000449
290, 50.00000000000, 858.84730334970, 77.97323677900, 4.12500003222, 0.00000000000, -0.00000000554, -0.00000001311
291, 50.00000000000, 877.70488753179, 39.73573707618, 4.12500003222, 0.00000000000, -0.00000000606, -0.00000000054
292, 50.00000000000, 905.22338823391, -30000000.00000000000, 0.00000000000, 0.00000000000, -0.00000110819, 0.66000001198
293, 50.00000000000, 917.19966080857, 85.18965103706, 4.12500003222, 0.00000000000, -0.00000000289, 0.00000001130
294, 50.00000000000, 919.43574309817, 31.86414166813, 4.12500003222, 0.00000000000, -0.00000000312, 0.00000002889
295, 50.00000000000, 938.97338561719, 23.26719439600, 4.12500003222, 0.00000000000, 0.00000000380, 0.00000002073
296, 50.00000000000, 966.21877395401, 70.89060440259, 4.12500003222, 0.00000000000, -0.00000000047, -0.00000001875
297, 50.00000000000, 974.96588107772, 57.21622852596, 4.12500003222, 0.00000000000, 0.00000000085, -0.00000000484
298, 50.00000000000, 997.47698454138, 59.59480421957, 4.12500003222, 0.00000000000, 0.00000000153, -0.00000000518
299, 50.00000000000, 1030.85399897460, -30000000.00000000000, 0.00000000000, 0.00000000000, -0.00000088796, 0.66000001198
300, 50.00000000000, 1023.74339801467, 43.28783781480, 4.12500003222, 0.00000000000, 0.00000000378, 0.00000000416
301, 50.00000000000, 1041.19156172428, 69.62678491391, 4.12500003222, 0.00000000000, 0.00000000447, 0.00000000329
302, 50.00000000000, 1046.90474520221, 53.60096749213, 4.12500003222, 0.00000000000, 0.00000001575, 0.00000000238
303, 50.00000000000, 1095.76986868288, -30000000.00000000000, 0.00000000000, 0.00000000000, -0.00000083959, 0.66000001198
304, 50.00000000000, 1071.53441571840, 57.11908955637, 4.12500003222, 0.00000000000, -0.00000000633, -0.00000001667
305, 50.00000000000, 1101.89470900806, 48.03778721235, 4.12500003222, 0.00000000000, -0.00000000353, 0.00000002971
306, 50.00000000000, 1092.41516857011, 8.43772649662, 4.12500003222, 0.00000000000, -0.00000000395, -0.00000002647
307, 50.00000000000, 1114.33777467342, 69.11090899438, 4.12500003222, 0.00000000000, -0.00000000045, -0.00000001718
308, 50.00000000000, 1143.67097208717, 48.83135719933, 4.12500003222, 0.00000000000, -0.00000000957, -0.00000001344
309, 50.00000000000, 1163.32183729143, 57.63786893370, 4.12500003222, 0.00000000000, 0.00000001403, 0.00000001131
310, 50.00000000000, 1174.53271136499, 6.07961096343, 4.12500003222, 0.00000000000, 0.00000000902, -0.00000002514
311, 50.00000000000, 1172.29038907603, 66.66868271387, 4.12500003222, 0.00000000000, 0.00000000183, 0.00000002045
312, 50.00000000000, 1210.72707807992, 8.08736176963, 4.12500003222, 0.00000000000, 0.00000000343, -0.00000001795
313, 50.00000000000, 1203.69919782967, 22.11099374518, 4.12500003222, 0.00000000000, -0.00000001166, 0.00000001381
314, 50.00000000000, 1202.94918341787, 75.58185169633, 4.12500003222, 0.00000000000, -0.00000000169, 0.00000000426
315, 50.00000000000, 1223.06222193180, 46.12263244130, 4.12500003222, 0.00000000000, -0.00000001985, -0.00000001908
316, 50.00000000000, 1234.94892784782, 84.02046612294, 4.12500003222, 0.00000000000, -0.00000000329, -0.00000004972
317, 50.00000000000, 1253.90463070057, 45.71986130256, 4.12500003222, 0.00000000000, 0.00000001680, -0.00000000236
318, 50.00000000000, 1272.55605179544, 29.42746470912, 4.12500003222, 0.00000000000, 0.00000000894, -0.00000000573
319, 50.00000000000, 1291.92096433170, 53.40799570404, 4.12500003222, 0.00000000000, -0.00000000546, 0.00000002193
320, 50.00000000000, -15.81525601760, 149.28494522539, 4.12500003222, 0.00000000000, -0.00000000000, 0.00000000000
321, 50.00000000000, 102.52237699164, 8.25258210074, 4.12500003222, 0.00000000000, -0.00000000799, 0.00000000390
322, 50.00000000000, 113.05291518137, 58.66134903229, 4.12500003222, 0.00000000000, -0.00000000192, -0.00000000018
323, 50.00000000000, 121.77262544237, 35.27590249295, 4.12500003222, 0.00000000000, 0.00000000600, 0.00000000557
324, 50.00000000000, 73.44495054972, 166.07350733536, 4.12500003222, 0.00000000000, 0.00000000000, 0.00000000000
325, 50.00000000000, 155.67830226644, 24.33208048611, 4.12500003222, 0.00000000000, -0.00000001272, -0.00000003670
326, 50.00000000000, 170.05538734556, 43.32974639480, 4.12500003222, 0.00000000000, 0.00000001197, -0.00000001956
327, 50.00000000000, 191.82205154360, 41.73963500813, 4.12500003222, 0.00000000000, -0.00000000733, 0.00000000451
328, 50.00000000000, 198.88873753105, 25.02081049631, 4.12500003222, 0.00000000000, -0.00000000696, -0.00000000318
329, 50.00000000000, 196.07682964650, 63.78845743597, 4.12500003222, 0.00000000000, 0.00000000609, 0.00000001288
330, 50.00000000000, 205.16843812804, 100.98295485285, 4.12500003222, 0.00000000000, -0.00000000401, -0.00000001842
331, 50.00000000000, 209.75619490201, 66.29670085203, 4.12500003222, 0.00000000000, 0.00000000402, 0.00000003823
332, 50.00000000000, 278.48829739227, 56.15226651803, 4.12500003222, 0.00000000000, 0.00000000266, -0.00000002344
333, 50.00000000000, 291.15877483992, 84.56927190781, 4.12500003222, 0.00000000000, 0.00000000509, -0.00000001423
334, 50.00000000000, 310.10600261260, 79.26667458660, 4.12500003222, 0.00000000000, 0.00000000367, -0.00000000488
335, 50.00000000000, 263.11409753074, 147.45542345337, 4.12500003222, 0.00000000000, 0.00000000540, -0.00000000325
336, 50.00000000000, 331.34681381759, 47.78168818987, 4.12500003222, 0.00000000000, 0.00000001250, 0.00000002827
337, 50.00000000000, 363.35003573372, 88.73031383668, 4.12500003222, 0.00000000000, 0.00000000220, 0.00000001357
338, 50.00000000000, 365.69403805510, 62.06813484680, 4.12500003222, 0.00000000000, 0.00000000836, -0.00000002693
339, 50.00000000000, 340.00595498222, -30000000.00000000000, 0.00000000000, 0.00000000000, -0.00000017105, 0.66000001198
340, 50.00000000000, 385.55342554718, 51.08370463725, 4.12500003222, 0.00000000000, -0.00000000097, -0.00000002141
341, 50.00000000000, 419.64896180096, 45.30578546009, 4.12500003222, 0.00000000000, 0.00000000967, 0.00000000234
342, 50.00000000000, 424.54850434154, 67.57935953494, 4.12500003222, 0.00000000000, 0.00000000498, 0.00000000854
343, 50.00000000000, 411.95594727245, -30000000.00000000000, 0.00000000000, 0.00000000000, 0.00000040949, 0.66000001198
344, 50.00000000000, 421.63645327278, -30000000.00000000000, 0.00000000000, 0.00000000000, 0.00000031613, 0.66000001198
345, 50.00000000000, 472.95188550212, 97.39395399514, 4.12500003222, 0.00000000000, 0.00000000524, 0.00000000654
346, 50.00000000000, 472.62608378897, 72.84138271832, 4.12500003222, 0.00000000000, 0.00000000395, -0.00000000379
347, 50.00000000000, 497.29207541395, 68.55751565944, 4.12500003222, 0.00000000000, -0.00000000166, 0.00000003478
348, 50.00000000000, 512.35939303176, 48.79814109412, 4.12500003222, 0.00000000000, -0.00000000457, 0.00000000025
349, 50.00000000000, 508.76185780467, -30000000.00000000000, 0.00000000000, 0.00000000000, 0.00000080948, 0.66000001198
350, 50.00000000000, 564.88825222339, 131.56742233873, 4.12500003222, 0.00000000000, 0.00000000082, -0.00000001902
351, 50.00000000000, 574.03311860219, 82.48655071182, 4.12500003222, 0.00000000000, 0.00000000123, -0.00000001262
352, 50.00000000000, 577.25682332891, 115.24500022624, 4.12500003222, 0.00000000000, -0.00000000124, 0.00000002279
353, 50.00000000000, 586.45196479972, 71.21945523989, 4.12500003222, 0.00000000000, -0.00000000498, 0.00000000539
354, 50.00000000000, 604.67079958033, 100.69768528976, 4.12500003222, 0.00000000000, -0.00000000651, -0.00000002037
355, 50.00000000000, 621.65486656412, 93.22223972233, 4.12500003222, 0.00000000000, 0.00000000103, -0.00000000019
356, 50.00000000000, 621.41492665572, 170.74822314690, 4.12500003222, 0.00000000000, 0.00000000322, -0.00000000243
357, 50.00000000000, 651.36308931868, 102.48778093239, 4.12500003222, 0.00000000000, 0.00000000392, 0.00000003862
358, 50.00000000000, 641.78504294286, 171.40974480080, 4.12500003222, 0.00000000000, -0.00000000130, 0.00000000390
359, 50.00000000000, 683.79355610753, -30000000.00000000000, 0.00000000000, 0.00000000000, -0.00000056277, 0.66000001198
360, 50.00000000000, 712.69167902797, 112.52377200231, 4.12500003222, 0.00000000000, 0.00000000157, -0.00000001256
361, 50.00000000000, 723.94115208378, 24.54613557477, 4.12500003222, 0.00000000000, -0.00000000132, -0.00000000373
362, 50.00000000000, 747.60381203429, 104.70792873970, 4.12500003222, 0.00000000000, -0.00000000241, -0.00000001416
363, 50.00000000000, 742.62027761031, 28.17773061602, 4.12500003222, 0.00000000000, 0.00000000097, -0.00000000064
364, 50.00000000000, 754.37579367230, 72.67512050584, 4.12500003222, 0.00000000000, 0.00000000452, -0.00000001519
365, 50.00000000000, 798.54060502696, 239.16078941266, 4.12500003222, 0.00000000000, 0.00000000005, 0.00000000001
366, 50.00000000000, 807.98956735489, -30000000.00000000000, 0.00000000000, 0.00000000000, -0.00000008405, 0.66000001198
367, 50.00000000000, 811.47827788867, -30000000.00000000000, 0.00000000000, 0.00000000000, 0.00000036708, 0.66000001198
368, 50.00000000000, 833.69649444093, -30000000.00000000000, 0.00000000000, 0.00000000000, -0.00000141773, 0.66000001198
369, 50.00000000000, 828.74623769826, 113.71494498378, 4.12500003222, 0.00000000000, -0.00000000956, -0.00000000763
370, 50.00000000000, 861.26892226719, 99.33635981732, 4.12500003222, 0.00000000000, 0.00000000265, -0.00000000862
371, 50.00000000000, 890.63339669740, -30000000.00000000000, 0.00000000000, 0.00000000000, 0.00000103162, 0.66000001198
372, 50.00000000000, 896.28172472390, 79.29736794864, 4.12500003222, 0.00000000000, -0.00000000272, -0.00000002522
373, 50.00000000000, 909.67873578249, 47.20560692024, 4.12500003222, 0.00000000000, 0.00000000498, -0.00000001045
374, 50.00000000000, 932.59039756361, 38.71133214151, 4.12500003222, 0.00000000000, -0.00000000416, -0.00000000760
375, 50.00000000000, 963.24966930524, -30000000.00000000000, 0.00000000000, 0.00000000000, 0.00000058485, 0.66000001198
376, 50.00000000000, 975.56517072570, -30000000.00000000000, 0.00000000000, 0.00000000000, -0.00000023486, 0.66000001198
377, 50.00000000000, 977.75188304249, 9.95445154090, 4.12500003222, 0.00000000000, -0.00000000062, 0.00000000979
378, 50.00000000000, 991.49147860894, 23.84988014817, 4.12500003222, 0.00000000000, -0.00000000666, 0.00000000639
379, 50.00000000000, 1009.36340332710, 63.54839198826, 4.12500003222, 0.00000000000, -0.00000000476, 0.00000000519
380, 50.00000000000, 1021.18845224007, 56.07942179826, 4.12500003222, 0.00000000000, -0.00000000940, -0.00000002668
381, 50.00000000000, 1036.16207905375, 85.23871430281, 4.12500003222, 0.00000000000, -0.00000001086, -0.00000000126
382, 50.00000000000, 1051.57673370800, 67.22445898570, 4.12500003222, 0.00000000000, 0.00000001056, -0.00000004310
383, 50.00000000000, 1063.90420996328, 70.41701834862, 4.12500003222, 0.00000000000, 0.00000000356, -0.00000000083
384, 50.00000000000, 1070.33231601965, 32.71260298343, 4.12500003222, 0.00000000000, -0.00000000647, -0.00000000721
385, 50.00000000000, 1089.79925632874, 43.79656347694, 4.12500003222, 0.00000000000, 0.00000000120, -0.00000000283
386, 50.00000000000, 1111.36934821168, 44.14531136510, 4.12500003222, 0.00000000000, 0.00000000057, 0.00000000930
387, 50.00000000000, 1112.02970225760, 12.52123229561, 4.12500003222, 0.00000000000, 0.00000000034, -0.00000002560
388, 50.00000000000, 1130.65915604498, 42.18661504276, 4.12500003222, 0.00000000000, 0.00000000601, 0.00000001179
389, 50.00000000000, 1142.74217768723, 84.92011946531, 4.12500003222, 0.00000000000, 0.00000000788, 0.00000000229
390, 50.00000000000, 1165.90778882091, 89.44197009747, 4.12500003222, 0.00000000000, 0.00000000268, -0.00000001103
391, 50.00000000000, 1176.53474725350, 76.38301163337, 4.12500003222, 0.00000000000, -0.00000000341, -0.00000001115
392, 50.00000000000, 1198.70688823633, 44.59901516514, 4.12500003222, 0.00000000000, 0.00000001423, 0.00000001723
393, 50.00000000000, 1223.38445079529, 27.36366206080, 4.12500003222, 0.00000000000, 0.00000000225, 0.00000001306
394, 50.00000000000, 1210.96973267205, 84.47629141292, 4.12500003222, 0.00000000000, 0.00000000685, -0.00000001058
395, 50.00000000000, 1224.33601512563, 64.38479093880, 4.12500003222, 0.00000000000, 0.00000001463, 0.00000003321
396, 50.00000000000, 1238.04616406022, 43.28486389272, 4.12500003222, 0.00000000000, -0.00000000069, -0.00000000565
397, 50.00000000000, 1246.46617679444, 93.38555458863, 4.12500003222, 0.00000000000, 0.00000000613, 0.00000003302
398, 50.00000000000, 1275.99474168929, 107.74499772887, 4.12500003222, 0.00000000000, -0.00000000383, -0.00000000500
399, 50.00000000000, 1272.76857741858, 41.79048706182, 4.12500003222, 0.00000000000, -0.00000000663, 0.00000001842
400, 50.00000000000, 79.50081382396, 31.50807241857, 4.12500003222, 0.00000000000, -0.00000000533, -0.00000002408
401, 50.00000000000, 92.05143662560, 50.83431392750, 4.12500003222, 0.00000000000, 0.00000000730, 0.00000004856
402, 50.00000000000, 121.09720690464, 94.10959697036, 4.12500003222, 0.00000000000, -0.00000000172, 0.00000000717
403, 50.00000000000, 122.95315069730, 57.39497330893, 4.12500003222, 0.00000000000, -0.00000000221, -0.00000001027
404, 50.00000000000, 143.52183564211, 59.32075551566, 4.12500003222, 0.00000000000, -0.00000000092, -0.00000002264
405, 50.00000000000, 144.39893817330, 10.11777853414, 4.12500003222, 0.00000000000, 0.00000000731, 0.00000003027
406, 50.00000000000, 166.69462816658, 32.61640999394, 4.12500003222, 0.00000000000, 0.00000001464, 0.00000002561
407, 50.00000000000, 153.82489798534, 80.60420833913, 4.12500003222, 0.00000000000, 0.00000000551, -0.00000001123
408, 50.00000000000, 173.39766579966, 56.36438602646, 4.12500003222, 0.00000000000, -0.00000001734, -0.00000000643
409, 50.00000000000, 195.93713828418, 50.25068307652, 4.12500003222, 0.00000000000, 0.00000000240, -0.00000004123
410, 50.00000000000, 187.23847659215, 73.41087222859, 4.12500003222, 0.00000000000, 0.00000000642, 0.00000005349
411, 50.00000000000, 204.71418049420, 221.72888665798, 4.12500003222, 0.00000000000, 0.00000000000, 0.00000000000
412, 50.00000000000, 235.37147939027, 116.01207695746, 4.12500003222, 0.00000000000, -0.00000000101, 0.00000001213
413, 50.00000000000, 234.67611552191, 218.55609815395, 4.12500003222, 0.00000000000, 0.00000000000, 0.00000000000
414, 50.00000000000, 296.58253999048, 67.50841102009, 4.12500003222, 0.00000000000, -0.00000000390, 0.00000004614
415, 50.00000000000, 329.23663766442, 79.09142431251, 4.12500003222, 0.00000000000, -0.00000000660, 0.00000000928
416, 50.00000000000, 324.39585971368, 14.38315159770, 4.12500003222, 0.00000000000, 0.00000001170, 0.00000000766
417, 50.00000000000, 344.73191941866, 28.19685410481, 4.12500003222, 0.00000000000, 0.00000000102, -0.00000002124
418, 50.00000000000, 322.42956292726, -30000000.00000000000, 0.00000000000, 0.00000000000, 0.00000072823, 0.66000001198
419, 50.00000000000, 339.49563006144, -30000000.00000000000, 0.00000000000, 0.00000000000, -0.00000011559, 0.66000001198
420, 50.00000000000, 353.13639307633, 171.62258556818, 4.12500003222, 0.00000000000, 0.00000000000, 0.00000000000
421, 50.00000000000, 414.08106130482, 109.18467893787, 4.12500003222, 0.00000000000, 0.00000000465, -0.00000000095
422, 50.00000000000, 428.52401101055, 123.74335425024, 4.12500003222, 0.00000000000, -0.00000000186, 0.00000001095
423, 50.00000000000, 405.77340567594, -30000000.00000000000, 0.00000000000, 0.00000000000, 0.00000163363, 0.66000001198
424, 50.00000000000, 448.51237167792, 121.80740699008, 4.12500003222, 0.00000000000, 0.00000000572, -0.00000001121
425, 50.00000000000, 431.99413008865, -30000000.00000000000, 0.00000000000, 0.00000000000, -0.00000150851, 0.66000001198
426, 50.00000000000, 479.51381711186, 64.53404595590, 4.12500003222, 0.00000000000, 0.00000000290, 0.00000001647
427, 50.00000000000, 459.89967774694, 217.92614405175, 4.12500003222, 0.00000000000, -0.00000000465, -0.00000002192
428, 50.00000000000, 520.82248474044, 77.93846472585, 4.12500003222, 0.00000000000, 0.00000002240, 0.00000001996
429, 50.00000000000, 507.52694227155, -30000000.00000000000, 0.00000000000, 0.00000000000, 0.00000032952, 0.66000001198
430, 50.00000000000, 554.67046024108, 114.66529414802, 4.12500003222, 0.00000000000, 0.00000000430, -0.00000000839
431, 50.00000000000, 550.60388618435, 92.52771874836, 4.12500003222, 0.00000000000, 0.00000000996, 0.00000003005
432, 50.00000000000, 567.79009194951, -30000000.00000000000, 0.00000000000, 0.00000000000, -0.00000171706, 0.66000001198
433, 50.00000000000, 597.46456576868, 87.87406706045, 4.12500003222, 0.00000000000, -0.00000000109, -0.00000000559
434, 50.00000000000, 594.74849738702, 147.50846256421, 4.12500003222, 0.00000000000, 0.00000000786, -0.00000001227
435, 50.00000000000, 626.14342224154, 70.01858919330, 4.12500003222, 0.00000000000, 0.00000000925, 0.00000001021
436, 50.00000000000, 642.05220432171, 82.05520261957, 4.12500003222, 0.00000000000, 0.00000000197, -0.00000002096
437, 50.00000000000, 659.67939248129, 86.28744767827, 4.12500003222, 0.00000000000, 0.00000001289, -0.00000002399
438, 50.00000000000, 662.07788481520, 53.29099712705, 4.12500003222, 0.00000000000, 0.00000000143, -0.00000002923
439, 50.00000000000, 686.15168879682, 57.63043572828, 4.12500003222, 0.00000000000, 0.00000000220, 0.00000001341
440, 50.00000000000, 700.60358640978, 72.45755687403, 4.12500003222, 0.00000000000, 0.00000000207, 0.00000000377
441, 50.00000000000, 718.97314057585, -30000000.00000000000, 0.00000000000, 0.00000000000, -0.00000019778, 0.66000001198
442, 50.00000000000, 730.38082713688, -30000000.00000000000, 0.00000000000, 0.00000000000, 0.00000005238, 0.66000001198
443, 50.00000000000, 754.90802926861, 38.71708535060, 4.12500003222, 0.00000000000, -0.00000000372, 0.00000000140
444, 50.00000000000, 746.58399981703, 123.58392183166, 4.12500003222, 0.00000000000, 0.00000000307, -0.00000000176
445, 50.00000000000, 785.92850862593, 53.84856552473, 4.12500003222, 0.00000000000, -0.00000001653, -0.00000000137
446, 50.00000000000, 803.32685233012, 92.48179772427, 4.12500003222, 0.00000000000, -0.00000000864, -0.00000001585
447, 50.00000000000, 795.83586677703, 70.62472160238, 4.12500003222, 0.00000000000, 0.00000000464, 0.00000004190
448, 50.00000000000, 819.50573593401, 101.98827594838, 4.12500003222, 0.00000000000, 0.00000000819, 0.00000002695
449, 50.00000000000, 856.59548817553, 40.23669645149, 4.12500003222, 0.00000000000, 0.00000000563, -0.00000001861
450, 50.00000000000, 841.66934288877, 149.84699339525, 4.12500003222, 0.00000000000, -0.00000000062, 0.00000000335
451, 50.00000000000, 878.65440659329, 71.89767900930, 4.12500003222, 0.00000000000, 0.00000000850, 0.00000000244
452, 50.00000000000, 906.72404817217, -30000000.00000000000, 0.00000000000, 0.00000000000, -0.00000081974, 0.66000001198
453, 50.00000000000, 883.75608446715, 183.91983278725, 4.12500003222, 0.00000000000, 0.00000000501, 0.00000000263
454, 50.00000000000, 932.86263838127, 69.98898882697, 4.12500003222, 0.00000000000, -0.00000000018, -0.00000003302
455, 50.00000000000, 960.53549386189, -30000000.00000000000, 0.00000000000, 0.00000000000, 0.00000106156, 0.66000001198
456, 50.00000000000, 953.59748292952, 62.37003219293, 4.12500003222, 0.00000000000, -0.00000000297, -0.00000001660
457, 50.00000000000, 993.12444048294, 219.22146884873, 4.12500003222, 0.00000000000, 0.00000000000, 0.00000000000
458, 50.00000000000, 980.32483930524, 88.91462441505, 4.12500003222, 0.00000000000, -0.00000000003, -0.00000001825
459, 50.00000000000, 1002.33356896203, 81.39045240161, 4.12500003222, 0.00000000000, -0.00000000371, 0.00000002328
460, 50.00000000000, 1014.34019986074, 96.04718932071, 4.12500003222, 0.00000000000, 0.00000000516, -0.00000000439
461, 50.00000000000, 1032.58908192624, 55.44337069301, 4.12500003222, 0.00000000000, 0.00000000728, -0.00000006937
462, 50.00000000000, 1032.35452934701, 99.61989539792, 4.12500003222, 0.00000000000, -0.00000000045, 0.00000001058
463, 50.00000000000, 1069.40537625059, 93.35555649516, 4.12500003222, 0.00000000000, 0.00000000234, -0.00000001289
464, 50.00000000000, 1076.88325005039, 25.22127659889, 4.12500003222, 0.00000000000, 0.00000000467, -0.00000004899
465, 50.00000000000, 1095.08027906257, 60.19296098222, 4.12500003222, 0.00000000000, -0.00000000460, 0.00000000252
466, 50.00000000000, 1109.19809757922, 58.39209348533, 4.12500003222, 0.00000000000, 0.00000001040, 0.00000002834
467, 50.00000000000, 1121.22892987486, 59.42094110495, 4.12500003222, 0.00000000000, 0.00000000355, 0.00000001399
468, 50.00000000000, 1132.71165300009, 80.45959476801, 4.12500003222, 0.00000000000, -0.00000000442, 0.00000001034
469, 50.00000000000, 1147.70001486718, 99.35595220449, 4.12500003222, 0.00000000000, -0.00000000576, -0.00000002829
470, 50.00000000000, 1154.72250657698, 78.45837261407, 4.12500003222, 0.00000000000, 0.00000000502, 0.00000001618
471, 50.00000000000, 1190.38833743305, 36.12798637429, 4.12500003222, 0.00000000000, 0.00000001357, -0.00000000898
472, 50.00000000000, 1158.27823908856, 130.99841254979, 4.12500003222, 0.00000000000, -0.00000000395, -0.00000000482
473, 50.00000000000, 1190.82092991587, 93.21424748635, 4.12500003222, 0.00000000000, -0.00000000996, -0.00000002000
474, 50.00000000000, 1217.02073846140, 70.10993096073, 4.12500003222, 0.00000000000, 0.00000001431, 0.00000000219
475, 50.00000000000, 1257.23599168042, 14.01381563362, 4.12500003222, 0.00000000000, -0.00000000350, -0.00000000507
476, 50.00000000000, 1222.72227003792, 90.33726723547, 4.12500003222, 0.00000000000, -0.00000000237, -0.00000005705
477, 50.00000000000, 1252.38117292330, 133.50719279387, 4.12500003222, 0.00000000000, -0.00000000003, -0.00000000997
478, 50.00000000000, 1264.88035670273, 75.71233014266, 4.12500003222, 0.00000000000, -0.00000000265, -0.00000004670
479, 50.00000000000, 1285.95539720364, 71.61720529385, 4.12500003222, 0.00000000000, -0.00000000168, 0.00000000393
480, 50.00000000000, 76.65054712537, 47.74335686604, 4.12500003222, 0.00000000000, -0.00000000406, -0.00000001056
481, 50.00000000000, 102.33073557901, 89.92656190370, 4.12500003222, 0.00000000000, 0.00000000662, 0.00000002731
482, 50.00000000000, 113.38309680611, 42.44532544997, 4.12500003222, 0.00000000000, 0.00000000317, 0.00000003808
483, 50.00000000000, 126.64962761014, 42.89758188807, 4.12500003222, 0.00000000000, -0.00000000950, -0.00000000910
484, 50.00000000000, 133.72669138863, 109.85985519521, 4.12500003222, 0.00000000000, 0.00000000537, 0.00000001209
485, 50.00000000000, 152.74567766777, 47.65078364050, 4.12500003222, 0.00000000000, 0.00000000352, 0.00000004823
486, 50.00000000000, 177.01771254938, 50.83194914595, 4.12500003222, 0.00000000000, -0.00000000745, 0.00000003260
487, 50.00000000000, 187.08818709980, 6.55300336102, 4.12500003222, 0.00000000000, -0.00000001644, 0.00000004423
488, 50.00000000000, 171.03610464852, 109.54501622905, 4.12500003222, 0.00000000000, -0.00000000365, 0.00000001225
489, 50.00000000000, 178.08226066828, 63.09786882425, 4.12500003222, 0.00000000000, -0.00000000144, 0.00000001476
490, 50.00000000000, 229.49145402910, 38.97791841557, 4.12500003222, 0.00000000000, -0.00000000259, -0.00000000904
491, 50.00000000000, 222.68747899699, 101.43930185910, 4.12500003222, 0.00000000000, 0.00000000033, 0.00000001631
492, 50.00000000000, 223.71221266128, 83.61918448277, 4.12500003222, 0.00000000000, -0.00000000484, -0.00000001057
493, 50.00000000000, 277.18006102699, 71.22328227432, 4.12500003222, 0.00000000000, 0.00000000826, -0.00000000070
494, 50.00000000000, 289.88065834159, 12.68598029469, 4.12500003222, 0.00000000000, 0.00000000741, 0.00000000995
495, 50.00000000000, 308.27371132655, 45.17698066009, 4.12500003222, 0.00000000000, -0.00000000269, -0.00000002343
496, 50.00000000000, 322.65776838081, 27.07766989355, 4.12500003222, 0.00000000000, -0.00000000814, 0.00000005237
497, 50.00000000000, 361.09436077030, 69.98748853614, 4.12500003222, 0.00000000000, 0.00000000661, -0.00000002676
498, 50.00000000000, 373.78742888934, 51.44290471168, 4.12500003222, 0.00000000000, -0.00000001208, 0.00000001332
499, 50.00000000000, 383.88254836261, 73.85599767946, 4.12500003222, 0.00000000000, 0.00000000281, 0.00000001287
500, 50.00000000000, 399.87233934480, 31.90866177659, 4.12500003222, 0.00000000000, -0.00000000278, -0.00000001503
501, 50.00000000000, 421.31156016346, 101.98196997464, 4.12500003222, 0.00000000000, -0.00000000451, -0.00000000813
502, 50.00000000000, 422.74014278557, 54.08366736843, 4.12500003222, 0.00000000000, 0.00000001190, 0.00000002938
503, 50.00000000000, 449.24080679434, 72.08685863142, 4.12500003222, 0.00000000000, -0.00000000043, -0.00000002456
504, 50.00000000000, 421.88715905444, -30000000.00000000000, 0.00000000000, 0.00000000000, 0.00000027989, 0.66000001198
505, 50.00000000000, 453.14734160445, 197.15966742398, 4.12500003222, 0.00000000000, 0.00000000668, 0.00000002212
506, 50.00000000000, 473.00113535187, 201.80094351183, 4.12500003222, 0.00000000000, 0.00000000009, -0.00000000000
507, 50.00000000000, 493.42477558509, 62.18023736058, 4.12500003222, 0.00000000000, -0.00000000271, -0.00000002168
508, 50.00000000000, 514.69935238758, 97.70343638847, 4.12500003222, 0.00000000000, -0.00000000503, -0.00000001116
509, 50.00000000000, 493.35083428920, 204.10883937390, 4.12500003222, 0.00000000000, -0.00000000204, 0.00000000335
510, 50.00000000000, 529.65376166794, -30000000.00000000000, 0.00000000000, 0.00000000000, 0.00000028521, 0.66000001198
511, 50.00000000000, 558.26895737920, 152.33919933309, 4.12500003222, 0.00000000000, -0.00000000691, -0.00000000640
512, 50.00000000000, 580.88714660694, 163.04281890692, 4.12500003222, 0.00000000000, -0.00000000206, -0.00000002787
513, 50.00000000000, 600.47167582094, 123.20347425711, 4.12500003222, 0.00000000000, -0.00000000312, 0.00000000538
514, 50.00000000000, 613.05068263751, 115.60166987790, 4.12500003222, 0.00000000000, 0.00000000139, -0.00000001334
515, 50.00000000000, 624.06154742295, 134.36421907460, 4.12500003222, 0.00000000000, -0.00000001039, 0.00000000519
516, 50.00000000000, 633.52634916971, -30000000.00000000000, 0.00000000000, 0.00000000000, 0.00000124373, 0.66000001198
517, 50.00000000000, 645.66653386758, 67.27447129843, 4.12500003222, 0.00000000000, -0.00000000795, 0.00000000427
518, 50.00000000000, 661.48029296416, 176.60051545936, 4.12500003222, 0.00000000000, -0.00000000270, -0.00000001462
519, 50.00000000000, 678.44218237325, 74.12140219820, 4.12500003222, 0.00000000000, 0.00000000210, 0.00000001109
520, 50.00000000000, 701.66737116100, -30000000.00000000000, 0.00000000000, 0.00000000000, -0.00000054288, 0.66000001198
521, 50.00000000000, 734.84970155169, 85.73477108343, 4.12500003222, 0.00000000000, -0.00000000116, 0.00000000909
522, 50.00000000000, 746.02801156422, 54.45672124328, 4.12500003222, 0.00000000000, 0.00000000312, -0.00000001455
523, 50.00000000000, 747.66260697377, -30000000.00000000000, 0.00000000000, 0.00000000000, -0.00000066804, 0.66000001198
524, 50.00000000000, 777.99572478898, 237.56583124565, 4.12500003222, 0.00000000000, -0.00000000550, 0.00000000834
525, 50.00000000000, 780.60005647343, -30000000.00000000000, 0.00000000000, 0.00000000000, -0.00000020647, 0.66000001198
526, 50.00000000000, 784.76640630547, 104.93559073748, 4.12500003222, 0.00000000000, 0.00000000828, -0.00000000196
527, 50.00000000000, 816.45262750594, 77.97775961254, 4.12500003222, 0.00000000000, -0.00000000588, -0.00000006033
528, 50.00000000000, 817.02787470031, 126.71139582493, 4.12500003222, 0.00000000000, 0.00000000155, -0.00000000392
529, 50.00000000000, 837.95090007336, 130.01729029622, 4.12500003222, 0.00000000000, 0.00000000334, 0.00000002297
530, 50.00000000000, 857.56331241889, 137.16961406681, 4.12500003222, 0.00000000000, -0.00000000224, 0.00000000145
531, 50.00000000000, 877.77264060411, 89.73039370242, 4.12500003222, 0.00000000000, -0.00000000224, 0.00000001618
532, 50.00000000000, 913.89300562644, -30000000.00000000000, 0.00000000000, 0.00000000000, -0.00000106621, 0.66000001198
533, 50.00000000000, 924.43592900742, 54.35600336559, 4.12500003222, 0.00000000000, 0.00000000171, 0.00000001013
534, 50.00000000000, 918.67478538168, 176.66590312241, 4.12500003222, 0.00000000000, -0.00000000005, 0.00000000006
535, 50.00000000000, 949.16704978456, 79.71234161296, 4.12500003222, 0.00000000000, 0.00000000406, 0.00000000740
536, 50.00000000000, 970.36918009703, 81.01049710032, 4.12500003222, 0.00000000000, 0.00000001481, 0.00000003518
537, 50.00000000000, 956.01981856412, 10.25099325958, 4.12500003222, 0.00000000000, 0.00000000043, -0.00000002648
538, 50.00000000000, 989.25727210779, 49.64690790097, 4.12500003222, 0.00000000000, 0.00000000443, -0.00000006055
539, 50.00000000000, 1005.95841676765, 39.33954520174, 4.12500003222, 0.00000000000, -0.00000000683, 0.00000004362
540, 50.00000000000, 1023.32732195081, 32.16064005944, 4.12500003222, 0.00000000000, 0.00000001230, 0.00000000672
541, 50.00000000000, 1041.53530161848, 45.36898792999, 4.12500003222, 0.00000000000, -0.00000000500, -0.00000002649
542, 50.00000000000, 1052.78656064272, 28.49011385200, 4.12500003222, 0.00000000000, -0.00000000784, -0.00000001998
543, 50.00000000000, 1098.15561847898, 191.56215649676, 4.12500003222, 0.00000000000, 0.00000000000, 0.00000000000
544, 50.00000000000, 1084.51028735168, 62.69230361853, 4.12500003222, 0.00000000000, -0.00000000843, -0.00000002815
545, 50.00000000000, 1131.49499431205, 214.03793694925, 4.12500003222, 0.00000000000, 0.00000000238, -0.00000000166
546, 50.00000000000, 1148.68493482207, 202.14490435307, 4.12500003222, 0.00000000000, -0.00000000238, 0.00000000166
547, 50.00000000000, 1116.90770872615, 26.67344289143, 4.12500003222, 0.00000000000, -0.00000000074, 0.00000002275
548, 50.00000000000, 1128.84784976565, 100.80286608899, 4.12500003222, 0.00000000000, 0.00000000112, 0.00000000667
549, 50.00000000000, 1160.23680684569, 47.90430842284, 4.12500003222, 0.00000000000, -0.00000000213, -0.00000004571
550, 50.00000000000, 1179.74566723599, 51.33139448526, 4.12500003222, 0.00000000000, 0.00000001352, 0.00000004313
551, 50.00000000000, 1161.91960093323, 110.48897086321, 4.12500003222, 0.00000000000, 0.00000000831, 0.00000003496
552, 50.00000000000, 1194.18186757000, 69.90092616497, 4.12500003222, 0.00000000000, 0.00000000314, 0.00000002084
553, 50.00000000000, 1204.08398164201, 92.80249064143, 4.12500003222, 0.00000000000, -0.00000000222, -0.00000001676
554, 50.00000000000, 1208.80751074748, 107.44010860098, 4.12500003222, 0.00000000000, -0.00000000506, 0.00000000545
555, 50.00000000000, 1224.70070929398, 103.04869962557, 4.12500003222, 0.00000000000, -0.00000000195, 0.00000001208
556, 50.00000000000, 1238.07509611165, 117.34228715215, 4.12500003222, 0.00000000000, 0.00000000272, 0.00000000609
557, 50.00000000000, 1247.49262974043, 153.87419123206, 4.12500003222, 0.00000000000, -0.00000000231, -0.00000000364
558, 50.00000000000, 1263.44182464950, 99.20012309126, 4.12500003222, 0.00000000000, 0.00000000324, 0.00000001281
559, 50.00000000000, 1275.46431013327, 52.98329513451, 4.12500003222, 0.00000000000, -0.00000001142, -0.00000000121
560, 50.00000000000, 94.53819402000, 74.13921709727, 4.12500003222, 0.00000000000, -0.00000001065, -0.00000002602
561, 50.00000000000, 27.40234885013, 315.46868956471, 4.12500003222, 0.00000000000, 0.00000000000, 0.00000000000
562, 50.00000000000, 116.75618959124, 77.06949431705, 4.12500003222, 0.00000000000, 0.00000000674, -0.00000001125
563, 50.00000000000, 137.29714406966, 89.86410293066, 4.12500003222, 0.00000000000, -0.00000000260, -0.00000000891
564, 50.00000000000, 111.45067719936, 110.34439244535, 4.12500003222, 0.00000000000, -0.00000000350, -0.00000000333
565, 50.00000000000, 153.31783117357, 31.21931348953, 4.12500003222, 0.00000000000, -0.00000001365, -0.00000005301
566, 50.00000000000, 161.77976119009, 55.12699504833, 4.12500003222, 0.00000000000, -0.00000000138, 0.00000004109
567, 50.00000000000, 152.45589949454, 120.40628250345, 4.12500003222, 0.00000000000, -0.00000000148, -0.00000001712
568, 50.00000000000, 171.28774026481, 88.21951932077, 4.12500003222, 0.00000000000, 0.00000000404, -0.00000002725
569, 50.00000000000, 192.55307282103, 81.77706172633, 4.12500003222, 0.00000000000, -0.00000000358, -0.00000001025
570, 50.00000000000, 186.54658529983, 95.80322103277, 4.12500003222, 0.00000000000, -0.00000000160, -0.00000000372
571, 50.00000000000, 214.47679255151, 120.08376653225, 4.12500003222, 0.00000000000, 0.00000000543, 0.00000000142
572, 50.00000000000, 270.60554052833, 40.11051372089, 4.12500003222, 0.00000000000, 0.00000000350, -0.00000001529
573, 50.00000000000, 241.54815516313, 96.18862825625, 4.12500003222, 0.00000000000, 0.00000000179, -0.00000001066
574, 50.00000000000, 297.59186750617, 59.99546283870, 4.12500003222, 0.00000000000, -0.00000000538, -0.00000000136
575, 50.00000000000, 309.10826951914, 25.08891221989, 4.12500003222, 0.00000000000, -0.00000000412, 0.00000003230
576, 50.00000000000, 268.25404543830, 127.26854418126, 4.12500003222, 0.00000000000, -0.00000000278, -0.00000000677
577, 50.00000000000, 350.48283324780, 79.81697390693, 4.12500003222, 0.00000000000, -0.00000000181, -0.00000002169
578, 50.00000000000, 320.24312966861, 192.74646166878, 4.12500003222, 0.00000000000, 0.00000000000, 0.00000000000
579, 50.00000000000, 392.27297235868, 116.25131178263, 4.12500003222, 0.00000000000, -0.00000000411, 0.00000000560
580, 50.00000000000, 405.17701836658, 66.49766609154, 4.12500003222, 0.00000000000, -0.00000000337, -0.00000000058
581, 50.00000000000, 411.00401670137, 122.52987957603, 4.12500003222, 0.00000000000, -0.00000000059, -0.00000001083
582, 50.00000000000, 390.77758831900, 206.58395003007, 4.12500003222, 0.00000000000, 0.00000000000, 0.00000000000
583, 50.00000000000, 436.07737290524, 74.04626606121, 4.12500003222, 0.00000000000, 0.00000000518, -0.00000002212
584, 50.00000000000, 455.39559680071, 103.15489558144, 4.12500003222, 0.00000000000, -0.00000000149, 0.00000001890
585, 50.00000000000, 442.52616531724, -30000000.00000000000, 0.00000000000, 0.00000000000, -0.00000187657, 0.66000001198
586, 50.00000000000, 481.07248178933, 103.21931234854, 4.12500003222, 0.00000000000, -0.00000000996, -0.00000003423
587, 50.00000000000, 480.67858538196, 221.07901383286, 4.12500003222, 0.00000000000, -0.00000000007, -0.00000000355
588, 50.00000000000, 512.56517219213, 72.71278752550, 4.12500003222, 0.00000000000, 0.00000000783, 0.00000001912
589, 50.00000000000, 528.16201213028, 66.49882776471, 4.12500003222, 0.00000000000, -0.00000000813, 0.00000005506
590, 50.00000000000, 544.41519284316, 75.42053963628, 4.12500003222, 0.00000000000, -0.00000001741, -0.00000002309
591, 50.00000000000, 564.80076501544, 169.90066507734, 4.12500003222, 0.00000000000, -0.00000000022, 0.00000000759
592, 50.00000000000, 584.88628684883, 130.92879460198, 4.12500003222, 0.00000000000, -0.00000000129, -0.00000001251
593, 50.00000000000, 605.27558534146, 80.15298573352, 4.12500003222, 0.00000000000, -0.00000000295, 0.00000002132
594, 50.00000000000, 613.86818115037, 152.40177659453, 4.12500003222, 0.00000000000, -0.00000000195, -0.00000001663
595, 50.00000000000, 635.26812222151, 113.73255371010, 4.12500003222, 0.00000000000, 0.00000000138, -0.00000001698
596, 50.00000000000, 637.34113912495, 90.66872026466, 4.12500003222, 0.00000000000, 0.00000000299, -0.00000002505
597, 50.00000000000, 633.69515018059, 152.58142758039, 4.12500003222, 0.00000000000, 0.00000000357, 0.00000000286
598, 50.00000000000, 667.19049989530, -30000000.00000000000, 0.00000000000, 0.00000000000, -0.00000021048, 0.66000001198
599, 50.00000000000, 654.72631636415, 155.67462429234, 4.12500003222, 0.00000000000, -0.00000000128, 0.00000001258
600, 50.00000000000, 703.58707089712, -30000000.00000000000, 0.00000000000, 0.00000000000, -0.00000033473, 0.66000001198
601, 50.00000000000, 726.20304480067, 128.00846341244, 4.12500003222, 0.00000000000, 0.00000000230, -0.00000000377
602, 50.00000000000, 736.49291755292, 46.30538053696, 4.12500003222, 0.00000000000, -0.00000000154, 0.00000000063
603, 50.00000000000, 762.33613964542, -30000000.00000000000, 0.00000000000, 0.00000000000, 0.00000045388, 0.66000001198
604, 50.00000000000, 765.90068442449, 54.49371931950, 4.12500003222, 0.00000000000, 0.00000000732, 0.00000002805
605, 50.00000000000, 785.60565551009, 85.80343516220, 4.12500003222, 0.00000000000, 0.00000000619, 0.00000003888
606, 50.00000000000, 788.92506541129, 221.09973304635, 4.12500003222, 0.00000000000, 0.00000000544, -0.00000000834
607, 50.00000000000, 804.59246737493, 113.16214022359, 4.12500003222, 0.00000000000, -0.00000000313, -0.00000000916
608, 50.00000000000, 840.76006831466, 108.17231471201, 4.12500003222, 0.00000000000, -0.00000000863, -0.00000002227
609, 50.00000000000, 852.60407731110, 116.86767977776, 4.12500003222, 0.00000000000, 0.00000000637, 0.00000000904
610, 50.00000000000, 860.69580217976, 157.64561598467, 4.12500003222, 0.00000000000, -0.00000000451, -0.00000000977
611, 50.00000000000, 876.64454283007, 143.97594408330, 4.12500003222, 0.00000000000, -0.00000000390, -0.00000000287
612, 50.00000000000, 879.78754491159, 163.90205079829, 4.12500003222, 0.00000000000, -0.00000000134, 0.00000001724
613, 50.00000000000, 910.72530918129, 66.63652072333, 4.12500003222, 0.00000000000, -0.00000000316, -0.00000000277
614, 50.00000000000, 903.23333215800, 190.70016451112, 4.12500003222, 0.00000000000, -0.00000000036, -0.00000000223
615, 50.00000000000, 958.67214304940, 94.85374229765, 4.12500003222, 0.00000000000, -0.00000000494, -0.00000001148
616, 50.00000000000, 966.53779359069, 47.16973671871, 4.12500003222, 0.00000000000, 0.00000000016, 0.00000004288
617, 50.00000000000, 975.15605681014, 104.78451243003, 4.12500003222, 0.00000000000, -0.00000000588, 0.00000001967
618, 50.00000000000, 992.20847833390, 91.99024060100, 4.12500003222, 0.00000000000, 0.00000000509, -0.00000003158
619, 50.00000000000, 1010.70048987351, 47.74998229941, 4.12500003222, 0.00000000000, -0.00000000189, 0.00000000941
620, 50.00000000000, 1028.90700671239, 64.58388052699, 4.12500003222, 0.00000000000, -0.00000000827, 0.00000002105
621, 50.00000000000, 1034.23168835410, 21.31111246784, 4.12500003222, 0.00000000000, 0.00000000461, -0.00000000418
622, 50.00000000000, 1050.73233764391, 103.79853701877, 4.12500003222, 0.00000000000, -0.00000000062, 0.00000001391
623, 50.00000000000, 1052.13133033926, 86.55323096188, 4.12500003222, 0.00000000000, 0.00000000526, 0.00000001945
624, 50.00000000000, 1080.53393262707, 43.72505828591, 4.12500003222, 0.00000000000, 0.00000000352, 0.00000003909
625, 50.00000000000, 1080.50069174784, 78.10167628971, 4.12500003222, 0.00000000000, 0.00000000064, -0.00000000172
626, 50.00000000000, 1111.50478030088, 92.82637897799, 4.12500003222, 0.00000000000, -0.00000001077, -0.00000001947
627, 50.00000000000, 1119.59315445143, 80.55127834733, 4.12500003222, 0.00000000000, -0.00000001154, -0.00000001475
628, 50.00000000000, 1143.09705578254, 60.83819501440, 4.12500003222, 0.00000000000, -0.00000001535, 0.00000001556
629, 50.00000000000, 1153.97405102380, 68.96273088979, 4.12500003222, 0.00000000000, 0.00000000884, -0.00000000827
630, 50.00000000000, 1178.77533742323, 43.77070173301, 4.12500003222, 0.00000000000, 0.00000000299, 0.00000000899
631, 50.00000000000, 1175.40454771956, 142.81956689790, 4.12500003222, 0.00000000000, -0.00000000180, 0.00000001514
632, 50.00000000000, 1186.93721779318, 83.57099543933, 4.12500003222, 0.00000000000, -0.00000000320, 0.00000000009
633, 50.00000000000, 1191.88802351712, 109.61700866541, 4.12500003222, 0.00000000000, -0.00000000818, 0.00000002690
634, 50.00000000000, 1227.67710057422, 158.22728429054, 4.12500003222, 0.00000000000, 0.00000000161, -0.00000000798
635, 50.00000000000, 1219.25581577760, 123.98592115081, 4.12500003222, 0.00000000000, -0.00000000092, -0.00000001030
636, 50.00000000000, 1241.23451776922, 74.49779699170, 4.12500003222, 0.00000000000, -0.00000001460, -0.00000000528
637, 50.00000000000, 1233.23725640794, 138.24894428899, 4.12500003222, 0.00000000000, -0.00000000166, 0.00000000970
638, 50.00000000000, 1275.84782531180, 20.50236448608, 4.12500003222, 0.00000000000, -0.00000000125, 0.00000000552
639, 50.00000000000, 1290.88159952570, 34.49888152243, 4.12500003222, 0.00000000000, 0.00000000209, -0.00000000927
