0, 50.00000000000, 26.04728266582, 84.11104821674, 4.12500003222, 0.00000000000, 0.00000000561, -0.00000000515
1, 50.00000000000, 31.17842742412, 184.52129115969, 4.12500003222, 0.00000000000, 0.00000000000, 0.00000000000
2, 50.00000000000, 58.77799641596, 6.81356719075, 4.12500003222, 0.00000000000, 0.00000000208, 0.00000003980
3, 50.00000000000, 87.08530876328, 84.70701724570, 4.12500003222, 0.00000000000, 0.00000000684, -0.00000001059
4, 50.00000000000, 102.44570426882, 24.06282356490, 4.12500003222, 0.00000000000, 0.00000000612, 0.00000000344
5, 50.00000000000, 116.72098195378, 39.83431359005, 4.12500003222, 0.00000000000, 0.00000000056, 0.00000004030
6, 50.00000000000, 134.93171159020, 25.66246429943, 4.12500003222, 0.00000000000, 0.00000000105, -0.00000001373
7, 50.00000000000, 140.81677540313, 10.63640085859, 4.12500003222, 0.00000000000, -0.00000000896, -0.00000001873
8, 50.00000000000, 165.70440000910, 7.79778311901, 4.12500003222, 0.00000000000, 0.00000000179, -0.00000000298
9, 50.00000000000, 165.72046859426, 47.91409041592, 4.12500003222, 0.00000000000, -0.00000000060, 0.00000000647
10, 50.00000000000, 186.29650965181, 4.78798269214, 4.12500003222, 0.00000000000, 0.00000000231, 0.00000005715
11, 50.00000000000, 222.57074588469, 22.25582609120, 4.12500003222, 0.00000000000, -0.00000000212, -0.00000002040
12, 50.00000000000, 220.69498063902, 9.28106547836, 4.12500003222, 0.00000000000, 0.00000000139, 0.00000000382
13, 50.00000000000, 257.23526165758, 24.68311736454, 4.12500003222, 0.00000000000, -0.00000000155, 0.00000004455
14, 50.00000000000, 268.34899041211, 29.04014121982, 4.12500003222, 0.00000000000, -0.00000000686, 0.00000000106
15, 50.00000000000, 287.38900490792, 38.20399277248, 4.12500003222, 0.00000000000, 0.00000000031, 0.00000003075
16, 50.00000000000, 289.73683554666, 4.17092350153, 4.12500003222, 0.00000000000, 0.00000001290, -0.00000003111
17, 50.00000000000, 308.11723147661, 42.36234574898, 4.12500003222, 0.00000000000, -0.00000000716, -0.00000002918
18, 50.00000000000, 320.77220573898, -30000000.00000000000, 0.00000000000, 0.00000000000, 0.00000086896, 0.66000001198
19, 50.00000000000, 362.47729089185, 83.72606850677, 4.12500003222, 0.00000000000, 0.00000000319, -0.00000000040
20, 50.00000000000, 354.78505746845, -30000000.00000000000, 0.00000000000, 0.00000000000, -0.00000024838, 0.66000001198
21, 50.00000000000, 384.32764196467, 32.28595806730, 4.12500003222, 0.00000000000, -0.00000000133, 0.00000001852
22, 50.00000000000, 403.70740083646, 117.95565663690, 4.12500003222, 0.00000000000, -0.00000000626, 0.00000004766
23, 50.00000000000, 407.72747481783, 54.32715521333, 4.12500003222, 0.00000000000, 0.00000000357, 0.00000004478
24, 50.00000000000, 432.27415748936, -30000000.00000000000, 0.00000000000, 0.00000000000, -0.00000154884, 0.66000001198
25, 50.00000000000, 433.43626000937, 62.88343798430, 4.12500003222, 0.00000000000, -0.00000000320, -0.00000000156
26, 50.00000000000, 460.66859783141, 45.10280871456, 4.12500003222, 0.00000000000, 0.00000000495, 0.00000002053
27, 50.00000000000, 477.53793013315, 42.89724335132, 4.12500003222, 0.00000000000, 0.00000000346, 0.00000000336
28, 50.00000000000, 490.80233750401, -30000000.00000000000, 0.00000000000, 0.00000000000, 0.00000049650, 0.66000001198
29, 50.00000000000, 516.53873263805, 140.57483547139, 4.12500003222, 0.00000000000, -0.00000000132, -0.00000000177
30, 50.00000000000, 531.53153239061, 60.44841218414, 4.12500003222, 0.00000000000, -0.00000000455, -0.00000000665
31, 50.00000000000, 543.19691392511, -30000000.00000000000, 0.00000000000, 0.00000000000, -0.00000031239, 0.66000001198
32, 50.00000000000, 553.51083804229, -30000000.00000000000, 0.00000000000, 0.00000000000, -0.00000083369, 0.66000001198
33, 50.00000000000, 579.37083240396, -30000000.00000000000, 0.00000000000, 0.00000000000, -0.00000082370, 0.66000001198
34, 50.00000000000, 595.08396350802, 63.50393429469, 4.12500003222, 0.00000000000, -0.00000000374, -0.00000001618
35, 50.00000000000, 615.40154470832, 102.67759603059, 4.12500003222, 0.00000000000, 0.00000000309, -0.00000002696
36, 50.00000000000, 634.34508717800, -30000000.00000000000, 0.00000000000, 0.00000000000, 0.00000103929, 0.66000001198
37, 50.00000000000, 652.04110327195, -30000000.00000000000, 0.00000000000, 0.00000000000, 0.00000034749, 0.66000001198
38, 50.00000000000, 665.81883992390, -30000000.00000000000, 0.00000000000, 0.00000000000, -0.00000046471, 0.66000001198
39, 50.00000000000, 689.62023614904, -30000000.00000000000, 0.00000000000, 0.00000000000, -0.00000146193, 0.66000001198
40, 50.00000000000, 700.00972289972, -30000000.00000000000, 0.00000000000, 0.00000000000, -0.00000081334, 0.66000001198
41, 50.00000000000, 719.85141430925, -30000000.00000000000, 0.00000000000, 0.00000000000, -0.00000036030, 0.66000001198
42, 50.00000000000, 728.97728950299, 76.62969859835, 4.12500003222, 0.00000000000, -0.00000000835, 0.00000000929
43, 50.00000000000, 749.62525801085, 103.14676630711, 4.12500003222, 0.00000000000, -0.00000000096, -0.00000000712
44, 50.00000000000, 767.69601222455, 105.12106114038, 4.12500003222, 0.00000000000, 0.00000000533, 0.00000002252
45, 50.00000000000, 785.39871402538, -30000000.00000000000, 0.00000000000, 0.00000000000, 0.00000067281, 0.66000001198
46, 50.00000000000, 802.72063867561, -30000000.00000000000, 0.00000000000, 0.00000000000, -0.00000020174, 0.66000001198
47, 50.00000000000, 821.86992796889, -30000000.00000000000, 0.00000000000, 0.00000000000, -0.00000056600, 0.66000001198
48, 50.00000000000, 835.05849387833, -30000000.00000000000, 0.00000000000, 0.00000000000, -0.00000162012, 0.66000001198
49, 50.00000000000, 847.41112847128, 88.89876110592, 4.12500003222, 0.00000000000, 0.00000000540, -0.00000001563
50, 50.00000000000, 877.38136137834, -30000000.00000000000, 0.00000000000, 0.00000000000, 0.00000194555, 0.66000001198
51, 50.00000000000, 893.77444871763, -30000000.00000000000, 0.00000000000, 0.00000000000, 0.00000027232, 0.66000001198
52, 50.00000000000, 880.43867749052, 189.73148136740, 4.12500003222, 0.00000000000, 0.00000000269, 0.00000000079
53, 50.00000000000, 929.93711020118, -30000000.00000000000, 0.00000000000, 0.00000000000, -0.00000148395, 0.66000001198
54, 50.00000000000, 942.00735429253, -30000000.00000000000, 0.00000000000, 0.00000000000, -0.00000026674, 0.66000001198
55, 50.00000000000, 956.53609056131, -30000000.00000000000, 0.00000000000, 0.00000000000, 0.00000118068, 0.66000001198
56, 50.00000000000, 977.98592740005, -30000000.00000000000, 0.00000000000, 0.00000000000, -0.00000065949, 0.66000001198
57, 50.00000000000, 991.14486952243, 50.79090023147, 4.12500003222, 0.00000000000, -0.00000000689, 0.00000000849
58, 50.00000000000, 1013.21777405636, -30000000.00000000000, 0.00000000000, 0.00000000000, 0.00000144585, 0.66000001198
59, 50.00000000000, 1029.84945035129, 49.94204546436, 4.12500003222, 0.00000000000, 0.00000000325, 0.00000001789
60, 50.00000000000, 1042.20857330880, 117.66877308572, 4.12500003222, 0.00000000000, 0.00000001437, -0.00000002261
61, 50.00000000000, 1061.90329918524, -30000000.00000000000, 0.00000000000, 0.00000000000, 0.00000017793, 0.66000001198
62, 50.00000000000, 1072.90617315572, -30000000.00000000000, 0.00000000000, 0.00000000000, 0.00000042735, 0.66000001198
63, 50.00000000000, 1116.74294292079, 100.89777269139, 4.12500003222, 0.00000000000, 0.00000000007, -0.00000000359
64, 50.00000000000, 1109.33194838190, 1.64314716682, 4.12500003222, 0.00000000000, -0.00000000370, -0.00000000547
65, 50.00000000000, 1135.91283867511, 74.63688353992, 4.12500003222, 0.00000000000, -0.00000000080, -0.00000001268
66, 50.00000000000, 1131.04624495928, 30.63613040940, 4.12500003222, 0.00000000000, -0.00000000385, 0.00000000015
67, 50.00000000000, 1168.07410062804, 66.76769483297, 4.12500003222, 0.00000000000, -0.00000000056, 0.00000000215
68, 50.00000000000, 1187.67867734676, 40.84893187038, 4.12500003222, 0.00000000000, -0.00000001258, -0.00000000144
69, 50.00000000000, 1190.92812191385, 5.98714866286, 4.12500003222, 0.00000000000, -0.00000000167, -0.00000001453
70, 50.00000000000, 1204.06820311176, 25.06769227730, 4.12500003222, 0.00000000000, -0.00000000397, 0.00000002960
71, 50.00000000000, 1223.68726185318, 31.46039526337, 4.12500003222, 0.00000000000, -0.00000000210, 0.00000003088
72, 50.00000000000, 1254.97476813933, 57.80189261051, 4.12500003222, 0.00000000000, -0.00000000291, -0.00000001039
73, 50.00000000000, 1227.31469679769, 131.59827169342, 4.12500003222, 0.00000000000, 0.00000000542, -0.00000002265
74, 50.00000000000, 1276.32591966553, 9.49132590475, 4.12500003222, 0.00000000000, -0.00000000609, 0.00000002185
75, 50.00000000000, 1291.95317945630, 7.10445234942, 4.12500003222, 0.00000000000, 0.00000000129, 0.00000000879
76, 50.00000000000, 1301.28255785579, 29.16748397913, 4.12500003222, 0.00000000000, 0.00000000163, -0.00000000100
77, 50.00000000000, 1310.32605751249, 49.10289626413, 4.12500003222, 0.00000000000, -0.00000000537, -0.00000001696
78, 50.00000000000, 1334.90528259903, 11.38556769086, 4.12500003222, 0.00000000000, 0.00000000302, 0.00000000960
79, 50.00000000000, 1331.19244086046, 100.54323341389, 4.12500003222, 0.00000000000, 0.00000000079, -0.00000000152
80, 50.00000000000, 24.97828780454, 10.62505628175, 4.12500003222, 0.00000000000, -0.00000000077, 0.00000000704
81, 50.00000000000, 43.80275127249, 28.89762392188, 4.12500003222, 0.00000000000, 0.00000000087, -0.00000001868
82, 50.00000000000, 66.57734088888, 28.56634237420, 4.12500003222, 0.00000000000, -0.00000001204, 0.00000000317
83, 50.00000000000, 81.77630447738, 13.30421719032, 4.12500003222, 0.00000000000, 0.00000000415, -0.00000002409
84, 50.00000000000, 95.06238218469, 41.81519401865, 4.12500003222, 0.00000000000, 0.00000000019, 0.00000001080
85, 50.00000000000, 116.62053420975, 7.16202753807, 4.12500003222, 0.00000000000, 0.00000000295, -0.00000002495
86, 50.00000000000, 131.32735474872, 4.11714315776, 4.12500003222, 0.00000000000, 0.00000000393, 0.00000003373
87, 50.00000000000, 152.07149864321, 28.57668242635, 4.12500003222, 0.00000000000, -0.00000000255, 0.00000002713
88, 50.00000000000, 145.48876932237, 59.94680510421, 4.12500003222, 0.00000000000, -0.00000000163, -0.00000001556
89, 50.00000000000, 168.28431091225, 31.00727491491, 4.12500003222, 0.00000000000, -0.00000000435, -0.00000001930
90, 50.00000000000, 205.09575439281, 15.61182844151, 4.12500003222, 0.00000000000, -0.00000000385, -0.00000001718
91, 50.00000000000, 201.77442703717, 26.06753736414, 4.12500003222, 0.00000000000, -0.00000000461, 0.00000001736
92, 50.00000000000, 243.35869375385, 31.67890861112, 4.12500003222, 0.00000000000, 0.00000000969, 0.00000000014
93, 50.00000000000, 237.91561521475, 21.26425848400, 4.12500003222, 0.00000000000, 0.00000000482, 0.00000003277
94, 50.00000000000, 264.25503403764, 45.47127939441, 4.12500003222, 0.00000000000, 0.00000001276, -0.00000002950
95, 50.00000000000, 283.92560562931, 61.05473095029, 4.12500003222, 0.00000000000, -0.00000000442, -0.00000000748
96, 50.00000000000, 306.25586150844, 9.89563143683, 4.12500003222, 0.00000000000, 0.00000001162, -0.00000005003
97, 50.00000000000, 306.52727755859, 64.63992713103, 4.12500003222, 0.00000000000, -0.00000000766, 0.00000001342
98, 50.00000000000, 331.08694382164, 38.31223653597, 4.12500003222, 0.00000000000, -0.00000000839, 0.00000001743
99, 50.00000000000, 354.14522310099, 64.41872848800, 4.12500003222, 0.00000000000, 0.00000001662, -0.00000003694
100, 50.00000000000, 354.50184675772, -30000000.00000000000, 0.00000000000, 0.00000000000, -0.00000022625, 0.66000001198
101, 50.00000000000, 373.64157133848, -30000000.00000000000, 0.00000000000, 0.00000000000, -0.00000009073, 0.66000001198
102, 50.00000000000, 392.21622457898, -30000000.00000000000, 0.00000000000, 0.00000000000, 0.00000085312, 0.66000001198
103, 50.00000000000, 400.04125449890, 86.72539002317, 4.12500003222, 0.00000000000, 0.00000000071, -0.00000000271
104, 50.00000000000, 424.75848900419, 39.11279195103, 4.12500003222, 0.00000000000, 0.00000000329, 0.00000001396
105, 50.00000000000, 441.74793980111, 47.95851255205, 4.12500003222, 0.00000000000, 0.00000000383, -0.00000000574
106, 50.00000000000, 467.79204989371, 103.47142237256, 4.12500003222, 0.00000000000, 0.00000000809, -0.00000004987
107, 50.00000000000, 478.68647748534, -30000000.00000000000, 0.00000000000, 0.00000000000, 0.00000090104, 0.66000001198
108, 50.00000000000, 500.92152755090, 91.69598373485, 4.12500003222, 0.00000000000, 0.00000000268, -0.00000000958
109, 50.00000000000, 511.77991487588, 90.71274617805, 4.12500003222, 0.00000000000, -0.00000000512, -0.00000000649
110, 50.00000000000, 539.05201668111, -30000000.00000000000, 0.00000000000, 0.00000000000, 0.00000041767, 0.66000001198
111, 50.00000000000, 545.77179603882, -30000000.00000000000, 0.00000000000, 0.00000000000, -0.00000076431, 0.66000001198
112, 50.00000000000, 567.93776660711, 92.88226136510, 4.12500003222, 0.00000000000, -0.00000000529, -0.00000001673
113, 50.00000000000, 579.44821359674, 109.36184954924, 4.12500003222, 0.00000000000, 0.00000000247, 0.00000001594
114, 50.00000000000, 603.58217412804, 117.64401018656, 4.12500003222, 0.00000000000, 0.00000000389, -0.00000001042
115, 50.00000000000, 617.08287733555, -30000000.00000000000, 0.00000000000, 0.00000000000, 0.00000207609, 0.66000001198
116, 50.00000000000, 621.15503974163, -30000000.00000000000, 0.00000000000, 0.00000000000, 0.00000135948, 0.66000001198
117, 50.00000000000, 643.59352930570, -30000000.00000000000, 0.00000000000, 0.00000000000, 0.00000028890, 0.66000001198
118, 50.00000000000, 661.93821782888, -30000000.00000000000, 0.00000000000, 0.00000000000, -0.00000066518, 0.66000001198
119, 50.00000000000, 677.80786175520, -30000000.00000000000, 0.00000000000, 0.00000000000, -0.00000008347, 0.66000001198
120, 50.00000000000, 727.48318044492, 123.97876067881, 4.12500003222, 0.00000000000, 0.00000000183, -0.00000001820
121, 50.00000000000, 717.82044441746, 70.71034083498, 4.12500003222, 0.00000000000, -0.00000000342, 0.00000002505
122, 50.00000000000, 737.89955708969, 85.63139517221, 4.12500003222, 0.00000000000, -0.00000000914, 0.00000000691
123, 50.00000000000, 752.22759272297, -30000000.00000000000, 0.00000000000, 0.00000000000, 0.00000049558, 0.66000001198
124, 50.00000000000, 778.84966886245, 52.06004225231, 4.12500003222, 0.00000000000, 0.00000000578, 0.00000001375
125, 50.00000000000, 801.68572894200, 62.46781208098, 4.12500003222, 0.00000000000, -0.00000000225, -0.00000000208
126, 50.00000000000, 796.92100672307, -30000000.00000000000, 0.00000000000, 0.00000000000, 0.00000094659, 0.66000001198
127, 50.00000000000, 822.03916367755, -30000000.00000000000, 0.00000000000, 0.00000000000, -0.00000059331, 0.66000001198
128, 50.00000000000, 853.91673741367, 67.75154371922, 4.12500003222, 0.00000000000, -0.00000000788, -0.00000000953
129, 50.00000000000, 851.81164473052, 110.15180078974, 4.12500003222, 0.00000000000, -0.00000000821, 0.00000002215
130, 50.00000000000, 892.35135846024, 69.94193726832, 4.12500003222, 0.00000000000, 0.00000000272, -0.00000001793
131, 50.00000000000, 881.29162901969, -30000000.00000000000, 0.00000000000, 0.00000000000, 0.00000181700, 0.66000001198
132, 50.00000000000, 901.95507911787, -30000000.00000000000, 0.00000000000, 0.00000000000, -0.00000031456, 0.66000001198
133, 50.00000000000, 913.47087313469, 174.72216554952, 4.12500003222, 0.00000000000, -0.00000000846, -0.00000001551
134, 50.00000000000, 957.09537500236, 70.12859954667, 4.12500003222, 0.00000000000, -0.00000000019, 0.00000000061
135, 50.00000000000, 973.98942948739, 54.19464519303, 4.12500003222, 0.00000000000, -0.00000000594, -0.00000002108
136, 50.00000000000, 972.40402886907, -30000000.00000000000, 0.00000000000, 0.00000000000, -0.00000035837, 0.66000001198
137, 50.00000000000, 1008.89697800613, 65.56986127090, 4.12500003222, 0.00000000000, -0.00000000069, 0.00000001641
138, 50.00000000000, 1008.31157391097, 106.93954236113, 4.12500003222, 0.00000000000, 0.00000001081, -0.00000001033
139, 50.00000000000, 1031.32907735432, -30000000.00000000000, 0.00000000000, 0.00000000000, -0.00000093901, 0.66000001198
140, 50.00000000000, 1040.42099259026, -30000000.00000000000, 0.00000000000, 0.00000000000, -0.00000085620, 0.66000001198
141, 50.00000000000, 1059.45354190830, 59.39216772653, 4.12500003222, 0.00000000000, 0.00000000525, 0.00000001696
142, 50.00000000000, 1080.47056507641, -30000000.00000000000, 0.00000000000, 0.00000000000, -0.00000023831, 0.66000001198
143, 50.00000000000, 1096.38000139823, 51.33635098889, 4.12500003222, 0.00000000000, 0.00000000317, -0.00000000333
144, 50.00000000000, 1093.85011238115, 15.16088098223, 4.12500003222, 0.00000000000, -0.00000000670, -0.00000002525
145, 50.00000000000, 1118.90486731151, 12.47302755448, 4.12500003222, 0.00000000000, 0.00000000873, 0.00000001476
146, 50.00000000000, 1148.60609947204, 34.04250116147, 4.12500003222, 0.00000000000, 0.00000000867, -0.00000002328
147, 50.00000000000, 1169.26599248541, 29.72814445159, 4.12500003222, 0.00000000000, 0.00000000496, 0.00000001516
148, 50.00000000000, 1176.08117449782, 132.38191780582, 4.12500003222, 0.00000000000, 0.00000000012, -0.00000000017
149, 50.00000000000, 1186.83632655961, 28.98013923470, 4.12500003222, 0.00000000000, -0.00000000724, -0.00000001835
150, 50.00000000000, 1207.30783415469, 40.30531961538, 4.12500003222, 0.00000000000, 0.00000000916, 0.00000001329
151, 50.00000000000, 1224.99131932419, 11.79129131547, 4.12500003222, 0.00000000000, 0.00000000445, -0.00000001120
152, 50.00000000000, 1233.57914134759, 151.80799214431, 4.12500003222, 0.00000000000, 0.00000000101, -0.00000001414
153, 50.00000000000, 1260.66839087512, 12.01602964767, 4.12500003222, 0.00000000000, -0.00000000138, 0.00000000435
154, 50.00000000000, 1280.68255641134, 25.94882507076, 4.12500003222, 0.00000000000, -0.00000000152, -0.00000002077
155, 50.00000000000, 1289.42540735589, 80.54566227835, 4.12500003222, 0.00000000000, 0.00000000824, -0.00000001810
156, 50.00000000000, 1298.16905461613, 116.64504180248, 4.12500003222, 0.00000000000, -0.00000000414, 0.00000004387
157, 50.00000000000, 1308.58606194532, 73.99107080366, 4.12500003222, 0.00000000000, -0.00000000401, 0.00000003505
158, 50.00000000000, 1313.47848515551, 130.50993502161, 4.12500003222, 0.00000000000, 0.00000000790, -0.00000002130
159, 50.00000000000, 1329.24659628880, 77.25861989944, 4.12500003222, 0.00000000000, 0.00000000308, -0.00000003551
160, 50.00000000000, 27.39034846812, 25.75229273155, 4.12500003222, 0.00000000000, 0.00000000238, 0.00000000456
161, 50.00000000000, 43.08321398279, 94.84583351306, 4.12500003222, 0.00000000000, 0.00000000537, -0.00000004040
162, 50.00000000000, 72.44614604291, 8.16311463384, 4.12500003222, 0.00000000000, -0.00000000356, -0.00000001259
163, 50.00000000000, 81.66415852553, 29.31182153934, 4.12500003222, 0.00000000000, 0.00000000576, -0.00000000709
164, 50.00000000000, 94.99361771606, 63.08855097882, 4.12500003222, 0.00000000000, -0.00000000878, -0.00000000110
165, 50.00000000000, 107.42351380359, 53.86012419615, 4.12500003222, 0.00000000000, 0.00000001007, -0.00000001823
166, 50.00000000000, 135.66535522275, 39.92756600919, 4.12500003222, 0.00000000000, -0.00000000060, -0.00000000853
167, 50.00000000000, 148.11038538508, 20.95581400385, 4.12500003222, 0.00000000000, 0.00000000701, 0.00000000205
168, 50.00000000000, 157.04493838217, 63.35644196135, 4.12500003222, 0.00000000000, 0.00000000801, 0.00000000112
169, 50.00000000000, 183.50332200479, 15.01917127751, 4.12500003222, 0.00000000000, 0.00000000288, -0.00000001440
170, 50.00000000000, 202.59983367349, 5.94367848405, 4.12500003222, 0.00000000000, 0.00000000445, 0.00000001282
171, 50.00000000000, 219.61838460590, 34.41005650202, 4.12500003222, 0.00000000000, 0.00000000252, -0.00000003425
172, 50.00000000000, 240.28123478482, 7.93623296672, 4.12500003222, 0.00000000000, 0.00000000046, -0.00000001401
173, 50.00000000000, 252.38602970198, 48.48825970126, 4.12500003222, 0.00000000000, -0.00000000572, 0.00000001305
174, 50.00000000000, 270.89537501123, 7.21982068470, 4.12500003222, 0.00000000000, 0.00000000184, 0.00000001876
175, 50.00000000000, 279.43298294157, 13.84760243627, 4.12500003222, 0.00000000000, 0.00000000150, 0.00000002572
176, 50.00000000000, 299.62579094064, 25.89549562064, 4.12500003222, 0.00000000000, 0.00000001042, 0.00000002482
177, 50.00000000000, 320.64875789652, 48.03409621897, 4.12500003222, 0.00000000000, 0.00000000039, -0.00000003609
178, 50.00000000000, 340.89834892817, 84.62454545051, 4.12500003222, 0.00000000000, -0.00000000953, 0.00000003750
179, 50.00000000000, 349.25335179378, 97.22457258633, 4.12500003222, 0.00000000000, 0.00000000016, -0.00000000851
180, 50.00000000000, 368.76620177466, 101.24147534293, 4.12500003222, 0.00000000000, -0.00000000347, 0.00000000186
181, 50.00000000000, 383.57116396249, 86.80329985325, 4.12500003222, 0.00000000000, 0.00000000994, 0.00000002704
182, 50.00000000000, 403.01142396804, 102.88573272985, 4.12500003222, 0.00000000000, -0.00000000059, -0.00000001260
183, 50.00000000000, 404.46924102122, 38.25401657666, 4.12500003222, 0.00000000000, -0.00000001169, -0.00000003957
184, 50.00000000000, 419.54036532895, -30000000.00000000000, 0.00000000000, 0.00000000000, 0.00000008439, 0.66000001198
185, 50.00000000000, 437.34431210074, 123.85156260193, 4.12500003222, 0.00000000000, -0.00000000085, -0.00000001550
186, 50.00000000000, 454.63384083905, 89.40000249446, 4.12500003222, 0.00000000000, 0.00000001134, 0.00000000549
187, 50.00000000000, 469.25839042377, 78.74313081157, 4.12500003222, 0.00000000000, 0.00000000233, 0.00000007803
188, 50.00000000000, 494.23725003527, 59.06430786070, 4.12500003222, 0.00000000000, -0.00000000436, -0.00000003910
189, 50.00000000000, 513.82991549023, 45.72164934261, 4.12500003222, 0.00000000000, 0.00000000633, -0.00000003383
190, 50.00000000000, 520.58267380689, -30000000.00000000000, 0.00000000000, 0.00000000000, 0.00000135806, 0.66000001198
191, 50.00000000000, 544.68503602237, 78.31697228257, 4.12500003222, 0.00000000000, 0.00000001616, 0.00000001178
192, 50.00000000000, 561.83988124719, 163.39744757618, 4.12500003222, 0.00000000000, -0.00000000419, -0.00000000628
193, 50.00000000000, 566.51837202273, 199.96437054045, 4.12500003222, 0.00000000000, -0.00000000042, -0.00000000006
194, 50.00000000000, 601.85092368798, 171.15022246221, 4.12500003222, 0.00000000000, 0.00000000144, 0.00000000904
195, 50.00000000000, 612.28101428985, -30000000.00000000000, 0.00000000000, 0.00000000000, 0.00000223237, 0.66000001198
196, 50.00000000000, 639.89820585641, -30000000.00000000000, 0.00000000000, 0.00000000000, 0.00000073799, 0.66000001198
197, 50.00000000000, 653.53228575771, -30000000.00000000000, 0.00000000000, 0.00000000000, -0.00000007266, 0.66000001198
198, 50.00000000000, 672.43462640047, 64.15229478268, 4.12500003222, 0.00000000000, 0.00000000035, -0.00000001164
199, 50.00000000000, 673.06020826581, -30000000.00000000000, 0.00000000000, 0.00000000000, 0.00000070719, 0.66000001198
200, 50.00000000000, 709.41425069781, 105.99554504497, 4.12500003222, 0.00000000000, 0.00000000045, 0.00000000967
201, 50.00000000000, 726.92476688081, 108.70705580899, 4.12500003222, 0.00000000000, -0.00000000003, 0.00000001319
202, 50.00000000000, 728.14618722107, 54.39994541333, 4.12500003222, 0.00000000000, 0.00000000892, 0.00000000395
203, 50.00000000000, 756.44150424276, -30000000.00000000000, 0.00000000000, 0.00000000000, -0.00000024601, 0.66000001198
204, 50.00000000000, 765.68247227427, -30000000.00000000000, 0.00000000000, 0.00000000000, -0.00000020833, 0.66000001198
205, 50.00000000000, 797.82734452641, 47.00707116992, 4.12500003222, 0.00000000000, -0.00000000053, 0.00000000582
206, 50.00000000000, 816.73120768216, 42.74052761125, 4.12500003222, 0.00000000000, -0.00000000614, -0.00000001376
207, 50.00000000000, 815.52079304641, 76.02794991317, 4.12500003222, 0.00000000000, 0.00000000786, 0.00000001082
208, 50.00000000000, 837.84939340377, 104.31214401067, 4.12500003222, 0.00000000000, -0.00000000248, 0.00000004492
209, 50.00000000000, 834.43550282586, 73.39811538197, 4.12500003222, 0.00000000000, -0.00000000074, 0.00000000704
210, 50.00000000000, 866.59283745094, -30000000.00000000000, 0.00000000000, 0.00000000000, 0.00000161984, 0.66000001198
211, 50.00000000000, 890.63605409679, -30000000.00000000000, 0.00000000000, 0.00000000000, 0.00000103109, 0.66000001198
212, 50.00000000000, 916.55043049566, 47.33548850783, 4.12500003222, 0.00000000000, 0.00000000239, 0.00000000085
213, 50.00000000000, 915.76837511254, -30000000.00000000000, 0.00000000000, 0.00000000000, -0.00000147500, 0.66000001198
214, 50.00000000000, 957.00313268986, 124.47342012661, 4.12500003222, 0.00000000000, -0.00000000067, 0.00000000064
215, 50.00000000000, 972.39042910452, 65.65899276948, 4.12500003222, 0.00000000000, -0.00000000115, -0.00000000748
216, 50.00000000000, 993.79295136127, 64.39621033044, 4.12500003222, 0.00000000000, -0.00000000046, 0.00000000146
217, 50.00000000000, 984.27381532761, -30000000.00000000000, 0.00000000000, 0.00000000000, -0.00000176700, 0.66000001198
218, 50.00000000000, 1003.32229807529, -30000000.00000000000, 0.00000000000, 0.00000000000, 0.00000034875, 0.66000001198
219, 50.00000000000, 1025.88273151686, -30000000.00000000000, 0.00000000000, 0.00000000000, -0.00000022594, 0.66000001198
220, 50.00000000000, 1022.23760394464, 144.44284084674, 4.12500003222, 0.00000000000, 0.00000000633, -0.00000000991
221, 50.00000000000, 1066.20826174024, 53.12682122026, 4.12500003222, 0.00000000000, -0.00000000925, 0.00000002995
222, 50.00000000000, 1084.10916051545, 59.33666723066, 4.12500003222, 0.00000000000, -0.00000000949, 0.00000002120
223, 50.00000000000, 1094.71256540811, 36.54300299963, 4.12500003222, 0.00000000000, 0.00000000629, -0.00000002258
224, 50.00000000000, 1105.00205614156, 14.19733385171, 4.12500003222, 0.00000000000, -0.00000000520, 0.00000000424
225, 50.00000000000, 1137.66044067637, 21.48446359350, 4.12500003222, 0.00000000000, -0.00000000030, -0.00000001217
226, 50.00000000000, 1135.87815570395, 93.70171830157, 4.12500003222, 0.00000000000, 0.00000000545, 0.00000004113
227, 50.00000000000, 1162.16105201808, 48.26248988593, 4.12500003222, 0.00000000000, 0.00000000450, -0.00000003428
228, 50.00000000000, 1171.35509408199, 11.06767451161, 4.12500003222, 0.00000000000, 0.00000000135, -0.00000002666
229, 50.00000000000, 1187.69758103763, 15.94475499832, 4.12500003222, 0.00000000000, -0.00000000968, 0.00000000651
230, 50.00000000000, 1207.68909463497, 16.11391121552, 4.12500003222, 0.00000000000, 0.00000000569, -0.00000003370
231, 50.00000000000, 1230.38964809291, 81.17266294033, 4.12500003222, 0.00000000000, -0.00000000055, -0.00000000038
232, 50.00000000000, 1246.23182459838, 41.72380481846, 4.12500003222, 0.00000000000, -0.00000000232, 0.00000006718
233, 50.00000000000, 1248.38536509039, 78.55315863708, 4.12500003222, 0.00000000000, -0.00000000396, -0.00000001403
234, 50.00000000000, 1265.28238730555, 74.45344323942, 4.12500003222, 0.00000000000, -0.00000000150, -0.00000001900
235, 50.00000000000, 1280.40777536720, 101.11416088815, 4.12500003222, 0.00000000000, -0.00000001214, -0.00000001524
236, 50.00000000000, 1314.27757130175, 8.54096185941, 4.12500003222, 0.00000000000, -0.00000000147, 0.00000000222
237, 50.00000000000, 1310.40020164683, 93.27369903622, 4.12500003222, 0.00000000000, -0.00000000370, -0.00000002497
238, 50.00000000000, 1317.65518948162, 108.10793861752, 4.12500003222, 0.00000000000, -0.00000000307, 0.00000000530
239, 50.00000000000, 1342.16111052828, 107.55743213460, 4.12500003222, 0.00000000000, -0.00000000027, 0.00000002751
240, 50.00000000000, 43.70823561336, 51.51200952686, 4.12500003222, 0.00000000000, 0.00000000303, 0.00000002847
241, 50.00000000000, 39.52601900143, 7.81078441082, 4.12500003222, 0.00000000000, 0.00000000220, 0.00000000743
242, 50.00000000000, 60.18493146326, 20.69068998846, 4.12500003222, 0.00000000000, -0.00000000521, -0.00000000076
243, 50.00000000000, 91.08667668812, 114.51682313124, 4.12500003222, 0.00000000000, -0.00000000219, 0.00000000356
244, 50.00000000000, 101.98537193288, 97.67909314078, 4.12500003222, 0.00000000000, 0.00000000079, 0.00000000393
245, 50.00000000000, 117.85940293132, 86.09639781608, 4.12500003222, 0.00000000000, -0.00000000264, 0.00000000333
246, 50.00000000000, 128.52362983149, 16.97445701250, 4.12500003222, 0.00000000000, 0.00000000206, 0.00000000017
247, 50.00000000000, 134.74325168684, 131.91154591526, 4.12500003222, 0.00000000000, -0.00000000007, 0.00000000675
248, 50.00000000000, 135.28944631419, 91.59105599347, 4.12500003222, 0.00000000000, 0.00000001106, -0.00000000263
249, 50.00000000000, 153.54863809620, 100.81247961618, 4.12500003222, 0.00000000000, 0.00000000077, 0.00000000175
250, 50.00000000000, 185.20288207696, 23.92882234054, 4.12500003222, 0.00000000000, -0.00000000155, 0.00000000023
251, 50.00000000000, 189.67552416649, 116.43780448346, 4.12500003222, 0.00000000000, -0.00000000118, 0.00000000939
252, 50.00000000000, 229.13693852944, 52.64706439926, 4.12500003222, 0.00000000000, -0.00000000059, 0.00000001768
253, 50.00000000000, 255.84334641368, 36.46722492156, 4.12500003222, 0.00000000000, 0.00000000797, -0.00000004195
254, 50.00000000000, 242.80516417078, 142.06479950573, 4.12500003222, 0.00000000000, 0.00000000021, -0.00000000001
255, 50.00000000000, 261.68108487309, 190.20545141947, 4.12500003222, 0.00000000000, -0.00000000344, 0.00000000231
256, 50.00000000000, 286.02821802526, 148.85852221306, 4.12500003222, 0.00000000000, -0.00000000091, 0.00000001584
257, 50.00000000000, 319.14135546412, 58.34437998035, 4.12500003222, 0.00000000000, -0.00000000412, -0.00000000532
258, 50.00000000000, 340.04359428516, 73.25613928546, 4.12500003222, 0.00000000000, -0.00000000771, -0.00000001785
259, 50.00000000000, 348.60752722065, 32.23731507517, 4.12500003222, 0.00000000000, 0.00000000554, 0.00000000592
260, 50.00000000000, 365.45842287466, 46.36123526852, 4.12500003222, 0.00000000000, -0.00000000685, -0.00000001598
261, 50.00000000000, 373.33806838286, 53.65869030404, 4.12500003222, 0.00000000000, 0.00000000223, 0.00000001238
262, 50.00000000000, 388.93887788843, -30000000.00000000000, 0.00000000000, 0.00000000000, 0.00000061209, 0.66000001198
263, 50.00000000000, 417.40592497051, 90.01738845331, 4.12500003222, 0.00000000000, -0.00000000285, 0.00000001163
264, 50.00000000000, 420.42284560621, 54.71844454540, 4.12500003222, 0.00000000000, 0.00000000669, 0.00000000716
265, 50.00000000000, 435.49786049570, 84.81338871185, 4.12500003222, 0.00000000000, 0.00000000074, 0.00000000013
266, 50.00000000000, 458.04935001747, 124.43188997061, 4.12500003222, 0.00000000000, -0.00000000061, 0.00000002548
267, 50.00000000000, 476.73325293953, 89.26703738690, 4.12500003222, 0.00000000000, -0.00000001593, -0.00000003046
268, 50.00000000000, 488.26893298935, 79.48318502035, 4.12500003222, 0.00000000000, 0.00000000309, -0.00000000066
269, 50.00000000000, 513.11393742819, 59.33460314357, 4.12500003222, 0.00000000000, 0.00000000369, 0.00000000070
270, 50.00000000000, 531.84524923006, -30000000.00000000000, 0.00000000000, 0.00000000000, -0.00000014633, 0.66000001198
271, 50.00000000000, 550.90431439312, 98.25781145230, 4.12500003222, 0.00000000000, -0.00000000385, 0.00000000993
272, 50.00000000000, 553.79663422404, 61.34913898629, 4.12500003222, 0.00000000000, 0.00000000928, -0.00000000813
273, 50.00000000000, 587.96607054026, 132.97245864986, 4.12500003222, 0.00000000000, -0.00000000638, 0.00000000570
274, 50.00000000000, 600.14274122767, 100.39086451836, 4.12500003222, 0.00000000000, -0.00000000117, 0.00000000344
275, 50.00000000000, 606.88207905782, 81.71116239364, 4.12500003222, 0.00000000000, 0.00000000507, 0.00000003448
276, 50.00000000000, 629.15038711257, -30000000.00000000000, 0.00000000000, 0.00000000000, 0.00000099221, 0.66000001198
277, 50.00000000000, 659.27853289813, 77.06259912458, 4.12500003222, 0.00000000000, 0.00000000052, 0.00000000597
278, 50.00000000000, 660.57065993030, -30000000.00000000000, 0.00000000000, 0.00000000000, -0.00000089032, 0.66000001198
279, 50.00000000000, 677.27677349801, 47.69856452518, 4.12500003222, 0.00000000000, 0.00000000056, -0.00000000979
280, 50.00000000000, 694.87787975621, -30000000.00000000000, 0.00000000000, 0.00000000000, -0.00000029079, 0.66000001198
281, 50.00000000000, 716.25227215292, 89.94446888912, 4.12500003222, 0.00000000000, 0.00000000553, -0.00000002408
282, 50.00000000000, 745.01697509145, -30000000.00000000000, 0.00000000000, 0.00000000000, -0.00000014535, 0.66000001198
283, 50.00000000000, 763.14392555028, 123.15507661854, 4.12500003222, 0.00000000000, -0.00000000419, 0.00000000226
284, 50.00000000000, 777.64514528961, 86.04157242774, 4.12500003222, 0.00000000000, -0.00000001120, -0.00000000311
285, 50.00000000000, 786.29845201467, -30000000.00000000000, 0.00000000000, 0.00000000000, 0.00000050588, 0.66000001198
286, 50.00000000000, 819.17511814862, 58.61988195840, 4.12500003222, 0.00000000000, 0.00000000389, 0.00000000788
287, 50.00000000000, 837.55124531284, 52.62210937408, 4.12500003222, 0.00000000000, 0.00000000327, 0.00000000470
288, 50.00000000000, 839.46921890601, -30000000.00000000000, 0.00000000000, 0.00000000000, -0.00000101373, 0.66000001198
289, 50.00000000000, 874.46780397821, 59.49028990127, 4.12500003222, 0.00000000000, 0.00000000829, -0.00000000675
290, 50.00000000000, 868.80639740624, 97.02294951245, 4.12500003222, 0.00000000000, 0.00000000756, 0.00000000098
291, 50.00000000000, 894.54574560252, 49.53329895088, 4.12500003222, 0.00000000000, -0.00000000653, 0.00000001313
292, 50.00000000000, 905.22338823391, -30000000.00000000000, 0.00000000000, 0.00000000000, -0.00000110819, 0.66000001198
293, 50.00000000000, 930.89234502395, 105.95723143317, 4.12500003222, 0.00000000000, 0.00000000345, -0.00000003103
294, 50.00000000000, 938.46176263426, 51.69780397841, 4.12500003222, 0.00000000000, 0.00000000175, -0.00000000599
295, 50.00000000000, 959.64127571382, 45.63023823369, 4.12500003222, 0.00000000000, 0.00000000071, 0.00000001638
296, 50.00000000000, 979.94204358688, 96.28881255959, 4.12500003222, 0.00000000000, -0.00000000341, -0.00000001124
297, 50.00000000000, 996.69289293069, 87.37775896949, 4.12500003222, 0.00000000000, 0.00000000524, -0.00000002460
298, 50.00000000000, 1016.88921976743, 88.60893773997, 4.12500003222, 0.00000000000, -0.00000000106, 0.00000000007
299, 50.00000000000, 1030.85399897460, -30000000.00000000000, 0.00000000000, 0.00000000000, -0.00000088796, 0.66000001198
300, 50.00000000000, 1048.23292978981, 66.96734101578, 4.12500003222, 0.00000000000, -0.00000000264, -0.00000001295
301, 50.00000000000, 1066.69860951279, 96.59333186415, 4.12500003222, 0.00000000000, 0.00000000341, 0.00000000537
302, 50.00000000000, 1072.57293140606, 75.15875401477, 4.12500003222, 0.00000000000, 0.00000000563, -0.00000000052
303, 50.00000000000, 1095.76986868288, -30000000.00000000000, 0.00000000000, 0.00000000000, -0.00000083959, 0.66000001198
304, 50.00000000000, 1107.74625176865, 56.95842424849, 4.12500003222, 0.00000000000, 0.00000000801, -0.00000002400
305, 50.00000000000, 1137.82042763465, 53.79543565562, 4.12500003222, 0.00000000000, -0.00000000311, 0.00000000294
306, 50.00000000000, 1130.16232398930, 7.53551639596, 4.12500003222, 0.00000000000, 0.00000000041, 0.00000003521
307, 50.00000000000, 1149.51764756374, 77.04907002618, 4.12500003222, 0.00000000000, -0.00000000321, -0.00000001039
308, 50.00000000000, 1180.08695369991, 51.43115094675, 4.12500003222, 0.00000000000, 0.00000000144, -0.00000000567
309, 50.00000000000, 1208.02615561148, 77.32785156722, 4.12500003222, 0.00000000000, -0.00000000090, -0.00000000087
310, 50.00000000000, 1207.68008048355, 3.36420479188, 4.12500003222, 0.00000000000, 0.00000000095, 0.00000001394
311, 50.00000000000, 1217.12577990766, 90.97250382759, 4.12500003222, 0.00000000000, 0.00000000331, 0.00000000848
312, 50.00000000000, 1244.43236507773, 8.85238826822, 4.12500003222, 0.00000000000, 0.00000000405, 0.00000001902
313, 50.00000000000, 1241.47191867932, 25.50435608533, 4.12500003222, 0.00000000000, -0.00000000127, -0.00000004078
314, 50.00000000000, 1256.98082175872, 96.18603323591, 4.12500003222, 0.00000000000, 0.00000000127, 0.00000001706
315, 50.00000000000, 1276.97532256457, 65.51883904682, 4.12500003222, 0.00000000000, 0.00000000222, 0.00000001068
316, 50.00000000000, 1293.37424578423, 104.87262556973, 4.12500003222, 0.00000000000, -0.00000000568, -0.00000003365
317, 50.00000000000, 1318.85640563070, 61.21589856528, 4.12500003222, 0.00000000000, 0.00000000715, 0.00000003401
318, 50.00000000000, 1319.48702864513, 39.61902520975, 4.12500003222, 0.00000000000, -0.00000000451, -0.00000003205
319, 50.00000000000, 1349.25272051881, 69.35741102315, 4.12500003222, 0.00000000000, -0.00000001075, 0.00000001233
320, 50.00000000000, -15.81525601760, 80.19422193268, 4.12500003222, 0.00000000000, -0.00000000000, 0.00000000000
321, 50.00000000000, 47.64048520581, 14.39749575768, 4.12500003222, 0.00000000000, 0.00000000077, -0.00000000748
322, 50.00000000000, 61.82359752049, 61.81498494979, 4.12500003222, 0.00000000000, 0.00000000657, -0.00000000681
323, 50.00000000000, 76.81658707617, 48.24964725721, 4.12500003222, 0.00000000000, 0.00000000522, 0.00000002601
324, 50.00000000000, 73.44495054972, 242.36211334439, 4.12500003222, 0.00000000000, 0.00000000000, 0.00000000000
325, 50.00000000000, 115.61782331237, 15.97848951426, 4.12500003222, 0.00000000000, 0.00000000167, -0.00000001342
326, 50.00000000000, 128.12354490312, 50.21583206252, 4.12500003222, 0.00000000000, -0.00000000690, 0.00000001027
327, 50.00000000000, 148.78195055367, 42.91287909443, 4.12500003222, 0.00000000000, -0.00000000538, -0.00000003748
328, 50.00000000000, 165.55181241031, 15.38216569406, 4.12500003222, 0.00000000000, 0.00000000860, -0.00000000413
329, 50.00000000000, 171.52067134285, 82.63352069362, 4.12500003222, 0.00000000000, -0.00000000339, -0.00000003532
330, 50.00000000000, 186.96969391051, 133.79889481406, 4.12500003222, 0.00000000000, -0.00000000093, -0.00000000287
331, 50.00000000000, 186.77338303612, 97.56711399591, 4.12500003222, 0.00000000000, 0.00000000120, -0.00000000272
332, 50.00000000000, 245.00796446660, 55.66826025970, 4.12500003222, 0.00000000000, -0.00000000380, 0.00000000304
333, 50.00000000000, 257.43699707566, 83.97360817292, 4.12500003222, 0.00000000000, -0.00000000118, 0.00000001169
334, 50.00000000000, 276.61794110163, 80.09348822982, 4.12500003222, 0.00000000000, -0.00000000356, -0.00000000609
335, 50.00000000000, 278.47767388222, 179.10578381849, 4.12500003222, 0.00000000000, 0.00000000344, -0.00000000231
336, 50.00000000000, 298.04141247878, 48.28562118573, 4.12500003222, 0.00000000000, -0.00000001044, -0.00000003178
337, 50.00000000000, 329.95633697106, 89.47826830225, 4.12500003222, 0.00000000000, -0.00000000253, -0.00000001484
338, 50.00000000000, 332.72938295704, 62.45499669960, 4.12500003222, 0.00000000000, 0.00000001645, -0.00000000336
339, 50.00000000000, 340.00595498222, -30000000.00000000000, 0.00000000000, 0.00000000000, -0.00000017105, 0.66000001198
340, 50.00000000000, 352.47024310478, 51.26152323604, 4.12500003222, 0.00000000000, 0.00000000399, 0.00000000757
341, 50.00000000000, 385.59320552232, 46.04036383094, 4.12500003222, 0.00000000000, 0.00000000162, -0.00000000912
342, 50.00000000000, 390.55592017440, 69.14673637485, 4.12500003222, 0.00000000000, 0.00000000715, -0.00000000857
343, 50.00000000000, 411.95594727245, -30000000.00000000000, 0.00000000000, 0.00000000000, 0.00000040949, 0.66000001198
344, 50.00000000000, 421.63645327278, -30000000.00000000000, 0.00000000000, 0.00000000000, 0.00000031613, 0.66000001198
345, 50.00000000000, 442.97713551559, 104.67363372945, 4.12500003222, 0.00000000000, 0.00000000546, -0.00000000592
346, 50.00000000000, 452.62539183775, 68.92722968400, 4.12500003222, 0.00000000000, -0.00000000935, -0.00000000276
347, 50.00000000000, 474.94421807591, 65.47313556664, 4.12500003222, 0.00000000000, 0.00000000580, -0.00000001835
348, 50.00000000000, 494.60470352692, 48.61745600632, 4.12500003222, 0.00000000000, -0.00000000169, 0.00000003676
349, 50.00000000000, 508.76185780467, -30000000.00000000000, 0.00000000000, 0.00000000000, 0.00000080948, 0.66000001198
350, 50.00000000000, 528.71339428882, 156.65273274745, 4.12500003222, 0.00000000000, 0.00000000380, 0.00000000369
351, 50.00000000000, 559.08302557002, 81.63895224724, 4.12500003222, 0.00000000000, 0.00000000420, -0.00000003261
352, 50.00000000000, 561.88902387223, 113.71134376291, 4.12500003222, 0.00000000000, -0.00000000867, -0.00000001673
353, 50.00000000000, 574.18001236314, 69.46943431250, 4.12500003222, 0.00000000000, -0.00000000823, 0.00000000678
354, 50.00000000000, 589.96615350429, 97.86029790548, 4.12500003222, 0.00000000000, 0.00000001076, 0.00000000808
355, 50.00000000000, 607.91126296403, 93.31878513634, 4.12500003222, 0.00000000000, 0.00000000545, -0.00000001899
356, 50.00000000000, 622.33066815781, 173.34643963123, 4.12500003222, 0.00000000000, -0.00000000000, -0.00000000000
357, 50.00000000000, 636.73549717009, 106.62364016120, 4.12500003222, 0.00000000000, 0.00000000124, -0.00000001594
358, 50.00000000000, 665.84955594574, 152.07379178410, 4.12500003222, 0.00000000000, -0.00000001619, -0.00000002046
359, 50.00000000000, 683.79355610753, -30000000.00000000000, 0.00000000000, 0.00000000000, -0.00000056277, 0.66000001198
360, 50.00000000000, 709.24401698411, 124.80637902084, 4.12500003222, 0.00000000000, 0.00000000108, -0.00000000547
361, 50.00000000000, 725.26174682311, 37.52343101162, 4.12500003222, 0.00000000000, 0.00000000162, 0.00000000752
362, 50.00000000000, 745.81279547697, 117.25794995139, 4.12500003222, 0.00000000000, 0.00000000030, -0.00000000133
363, 50.00000000000, 743.40055325814, 43.16832820724, 4.12500003222, 0.00000000000, 0.00000000148, -0.00000001024
364, 50.00000000000, 757.95552267961, 85.89599981881, 4.12500003222, 0.00000000000, 0.00000000273, -0.00000001652
365, 50.00000000000, 789.49973844938, 208.43508931359, 4.12500003222, 0.00000000000, 0.00000000003, 0.00000000001
366, 50.00000000000, 807.98956735489, -30000000.00000000000, 0.00000000000, 0.00000000000, -0.00000008405, 0.66000001198
367, 50.00000000000, 811.47827788867, -30000000.00000000000, 0.00000000000, 0.00000000000, 0.00000036708, 0.66000001198
368, 50.00000000000, 833.69649444093, -30000000.00000000000, 0.00000000000, 0.00000000000, -0.00000141773, 0.66000001198
369, 50.00000000000, 835.53902753425, 128.32397513188, 4.12500003222, 0.00000000000, 0.00000000504, -0.00000004733
370, 50.00000000000, 869.57320813213, 116.97521072443, 4.12500003222, 0.00000000000, -0.00000000126, 0.00000000831
371, 50.00000000000, 890.63339669740, -30000000.00000000000, 0.00000000000, 0.00000000000, 0.00000103162, 0.66000001198
372, 50.00000000000, 908.73191373960, 100.32582916802, 4.12500003222, 0.00000000000, -0.00000000472, 0.00000000462
373, 50.00000000000, 926.00183096017, 65.06158205521, 4.12500003222, 0.00000000000, -0.00000000379, 0.00000001032
374, 50.00000000000, 950.78944736317, 59.30709146984, 4.12500003222, 0.00000000000, 0.00000000376, -0.00000001780
375, 50.00000000000, 963.24966930524, -30000000.00000000000, 0.00000000000, 0.00000000000, 0.00000058485, 0.66000001198
376, 50.00000000000, 975.56517072570, -30000000.00000000000, 0.00000000000, 0.00000000000, -0.00000023486, 0.66000001198
377, 50.00000000000, 999.81079821061, 33.25801018868, 4.12500003222, 0.00000000000, -0.00000000064, 0.00000000402
378, 50.00000000000, 1011.27680521728, 51.70975568101, 4.12500003222, 0.00000000000, 0.00000000314, 0.00000000191
379, 50.00000000000, 1029.25642744316, 102.56411226612, 4.12500003222, 0.00000000000, 0.00000000512, 0.00000002676
380, 50.00000000000, 1049.61961865513, 80.44275062065, 4.12500003222, 0.00000000000, -0.00000000062, -0.00000000371
381, 50.00000000000, 1059.39100397480, 118.58905518066, 4.12500003222, 0.00000000000, 0.00000000378, 0.00000001889
382, 50.00000000000, 1082.16770831091, 84.13175532027, 4.12500003222, 0.00000000000, 0.00000000229, -0.00000002340
383, 50.00000000000, 1097.08708787734, 73.30777276739, 4.12500003222, 0.00000000000, -0.00000000693, 0.00000001424
384, 50.00000000000, 1108.32794186684, 33.61100644649, 4.12500003222, 0.00000000000, 0.00000000227, 0.00000002302
385, 50.00000000000, 1128.11346927841, 43.51332231432, 4.12500003222, 0.00000000000, -0.00000000851, -0.00000000644
386, 50.00000000000, 1147.32811948191, 43.06191225834, 4.12500003222, 0.00000000000, -0.00000000057, -0.00000000347
387, 50.00000000000, 1152.32658143394, 10.61364227718, 4.12500003222, 0.00000000000, -0.00000000542, 0.00000001007
388, 50.00000000000, 1168.50040121005, 43.62166930547, 4.12500003222, 0.00000000000, 0.00000000061, -0.00000001330
389, 50.00000000000, 1180.57628033733, 97.73893463046, 4.12500003222, 0.00000000000, -0.00000000328, 0.00000001661
390, 50.00000000000, 1203.88392583743, 109.26198498176, 4.12500003222, 0.00000000000, -0.00000000475, 0.00000002045
391, 50.00000000000, 1220.29349355289, 100.56942669540, 4.12500003222, 0.00000000000, -0.00000000681, -0.00000002850
392, 50.00000000000, 1237.67155043467, 62.48144375013, 4.12500003222, 0.00000000000, 0.00000000153, -0.00000001551
393, 50.00000000000, 1260.89901025855, 27.96697574569, 4.12500003222, 0.00000000000, 0.00000001317, -0.00000005751
394, 50.00000000000, 1261.83922430081, 108.00691921395, 4.12500003222, 0.00000000000, -0.00000000124, 0.00000003344
395, 50.00000000000, 1278.00333119095, 89.00626125956, 4.12500003222, 0.00000000000, 0.00000000249, -0.00000000141
396, 50.00000000000, 1295.90028309260, 60.41101538978, 4.12500003222, 0.00000000000, -0.00000000937, 0.00000002174
397, 50.00000000000, 1308.68134257068, 109.97425191251, 4.12500003222, 0.00000000000, 0.00000000152, 0.00000000467
398, 50.00000000000, 1334.72457345061, 124.57760862710, 4.12500003222, 0.00000000000, -0.00000000451, 0.00000000045
399, 50.00000000000, 1331.62653456568, 43.67038340868, 4.12500003222, 0.00000000000, -0.00000000431, -0.00000000321
400, 50.00000000000, 26.48466525642, 44.16381095453, 4.12500003222, 0.00000000000, -0.00000000339, -0.00000001993
401, 50.00000000000, 44.26338963098, 72.91954767621, 4.12500003222, 0.00000000000, -0.00000000319, 0.00000001374
402, 50.00000000000, 56.62072602201, 129.56556359298, 4.12500003222, 0.00000000000, 0.00000000060, -0.00000000059
403, 50.00000000000, 76.37814041119, 72.64147117605, 4.12500003222, 0.00000000000, -0.00000000484, -0.00000001481
404, 50.00000000000, 101.76865966978, 76.11865583080, 4.12500003222, 0.00000000000, -0.00000000075, 0.00000003663
405, 50.00000000000, 96.59609198230, 10.35776979773, 4.12500003222, 0.00000000000, 0.00000000437, 0.00000001418
406, 50.00000000000, 127.36171337005, 28.21269375470, 4.12500003222, 0.00000000000, -0.00000000325, 0.00000001156
407, 50.00000000000, 135.21934138610, 111.11840207952, 4.12500003222, 0.00000000000, -0.00000000180, 0.00000001258
408, 50.00000000000, 155.68866495805, 80.61123393266, 4.12500003222, 0.00000000000, 0.00000000786, 0.00000001405
409, 50.00000000000, 168.90357185880, 68.52908062119, 4.12500003222, 0.00000000000, 0.00000001086, 0.00000003524
410, 50.00000000000, 167.68321112486, 94.07547738025, 4.12500003222, 0.00000000000, -0.00000000754, 0.00000000470
411, 50.00000000000, 204.71418049420, 253.52853844056, 4.12500003222, 0.00000000000, 0.00000000000, 0.00000000000
412, 50.00000000000, 215.63453815837, 178.76003316064, 4.12500003222, 0.00000000000, -0.00000000163, 0.00000000024
413, 50.00000000000, 234.67611552191, 234.74455148890, 4.12500003222, 0.00000000000, 0.00000000000, 0.00000000000
414, 50.00000000000, 263.08391398605, 67.74604222428, 4.12500003222, 0.00000000000, -0.00000000337, 0.00000004333
415, 50.00000000000, 295.86840020818, 80.47884772038, 4.12500003222, 0.00000000000, 0.00000000424, -0.00000001679
416, 50.00000000000, 291.35633240361, 15.13442155439, 4.12500003222, 0.00000000000, -0.00000000740, 0.00000000837
417, 50.00000000000, 311.54310697363, 28.91487997861, 4.12500003222, 0.00000000000, -0.00000000616, 0.00000000392
418, 50.00000000000, 322.42956292726, -30000000.00000000000, 0.00000000000, 0.00000000000, 0.00000072823, 0.66000001198
419, 50.00000000000, 339.49563006144, -30000000.00000000000, 0.00000000000, 0.00000000000, -0.00000011559, 0.66000001198
420, 50.00000000000, 353.13639307633, 192.79697440333, 4.12500003222, 0.00000000000, 0.00000000000, 0.00000000000
421, 50.00000000000, 381.32448801668, 109.76945939147, 4.12500003222, 0.00000000000, -0.00000000119, 0.00000000777
422, 50.00000000000, 393.63162218771, 126.45901614189, 4.12500003222, 0.00000000000, 0.00000001231, -0.00000000061
423, 50.00000000000, 405.77340567594, -30000000.00000000000, 0.00000000000, 0.00000000000, 0.00000163363, 0.66000001198
424, 50.00000000000, 428.70337557824, 160.07668988492, 4.12500003222, 0.00000000000, 0.00000000000, 0.00000000000
425, 50.00000000000, 431.99413008865, -30000000.00000000000, 0.00000000000, 0.00000000000, -0.00000150851, 0.66000001198
426, 50.00000000000, 457.83693982462, 57.80351486305, 4.12500003222, 0.00000000000, -0.00000000943, 0.00000001078
427, 50.00000000000, 463.27113267439, 243.16756506452, 4.12500003222, 0.00000000000, -0.00000000017, 0.00000000153
428, 50.00000000000, 504.85929219557, 78.54774770257, 4.12500003222, 0.00000000000, 0.00000000596, 0.00000001453
429, 50.00000000000, 507.52694227155, -30000000.00000000000, 0.00000000000, 0.00000000000, 0.00000032952, 0.66000001198
430, 50.00000000000, 540.04630224935, 113.68026243783, 4.12500003222, 0.00000000000, -0.00000000304, 0.00000001004
431, 50.00000000000, 534.72331427378, 92.89819027385, 4.12500003222, 0.00000000000, 0.00000000473, 0.00000003019
432, 50.00000000000, 567.79009194951, -30000000.00000000000, 0.00000000000, 0.00000000000, -0.00000171706, 0.66000001198
433, 50.00000000000, 583.77456390221, 85.47696335961, 4.12500003222, 0.00000000000, 0.00000000608, 0.00000001071
434, 50.00000000000, 582.10019928455, 164.78666297557, 4.12500003222, 0.00000000000, 0.00000000201, 0.00000000139
435, 50.00000000000, 616.55622235838, 70.46246061179, 4.12500003222, 0.00000000000, 0.00000000260, -0.00000000790
436, 50.00000000000, 628.78861946723, 84.36296879417, 4.12500003222, 0.00000000000, -0.00000000723, 0.00000000978
437, 50.00000000000, 648.48235067545, 91.14155322306, 4.12500003222, 0.00000000000, -0.00000000078, 0.00000000262
438, 50.00000000000, 659.39077524805, 61.64421105148, 4.12500003222, 0.00000000000, -0.00000000263, -0.00000000136
439, 50.00000000000, 683.15009764111, 69.46950261735, 4.12500003222, 0.00000000000, 0.00000000352, 0.00000000766
440, 50.00000000000, 697.46311640339, 85.18829661716, 4.12500003222, 0.00000000000, 0.00000000064, -0.00000000305
441, 50.00000000000, 718.97314057585, -30000000.00000000000, 0.00000000000, 0.00000000000, -0.00000019778, 0.66000001198
442, 50.00000000000, 730.38082713688, -30000000.00000000000, 0.00000000000, 0.00000000000, 0.00000005238, 0.66000001198
443, 50.00000000000, 755.50021388441, 53.05141013131, 4.12500003222, 0.00000000000, -0.00000000458, -0.00000000933
444, 50.00000000000, 745.43286746537, 136.37978930512, 4.12500003222, 0.00000000000, 0.00000000716, -0.00000002823
445, 50.00000000000, 786.83225199556, 69.45241256900, 4.12500003222, 0.00000000000, -0.00000000082, -0.00000004102
446, 50.00000000000, 806.12014067438, 106.99966548986, 4.12500003222, 0.00000000000, -0.00000000260, 0.00000003988
447, 50.00000000000, 800.37824616181, 85.85556663624, 4.12500003222, 0.00000000000, 0.00000000999, -0.00000000351
448, 50.00000000000, 826.88166546744, 113.15685349245, 4.12500003222, 0.00000000000, 0.00000000874, 0.00000000840
449, 50.00000000000, 857.35956250671, 47.64821598685, 4.12500003222, 0.00000000000, 0.00000000202, -0.00000000254
450, 50.00000000000, 850.70466281845, 166.28452598477, 4.12500003222, 0.00000000000, 0.00000000197, 0.00000000228
451, 50.00000000000, 889.43785998274, 88.97919564656, 4.12500003222, 0.00000000000, -0.00000000087, 0.00000002904
452, 50.00000000000, 906.72404817217, -30000000.00000000000, 0.00000000000, 0.00000000000, -0.00000081974, 0.66000001198
453, 50.00000000000, 901.29449001588, 191.90279831143, 4.12500003222, 0.00000000000, -0.00000000546, 0.00000000145
454, 50.00000000000, 948.70994793606, 91.03974321437, 4.12500003222, 0.00000000000, -0.00000000331, 0.00000001959
455, 50.00000000000, 960.53549386189, -30000000.00000000000, 0.00000000000, 0.00000000000, 0.00000106156, 0.66000001198
456, 50.00000000000, 971.42654848255, 85.59589805761, 4.12500003222, 0.00000000000, 0.00000000191, 0.00000003414
457, 50.00000000000, 993.12444048294, 206.30786056479, 4.12500003222, 0.00000000000, 0.00000000000, 0.00000000000
458, 50.00000000000, 997.72029430446, 122.76170636380, 4.12500003222, 0.00000000000, 0.00000000682, 0.00000001495
459, 50.00000000000, 1022.30275386409, 120.67399996828, 4.12500003222, 0.00000000000, -0.00000000233, -0.00000002270
460, 50.00000000000, 1037.17485393797, 132.72305783379, 4.12500003222, 0.00000000000, 0.00000000871, 0.00000004443
461, 50.00000000000, 1059.39098748148, 78.74508911887, 4.12500003222, 0.00000000000, 0.00000000741, 0.00000002347
462, 50.00000000000, 1055.45086883007, 138.81790924465, 4.12500003222, 0.00000000000, 0.00000000177, 0.00000000402
463, 50.00000000000, 1091.76602875006, 148.19393691510, 4.12500003222, 0.00000000000, -0.00000001243, -0.00000001446
464, 50.00000000000, 1115.93985053542, 24.82676177420, 4.12500003222, 0.00000000000, 0.00000000398, 0.00000001399
465, 50.00000000000, 1131.39649369975, 62.47342286122, 4.12500003222, 0.00000000000, -0.00000000296, 0.00000001758
466, 50.00000000000, 1148.57908888094, 56.88296342865, 4.12500003222, 0.00000000000, 0.00000000015, 0.00000001405
467, 50.00000000000, 1156.93343102847, 63.13947746083, 4.12500003222, 0.00000000000, -0.00000000731, 0.00000000443
468, 50.00000000000, 1169.03882776129, 82.30810548433, 4.12500003222, 0.00000000000, 0.00000000166, -0.00000000816
469, 50.00000000000, 1186.95020344347, 115.14818579064, 4.12500003222, 0.00000000000, -0.00000000150, -0.00000000087
470, 50.00000000000, 1198.14877227253, 94.02069361932, 4.12500003222, 0.00000000000, 0.00000000358, -0.00000001228
471, 50.00000000000, 1231.31520712441, 46.55149392834, 4.12500003222, 0.00000000000, -0.00000000246, 0.00000003196
472, 50.00000000000, 1220.69985276395, 167.85933992895, 4.12500003222, 0.00000000000, -0.00000000033, -0.00000000007
473, 50.00000000000, 1240.35651526468, 112.31289942764, 4.12500003222, 0.00000000000, 0.00000000518, 0.00000001741
474, 50.00000000000, 1267.37115934382, 87.33240441518, 4.12500003222, 0.00000000000, 0.00000000667, 0.00000001800
475, 50.00000000000, 1299.53346415848, 14.52232085990, 4.12500003222, 0.00000000000, -0.00000000075, 0.00000001158
476, 50.00000000000, 1276.21771121795, 109.53766644581, 4.12500003222, 0.00000000000, -0.00000001352, -0.00000001530
477, 50.00000000000, 1310.46100773448, 150.91673520002, 4.12500003222, 0.00000000000, -0.00000000160, 0.00000000340
478, 50.00000000000, 1322.92189731349, 91.87881185850, 4.12500003222, 0.00000000000, -0.00000001478, -0.00000002818
479, 50.00000000000, 1345.39015048487, 88.53638899709, 4.12500003222, 0.00000000000, 0.00000000909, -0.00000003075
480, 50.00000000000, 26.47958161463, 64.16720050039, 4.12500003222, 0.00000000000, 0.00000000190, -0.00000000120
481, 50.00000000000, 39.05377126883, 118.84384607934, 4.12500003222, 0.00000000000, -0.00000000077, 0.00000001222
482, 50.00000000000, 60.23327341283, 42.37697519548, 4.12500003222, 0.00000000000, -0.00000000204, 0.00000000186
483, 50.00000000000, 84.60195485295, 61.33846681396, 4.12500003222, 0.00000000000, -0.00000001283, -0.00000001518
484, 50.00000000000, 81.56870901227, 154.03363447693, 4.12500003222, 0.00000000000, -0.00000000122, 0.00000000448
485, 50.00000000000, 115.41302208585, 64.18149872536, 4.12500003222, 0.00000000000, 0.00000000666, -0.00000003597
486, 50.00000000000, 136.13371142753, 71.36653217461, 4.12500003222, 0.00000000000, -0.00000001186, 0.00000001691
487, 50.00000000000, 149.83905088782, 6.00573258008, 4.12500003222, 0.00000000000, -0.00000000084, -0.00000001380
488, 50.00000000000, 152.72981946988, 142.00692862583, 4.12500003222, 0.00000000000, -0.00000000515, 0.00000000391
489, 50.00000000000, 147.73765644523, 80.85332524080, 4.12500003222, 0.00000000000, 0.00000000692, 0.00000000625
490, 50.00000000000, 185.65295931140, 40.15733618961, 4.12500003222, 0.00000000000, 0.00000000617, 0.00000000684
491, 50.00000000000, 197.91517620457, 167.78554350853, 4.12500003222, 0.00000000000, 0.00000000050, 0.00000000283
492, 50.00000000000, 206.84053276793, 128.18328424062, 4.12500003222, 0.00000000000, 0.00000000429, 0.00000000401
493, 50.00000000000, 243.50005117718, 70.08286116927, 4.12500003222, 0.00000000000, -0.00000000404, -0.00000001034
494, 50.00000000000, 256.85937126772, 12.76197509693, 4.12500003222, 0.00000000000, -0.00000000384, -0.00000002073
495, 50.00000000000, 275.13436163243, 45.54662002720, 4.12500003222, 0.00000000000, 0.00000000592, -0.00000000380
496, 50.00000000000, 289.57603338568, 27.90748924158, 4.12500003222, 0.00000000000, -0.00000000106, 0.00000002044
497, 50.00000000000, 328.04109665333, 70.13046393272, 4.12500003222, 0.00000000000, 0.00000001074, 0.00000003886
498, 50.00000000000, 340.81897801835, 52.32549479640, 4.12500003222, 0.00000000000, 0.00000000481, -0.00000001023
499, 50.00000000000, 350.70251808519, 74.50239639100, 4.12500003222, 0.00000000000, -0.00000000534, 0.00000001097
500, 50.00000000000, 367.05496245342, 31.72748741986, 4.12500003222, 0.00000000000, -0.00000000118, 0.00000001893
501, 50.00000000000, 389.79223270958, 104.42055298525, 4.12500003222, 0.00000000000, -0.00000000721, -0.00000003681
502, 50.00000000000, 390.08711895179, 54.73136582383, 4.12500003222, 0.00000000000, -0.00000001148, -0.00000003581
503, 50.00000000000, 416.93699721751, 72.87202897036, 4.12500003222, 0.00000000000, 0.00000000161, -0.00000002081
504, 50.00000000000, 421.88715905444, -30000000.00000000000, 0.00000000000, 0.00000000000, 0.00000027989, 0.66000001198
505, 50.00000000000, 454.09750838572, 225.06868077992, 4.12500003222, 0.00000000000, 0.00000000036, -0.00000001006
506, 50.00000000000, 456.90880095108, 204.30265954302, 4.12500003222, 0.00000000000, -0.00000000114, 0.00000000852
507, 50.00000000000, 475.76782231963, 58.24249848626, 4.12500003222, 0.00000000000, 0.00000000209, -0.00000003156
508, 50.00000000000, 488.47314577642, 96.01466221724, 4.12500003222, 0.00000000000, -0.00000000353, 0.00000001534
509, 50.00000000000, 502.11080092254, 234.59179030179, 4.12500003222, 0.00000000000, 0.00000000042, -0.00000000021
510, 50.00000000000, 529.65376166794, -30000000.00000000000, 0.00000000000, 0.00000000000, 0.00000028521, 0.66000001198
511, 50.00000000000, 545.30278867640, 169.28389539801, 4.12500003222, 0.00000000000, -0.00000000255, -0.00000000765
512, 50.00000000000, 568.06444658019, 179.97421221057, 4.12500003222, 0.00000000000, -0.00000000034, 0.00000000347
513, 50.00000000000, 584.66996513327, 119.73368267564, 4.12500003222, 0.00000000000, -0.00000000985, 0.00000000564
514, 50.00000000000, 596.91342241237, 113.71951839979, 4.12500003222, 0.00000000000, -0.00000000136, -0.00000002739
515, 50.00000000000, 606.12918308326, 133.06030508795, 4.12500003222, 0.00000000000, 0.00000000261, 0.00000002459
516, 50.00000000000, 633.52634916971, -30000000.00000000000, 0.00000000000, 0.00000000000, 0.00000124373, 0.66000001198
517, 50.00000000000, 639.21825998381, 71.84359564025, 4.12500003222, 0.00000000000, 0.00000000313, 0.00000000651
518, 50.00000000000, 664.15543084085, 193.25761242999, 4.12500003222, 0.00000000000, 0.00000000000, 0.00000000000
519, 50.00000000000, 672.74074212483, 84.66024230388, 4.12500003222, 0.00000000000, -0.00000000037, 0.00000000475
520, 50.00000000000, 701.66737116100, -30000000.00000000000, 0.00000000000, 0.00000000000, -0.00000054288, 0.66000001198
521, 50.00000000000, 731.68650221457, 99.59896676895, 4.12500003222, 0.00000000000, 0.00000000420, 0.00000001336
522, 50.00000000000, 745.51459575621, 68.52114773308, 4.12500003222, 0.00000000000, -0.00000000643, 0.00000000125
523, 50.00000000000, 747.66260697377, -30000000.00000000000, 0.00000000000, 0.00000000000, -0.00000066804, 0.66000001198
524, 50.00000000000, 776.57461092029, 224.13742453235, 4.12500003222, 0.00000000000, -0.00000000012, 0.00000000015
525, 50.00000000000, 780.60005647343, -30000000.00000000000, 0.00000000000, 0.00000000000, -0.00000020647, 0.66000001198
526, 50.00000000000, 785.01435563930, 118.74759019231, 4.12500003222, 0.00000000000, 0.00000000492, -0.00000002020
527, 50.00000000000, 823.14423815614, 92.79088555342, 4.12500003222, 0.00000000000, -0.00000000267, -0.00000003028
528, 50.00000000000, 824.22580932038, 145.45964407723, 4.12500003222, 0.00000000000, -0.00000000573, 0.00000000956
529, 50.00000000000, 844.79812088479, 145.76679145376, 4.12500003222, 0.00000000000, 0.00000000306, -0.00000000058
530, 50.00000000000, 864.84216847427, 152.29629767753, 4.12500003222, 0.00000000000, -0.00000000129, -0.00000000899
531, 50.00000000000, 888.03314884320, 108.76889481989, 4.12500003222, 0.00000000000, 0.00000000240, -0.00000002579
532, 50.00000000000, 913.89300562644, -30000000.00000000000, 0.00000000000, 0.00000000000, -0.00000106621, 0.66000001198
533, 50.00000000000, 939.76198101132, 74.57853220296, 4.12500003222, 0.00000000000, -0.00000000539, -0.00000000528
534, 50.00000000000, 934.28055110493, 177.53098246955, 4.12500003222, 0.00000000000, 0.00000000605, -0.00000000973
535, 50.00000000000, 964.29364010462, 105.43636791395, 4.12500003222, 0.00000000000, 0.00000000111, -0.00000000102
536, 50.00000000000, 988.10069368639, 105.30877623185, 4.12500003222, 0.00000000000, -0.00000000644, -0.00000000374
537, 50.00000000000, 978.20203734329, 34.27807964588, 4.12500003222, 0.00000000000, -0.00000000083, 0.00000001333
538, 50.00000000000, 1010.77985488462, 76.45510130223, 4.12500003222, 0.00000000000, -0.00000000163, -0.00000001771
539, 50.00000000000, 1027.59291379789, 68.32173563883, 4.12500003222, 0.00000000000, 0.00000000051, 0.00000000835
540, 50.00000000000, 1043.62620112578, 60.34302882033, 4.12500003222, 0.00000000000, 0.00000001794, 0.00000002910
541, 50.00000000000, 1067.50562184002, 65.21148262197, 4.12500003222, 0.00000000000, -0.00000001703, -0.00000003459
542, 50.00000000000, 1075.30567456997, 42.59058233904, 4.12500003222, 0.00000000000, 0.00000000359, 0.00000001006
543, 50.00000000000, 1098.15561847898, 254.67390315309, 4.12500003222, 0.00000000000, 0.00000000000, 0.00000000000
544, 50.00000000000, 1117.38015009535, 63.95977234525, 4.12500003222, 0.00000000000, 0.00000000264, -0.00000001572
545, 50.00000000000, 1131.80420661837, 173.32197690211, 4.12500003222, 0.00000000000, 0.00000000005, 0.00000000003
546, 50.00000000000, 1148.37572251575, 185.74416797689, 4.12500003222, 0.00000000000, -0.00000000005, -0.00000000003
547, 50.00000000000, 1155.88128454534, 25.50476646734, 4.12500003222, 0.00000000000, -0.00000000212, 0.00000000794
548, 50.00000000000, 1166.85489404892, 114.72062729665, 4.12500003222, 0.00000000000, 0.00000000046, -0.00000000123
549, 50.00000000000, 1199.14384259839, 59.18866738353, 4.12500003222, 0.00000000000, 0.00000000242, 0.00000001767
550, 50.00000000000, 1220.33441007435, 67.76702732456, 4.12500003222, 0.00000000000, 0.00000000277, -0.00000000088
551, 50.00000000000, 1213.92811256976, 147.74958142063, 4.12500003222, 0.00000000000, -0.00000000370, -0.00000000129
552, 50.00000000000, 1239.25137491864, 97.24586942184, 4.12500003222, 0.00000000000, -0.00000000236, -0.00000002008
553, 50.00000000000, 1247.50728039653, 118.12802616521, 4.12500003222, 0.00000000000, -0.00000000231, 0.00000001325
554, 50.00000000000, 1261.53588168452, 126.77337228589, 4.12500003222, 0.00000000000, -0.00000000875, -0.00000000667
555, 50.00000000000, 1280.46751881816, 123.64198589868, 4.12500003222, 0.00000000000, -0.00000000011, -0.00000001587
556, 50.00000000000, 1294.80566722138, 137.80674849001, 4.12500003222, 0.00000000000, -0.00000000393, -0.00000001770
557, 50.00000000000, 1306.71830460905, 170.81912158489, 4.12500003222, 0.00000000000, -0.00000000084, 0.00000000037
558, 50.00000000000, 1322.77556421145, 115.98867993670, 4.12500003222, 0.00000000000, 0.00000000858, 0.00000002648
559, 50.00000000000, 1334.84539674854, 56.02360414604, 4.12500003222, 0.00000000000, 0.00000000797, 0.00000007019
560, 50.00000000000, 28.65688567559, 104.86334662009, 4.12500003222, 0.00000000000, -0.00000000050, -0.00000000059
561, 50.00000000000, 27.40234885013, 265.74992894887, 4.12500003222, 0.00000000000, 0.00000000000, 0.00000000000
562, 50.00000000000, 53.44678947440, 108.56261733980, 4.12500003222, 0.00000000000, 0.00000000094, 0.00000000632
563, 50.00000000000, 86.87360695804, 134.25694466735, 4.12500003222, 0.00000000000, 0.00000000126, -0.00000000469
564, 50.00000000000, 79.16361221568, 174.57437131250, 4.12500003222, 0.00000000000, 0.00000000000, -0.00000000000
565, 50.00000000000, 112.84242590478, 31.13655046885, 4.12500003222, 0.00000000000, 0.00000000006, 0.00000001677
566, 50.00000000000, 125.06518715625, 71.83711749793, 4.12500003222, 0.00000000000, 0.00000000217, 0.00000000621
567, 50.00000000000, 135.41240307293, 152.97891655478, 4.12500003222, 0.00000000000, -0.00000000024, -0.00000000654
568, 50.00000000000, 152.47102305541, 121.44052064797, 4.12500003222, 0.00000000000, 0.00000000345, -0.00000000184
569, 50.00000000000, 171.90355269241, 113.13902189026, 4.12500003222, 0.00000000000, -0.00000000115, -0.00000000893
570, 50.00000000000, 169.89898464402, 131.22584766261, 4.12500003222, 0.00000000000, 0.00000000049, -0.00000000530
571, 50.00000000000, 197.38568114196, 189.07472238899, 4.12500003222, 0.00000000000, 0.00000000113, -0.00000000307
572, 50.00000000000, 237.58029308093, 39.19403225428, 4.12500003222, 0.00000000000, 0.00000000268, 0.00000002141
573, 50.00000000000, 222.26587914660, 142.68040639946, 4.12500003222, 0.00000000000, -0.00000000450, -0.00000000400
574, 50.00000000000, 264.18861058242, 60.37201522194, 4.12500003222, 0.00000000000, 0.00000000502, -0.00000004041
575, 50.00000000000, 276.07794104549, 25.63886192497, 4.12500003222, 0.00000000000, -0.00000001309, -0.00000001091
576, 50.00000000000, 287.16382172241, 129.27491636867, 4.12500003222, 0.00000000000, 0.00000000091, -0.00000001584
577, 50.00000000000, 317.26024613854, 79.70717404024, 4.12500003222, 0.00000000000, 0.00000000289, 0.00000003550
578, 50.00000000000, 320.24312966861, 195.90624778386, 4.12500003222, 0.00000000000, 0.00000000000, 0.00000000000
579, 50.00000000000, 359.19104067227, 116.48790268868, 4.12500003222, 0.00000000000, -0.00000000215, 0.00000000819
580, 50.00000000000, 371.86142958701, 67.31622864648, 4.12500003222, 0.00000000000, -0.00000000099, -0.00000001355
581, 50.00000000000, 377.64496293740, 123.32095481480, 4.12500003222, 0.00000000000, 0.00000000503, -0.00000000766
582, 50.00000000000, 390.77758831900, 203.97388712340, 4.12500003222, 0.00000000000, 0.00000000000, 0.00000000000
583, 50.00000000000, 403.59506452355, 71.67222925567, 4.12500003222, 0.00000000000, 0.00000000581, 0.00000000557
584, 50.00000000000, 423.84297423962, 106.91199325878, 4.12500003222, 0.00000000000, 0.00000000404, -0.00000000514
585, 50.00000000000, 442.52616531724, -30000000.00000000000, 0.00000000000, 0.00000000000, -0.00000187657, 0.66000001198
586, 50.00000000000, 454.35044147452, 110.63129661957, 4.12500003222, 0.00000000000, -0.00000000873, -0.00000000073
587, 50.00000000000, 483.68933144068, 243.05564200570, 4.12500003222, 0.00000000000, 0.00000000052, 0.00000000022
588, 50.00000000000, 492.36151439091, 71.90950223862, 4.12500003222, 0.00000000000, -0.00000000260, 0.00000001792
589, 50.00000000000, 509.32368687692, 68.39202502730, 4.12500003222, 0.00000000000, -0.00000000053, 0.00000000195
590, 50.00000000000, 523.58638975958, 78.89118599319, 4.12500003222, 0.00000000000, -0.00000000876, -0.00000000317
591, 50.00000000000, 551.50868867525, 185.98663011216, 4.12500003222, 0.00000000000, 0.00000000228, 0.00000000841
592, 50.00000000000, 568.91103438860, 130.46826108381, 4.12500003222, 0.00000000000, 0.00000000319, 0.00000000811
593, 50.00000000000, 594.67455911207, 78.19506863859, 4.12500003222, 0.00000000000, 0.00000000136, 0.00000001296
594, 50.00000000000, 597.71403734090, 151.58915800405, 4.12500003222, 0.00000000000, -0.00000000119, -0.00000000915
595, 50.00000000000, 619.17227158078, 114.92788269464, 4.12500003222, 0.00000000000, 0.00000000404, 0.00000000447
596, 50.00000000000, 625.13309104074, 93.09149877382, 4.12500003222, 0.00000000000, -0.00000000323, 0.00000000417
597, 50.00000000000, 655.02913822345, 133.42726223180, 4.12500003222, 0.00000000000, 0.00000000341, 0.00000000568
598, 50.00000000000, 667.19049989530, -30000000.00000000000, 0.00000000000, 0.00000000000, -0.00000021048, 0.66000001198
599, 50.00000000000, 678.76105293519, 166.33665444486, 4.12500003222, 0.00000000000, 0.00000001278, 0.00000001478
600, 50.00000000000, 703.58707089712, -30000000.00000000000, 0.00000000000, 0.00000000000, -0.00000033473, 0.66000001198
601, 50.00000000000, 722.58389089405, 170.55054792086, 4.12500003222, 0.00000000000, 0.00000000000, 0.00000000000
602, 50.00000000000, 736.35191068339, 61.25579964350, 4.12500003222, 0.00000000000, -0.00000000436, -0.00000002333
603, 50.00000000000, 762.33613964542, -30000000.00000000000, 0.00000000000, 0.00000000000, 0.00000045388, 0.66000001198
604, 50.00000000000, 766.99630526554, 68.25058378471, 4.12500003222, 0.00000000000, 0.00000000488, 0.00000002918
605, 50.00000000000, 788.03418432472, 99.98221611529, 4.12500003222, 0.00000000000, -0.00000000427, 0.00000004434
606, 50.00000000000, 799.38704585756, 190.22805164142, 4.12500003222, 0.00000000000, 0.00000000009, -0.00000000016
607, 50.00000000000, 813.56137293596, 127.80251261083, 4.12500003222, 0.00000000000, -0.00000000150, -0.00000001335
608, 50.00000000000, 847.74919774302, 123.56044486258, 4.12500003222, 0.00000000000, -0.00000001162, -0.00000000822
609, 50.00000000000, 859.24998153918, 133.44819698567, 4.12500003222, 0.00000000000, -0.00000000516, -0.00000001076
610, 50.00000000000, 871.55924751220, 171.23547400246, 4.12500003222, 0.00000000000, -0.00000000049, -0.00000000565
611, 50.00000000000, 884.85538409352, 154.75333910644, 4.12500003222, 0.00000000000, -0.00000000482, 0.00000000106
612, 50.00000000000, 892.55222835282, 173.53512164144, 4.12500003222, 0.00000000000, 0.00000000207, 0.00000000551
613, 50.00000000000, 926.01056887615, 86.99519102805, 4.12500003222, 0.00000000000, 0.00000000598, -0.00000000685
614, 50.00000000000, 921.48091844316, 193.09582254253, 4.12500003222, 0.00000000000, 0.00000000262, 0.00000002506
615, 50.00000000000, 976.89627731560, 119.07728241616, 4.12500003222, 0.00000000000, -0.00000000331, 0.00000000459
616, 50.00000000000, 987.18431514827, 74.01273631044, 4.12500003222, 0.00000000000, 0.00000001171, 0.00000000598
617, 50.00000000000, 1000.67554335850, 144.57673341857, 4.12500003222, 0.00000000000, -0.00000000466, -0.00000000408
618, 50.00000000000, 1013.20872105192, 129.28531659405, 4.12500003222, 0.00000000000, -0.00000000364, 0.00000002469
619, 50.00000000000, 1034.88272810128, 82.81127130363, 4.12500003222, 0.00000000000, -0.00000000735, -0.00000003125
620, 50.00000000000, 1048.69169013948, 99.77860106438, 4.12500003222, 0.00000000000, -0.00000000184, -0.00000000708
621, 50.00000000000, 1051.96498846425, 44.82028623880, 4.12500003222, 0.00000000000, -0.00000000797, -0.00000002733
622, 50.00000000000, 1072.66477893443, 155.30677299053, 4.12500003222, 0.00000000000, -0.00000006600, -0.00000004631
623, 50.00000000000, 1074.29527410353, 135.02431986635, 4.12500003222, 0.00000000000, 0.00000002650, -0.00000003279
624, 50.00000000000, 1116.09598044863, 45.35054714631, 4.12500003222, 0.00000000000, -0.00000000217, 0.00000000567
625, 50.00000000000, 1117.26327912646, 80.32860488801, 4.12500003222, 0.00000000000, -0.00000000146, 0.00000001414
626, 50.00000000000, 1145.41981349498, 112.96519699074, 4.12500003222, 0.00000000000, -0.00000000157, -0.00000002329
627, 50.00000000000, 1157.50121859669, 97.21224765217, 4.12500003222, 0.00000000000, -0.00000000958, -0.00000000023
628, 50.00000000000, 1179.72312312511, 62.80456459062, 4.12500003222, 0.00000000000, 0.00000000543, 0.00000002318
629, 50.00000000000, 1187.65100358895, 76.46834991555, 4.12500003222, 0.00000000000, 0.00000000186, 0.00000000421
630, 50.00000000000, 1216.69142703872, 54.29653750139, 4.12500003222, 0.00000000000, -0.00000000015, -0.00000003916
631, 50.00000000000, 1241.45957017962, 170.42968869246, 4.12500003222, 0.00000000000, 0.00000000120, 0.00000000700
632, 50.00000000000, 1225.16452883398, 114.74796827251, 4.12500003222, 0.00000000000, 0.00000000248, 0.00000002479
633, 50.00000000000, 1242.79964697869, 134.01261824155, 4.12500003222, 0.00000000000, -0.00000000704, -0.00000000818
634, 50.00000000000, 1287.71953406412, 178.63022153166, 4.12500003222, 0.00000000000, 0.00000000041, -0.00000000454
635, 50.00000000000, 1274.92713391195, 143.31012203916, 4.12500003222, 0.00000000000, 0.00000000189, 0.00000000328
636, 50.00000000000, 1298.32074490247, 94.38963822414, 4.12500003222, 0.00000000000, 0.00000000640, 0.00000000887
637, 50.00000000000, 1290.53760945453, 157.65680814655, 4.12500003222, 0.00000000000, -0.00000000366, 0.00000000118
638, 50.00000000000, 1319.75101416232, 25.34670852603, 4.12500003222, 0.00000000000, 0.00000000093, -0.00000000049
639, 50.00000000000, 1340.63463402826, 31.67505576389, 4.12500003222, 0.00000000000, 0.00000000133, -0.00000004375
