0, 50.00000000000, 60.43386716395, 65.67429169629, 4.12500003222, 0.00000000000, 0.00000000862, -0.00000000450
1, 50.00000000000, 31.17842742412, 198.91646301127, 4.12500003222, 0.00000000000, 0.00000000000, 0.00000000000
2, 50.00000000000, 101.56195886401, 9.17192966376, 4.12500003222, 0.00000000000, 0.00000000264, -0.00000001200
3, 50.00000000000, 118.15261398395, 62.18078655371, 4.12500003222, 0.00000000000, 0.00000000495, -0.00000003834
4, 50.00000000000, 131.03138193622, 28.91071042637, 4.12500003222, 0.00000000000, 0.00000001600, 0.00000002088
5, 50.00000000000, 144.99512759277, 42.96636928914, 4.12500003222, 0.00000000000, -0.00000001657, -0.00000000455
6, 50.00000000000, 162.80114094774, 26.45151010640, 4.12500003222, 0.00000000000, 0.00000000614, -0.00000002016
7, 50.00000000000, 166.89451343985, 14.05415919840, 4.12500003222, 0.00000000000, 0.00000001216, -0.00000002666
8, 50.00000000000, 191.18223813981, 8.70044882965, 4.12500003222, 0.00000000000, 0.00000000506, 0.00000001440
9, 50.00000000000, 194.28739462404, 50.60776184780, 4.12500003222, 0.00000000000, -0.00000000415, 0.00000001518
10, 50.00000000000, 211.93417683188, 5.65653864591, 4.12500003222, 0.00000000000, 0.00000000345, -0.00000003102
11, 50.00000000000, 248.47926244595, 21.85002221100, 4.12500003222, 0.00000000000, 0.00000001813, 0.00000000948
12, 50.00000000000, 246.38994159822, 9.07774085739, 4.12500003222, 0.00000000000, 0.00000000434, -0.00000002105
13, 50.00000000000, 282.67821607506, 25.13127073829, 4.12500003222, 0.00000000000, 0.00000000242, 0.00000000029
14, 50.00000000000, 293.78616873788, 29.29106135651, 4.12500003222, 0.00000000000, 0.00000000995, -0.00000001888
15, 50.00000000000, 312.65331742441, 38.68031550413, 4.12500003222, 0.00000000000, 0.00000000887, -0.00000005475
16, 50.00000000000, 315.17660065938, 4.20703637295, 4.12500003222, 0.00000000000, 0.00000000624, 0.00000000506
17, 50.00000000000, 333.12917608564, 42.17253617842, 4.12500003222, 0.00000000000, -0.00000000720, 0.00000000868
18, 50.00000000000, 320.77220573898, -30000000.00000000000, 0.00000000000, 0.00000000000, 0.00000086896, 0.66000001198
19, 50.00000000000, 386.56137000212, 85.45588885688, 4.12500003222, 0.00000000000, -0.00000000126, 0.00000000049
20, 50.00000000000, 354.78505746845, -30000000.00000000000, 0.00000000000, 0.00000000000, -0.00000024838, 0.66000001198
21, 50.00000000000, 407.76464294428, 33.59063134788, 4.12500003222, 0.00000000000, 0.00000000240, 0.00000001503
22, 50.00000000000, 424.58558053536, 115.38803325221, 4.12500003222, 0.00000000000, -0.00000000107, 0.00000000945
23, 50.00000000000, 430.08333018573, 55.87502211952, 4.12500003222, 0.00000000000, 0.00000000129, 0.00000000096
24, 50.00000000000, 432.27415748936, -30000000.00000000000, 0.00000000000, 0.00000000000, -0.00000154884, 0.66000001198
25, 50.00000000000, 454.83767687656, 62.07422211339, 4.12500003222, 0.00000000000, 0.00000000187, 0.00000000702
26, 50.00000000000, 481.34336663396, 44.97518611419, 4.12500003222, 0.00000000000, -0.00000000241, 0.00000000888
27, 50.00000000000, 498.06710858794, 42.84876792209, 4.12500003222, 0.00000000000, -0.00000000602, -0.00000003500
28, 50.00000000000, 490.80233750401, -30000000.00000000000, 0.00000000000, 0.00000000000, 0.00000049650, 0.66000001198
29, 50.00000000000, 544.71808645069, 138.20386210834, 4.12500003222, 0.00000000000, -0.00000000098, -0.00000000935
30, 50.00000000000, 551.46789854090, 61.62294838267, 4.12500003222, 0.00000000000, 0.00000000969, -0.00000001000
31, 50.00000000000, 543.19691392511, -30000000.00000000000, 0.00000000000, 0.00000000000, -0.00000031239, 0.66000001198
32, 50.00000000000, 553.51083804229, -30000000.00000000000, 0.00000000000, 0.00000000000, -0.00000083369, 0.66000001198
33, 50.00000000000, 579.37083240396, -30000000.00000000000, 0.00000000000, 0.00000000000, -0.00000082370, 0.66000001198
34, 50.00000000000, 606.00081874015, 68.38090145766, 4.12500003222, 0.00000000000, -0.00000000470, -0.00000000349
35, 50.00000000000, 629.91749439536, 105.83388493527, 4.12500003222, 0.00000000000, 0.00000000639, -0.00000001019
36, 50.00000000000, 634.34508717800, -30000000.00000000000, 0.00000000000, 0.00000000000, 0.00000103929, 0.66000001198
37, 50.00000000000, 652.04110327195, -30000000.00000000000, 0.00000000000, 0.00000000000, 0.00000034749, 0.66000001198
38, 50.00000000000, 665.81883992390, -30000000.00000000000, 0.00000000000, 0.00000000000, -0.00000046471, 0.66000001198
39, 50.00000000000, 689.62023614904, -30000000.00000000000, 0.00000000000, 0.00000000000, -0.00000146193, 0.66000001198
40, 50.00000000000, 700.00972289972, -30000000.00000000000, 0.00000000000, 0.00000000000, -0.00000081334, 0.66000001198
41, 50.00000000000, 719.85141430925, -30000000.00000000000, 0.00000000000, 0.00000000000, -0.00000036030, 0.66000001198
42, 50.00000000000, 733.97934678278, 69.95466263339, 4.12500003222, 0.00000000000, 0.00000000967, 0.00000004812
43, 50.00000000000, 749.70528615276, 99.29590464717, 4.12500003222, 0.00000000000, 0.00000000152, 0.00000000192
44, 50.00000000000, 767.63021270038, 100.26365795087, 4.12500003222, 0.00000000000, 0.00000000393, -0.00000003066
45, 50.00000000000, 785.39871402538, -30000000.00000000000, 0.00000000000, 0.00000000000, 0.00000067281, 0.66000001198
46, 50.00000000000, 802.72063867561, -30000000.00000000000, 0.00000000000, 0.00000000000, -0.00000020174, 0.66000001198
47, 50.00000000000, 821.86992796889, -30000000.00000000000, 0.00000000000, 0.00000000000, -0.00000056600, 0.66000001198
48, 50.00000000000, 835.05849387833, -30000000.00000000000, 0.00000000000, 0.00000000000, -0.00000162012, 0.66000001198
49, 50.00000000000, 839.73079226049, 85.83460176622, 4.12500003222, 0.00000000000, 0.00000000086, 0.00000002137
50, 50.00000000000, 877.38136137834, -30000000.00000000000, 0.00000000000, 0.00000000000, 0.00000194555, 0.66000001198
51, 50.00000000000, 893.77444871763, -30000000.00000000000, 0.00000000000, 0.00000000000, 0.00000027232, 0.66000001198
52, 50.00000000000, 863.00274715075, 187.93103730640, 4.12500003222, 0.00000000000, -0.00000000230, 0.00000001600
53, 50.00000000000, 929.93711020118, -30000000.00000000000, 0.00000000000, 0.00000000000, -0.00000148395, 0.66000001198
54, 50.00000000000, 942.00735429253, -30000000.00000000000, 0.00000000000, 0.00000000000, -0.00000026674, 0.66000001198
55, 50.00000000000, 956.53609056131, -30000000.00000000000, 0.00000000000, 0.00000000000, 0.00000118068, 0.66000001198
56, 50.00000000000, 977.98592740005, -30000000.00000000000, 0.00000000000, 0.00000000000, -0.00000065949, 0.66000001198
57, 50.00000000000, 974.41511974238, 37.35276493154, 4.12500003222, 0.00000000000, -0.00000000425, 0.00000003054
58, 50.00000000000, 1013.21777405636, -30000000.00000000000, 0.00000000000, 0.00000000000, 0.00000144585, 0.66000001198
59, 50.00000000000, 1015.09108002486, 38.75802527262, 4.12500003222, 0.00000000000, 0.00000000474, 0.00000000226
60, 50.00000000000, 1022.62421999933, 104.82857426537, 4.12500003222, 0.00000000000, 0.00000000339, 0.00000000420
61, 50.00000000000, 1061.90329918524, -30000000.00000000000, 0.00000000000, 0.00000000000, 0.00000017793, 0.66000001198
62, 50.00000000000, 1072.90617315572, -30000000.00000000000, 0.00000000000, 0.00000000000, 0.00000042735, 0.66000001198
63, 50.00000000000, 1103.22100957508, 95.18368491909, 4.12500003222, 0.00000000000, -0.00000000825, 0.00000002400
64, 50.00000000000, 1085.85579752068, 2.14959471256, 4.12500003222, 0.00000000000, 0.00000000241, -0.00000002487
65, 50.00000000000, 1113.73274020461, 73.17728185602, 4.12500003222, 0.00000000000, -0.00000002134, 0.00000000088
66, 50.00000000000, 1107.33540581781, 28.62428650043, 4.12500003222, 0.00000000000, -0.00000000498, -0.00000000490
67, 50.00000000000, 1145.45317754618, 66.11018098589, 4.12500003222, 0.00000000000, 0.00000001198, -0.00000003218
68, 50.00000000000, 1161.43624049403, 39.57783273071, 4.12500003222, 0.00000000000, 0.00000001029, -0.00000003602
69, 50.00000000000, 1168.46976347654, 6.26211380283, 4.12500003222, 0.00000000000, -0.00000000177, -0.00000003303
70, 50.00000000000, 1182.97299485069, 27.35130469884, 4.12500003222, 0.00000000000, 0.00000000275, 0.00000003504
71, 50.00000000000, 1197.82505126688, 26.86815399638, 4.12500003222, 0.00000000000, 0.00000000965, -0.00000003392
72, 50.00000000000, 1227.85777602295, 45.26827254418, 4.12500003222, 0.00000000000, -0.00000001395, -0.00000002649
73, 50.00000000000, 1191.64220366471, 100.43427031057, 4.12500003222, 0.00000000000, 0.00000000111, -0.00000003390
74, 50.00000000000, 1248.33068847692, 10.48505046998, 4.12500003222, 0.00000000000, 0.00000000297, 0.00000003469
75, 50.00000000000, 1259.53225345583, 5.32680821371, 4.12500003222, 0.00000000000, 0.00000001129, 0.00000003327
76, 50.00000000000, 1267.33970076021, 25.50130838226, 4.12500003222, 0.00000000000, -0.00000000809, -0.00000001447
77, 50.00000000000, 1272.65791237063, 37.70097196755, 4.12500003222, 0.00000000000, -0.00000000913, -0.00000000808
78, 50.00000000000, 1303.24045168922, 11.76607545882, 4.12500003222, 0.00000000000, -0.00000000247, 0.00000000972
79, 50.00000000000, 1285.10900385867, 84.13928194666, 4.12500003222, 0.00000000000, 0.00000000886, 0.00000000975
80, 50.00000000000, 66.47686825987, 11.68505073160, 4.12500003222, 0.00000000000, -0.00000000552, -0.00000001956
81, 50.00000000000, 87.88064338979, 25.49504228369, 4.12500003222, 0.00000000000, 0.00000000005, -0.00000000996
82, 50.00000000000, 109.58431763211, 22.08962348978, 4.12500003222, 0.00000000000, 0.00000000008, -0.00000003089
83, 50.00000000000, 123.05686397175, 13.19474012074, 4.12500003222, 0.00000000000, 0.00000000074, 0.00000001609
84, 50.00000000000, 122.23452098645, 35.36207949318, 4.12500003222, 0.00000000000, 0.00000000890, 0.00000000952
85, 50.00000000000, 144.58116789557, 10.11557653471, 4.12500003222, 0.00000000000, -0.00000000097, 0.00000000297
86, 50.00000000000, 155.05870150038, 8.99617607042, 4.12500003222, 0.00000000000, 0.00000000928, -0.00000003458
87, 50.00000000000, 178.28528132802, 31.88458175461, 4.12500003222, 0.00000000000, 0.00000000333, 0.00000003786
88, 50.00000000000, 173.08673451533, 54.60022072836, 4.12500003222, 0.00000000000, 0.00000000948, -0.00000000645
89, 50.00000000000, 195.52687200220, 31.79208236597, 4.12500003222, 0.00000000000, -0.00000000162, -0.00000000918
90, 50.00000000000, 230.84890407763, 15.63558621340, 4.12500003222, 0.00000000000, -0.00000000504, -0.00000002860
91, 50.00000000000, 227.79320170418, 26.99091240346, 4.12500003222, 0.00000000000, -0.00000000642, 0.00000000570
92, 50.00000000000, 268.74702402583, 31.75767599047, 4.12500003222, 0.00000000000, -0.00000000101, -0.00000001982
93, 50.00000000000, 263.73158782002, 21.07535028646, 4.12500003222, 0.00000000000, 0.00000000221, -0.00000001031
94, 50.00000000000, 289.48385169629, 45.32153631088, 4.12500003222, 0.00000000000, -0.00000000293, 0.00000000346
95, 50.00000000000, 308.82595944422, 61.40760985114, 4.12500003222, 0.00000000000, -0.00000000060, 0.00000001335
96, 50.00000000000, 331.63907761096, 10.00090116473, 4.12500003222, 0.00000000000, 0.00000000188, 0.00000000782
97, 50.00000000000, 331.11536197943, 64.66001348903, 4.12500003222, 0.00000000000, 0.00000000681, 0.00000000934
98, 50.00000000000, 356.03541759391, 40.20243093511, 4.12500003222, 0.00000000000, 0.00000001227, -0.00000001585
99, 50.00000000000, 378.48631087290, 66.34605656497, 4.12500003222, 0.00000000000, 0.00000000343, 0.00000001309
100, 50.00000000000, 354.50184675772, -30000000.00000000000, 0.00000000000, 0.00000000000, -0.00000022625, 0.66000001198
101, 50.00000000000, 373.64157133848, -30000000.00000000000, 0.00000000000, 0.00000000000, -0.00000009073, 0.66000001198
102, 50.00000000000, 392.21622457898, -30000000.00000000000, 0.00000000000, 0.00000000000, 0.00000085312, 0.66000001198
103, 50.00000000000, 426.13141143409, 91.25491536380, 4.12500003222, 0.00000000000, 0.00000000161, 0.00000001792
104, 50.00000000000, 446.24488463920, 39.37761371112, 4.12500003222, 0.00000000000, -0.00000000170, -0.00000000131
105, 50.00000000000, 462.79183192772, 47.21839871134, 4.12500003222, 0.00000000000, 0.00000000609, 0.00000000203
106, 50.00000000000, 487.26792000847, 100.04359713382, 4.12500003222, 0.00000000000, 0.00000000138, -0.00000000442
107, 50.00000000000, 478.68647748534, -30000000.00000000000, 0.00000000000, 0.00000000000, 0.00000090104, 0.66000001198
108, 50.00000000000, 525.29229263116, 94.03513378296, 4.12500003222, 0.00000000000, 0.00000000150, -0.00000001257
109, 50.00000000000, 531.94348776229, 84.32696613740, 4.12500003222, 0.00000000000, -0.00000000345, -0.00000000878
110, 50.00000000000, 539.05201668111, -30000000.00000000000, 0.00000000000, 0.00000000000, 0.00000041767, 0.66000001198
111, 50.00000000000, 545.77179603882, -30000000.00000000000, 0.00000000000, 0.00000000000, -0.00000076431, 0.66000001198
112, 50.00000000000, 583.83323775850, 97.43306305357, 4.12500003222, 0.00000000000, 0.00000000370, 0.00000001293
113, 50.00000000000, 594.59115637925, 114.74741282743, 4.12500003222, 0.00000000000, -0.00000000855, 0.00000002099
114, 50.00000000000, 619.56133258868, 121.43039468911, 4.12500003222, 0.00000000000, 0.00000000100, 0.00000000888
115, 50.00000000000, 617.08287733555, -30000000.00000000000, 0.00000000000, 0.00000000000, 0.00000207609, 0.66000001198
116, 50.00000000000, 621.15503974163, -30000000.00000000000, 0.00000000000, 0.00000000000, 0.00000135948, 0.66000001198
117, 50.00000000000, 643.59352930570, -30000000.00000000000, 0.00000000000, 0.00000000000, 0.00000028890, 0.66000001198
118, 50.00000000000, 661.93821782888, -30000000.00000000000, 0.00000000000, 0.00000000000, -0.00000066518, 0.66000001198
119, 50.00000000000, 677.80786175520, -30000000.00000000000, 0.00000000000, 0.00000000000, -0.00000008347, 0.66000001198
120, 50.00000000000, 731.30272196083, 115.36395827407, 4.12500003222, 0.00000000000, -0.00000000362, 0.00000000568
121, 50.00000000000, 720.45260791731, 64.58300461481, 4.12500003222, 0.00000000000, -0.00000000353, 0.00000001468
122, 50.00000000000, 738.45432702298, 80.05248660928, 4.12500003222, 0.00000000000, -0.00000000727, -0.00000003426
123, 50.00000000000, 752.22759272297, -30000000.00000000000, 0.00000000000, 0.00000000000, 0.00000049558, 0.66000001198
124, 50.00000000000, 779.15308625599, 46.55951246948, 4.12500003222, 0.00000000000, -0.00000000833, 0.00000000156
125, 50.00000000000, 800.81756264880, 56.97575597023, 4.12500003222, 0.00000000000, 0.00000000604, 0.00000000795
126, 50.00000000000, 796.92100672307, -30000000.00000000000, 0.00000000000, 0.00000000000, 0.00000094659, 0.66000001198
127, 50.00000000000, 822.03916367755, -30000000.00000000000, 0.00000000000, 0.00000000000, -0.00000059331, 0.66000001198
128, 50.00000000000, 849.55143958549, 67.88644765459, 4.12500003222, 0.00000000000, -0.00000000043, 0.00000000202
129, 50.00000000000, 844.42361500933, 104.90068370586, 4.12500003222, 0.00000000000, 0.00000000892, -0.00000000627
130, 50.00000000000, 892.53718219301, 66.02342448160, 4.12500003222, 0.00000000000, -0.00000000124, 0.00000000095
131, 50.00000000000, 881.29162901969, -30000000.00000000000, 0.00000000000, 0.00000000000, 0.00000181700, 0.66000001198
132, 50.00000000000, 901.95507911787, -30000000.00000000000, 0.00000000000, 0.00000000000, -0.00000031456, 0.66000001198
133, 50.00000000000, 898.61915667835, 184.53804538875, 4.12500003222, 0.00000000000, 0.00000000612, 0.00000000147
134, 50.00000000000, 941.68848293988, 58.57105453954, 4.12500003222, 0.00000000000, -0.00000000962, -0.00000000788
135, 50.00000000000, 957.37907277351, 41.27943595759, 4.12500003222, 0.00000000000, 0.00000000274, -0.00000000713
136, 50.00000000000, 972.40402886907, -30000000.00000000000, 0.00000000000, 0.00000000000, -0.00000035837, 0.66000001198
137, 50.00000000000, 992.54468686679, 51.40444903366, 4.12500003222, 0.00000000000, -0.00000000534, 0.00000000247
138, 50.00000000000, 990.40216450762, 92.59277257917, 4.12500003222, 0.00000000000, 0.00000000349, -0.00000001328
139, 50.00000000000, 1031.32907735432, -30000000.00000000000, 0.00000000000, 0.00000000000, -0.00000093901, 0.66000001198
140, 50.00000000000, 1040.42099259026, -30000000.00000000000, 0.00000000000, 0.00000000000, -0.00000085620, 0.66000001198
141, 50.00000000000, 1039.01846760337, 46.61539518693, 4.12500003222, 0.00000000000, -0.00000000677, -0.00000001345
142, 50.00000000000, 1080.47056507641, -30000000.00000000000, 0.00000000000, 0.00000000000, -0.00000023831, 0.66000001198
143, 50.00000000000, 1071.58959957095, 52.68847198642, 4.12500003222, 0.00000000000, 0.00000000298, 0.00000000541
144, 50.00000000000, 1069.46346980203, 14.48489785188, 4.12500003222, 0.00000000000, -0.00000000025, 0.00000001392
145, 50.00000000000, 1095.02026837972, 13.25036333407, 4.12500003222, 0.00000000000, 0.00000000354, -0.00000001081
146, 50.00000000000, 1125.47453987360, 35.15508956887, 4.12500003222, 0.00000000000, 0.00000001415, 0.00000000048
147, 50.00000000000, 1144.87196703428, 27.81546022861, 4.12500003222, 0.00000000000, -0.00000000074, -0.00000000707
148, 50.00000000000, 1154.05763933745, 118.30756360802, 4.12500003222, 0.00000000000, -0.00000000266, -0.00000000657
149, 50.00000000000, 1161.89431276904, 27.24559172978, 4.12500003222, 0.00000000000, -0.00000000677, 0.00000002106
150, 50.00000000000, 1178.21749595901, 36.48653646167, 4.12500003222, 0.00000000000, 0.00000000801, 0.00000001500
151, 50.00000000000, 1203.69950040021, 12.89001935485, 4.12500003222, 0.00000000000, 0.00000000799, 0.00000005990
152, 50.00000000000, 1189.82210281873, 122.43111061616, 4.12500003222, 0.00000000000, 0.00000000044, 0.00000001406
153, 50.00000000000, 1236.25950695145, 12.22967910354, 4.12500003222, 0.00000000000, 0.00000000038, 0.00000000160
154, 50.00000000000, 1252.81154272296, 27.71080551736, 4.12500003222, 0.00000000000, 0.00000000511, 0.00000000594
155, 50.00000000000, 1248.75124676412, 60.20397587101, 4.12500003222, 0.00000000000, 0.00000000560, -0.00000001182
156, 50.00000000000, 1254.02480271873, 98.94522115414, 4.12500003222, 0.00000000000, -0.00000000163, -0.00000000768
157, 50.00000000000, 1267.57471469724, 58.36273321719, 4.12500003222, 0.00000000000, -0.00000000107, 0.00000000321
158, 50.00000000000, 1269.86198596715, 112.29332935235, 4.12500003222, 0.00000000000, 0.00000000258, 0.00000000801
159, 50.00000000000, 1282.36098355497, 61.64142380804, 4.12500003222, 0.00000000000, 0.00000000334, 0.00000002770
160, 50.00000000000, 78.15267920316, 30.72776759515, 4.12500003222, 0.00000000000, -0.00000000514, 0.00000000113
161, 50.00000000000, 83.61483733302, 68.52980577781, 4.12500003222, 0.00000000000, -0.00000001618, -0.00000000139
162, 50.00000000000, 112.48154644883, 5.44127672184, 4.12500003222, 0.00000000000, 0.00000000031, -0.00000002234
163, 50.00000000000, 118.79251743104, 26.42904718082, 4.12500003222, 0.00000000000, 0.00000000321, -0.00000001609
164, 50.00000000000, 125.77277771446, 50.43907224324, 4.12500003222, 0.00000000000, -0.00000000117, 0.00000003086
165, 50.00000000000, 132.59197206625, 44.25261143276, 4.12500003222, 0.00000000000, 0.00000002644, -0.00000002006
166, 50.00000000000, 163.11061967492, 39.01538961125, 4.12500003222, 0.00000000000, -0.00000001454, -0.00000001326
167, 50.00000000000, 176.10799985466, 22.12295223607, 4.12500003222, 0.00000000000, 0.00000000548, -0.00000000379
168, 50.00000000000, 182.32938081228, 63.79260351283, 4.12500003222, 0.00000000000, 0.00000000310, 0.00000002688
169, 50.00000000000, 209.56989623330, 15.73512471991, 4.12500003222, 0.00000000000, -0.00000000537, 0.00000000814
170, 50.00000000000, 228.27119452284, 5.81520623071, 4.12500003222, 0.00000000000, 0.00000000017, -0.00000000576
171, 50.00000000000, 245.40497136694, 33.85389005696, 4.12500003222, 0.00000000000, 0.00000000924, 0.00000002705
172, 50.00000000000, 266.03270858883, 8.23822889436, 4.12500003222, 0.00000000000, -0.00000000450, 0.00000002460
173, 50.00000000000, 277.62127683656, 48.76028131360, 4.12500003222, 0.00000000000, 0.00000000408, -0.00000001365
174, 50.00000000000, 296.42583573839, 7.77058257363, 4.12500003222, 0.00000000000, -0.00000000406, 0.00000004110
175, 50.00000000000, 304.93816400651, 14.13528038622, 4.12500003222, 0.00000000000, -0.00000001165, 0.00000003027
176, 50.00000000000, 325.08476127648, 25.41613585053, 4.12500003222, 0.00000000000, -0.00000000279, -0.00000000373
177, 50.00000000000, 345.51613762246, 48.61212865255, 4.12500003222, 0.00000000000, -0.00000001030, 0.00000001365
178, 50.00000000000, 364.88506586060, 86.43155582171, 4.12500003222, 0.00000000000, -0.00000000748, 0.00000002295
179, 50.00000000000, 372.76297834214, 99.20020152968, 4.12500003222, 0.00000000000, -0.00000000659, -0.00000003047
180, 50.00000000000, 392.00194687237, 102.80374840626, 4.12500003222, 0.00000000000, 0.00000000045, 0.00000002603
181, 50.00000000000, 407.81042307143, 88.91842232093, 4.12500003222, 0.00000000000, 0.00000000301, -0.00000001295
182, 50.00000000000, 427.41704483319, 105.16039409630, 4.12500003222, 0.00000000000, 0.00000000774, -0.00000000595
183, 50.00000000000, 426.96106054086, 37.53712565395, 4.12500003222, 0.00000000000, -0.00000000790, 0.00000002091
184, 50.00000000000, 419.54036532895, -30000000.00000000000, 0.00000000000, 0.00000000000, 0.00000008439, 0.66000001198
185, 50.00000000000, 458.85770253061, 119.20443067673, 4.12500003222, 0.00000000000, 0.00000000030, -0.00000000118
186, 50.00000000000, 477.88796784026, 82.69337179017, 4.12500003222, 0.00000000000, 0.00000000326, 0.00000006077
187, 50.00000000000, 491.40770191805, 78.82061127798, 4.12500003222, 0.00000000000, 0.00000000617, 0.00000001527
188, 50.00000000000, 514.90095199653, 58.49712328697, 4.12500003222, 0.00000000000, -0.00000000165, 0.00000005710
189, 50.00000000000, 534.58997391260, 45.45898984047, 4.12500003222, 0.00000000000, 0.00000000780, 0.00000000188
190, 50.00000000000, 520.58267380689, -30000000.00000000000, 0.00000000000, 0.00000000000, 0.00000135806, 0.66000001198
191, 50.00000000000, 563.20678030981, 81.31690265129, 4.12500003222, 0.00000000000, -0.00000000293, -0.00000003650
192, 50.00000000000, 574.04761024572, 152.06329551409, 4.12500003222, 0.00000000000, 0.00000000049, -0.00000005278
193, 50.00000000000, 582.54136653729, 185.42375966834, 4.12500003222, 0.00000000000, 0.00000000392, -0.00000000546
194, 50.00000000000, 599.57976624712, 171.45175995741, 4.12500003222, 0.00000000000, -0.00000000036, 0.00000001667
195, 50.00000000000, 612.28101428985, -30000000.00000000000, 0.00000000000, 0.00000000000, 0.00000223237, 0.66000001198
196, 50.00000000000, 639.89820585641, -30000000.00000000000, 0.00000000000, 0.00000000000, 0.00000073799, 0.66000001198
197, 50.00000000000, 653.53228575771, -30000000.00000000000, 0.00000000000, 0.00000000000, -0.00000007266, 0.66000001198
198, 50.00000000000, 675.95609177551, 59.64413985392, 4.12500003222, 0.00000000000, 0.00000000240, -0.00000000828
199, 50.00000000000, 673.06020826581, -30000000.00000000000, 0.00000000000, 0.00000000000, 0.00000070719, 0.66000001198
200, 50.00000000000, 712.20416108064, 99.70070296640, 4.12500003222, 0.00000000000, -0.00000000157, -0.00000000944
201, 50.00000000000, 727.97327674347, 102.09514279491, 4.12500003222, 0.00000000000, 0.00000000086, -0.00000001062
202, 50.00000000000, 729.93228364933, 47.93192578799, 4.12500003222, 0.00000000000, -0.00000000638, -0.00000002529
203, 50.00000000000, 756.44150424276, -30000000.00000000000, 0.00000000000, 0.00000000000, -0.00000024601, 0.66000001198
204, 50.00000000000, 765.68247227427, -30000000.00000000000, 0.00000000000, 0.00000000000, -0.00000020833, 0.66000001198
205, 50.00000000000, 797.91032895188, 41.97485808551, 4.12500003222, 0.00000000000, 0.00000000497, -0.00000002220
206, 50.00000000000, 817.10604983320, 37.74087939061, 4.12500003222, 0.00000000000, -0.00000000180, 0.00000000030
207, 50.00000000000, 810.05692787407, 71.12901271681, 4.12500003222, 0.00000000000, -0.00000000427, -0.00000001618
208, 50.00000000000, 828.05606805863, 100.87765780980, 4.12500003222, 0.00000000000, 0.00000000659, 0.00000000426
209, 50.00000000000, 829.46683168156, 69.75956201993, 4.12500003222, 0.00000000000, -0.00000000426, -0.00000001791
210, 50.00000000000, 866.59283745094, -30000000.00000000000, 0.00000000000, 0.00000000000, 0.00000161984, 0.66000001198
211, 50.00000000000, 890.63605409679, -30000000.00000000000, 0.00000000000, 0.00000000000, 0.00000103109, 0.66000001198
212, 50.00000000000, 898.74684869664, 43.92869332606, 4.12500003222, 0.00000000000, 0.00000000014, 0.00000000418
213, 50.00000000000, 915.76837511254, -30000000.00000000000, 0.00000000000, 0.00000000000, -0.00000147500, 0.66000001198
214, 50.00000000000, 936.42138326914, 103.67156126386, 4.12500003222, 0.00000000000, -0.00000000076, -0.00000001024
215, 50.00000000000, 956.39639431409, 53.32557776961, 4.12500003222, 0.00000000000, -0.00000000270, -0.00000001159
216, 50.00000000000, 977.59036089054, 50.65942079632, 4.12500003222, 0.00000000000, -0.00000000383, -0.00000001370
217, 50.00000000000, 984.27381532761, -30000000.00000000000, 0.00000000000, 0.00000000000, -0.00000176700, 0.66000001198
218, 50.00000000000, 1003.32229807529, -30000000.00000000000, 0.00000000000, 0.00000000000, 0.00000034875, 0.66000001198
219, 50.00000000000, 1025.88273151686, -30000000.00000000000, 0.00000000000, 0.00000000000, -0.00000022594, 0.66000001198
220, 50.00000000000, 1001.21975765842, 130.56768952370, 4.12500003222, 0.00000000000, 0.00000000346, -0.00000000831
221, 50.00000000000, 1050.64933794469, 44.11508594355, 4.12500003222, 0.00000000000, 0.00000000710, -0.00000003278
222, 50.00000000000, 1061.86179174635, 54.70588660823, 4.12500003222, 0.00000000000, 0.00000000850, 0.00000000912
223, 50.00000000000, 1071.89994314169, 35.58623598915, 4.12500003222, 0.00000000000, -0.00000000525, -0.00000002030
224, 50.00000000000, 1080.84739960155, 13.41969824901, 4.12500003222, 0.00000000000, -0.00000000214, 0.00000001136
225, 50.00000000000, 1114.30100597869, 23.34093183389, 4.12500003222, 0.00000000000, 0.00000000192, -0.00000003718
226, 50.00000000000, 1109.57725397320, 80.68821826390, 4.12500003222, 0.00000000000, -0.00000000407, -0.00000001089
227, 50.00000000000, 1137.99216599026, 48.30023403693, 4.12500003222, 0.00000000000, -0.00000002490, 0.00000003169
228, 50.00000000000, 1147.43461897181, 9.97708491189, 4.12500003222, 0.00000000000, 0.00000000392, -0.00000001616
229, 50.00000000000, 1165.40062959200, 16.37128342851, 4.12500003222, 0.00000000000, -0.00000000194, -0.00000002803
230, 50.00000000000, 1181.76593503836, 14.91906718988, 4.12500003222, 0.00000000000, -0.00000000000, -0.00000001994
231, 50.00000000000, 1200.67860122000, 61.29278691287, 4.12500003222, 0.00000000000, -0.00000000876, -0.00000004466
232, 50.00000000000, 1220.85141145515, 30.56260345470, 4.12500003222, 0.00000000000, -0.00000000200, 0.00000000312
233, 50.00000000000, 1214.98487611685, 54.34986872443, 4.12500003222, 0.00000000000, -0.00000002190, -0.00000006282
234, 50.00000000000, 1224.16066143863, 61.80846580803, 4.12500003222, 0.00000000000, 0.00000000831, 0.00000000609
235, 50.00000000000, 1239.50729560398, 80.81416659428, 4.12500003222, 0.00000000000, 0.00000000113, 0.00000000623
236, 50.00000000000, 1282.31451791489, 6.72083387927, 4.12500003222, 0.00000000000, -0.00000000077, -0.00000002506
237, 50.00000000000, 1264.90893876305, 76.59636532865, 4.12500003222, 0.00000000000, -0.00000000435, -0.00000000629
238, 50.00000000000, 1271.81727370282, 90.46853585895, 4.12500003222, 0.00000000000, 0.00000000745, 0.00000004468
239, 50.00000000000, 1296.91622256892, 90.01014248088, 4.12500003222, 0.00000000000, 0.00000000046, -0.00000000323
240, 50.00000000000, 85.33136817694, 44.99209544425, 4.12500003222, 0.00000000000, 0.00000000700, 0.00000001033
241, 50.00000000000, 79.39729650284, 11.97201694904, 4.12500003222, 0.00000000000, -0.00000000333, -0.00000000704
242, 50.00000000000, 100.19445913432, 25.32064031886, 4.12500003222, 0.00000000000, -0.00000000085, 0.00000000535
243, 50.00000000000, 114.49007831832, 80.89308630729, 4.12500003222, 0.00000000000, -0.00000001058, -0.00000000648
244, 50.00000000000, 131.16728859656, 82.01402355959, 4.12500003222, 0.00000000000, -0.00000000018, 0.00000002111
245, 50.00000000000, 142.00480043938, 65.23863455836, 4.12500003222, 0.00000000000, 0.00000000004, -0.00000002962
246, 50.00000000000, 154.54805424766, 21.73173795792, 4.12500003222, 0.00000000000, 0.00000000112, 0.00000000816
247, 50.00000000000, 135.80036989318, 116.35172138583, 4.12500003222, 0.00000000000, -0.00000000492, 0.00000000456
248, 50.00000000000, 149.04473528157, 78.39106648169, 4.12500003222, 0.00000000000, 0.00000001007, -0.00000000894
249, 50.00000000000, 160.44091060995, 92.63053844634, 4.12500003222, 0.00000000000, -0.00000000328, 0.00000002001
250, 50.00000000000, 211.20358747059, 24.86259525892, 4.12500003222, 0.00000000000, -0.00000000685, -0.00000000390
251, 50.00000000000, 189.52788120980, 109.69274148773, 4.12500003222, 0.00000000000, -0.00000000632, -0.00000002274
252, 50.00000000000, 254.23385012915, 53.00737635559, 4.12500003222, 0.00000000000, -0.00000000860, -0.00000000758
253, 50.00000000000, 281.22395455289, 36.89713868219, 4.12500003222, 0.00000000000, -0.00000000289, -0.00000001331
254, 50.00000000000, 245.17759736223, 134.58249667570, 4.12500003222, 0.00000000000, 0.00000000100, 0.00000000139
255, 50.00000000000, 245.44366278530, 155.28024491427, 4.12500003222, 0.00000000000, -0.00000000047, -0.00000000399
256, 50.00000000000, 283.86851672941, 170.36058879288, 4.12500003222, 0.00000000000, -0.00000000063, -0.00000000476
257, 50.00000000000, 343.63486252139, 59.51284957575, 4.12500003222, 0.00000000000, -0.00000000682, 0.00000001277
258, 50.00000000000, 364.31475864875, 74.42663641043, 4.12500003222, 0.00000000000, -0.00000001544, -0.00000000552
259, 50.00000000000, 372.88951813708, 33.34713220582, 4.12500003222, 0.00000000000, -0.00000000181, 0.00000002646
260, 50.00000000000, 389.61867464205, 47.40118545978, 4.12500003222, 0.00000000000, -0.00000000087, 0.00000000858
261, 50.00000000000, 397.65542357412, 55.37553179157, 4.12500003222, 0.00000000000, 0.00000000422, 0.00000003090
262, 50.00000000000, 388.93887788843, -30000000.00000000000, 0.00000000000, 0.00000000000, 0.00000061209, 0.66000001198
263, 50.00000000000, 442.68591816939, 89.98799943053, 4.12500003222, 0.00000000000, -0.00000000378, 0.00000000783
264, 50.00000000000, 440.49940126629, 54.83377198601, 4.12500003222, 0.00000000000, -0.00000000694, 0.00000000606
265, 50.00000000000, 458.68174189524, 83.20131551209, 4.12500003222, 0.00000000000, -0.00000000598, -0.00000002716
266, 50.00000000000, 478.12753647777, 118.45184393614, 4.12500003222, 0.00000000000, 0.00000000420, 0.00000000216
267, 50.00000000000, 500.33718540924, 88.82656926804, 4.12500003222, 0.00000000000, -0.00000000676, -0.00000000748
268, 50.00000000000, 508.75308475086, 78.31332337143, 4.12500003222, 0.00000000000, 0.00000000518, -0.00000000612
269, 50.00000000000, 533.75380965293, 60.45828047491, 4.12500003222, 0.00000000000, -0.00000000135, 0.00000000423
270, 50.00000000000, 531.84524923006, -30000000.00000000000, 0.00000000000, 0.00000000000, -0.00000014633, 0.66000001198
271, 50.00000000000, 565.48403657060, 103.32861559681, 4.12500003222, 0.00000000000, -0.00000000103, 0.00000002797
272, 50.00000000000, 571.18449246697, 63.81885884910, 4.12500003222, 0.00000000000, -0.00000000121, 0.00000001381
273, 50.00000000000, 605.46179328823, 138.33587944458, 4.12500003222, 0.00000000000, -0.00000000186, -0.00000001451
274, 50.00000000000, 614.21501295776, 105.34588669762, 4.12500003222, 0.00000000000, 0.00000001194, -0.00000001415
275, 50.00000000000, 619.10299836370, 86.11399216912, 4.12500003222, 0.00000000000, 0.00000000464, 0.00000001249
276, 50.00000000000, 629.15038711257, -30000000.00000000000, 0.00000000000, 0.00000000000, 0.00000099221, 0.66000001198
277, 50.00000000000, 663.68748199534, 74.29774698039, 4.12500003222, 0.00000000000, 0.00000000630, 0.00000000013
278, 50.00000000000, 660.57065993030, -30000000.00000000000, 0.00000000000, 0.00000000000, -0.00000089032, 0.66000001198
279, 50.00000000000, 679.44409546431, 41.95325043548, 4.12500003222, 0.00000000000, -0.00000000129, 0.00000002378
280, 50.00000000000, 694.87787975621, -30000000.00000000000, 0.00000000000, 0.00000000000, -0.00000029079, 0.66000001198
281, 50.00000000000, 719.43581785432, 83.31898575010, 4.12500003222, 0.00000000000, -0.00000000303, 0.00000000499
282, 50.00000000000, 745.01697509145, -30000000.00000000000, 0.00000000000, 0.00000000000, -0.00000014535, 0.66000001198
283, 50.00000000000, 764.10007963456, 118.49217901317, 4.12500003222, 0.00000000000, 0.00000000016, 0.00000001820
284, 50.00000000000, 775.69237791309, 80.56057565881, 4.12500003222, 0.00000000000, -0.00000000535, -0.00000000191
285, 50.00000000000, 786.29845201467, -30000000.00000000000, 0.00000000000, 0.00000000000, 0.00000050588, 0.66000001198
286, 50.00000000000, 817.97437197463, 54.11807579863, 4.12500003222, 0.00000000000, 0.00000000156, 0.00000000587
287, 50.00000000000, 836.73507365445, 50.05250324667, 4.12500003222, 0.00000000000, 0.00000000264, -0.00000001087
288, 50.00000000000, 839.46921890601, -30000000.00000000000, 0.00000000000, 0.00000000000, -0.00000101373, 0.66000001198
289, 50.00000000000, 869.35923901272, 66.39708120781, 4.12500003222, 0.00000000000, 0.00000000319, 0.00000001024
290, 50.00000000000, 860.24832386648, 87.75492392980, 4.12500003222, 0.00000000000, 0.00000000093, 0.00000003009
291, 50.00000000000, 879.26602361969, 49.70801887302, 4.12500003222, 0.00000000000, 0.00000000017, -0.00000001263
292, 50.00000000000, 905.22338823391, -30000000.00000000000, 0.00000000000, 0.00000000000, -0.00000110819, 0.66000001198
293, 50.00000000000, 917.87397222385, 95.09251803423, 4.12500003222, 0.00000000000, -0.00000000217, -0.00000000536
294, 50.00000000000, 921.48988908998, 42.08762748961, 4.12500003222, 0.00000000000, -0.00000000449, -0.00000000431
295, 50.00000000000, 942.47545175161, 34.10367150211, 4.12500003222, 0.00000000000, 0.00000001016, 0.00000001268
296, 50.00000000000, 970.20905949063, 84.49959195249, 4.12500003222, 0.00000000000, -0.00000000139, -0.00000003163
297, 50.00000000000, 980.47331475781, 73.25633527609, 4.12500003222, 0.00000000000, -0.00000001068, -0.00000001505
298, 50.00000000000, 999.29418525403, 75.33134415129, 4.12500003222, 0.00000000000, 0.00000000219, 0.00000002646
299, 50.00000000000, 1030.85399897460, -30000000.00000000000, 0.00000000000, 0.00000000000, -0.00000088796, 0.66000001198
300, 50.00000000000, 1030.59498583628, 56.54266571246, 4.12500003222, 0.00000000000, -0.00000000769, -0.00000000727
301, 50.00000000000, 1047.20361234339, 86.31192068539, 4.12500003222, 0.00000000000, -0.00000000233, -0.00000001140
302, 50.00000000000, 1052.68775356705, 65.62482071779, 4.12500003222, 0.00000000000, 0.00000000616, 0.00000002887
303, 50.00000000000, 1095.76986868288, -30000000.00000000000, 0.00000000000, 0.00000000000, -0.00000083959, 0.66000001198
304, 50.00000000000, 1084.68554712816, 54.45301443837, 4.12500003222, 0.00000000000, 0.00000000434, 0.00000006348
305, 50.00000000000, 1113.81020299084, 49.18580723735, 4.12500003222, 0.00000000000, 0.00000002170, 0.00000007959
306, 50.00000000000, 1105.95694250365, 7.17312494034, 4.12500003222, 0.00000000000, -0.00000000500, 0.00000003316
307, 50.00000000000, 1126.65844418815, 69.23137987684, 4.12500003222, 0.00000000000, -0.00000000882, -0.00000004144
308, 50.00000000000, 1156.64939440294, 49.15274165180, 4.12500003222, 0.00000000000, -0.00000000223, 0.00000002560
309, 50.00000000000, 1176.41078847260, 58.32239830070, 4.12500003222, 0.00000000000, -0.00000000834, -0.00000001204
310, 50.00000000000, 1188.08623683548, 6.11996139354, 4.12500003222, 0.00000000000, -0.00000000115, -0.00000001565
311, 50.00000000000, 1185.04881173614, 67.35325923949, 4.12500003222, 0.00000000000, -0.00000000572, 0.00000000560
312, 50.00000000000, 1223.66537929539, 8.06615045098, 4.12500003222, 0.00000000000, 0.00000000432, 0.00000001333
313, 50.00000000000, 1216.95800223413, 22.87800811230, 4.12500003222, 0.00000000000, -0.00000000933, -0.00000001723
314, 50.00000000000, 1216.17317922214, 76.42466168180, 4.12500003222, 0.00000000000, 0.00000000576, 0.00000002993
315, 50.00000000000, 1236.42306218320, 46.32913342301, 4.12500003222, 0.00000000000, 0.00000000425, -0.00000000558
316, 50.00000000000, 1248.56851438048, 83.39385493139, 4.12500003222, 0.00000000000, -0.00000001591, -0.00000000230
317, 50.00000000000, 1267.00466506674, 45.79182068296, 4.12500003222, 0.00000000000, -0.00000000985, -0.00000002392
318, 50.00000000000, 1285.60152735820, 29.03656780955, 4.12500003222, 0.00000000000, -0.00000001354, 0.00000004039
319, 50.00000000000, 1305.28499432952, 53.21657117076, 4.12500003222, 0.00000000000, 0.00000000048, -0.00000000147
320, 50.00000000000, -15.81525601760, 123.22701558570, 4.12500003222, 0.00000000000, -0.00000000000, 0.00000000000
321, 50.00000000000, 89.91961082978, 8.97434511896, 4.12500003222, 0.00000000000, 0.00000000282, 0.00000000371
322, 50.00000000000, 95.67043826543, 57.80140848303, 4.12500003222, 0.00000000000, -0.00000000762, -0.00000002277
323, 50.00000000000, 107.78167048943, 41.10397710533, 4.12500003222, 0.00000000000, -0.00000000014, 0.00000003528
324, 50.00000000000, 73.44495054972, 196.61741943483, 4.12500003222, 0.00000000000, 0.00000000000, 0.00000000000
325, 50.00000000000, 143.23723147692, 25.04382929214, 4.12500003222, 0.00000000000, -0.00000001344, 0.00000001710
326, 50.00000000000, 157.22742253267, 46.49608427827, 4.12500003222, 0.00000000000, -0.00000002235, -0.00000000100
327, 50.00000000000, 177.68478271474, 43.18284911957, 4.12500003222, 0.00000000000, 0.00000000769, 0.00000001657
328, 50.00000000000, 191.51676099030, 16.27477088973, 4.12500003222, 0.00000000000, 0.00000000712, 0.00000001041
329, 50.00000000000, 183.16129255875, 87.73065435456, 4.12500003222, 0.00000000000, 0.00000000966, -0.00000001641
330, 50.00000000000, 190.84949380536, 127.36350907037, 4.12500003222, 0.00000000000, -0.00000000148, 0.00000001851
331, 50.00000000000, 197.31101922539, 95.44407354295, 4.12500003222, 0.00000000000, -0.00000000159, -0.00000000163
332, 50.00000000000, 270.21891416753, 55.79668006289, 4.12500003222, 0.00000000000, 0.00000000134, -0.00000000935
333, 50.00000000000, 282.16202781013, 84.42784177072, 4.12500003222, 0.00000000000, -0.00000000179, -0.00000000914
334, 50.00000000000, 301.23886105474, 80.24568806271, 4.12500003222, 0.00000000000, -0.00000000098, -0.00000000953
335, 50.00000000000, 264.87335263399, 161.95943887363, 4.12500003222, 0.00000000000, 0.00000000039, -0.00000000025
336, 50.00000000000, 323.07386060438, 48.48995445164, 4.12500003222, 0.00000000000, 0.00000000598, -0.00000002011
337, 50.00000000000, 353.69770045431, 90.56495374444, 4.12500003222, 0.00000000000, -0.00000000118, 0.00000001459
338, 50.00000000000, 357.01716815025, 63.71618727736, 4.12500003222, 0.00000000000, -0.00000000691, 0.00000002582
339, 50.00000000000, 340.00595498222, -30000000.00000000000, 0.00000000000, 0.00000000000, -0.00000017105, 0.66000001198
340, 50.00000000000, 376.89596364060, 53.12167300765, 4.12500003222, 0.00000000000, 0.00000000897, -0.00000001797
341, 50.00000000000, 408.80403807775, 47.86636581595, 4.12500003222, 0.00000000000, 0.00000000905, 0.00000001300
342, 50.00000000000, 414.17155859268, 70.96857642995, 4.12500003222, 0.00000000000, -0.00000000582, -0.00000001951
343, 50.00000000000, 411.95594727245, -30000000.00000000000, 0.00000000000, 0.00000000000, 0.00000040949, 0.66000001198
344, 50.00000000000, 421.63645327278, -30000000.00000000000, 0.00000000000, 0.00000000000, 0.00000031613, 0.66000001198
345, 50.00000000000, 462.84463401173, 98.54888913862, 4.12500003222, 0.00000000000, 0.00000000734, 0.00000002339
346, 50.00000000000, 473.13771927890, 67.11082974197, 4.12500003222, 0.00000000000, -0.00000001254, -0.00000001958
347, 50.00000000000, 494.89983239193, 65.95222864280, 4.12500003222, 0.00000000000, 0.00000001583, -0.00000002650
348, 50.00000000000, 515.38466899636, 48.52407510330, 4.12500003222, 0.00000000000, -0.00000000085, -0.00000000680
349, 50.00000000000, 508.76185780467, -30000000.00000000000, 0.00000000000, 0.00000000000, 0.00000080948, 0.66000001198
350, 50.00000000000, 564.19536407025, 134.88878162369, 4.12500003222, 0.00000000000, 0.00000000761, 0.00000002329
351, 50.00000000000, 573.62329192694, 87.29908126641, 4.12500003222, 0.00000000000, 0.00000000639, -0.00000001705
352, 50.00000000000, 576.51812165853, 118.36350578384, 4.12500003222, 0.00000000000, -0.00000000663, -0.00000005111
353, 50.00000000000, 586.24700799967, 75.50051031309, 4.12500003222, 0.00000000000, -0.00000000293, 0.00000000268
354, 50.00000000000, 604.25084083846, 104.67756552646, 4.12500003222, 0.00000000000, -0.00000000009, -0.00000004396
355, 50.00000000000, 621.24133087568, 97.42808826133, 4.12500003222, 0.00000000000, 0.00000000080, -0.00000000438
356, 50.00000000000, 621.02337295467, 173.31439765550, 4.12500003222, 0.00000000000, -0.00000000574, 0.00000001519
357, 50.00000000000, 650.96043578357, 107.09310743302, 4.12500003222, 0.00000000000, -0.00000000758, 0.00000000134
358, 50.00000000000, 641.68837383605, 175.76521157775, 4.12500003222, 0.00000000000, 0.00000000008, -0.00000000722
359, 50.00000000000, 683.79355610753, -30000000.00000000000, 0.00000000000, 0.00000000000, -0.00000056277, 0.66000001198
360, 50.00000000000, 712.63352214218, 119.16362456692, 4.12500003222, 0.00000000000, 0.00000000450, -0.00000001180
361, 50.00000000000, 726.26177864252, 31.35085942613, 4.12500003222, 0.00000000000, -0.00000000238, -0.00000000413
362, 50.00000000000, 747.66760141862, 112.47199843942, 4.12500003222, 0.00000000000, -0.00000000828, -0.00000001971
363, 50.00000000000, 744.87305876096, 35.80016569422, 4.12500003222, 0.00000000000, -0.00000000674, 0.00000000782
364, 50.00000000000, 755.43400260374, 80.58682786378, 4.12500003222, 0.00000000000, 0.00000000232, 0.00000000993
365, 50.00000000000, 795.89562387437, 240.60120044162, 4.12500003222, 0.00000000000, 0.00000000389, 0.00000000081
366, 50.00000000000, 807.98956735489, -30000000.00000000000, 0.00000000000, 0.00000000000, -0.00000008405, 0.66000001198
367, 50.00000000000, 811.47827788867, -30000000.00000000000, 0.00000000000, 0.00000000000, 0.00000036708, 0.66000001198
368, 50.00000000000, 833.69649444093, -30000000.00000000000, 0.00000000000, 0.00000000000, -0.00000141773, 0.66000001198
369, 50.00000000000, 829.66263051823, 123.78758910082, 4.12500003222, 0.00000000000, -0.00000000125, 0.00000001625
370, 50.00000000000, 862.15361832824, 109.76868413075, 4.12500003222, 0.00000000000, 0.00000000535, -0.00000002177
371, 50.00000000000, 890.63339669740, -30000000.00000000000, 0.00000000000, 0.00000000000, 0.00000103162, 0.66000001198
372, 50.00000000000, 897.18843107869, 88.07641016284, 4.12500003222, 0.00000000000, 0.00000000229, 0.00000001081
373, 50.00000000000, 911.62467067728, 56.64667636458, 4.12500003222, 0.00000000000, -0.00000000057, -0.00000001337
374, 50.00000000000, 934.91305927099, 47.47618208623, 4.12500003222, 0.00000000000, -0.00000000185, 0.00000002444
375, 50.00000000000, 963.24966930524, -30000000.00000000000, 0.00000000000, 0.00000000000, 0.00000058485, 0.66000001198
376, 50.00000000000, 975.56517072570, -30000000.00000000000, 0.00000000000, 0.00000000000, -0.00000023486, 0.66000001198
377, 50.00000000000, 982.86401002826, 20.04042049672, 4.12500003222, 0.00000000000, 0.00000000490, -0.00000002411
378, 50.00000000000, 995.65304658519, 37.57179109030, 4.12500003222, 0.00000000000, -0.00000000303, -0.00000000414
379, 50.00000000000, 1012.21083843406, 87.93070481277, 4.12500003222, 0.00000000000, -0.00000000065, 0.00000000334
380, 50.00000000000, 1030.05271876968, 70.32637226588, 4.12500003222, 0.00000000000, -0.00000000864, 0.00000006426
381, 50.00000000000, 1039.11665689712, 106.65084404728, 4.12500003222, 0.00000000000, 0.00000000117, 0.00000000999
382, 50.00000000000, 1061.76642589331, 74.35593216557, 4.12500003222, 0.00000000000, -0.00000000692, -0.00000000556
383, 50.00000000000, 1075.92156276731, 70.43976420417, 4.12500003222, 0.00000000000, 0.00000000154, -0.00000000712
384, 50.00000000000, 1082.84017997328, 32.25214068485, 4.12500003222, 0.00000000000, -0.00000000453, -0.00000001158
385, 50.00000000000, 1103.73101796178, 42.26310445174, 4.12500003222, 0.00000000000, -0.00000000026, 0.00000002336
386, 50.00000000000, 1124.13308159821, 43.65404133909, 4.12500003222, 0.00000000000, 0.00000001317, 0.00000002695
387, 50.00000000000, 1126.27169632352, 11.35684744663, 4.12500003222, 0.00000000000, -0.00000000606, 0.00000001985
388, 50.00000000000, 1143.63841282802, 42.44970461009, 4.12500003222, 0.00000000000, -0.00000001147, 0.00000003530
389, 50.00000000000, 1154.67903995892, 85.28871481788, 4.12500003222, 0.00000000000, 0.00000000219, 0.00000000221
390, 50.00000000000, 1177.23827150282, 89.80446693393, 4.12500003222, 0.00000000000, 0.00000000116, 0.00000001571
391, 50.00000000000, 1189.61781070362, 77.12408937034, 4.12500003222, 0.00000000000, -0.00000000352, 0.00000000979
392, 50.00000000000, 1211.75311294270, 44.95999448954, 4.12500003222, 0.00000000000, 0.00000001567, 0.00000005787
393, 50.00000000000, 1236.56604031402, 27.57450581653, 4.12500003222, 0.00000000000, -0.00000000532, 0.00000000756
394, 50.00000000000, 1224.44298082003, 84.76944268050, 4.12500003222, 0.00000000000, 0.00000000476, 0.00000001080
395, 50.00000000000, 1237.58781883366, 64.36271102733, 4.12500003222, 0.00000000000, 0.00000001776, -0.00000000660
396, 50.00000000000, 1251.26487262638, 43.49845852719, 4.12500003222, 0.00000000000, -0.00000000501, 0.00000000714
397, 50.00000000000, 1260.16513118393, 92.90654511221, 4.12500003222, 0.00000000000, 0.00000001337, -0.00000001992
398, 50.00000000000, 1289.95665293078, 106.62308280293, 4.12500003222, 0.00000000000, -0.00000000451, 0.00000000279
399, 50.00000000000, 1285.89157158171, 41.99860253060, 4.12500003222, 0.00000000000, -0.00000000005, -0.00000002396
400, 50.00000000000, 66.11211082773, 30.75041036024, 4.12500003222, 0.00000000000, -0.00000000411, 0.00000000054
401, 50.00000000000, 75.27797689015, 52.95663151003, 4.12500003222, 0.00000000000, 0.00000000549, 0.00000001601
402, 50.00000000000, 104.23730676422, 98.45977073289, 4.12500003222, 0.00000000000, -0.00000000728, -0.00000000376
403, 50.00000000000, 105.61584735893, 60.66172934394, 4.12500003222, 0.00000000000, 0.00000002049, 0.00000002023
404, 50.00000000000, 129.63711708464, 65.03529071045, 4.12500003222, 0.00000000000, -0.00000001080, -0.00000000620
405, 50.00000000000, 132.46946125755, 12.04024426443, 4.12500003222, 0.00000000000, -0.00000000439, 0.00000000021
406, 50.00000000000, 155.44545477225, 34.59729615378, 4.12500003222, 0.00000000000, -0.00000001123, 0.00000003802
407, 50.00000000000, 142.44145604792, 97.93945982923, 4.12500003222, 0.00000000000, -0.00000000555, -0.00000002522
408, 50.00000000000, 171.24714813604, 77.51623993868, 4.12500003222, 0.00000000000, -0.00000000511, -0.00000004361
409, 50.00000000000, 189.55985946429, 74.08304500219, 4.12500003222, 0.00000000000, -0.00000000424, -0.00000000933
410, 50.00000000000, 174.61594823645, 94.19924945565, 4.12500003222, 0.00000000000, -0.00000000025, 0.00000003043
411, 50.00000000000, 204.71418049420, 252.25587793232, 4.12500003222, 0.00000000000, 0.00000000000, 0.00000000000
412, 50.00000000000, 227.69367055102, 144.50108135932, 4.12500003222, 0.00000000000, -0.00000000197, 0.00000000409
413, 50.00000000000, 234.67611552191, 221.82527059650, 4.12500003222, 0.00000000000, 0.00000000000, 0.00000000000
414, 50.00000000000, 288.08362860600, 67.74608758949, 4.12500003222, 0.00000000000, -0.00000000079, 0.00000004486
415, 50.00000000000, 320.30509138278, 80.57848909599, 4.12500003222, 0.00000000000, -0.00000000112, -0.00000001410
416, 50.00000000000, 316.85813968833, 14.98044883904, 4.12500003222, 0.00000000000, -0.00000000325, 0.00000001008
417, 50.00000000000, 336.82107115207, 29.16363693623, 4.12500003222, 0.00000000000, -0.00000000538, -0.00000003343
418, 50.00000000000, 322.42956292726, -30000000.00000000000, 0.00000000000, 0.00000000000, 0.00000072823, 0.66000001198
419, 50.00000000000, 339.49563006144, -30000000.00000000000, 0.00000000000, 0.00000000000, -0.00000011559, 0.66000001198
420, 50.00000000000, 353.13639307633, 204.86540100261, 4.12500003222, 0.00000000000, 0.00000000000, 0.00000000000
421, 50.00000000000, 404.76986279768, 112.18695050626, 4.12500003222, 0.00000000000, -0.00000000300, -0.00000000050
422, 50.00000000000, 418.98671668993, 127.77515658604, 4.12500003222, 0.00000000000, -0.00000000203, -0.00000001059
423, 50.00000000000, 405.77340567594, -30000000.00000000000, 0.00000000000, 0.00000000000, 0.00000163363, 0.66000001198
424, 50.00000000000, 439.93597514721, 124.44782675969, 4.12500003222, 0.00000000000, -0.00000000183, -0.00000001031
425, 50.00000000000, 431.99413008865, -30000000.00000000000, 0.00000000000, 0.00000000000, -0.00000150851, 0.66000001198
426, 50.00000000000, 479.17051239663, 59.01063506592, 4.12500003222, 0.00000000000, -0.00000000818, -0.00000001400
427, 50.00000000000, 463.84764834275, 226.43652289279, 4.12500003222, 0.00000000000, 0.00000000170, 0.00000000236
428, 50.00000000000, 521.72586960960, 79.89974671457, 4.12500003222, 0.00000000000, 0.00000000954, -0.00000002743
429, 50.00000000000, 507.52694227155, -30000000.00000000000, 0.00000000000, 0.00000000000, 0.00000032952, 0.66000001198
430, 50.00000000000, 553.96159492676, 118.42806269026, 4.12500003222, 0.00000000000, -0.00000000813, -0.00000002987
431, 50.00000000000, 549.16258533242, 95.83914431604, 4.12500003222, 0.00000000000, 0.00000000687, 0.00000004493
432, 50.00000000000, 567.79009194951, -30000000.00000000000, 0.00000000000, 0.00000000000, -0.00000171706, 0.66000001198
433, 50.00000000000, 597.26456031269, 91.23685177516, 4.12500003222, 0.00000000000, 0.00000000195, 0.00000002243
434, 50.00000000000, 593.86202045109, 151.07850853027, 4.12500003222, 0.00000000000, -0.00000000740, -0.00000002841
435, 50.00000000000, 626.40073627974, 74.18980221901, 4.12500003222, 0.00000000000, -0.00000000519, -0.00000000331
436, 50.00000000000, 642.08174644978, 85.82421426152, 4.12500003222, 0.00000000000, -0.00000001721, 0.00000003762
437, 50.00000000000, 659.54320299680, 90.77052974038, 4.12500003222, 0.00000000000, -0.00000000158, -0.00000000307
438, 50.00000000000, 663.36718049427, 57.53354225098, 4.12500003222, 0.00000000000, 0.00000000165, -0.00000000305
439, 50.00000000000, 687.28325510769, 63.51774798902, 4.12500003222, 0.00000000000, -0.00000000568, -0.00000000777
440, 50.00000000000, 701.40894678385, 78.95664739447, 4.12500003222, 0.00000000000, 0.00000000291, -0.00000000551
441, 50.00000000000, 718.97314057585, -30000000.00000000000, 0.00000000000, 0.00000000000, -0.00000019778, 0.66000001198
442, 50.00000000000, 730.38082713688, -30000000.00000000000, 0.00000000000, 0.00000000000, 0.00000005238, 0.66000001198
443, 50.00000000000, 756.93033016969, 45.97441359003, 4.12500003222, 0.00000000000, -0.00000000093, 0.00000001399
444, 50.00000000000, 746.16784799945, 131.68926286227, 4.12500003222, 0.00000000000, 0.00000000121, 0.00000001450
445, 50.00000000000, 787.60217187423, 63.67280212693, 4.12500003222, 0.00000000000, -0.00000000405, 0.00000002328
446, 50.00000000000, 804.35165743983, 102.22059074033, 4.12500003222, 0.00000000000, -0.00000000618, -0.00000000417
447, 50.00000000000, 797.09889986777, 80.82485158064, 4.12500003222, 0.00000000000, -0.00000000854, -0.00000001293
448, 50.00000000000, 820.56216239371, 112.26574777445, 4.12500003222, 0.00000000000, -0.00000000590, 0.00000000358
449, 50.00000000000, 857.96851661740, 48.61367025743, 4.12500003222, 0.00000000000, 0.00000000210, 0.00000000542
450, 50.00000000000, 841.55398413207, 161.34146215006, 4.12500003222, 0.00000000000, -0.00000000003, -0.00000000136
451, 50.00000000000, 879.58889452404, 81.60020233331, 4.12500003222, 0.00000000000, -0.00000000326, 0.00000000559
452, 50.00000000000, 906.72404817217, -30000000.00000000000, 0.00000000000, 0.00000000000, -0.00000081974, 0.66000001198
453, 50.00000000000, 881.83974170919, 196.91374298420, 4.12500003222, 0.00000000000, -0.00000000165, 0.00000000025
454, 50.00000000000, 934.35019793830, 80.76206054993, 4.12500003222, 0.00000000000, 0.00000000244, -0.00000001371
455, 50.00000000000, 960.53549386189, -30000000.00000000000, 0.00000000000, 0.00000000000, 0.00000106156, 0.66000001198
456, 50.00000000000, 956.57715714054, 73.50049049061, 4.12500003222, 0.00000000000, 0.00000000768, 0.00000001666
457, 50.00000000000, 993.12444048294, 199.82466172182, 4.12500003222, 0.00000000000, 0.00000000000, 0.00000000000
458, 50.00000000000, 979.15907276232, 107.54102882994, 4.12500003222, 0.00000000000, -0.00000000189, -0.00000001729
459, 50.00000000000, 1003.44275011375, 106.44453272298, 4.12500003222, 0.00000000000, -0.00000000303, 0.00000002069
460, 50.00000000000, 1017.00094605671, 120.06974201306, 4.12500003222, 0.00000000000, -0.00000000198, 0.00000000856
461, 50.00000000000, 1041.12431703125, 67.33094334310, 4.12500003222, 0.00000000000, -0.00000000090, 0.00000002990
462, 50.00000000000, 1035.04655479666, 124.77019283064, 4.12500003222, 0.00000000000, -0.00000001028, -0.00000002528
463, 50.00000000000, 1069.28537382039, 134.63222330228, 4.12500003222, 0.00000000000, -0.00000000048, -0.00000000235
464, 50.00000000000, 1091.89322150104, 24.81696958386, 4.12500003222, 0.00000000000, -0.00000000311, -0.00000002867
465, 50.00000000000, 1107.28254909757, 60.01068052600, 4.12500003222, 0.00000000000, 0.00000001083, -0.00000001923
466, 50.00000000000, 1121.70210395821, 58.79326531171, 4.12500003222, 0.00000000000, -0.00000000728, -0.00000006212
467, 50.00000000000, 1133.69384529269, 59.27175312255, 4.12500003222, 0.00000000000, -0.00000000137, -0.00000004951
468, 50.00000000000, 1144.97727765837, 80.65575352237, 4.12500003222, 0.00000000000, 0.00000000682, 0.00000004341
469, 50.00000000000, 1159.76093447585, 99.32455662041, 4.12500003222, 0.00000000000, -0.00000001104, -0.00000003088
470, 50.00000000000, 1167.02956530151, 78.59240847466, 4.12500003222, 0.00000000000, 0.00000000042, 0.00000001243
471, 50.00000000000, 1203.56161713699, 36.14913604920, 4.12500003222, 0.00000000000, -0.00000000031, -0.00000000683
472, 50.00000000000, 1170.63791609508, 131.07232823281, 4.12500003222, 0.00000000000, 0.00000000143, -0.00000000502
473, 50.00000000000, 1206.27417101974, 93.21205049181, 4.12500003222, 0.00000000000, -0.00000001050, -0.00000001659
474, 50.00000000000, 1230.27656438084, 70.53985695547, 4.12500003222, 0.00000000000, 0.00000000743, 0.00000000999
475, 50.00000000000, 1270.12944402703, 14.16976141638, 4.12500003222, 0.00000000000, -0.00000000817, -0.00000000314
476, 50.00000000000, 1236.32648916124, 90.42971183441, 4.12500003222, 0.00000000000, -0.00000000396, -0.00000000292
477, 50.00000000000, 1266.77495065397, 131.97589714306, 4.12500003222, 0.00000000000, -0.00000000068, 0.00000001487
478, 50.00000000000, 1278.35494410092, 74.54331055847, 4.12500003222, 0.00000000000, 0.00000000284, -0.00000004944
479, 50.00000000000, 1299.43425873006, 70.88293864047, 4.12500003222, 0.00000000000, -0.00000000282, 0.00000001137
480, 50.00000000000, 60.78797167022, 45.70670065034, 4.12500003222, 0.00000000000, 0.00000000177, 0.00000000824
481, 50.00000000000, 85.29568930016, 92.91478524500, 4.12500003222, 0.00000000000, 0.00000001282, 0.00000000273
482, 50.00000000000, 97.45523663315, 39.89780109524, 4.12500003222, 0.00000000000, -0.00000000631, 0.00000002642
483, 50.00000000000, 114.92890694052, 46.06479931783, 4.12500003222, 0.00000000000, -0.00000000916, 0.00000003933
484, 50.00000000000, 114.09025183884, 118.06827941444, 4.12500003222, 0.00000000000, 0.00000000654, -0.00000000452
485, 50.00000000000, 139.32170912905, 49.82610272646, 4.12500003222, 0.00000000000, -0.00000000229, -0.00000003513
486, 50.00000000000, 160.77028996471, 58.59774877955, 4.12500003222, 0.00000000000, 0.00000000424, 0.00000000719
487, 50.00000000000, 174.25271950077, 6.93993116695, 4.12500003222, 0.00000000000, -0.00000000876, -0.00000003751
488, 50.00000000000, 150.14902909820, 129.73309017236, 4.12500003222, 0.00000000000, -0.00000000012, 0.00000001126
489, 50.00000000000, 164.42690161924, 71.94710561840, 4.12500003222, 0.00000000000, 0.00000001505, 0.00000000609
490, 50.00000000000, 213.08947813538, 40.81754366880, 4.12500003222, 0.00000000000, 0.00000000336, -0.00000000778
491, 50.00000000000, 209.51504879301, 134.91417855262, 4.12500003222, 0.00000000000, 0.00000000390, 0.00000000589
492, 50.00000000000, 208.22715095049, 114.74305668375, 4.12500003222, 0.00000000000, 0.00000000399, -0.00000001322
493, 50.00000000000, 268.54979737459, 70.44775874062, 4.12500003222, 0.00000000000, 0.00000000280, 0.00000002241
494, 50.00000000000, 282.38677613955, 12.64302632981, 4.12500003222, 0.00000000000, 0.00000000396, -0.00000000185
495, 50.00000000000, 300.35596222889, 45.81577458388, 4.12500003222, 0.00000000000, 0.00000000327, -0.00000000993
496, 50.00000000000, 314.95872949177, 27.15970913314, 4.12500003222, 0.00000000000, -0.00000000883, 0.00000004684
497, 50.00000000000, 352.21810155552, 71.72033920708, 4.12500003222, 0.00000000000, 0.00000000293, 0.00000000774
498, 50.00000000000, 365.35584262068, 53.56935340571, 4.12500003222, 0.00000000000, 0.00000001197, -0.00000003292
499, 50.00000000000, 374.81554082263, 76.67736580715, 4.12500003222, 0.00000000000, 0.00000001026, -0.00000002838
500, 50.00000000000, 390.77461256184, 33.73142384430, 4.12500003222, 0.00000000000, -0.00000000373, -0.00000001453
501, 50.00000000000, 411.73657344161, 104.52576167640, 4.12500003222, 0.00000000000, 0.00000000181, 0.00000001678
502, 50.00000000000, 415.46282764260, 55.44545772494, 4.12500003222, 0.00000000000, -0.00000000663, -0.00000002065
503, 50.00000000000, 439.71703556478, 73.09405304716, 4.12500003222, 0.00000000000, 0.00000000442, -0.00000003428
504, 50.00000000000, 421.88715905444, -30000000.00000000000, 0.00000000000, 0.00000000000, 0.00000027989, 0.66000001198
505, 50.00000000000, 450.32255691577, 211.15476163476, 4.12500003222, 0.00000000000, -0.00000000089, -0.00000000201
506, 50.00000000000, 470.72407931426, 207.47284149358, 4.12500003222, 0.00000000000, -0.00000000031, -0.00000000013
507, 50.00000000000, 496.86970569844, 57.57917180596, 4.12500003222, 0.00000000000, -0.00000000059, 0.00000002339
508, 50.00000000000, 510.00487663421, 96.10287550384, 4.12500003222, 0.00000000000, -0.00000000397, 0.00000000512
509, 50.00000000000, 490.91131154844, 203.39006213951, 4.12500003222, 0.00000000000, -0.00000000179, 0.00000000534
510, 50.00000000000, 529.65376166794, -30000000.00000000000, 0.00000000000, 0.00000000000, 0.00000028521, 0.66000001198
511, 50.00000000000, 557.38279179025, 155.26821611961, 4.12500003222, 0.00000000000, 0.00000000639, 0.00000002150
512, 50.00000000000, 580.21382785775, 166.49408285841, 4.12500003222, 0.00000000000, 0.00000000344, 0.00000000602
513, 50.00000000000, 599.72002630575, 126.80722894556, 4.12500003222, 0.00000000000, 0.00000000329, 0.00000000672
514, 50.00000000000, 612.26603046482, 119.31561910981, 4.12500003222, 0.00000000000, -0.00000000507, -0.00000000731
515, 50.00000000000, 623.18430327413, 137.74593801239, 4.12500003222, 0.00000000000, -0.00000000017, 0.00000001047
516, 50.00000000000, 633.52634916971, -30000000.00000000000, 0.00000000000, 0.00000000000, 0.00000124373, 0.66000001198
517, 50.00000000000, 646.06146425565, 71.39015790147, 4.12500003222, 0.00000000000, 0.00000000764, -0.00000000515
518, 50.00000000000, 662.06252479372, 175.57181744459, 4.12500003222, 0.00000000000, 0.00000000591, 0.00000000846
519, 50.00000000000, 678.92578256027, 80.03152114290, 4.12500003222, 0.00000000000, -0.00000000313, -0.00000000711
520, 50.00000000000, 701.66737116100, -30000000.00000000000, 0.00000000000, 0.00000000000, -0.00000054288, 0.66000001198
521, 50.00000000000, 735.58929559758, 93.18064465484, 4.12500003222, 0.00000000000, -0.00000000216, 0.00000001102
522, 50.00000000000, 747.57765653794, 61.42207335283, 4.12500003222, 0.00000000000, 0.00000000523, -0.00000000152
523, 50.00000000000, 747.66260697377, -30000000.00000000000, 0.00000000000, 0.00000000000, -0.00000066804, 0.66000001198
524, 50.00000000000, 776.82415583468, 234.68324731520, 4.12500003222, 0.00000000000, 0.00000000051, -0.00000000530
525, 50.00000000000, 780.60005647343, -30000000.00000000000, 0.00000000000, 0.00000000000, -0.00000020647, 0.66000001198
526, 50.00000000000, 785.19927722963, 115.26137682166, 4.12500003222, 0.00000000000, 0.00000000841, -0.00000002886
527, 50.00000000000, 817.74198829756, 87.83388501978, 4.12500003222, 0.00000000000, 0.00000000398, 0.00000000855
528, 50.00000000000, 817.66943008924, 136.43705833968, 4.12500003222, 0.00000000000, 0.00000000511, -0.00000000118
529, 50.00000000000, 838.58376835234, 140.07837566915, 4.12500003222, 0.00000000000, -0.00000000655, -0.00000000857
530, 50.00000000000, 857.65031972608, 147.77998800211, 4.12500003222, 0.00000000000, 0.00000000111, 0.00000000013
531, 50.00000000000, 879.03318359299, 100.49409142011, 4.12500003222, 0.00000000000, -0.00000000296, -0.00000001193
532, 50.00000000000, 913.89300562644, -30000000.00000000000, 0.00000000000, 0.00000000000, -0.00000106621, 0.66000001198
533, 50.00000000000, 925.91581700055, 64.23563921879, 4.12500003222, 0.00000000000, 0.00000001049, -0.00000001404
534, 50.00000000000, 917.58890378553, 194.11261551599, 4.12500003222, 0.00000000000, 0.00000000111, -0.00000000779
535, 50.00000000000, 950.19982812655, 90.50385070249, 4.12500003222, 0.00000000000, 0.00000000092, 0.00000000372
536, 50.00000000000, 969.06818902915, 93.90849594905, 4.12500003222, 0.00000000000, -0.00000000291, 0.00000000893
537, 50.00000000000, 961.00480147221, 21.10624224347, 4.12500003222, 0.00000000000, -0.00000000743, 0.00000001685
538, 50.00000000000, 993.84657045774, 61.76164104371, 4.12500003222, 0.00000000000, -0.00000000298, 0.00000000124
539, 50.00000000000, 1010.26660797992, 55.38935085288, 4.12500003222, 0.00000000000, 0.00000000270, -0.00000000947
540, 50.00000000000, 1026.05573511250, 48.98815908082, 4.12500003222, 0.00000000000, -0.00000001260, -0.00000001826
541, 50.00000000000, 1048.00620716068, 54.18495854822, 4.12500003222, 0.00000000000, 0.00000000270, 0.00000001394
542, 50.00000000000, 1057.85977457432, 33.29054876994, 4.12500003222, 0.00000000000, 0.00000000081, -0.00000001673
543, 50.00000000000, 1098.15561847898, 204.52502007660, 4.12500003222, 0.00000000000, 0.00000000000, 0.00000000000
544, 50.00000000000, 1096.00847893928, 62.10628757105, 4.12500003222, 0.00000000000, 0.00000000773, -0.00000000338
545, 50.00000000000, 1138.42635335651, 185.11153485715, 4.12500003222, 0.00000000000, -0.00000000086, -0.00000000517
546, 50.00000000000, 1141.75357577761, 205.71617009701, 4.12500003222, 0.00000000000, 0.00000000086, 0.00000000517
547, 50.00000000000, 1131.95725158240, 24.92392337063, 4.12500003222, 0.00000000000, -0.00000000495, 0.00000000405
548, 50.00000000000, 1140.90009801706, 100.81919439981, 4.12500003222, 0.00000000000, 0.00000000032, 0.00000000420
549, 50.00000000000, 1173.29840283322, 48.12613751647, 4.12500003222, 0.00000000000, 0.00000001045, 0.00000002007
550, 50.00000000000, 1192.99827367756, 51.78863014973, 4.12500003222, 0.00000000000, -0.00000000104, -0.00000000753
551, 50.00000000000, 1174.28903450782, 110.53165735276, 4.12500003222, 0.00000000000, 0.00000000034, 0.00000001515
552, 50.00000000000, 1207.43864098449, 70.30511914549, 4.12500003222, 0.00000000000, 0.00000000325, 0.00000003777
553, 50.00000000000, 1217.91450057272, 93.28319058111, 4.12500003222, 0.00000000000, 0.00000000791, -0.00000004014
554, 50.00000000000, 1222.90218194754, 107.66283706456, 4.12500003222, 0.00000000000, 0.00000000511, 0.00000000625
555, 50.00000000000, 1238.58341915916, 103.27700260116, 4.12500003222, 0.00000000000, -0.00000000677, -0.00000000377
556, 50.00000000000, 1252.17500951295, 116.86517975812, 4.12500003222, 0.00000000000, -0.00000000169, 0.00000000773
557, 50.00000000000, 1262.43717271137, 152.86011732961, 4.12500003222, 0.00000000000, 0.00000000147, -0.00000000919
558, 50.00000000000, 1277.27505643739, 98.14072346821, 4.12500003222, 0.00000000000, -0.00000000201, 0.00000001165
559, 50.00000000000, 1288.89154640214, 51.97007179979, 4.12500003222, 0.00000000000, 0.00000000316, 0.00000001126
560, 50.00000000000, 73.43954890930, 78.04566325579, 4.12500003222, 0.00000000000, -0.00000000009, -0.00000001173
561, 50.00000000000, 27.40234885013, 294.53711438765, 4.12500003222, 0.00000000000, 0.00000000000, 0.00000000000
562, 50.00000000000, 97.69075620796, 78.00048058793, 4.12500003222, 0.00000000000, 0.00000000398, 0.00000000404
563, 50.00000000000, 123.25373765536, 100.09832008557, 4.12500003222, 0.00000000000, -0.00000000092, 0.00000001609
564, 50.00000000000, 92.55228542405, 114.02503560547, 4.12500003222, 0.00000000000, -0.00000000174, -0.00000002431
565, 50.00000000000, 140.97823863046, 31.63203470393, 4.12500003222, 0.00000000000, 0.00000000379, 0.00000004850
566, 50.00000000000, 149.43502308176, 56.52716310569, 4.12500003222, 0.00000000000, -0.00000000977, -0.00000001469
567, 50.00000000000, 128.63760530688, 134.63241599343, 4.12500003222, 0.00000000000, 0.00000000339, -0.00000001445
568, 50.00000000000, 157.42368733663, 110.74615242836, 4.12500003222, 0.00000000000, 0.00000000262, 0.00000001486
569, 50.00000000000, 176.37068942169, 108.39766295090, 4.12500003222, 0.00000000000, -0.00000000744, -0.00000001915
570, 50.00000000000, 171.56382096590, 126.40278585998, 4.12500003222, 0.00000000000, -0.00000000346, 0.00000000147
571, 50.00000000000, 210.34300327396, 155.26338392960, 4.12500003222, 0.00000000000, -0.00000000001, -0.00000000046
572, 50.00000000000, 262.82153664053, 39.93880478242, 4.12500003222, 0.00000000000, 0.00000000258, -0.00000000316
573, 50.00000000000, 226.82561266081, 124.35551803107, 4.12500003222, 0.00000000000, 0.00000000120, -0.00000000300
574, 50.00000000000, 289.30420815630, 60.39777521823, 4.12500003222, 0.00000000000, 0.00000000380, -0.00000000153
575, 50.00000000000, 301.56431671458, 25.47560506842, 4.12500003222, 0.00000000000, 0.00000000378, -0.00000003282
576, 50.00000000000, 281.20187564928, 149.39560353169, 4.12500003222, 0.00000000000, 0.00000000026, 0.00000000502
577, 50.00000000000, 341.32336818919, 80.73812184421, 4.12500003222, 0.00000000000, 0.00000000723, -0.00000000197
578, 50.00000000000, 320.24312966861, 202.22198337964, 4.12500003222, 0.00000000000, 0.00000000000, 0.00000000000
579, 50.00000000000, 382.58433932237, 118.37455466114, 4.12500003222, 0.00000000000, 0.00000000628, 0.00000000760
580, 50.00000000000, 396.20689245527, 69.20230523915, 4.12500003222, 0.00000000000, -0.00000000164, -0.00000004173
581, 50.00000000000, 401.18136792756, 124.90179181397, 4.12500003222, 0.00000000000, 0.00000000458, -0.00000001294
582, 50.00000000000, 390.77758831900, 171.59488103248, 4.12500003222, 0.00000000000, 0.00000000000, 0.00000000000
583, 50.00000000000, 426.54548368145, 74.54944232122, 4.12500003222, 0.00000000000, 0.00000000541, -0.00000001714
584, 50.00000000000, 446.05237666735, 104.77179477010, 4.12500003222, 0.00000000000, -0.00000000006, 0.00000002326
585, 50.00000000000, 442.52616531724, -30000000.00000000000, 0.00000000000, 0.00000000000, -0.00000187657, 0.66000001198
586, 50.00000000000, 470.37199441572, 103.45414473510, 4.12500003222, 0.00000000000, -0.00000000399, -0.00000000491
587, 50.00000000000, 484.27197825319, 222.97477804255, 4.12500003222, 0.00000000000, 0.00000000129, -0.00000000556
588, 50.00000000000, 513.07752741466, 71.22110816935, 4.12500003222, 0.00000000000, 0.00000001336, -0.00000001976
589, 50.00000000000, 529.23334157236, 67.74324720501, 4.12500003222, 0.00000000000, -0.00000001726, 0.00000003181
590, 50.00000000000, 544.49936220059, 78.75112205951, 4.12500003222, 0.00000000000, -0.00000001289, -0.00000001325
591, 50.00000000000, 564.14634119491, 173.56572787049, 4.12500003222, 0.00000000000, -0.00000000812, 0.00000000614
592, 50.00000000000, 584.12564114125, 134.62171524786, 4.12500003222, 0.00000000000, -0.00000000055, 0.00000003948
593, 50.00000000000, 605.28944265362, 84.48605909625, 4.12500003222, 0.00000000000, 0.00000000418, 0.00000001372
594, 50.00000000000, 613.17751083853, 155.52444596229, 4.12500003222, 0.00000000000, 0.00000000422, 0.00000000702
595, 50.00000000000, 634.57767367195, 117.94881701988, 4.12500003222, 0.00000000000, 0.00000000638, -0.00000001241
596, 50.00000000000, 637.14340381191, 94.47766393033, 4.12500003222, 0.00000000000, 0.00000000069, -0.00000000117
597, 50.00000000000, 633.04611228057, 156.42265787152, 4.12500003222, 0.00000000000, 0.00000000082, -0.00000000380
598, 50.00000000000, 667.19049989530, -30000000.00000000000, 0.00000000000, 0.00000000000, -0.00000021048, 0.66000001198
599, 50.00000000000, 653.11400645104, 157.73783345597, 4.12500003222, 0.00000000000, -0.00000000226, -0.00000000333
600, 50.00000000000, 703.58707089712, -30000000.00000000000, 0.00000000000, 0.00000000000, -0.00000033473, 0.66000001198
601, 50.00000000000, 725.51186216198, 135.20443741328, 4.12500003222, 0.00000000000, 0.00000000371, 0.00000000052
602, 50.00000000000, 738.36953134685, 54.07216402512, 4.12500003222, 0.00000000000, 0.00000001070, -0.00000000040
603, 50.00000000000, 762.33613964542, -30000000.00000000000, 0.00000000000, 0.00000000000, 0.00000045388, 0.66000001198
604, 50.00000000000, 767.22635398148, 62.70828518786, 4.12500003222, 0.00000000000, 0.00000000553, 0.00000001106
605, 50.00000000000, 786.29172398836, 96.12626843372, 4.12500003222, 0.00000000000, -0.00000000467, 0.00000002374
606, 50.00000000000, 792.74161551818, 220.50721078559, 4.12500003222, 0.00000000000, -0.00000000440, 0.00000000449
607, 50.00000000000, 805.34677420795, 122.26193896912, 4.12500003222, 0.00000000000, 0.00000000338, -0.00000000233
608, 50.00000000000, 841.76346034486, 118.56822587433, 4.12500003222, 0.00000000000, -0.00000000225, -0.00000000787
609, 50.00000000000, 853.45278800051, 127.62984830331, 4.12500003222, 0.00000000000, -0.00000000675, -0.00000000952
610, 50.00000000000, 860.78695731026, 168.09897268657, 4.12500003222, 0.00000000000, 0.00000000044, -0.00000000914
611, 50.00000000000, 877.04792786103, 155.29948777075, 4.12500003222, 0.00000000000, 0.00000000047, 0.00000000868
612, 50.00000000000, 879.73987830713, 176.26824244687, 4.12500003222, 0.00000000000, 0.00000000273, -0.00000001517
613, 50.00000000000, 912.07784843175, 76.01474107455, 4.12500003222, 0.00000000000, 0.00000000169, 0.00000000913
614, 50.00000000000, 900.72305102250, 204.78788968817, 4.12500003222, 0.00000000000, -0.00000000657, 0.00000000723
615, 50.00000000000, 958.08069918257, 106.69900199084, 4.12500003222, 0.00000000000, -0.00000000180, 0.00000000302
616, 50.00000000000, 971.09335390156, 60.81433019712, 4.12500003222, 0.00000000000, 0.00000000204, 0.00000002807
617, 50.00000000000, 979.55168653451, 129.21047345445, 4.12500003222, 0.00000000000, 0.00000000032, 0.00000000918
618, 50.00000000000, 993.74510169815, 115.75066411902, 4.12500003222, 0.00000000000, 0.00000000996, 0.00000000293
619, 50.00000000000, 1016.62951119248, 69.68897419674, 4.12500003222, 0.00000000000, -0.00000000047, -0.00000000800
620, 50.00000000000, 1030.21275199838, 87.19798447099, 4.12500003222, 0.00000000000, -0.00000000129, -0.00000002209
621, 50.00000000000, 1035.75632495234, 32.56185037095, 4.12500003222, 0.00000000000, 0.00000000468, -0.00000002696
622, 50.00000000000, 1049.47365882118, 139.03522232693, 4.12500003222, 0.00000000000, 0.00000000419, 0.00000000053
623, 50.00000000000, 1055.25798643779, 119.27358228733, 4.12500003222, 0.00000000000, -0.00000000216, 0.00000000888
624, 50.00000000000, 1092.06667495224, 44.15420835154, 4.12500003222, 0.00000000000, 0.00000000807, -0.00000001311
625, 50.00000000000, 1092.23937609985, 77.49455462482, 4.12500003222, 0.00000000000, 0.00000000107, -0.00000000482
626, 50.00000000000, 1123.63291020273, 92.58624629033, 4.12500003222, 0.00000000000, 0.00000000496, -0.00000000910
627, 50.00000000000, 1131.70245988915, 81.00887105328, 4.12500003222, 0.00000000000, 0.00000000847, 0.00000002638
628, 50.00000000000, 1155.65746667610, 61.19813329785, 4.12500003222, 0.00000000000, 0.00000000014, 0.00000001302
629, 50.00000000000, 1166.58761153474, 69.02702066714, 4.12500003222, 0.00000000000, -0.00000000233, -0.00000004678
630, 50.00000000000, 1191.89965390810, 44.58927340602, 4.12500003222, 0.00000000000, -0.00000000395, -0.00000000508
631, 50.00000000000, 1187.35290231663, 142.66965657383, 4.12500003222, 0.00000000000, 0.00000000098, 0.00000000068
632, 50.00000000000, 1199.61630353075, 84.87095129267, 4.12500003222, 0.00000000000, 0.00000000047, 0.00000002820
633, 50.00000000000, 1205.29210638220, 110.46686942459, 4.12500003222, 0.00000000000, -0.00000000312, 0.00000000411
634, 50.00000000000, 1242.70690407125, 159.10532945516, 4.12500003222, 0.00000000000, 0.00000000224, -0.00000000924
635, 50.00000000000, 1233.66152321881, 124.12501827915, 4.12500003222, 0.00000000000, -0.00000000188, -0.00000000500
636, 50.00000000000, 1254.71141050427, 74.45753092703, 4.12500003222, 0.00000000000, -0.00000001178, -0.00000001218
637, 50.00000000000, 1247.69061545578, 138.59340096256, 4.12500003222, 0.00000000000, 0.00000000396, -0.00000000501
638, 50.00000000000, 1288.93954074883, 20.26617557993, 4.12500003222, 0.00000000000, 0.00000000843, -0.00000002398
639, 50.00000000000, 1304.01468567475, 33.72053322694, 4.12500003222, 0.00000000000, 0.00000000019, 0.00000000963
