0, 50.00000000000, 83.00332293726, 66.26596085004, 4.12500003222, 0.00000000000, -0.00000000413, -0.00000000613
1, 50.00000000000, 31.17842742412, 224.54364891380, 4.12500003222, 0.00000000000, 0.00000000000, 0.00000000000
2, 50.00000000000, 117.18058485824, 10.40772050768, 4.12500003222, 0.00000000000, 0.00000000690, -0.00000000266
3, 50.00000000000, 135.64049612763, 58.58901595715, 4.12500003222, 0.00000000000, 0.00000000941, 0.00000001157
4, 50.00000000000, 147.52631011026, 27.28572707276, 4.12500003222, 0.00000000000, 0.00000001228, 0.00000000949
5, 50.00000000000, 162.75685605984, 44.50109700534, 4.12500003222, 0.00000000000, 0.00000000785, 0.00000001095
6, 50.00000000000, 176.60349227319, 26.83308411560, 4.12500003222, 0.00000000000, -0.00000001824, -0.00000001317
7, 50.00000000000, 179.65160171703, 12.64965439914, 4.12500003222, 0.00000000000, 0.00000000038, 0.00000001265
8, 50.00000000000, 203.22754785959, 11.25514598610, 4.12500003222, 0.00000000000, -0.00000000102, 0.00000001161
9, 50.00000000000, 210.73562605042, 45.96114679433, 4.12500003222, 0.00000000000, 0.00000000392, 0.00000002803
10, 50.00000000000, 218.63434345383, 8.16966322399, 4.12500003222, 0.00000000000, -0.00000001085, 0.00000001812
11, 50.00000000000, 257.93590560018, 21.36696805297, 4.12500003222, 0.00000000000, 0.00000000321, 0.00000002214
12, 50.00000000000, 255.77529214476, 8.97637450053, 4.12500003222, 0.00000000000, 0.00000000072, -0.00000001283
13, 50.00000000000, 291.85771861242, 25.37668600823, 4.12500003222, 0.00000000000, 0.00000000120, 0.00000002158
14, 50.00000000000, 302.95736633383, 29.25776989844, 4.12500003222, 0.00000000000, -0.00000001374, -0.00000000908
15, 50.00000000000, 321.68997828409, 38.65708508239, 4.12500003222, 0.00000000000, 0.00000002021, -0.00000003237
16, 50.00000000000, 324.43405875278, 4.85177400178, 4.12500003222, 0.00000000000, -0.00000000468, -0.00000004649
17, 50.00000000000, 342.15580111277, 42.41721426226, 4.12500003222, 0.00000000000, -0.00000000202, -0.00000000389
18, 50.00000000000, 320.77220573898, -30000000.00000000000, 0.00000000000, 0.00000000000, 0.00000086896, 0.66000001198
19, 50.00000000000, 395.81707800349, 84.01326899971, 4.12500003222, 0.00000000000, 0.00000000179, -0.00000001486
20, 50.00000000000, 354.78505746845, -30000000.00000000000, 0.00000000000, 0.00000000000, -0.00000024838, 0.66000001198
21, 50.00000000000, 416.55197099522, 32.31775688010, 4.12500003222, 0.00000000000, 0.00000000062, 0.00000001707
22, 50.00000000000, 435.54700288831, 112.82306725124, 4.12500003222, 0.00000000000, -0.00000000324, -0.00000002450
23, 50.00000000000, 441.28413343327, 53.27350468558, 4.12500003222, 0.00000000000, 0.00000001200, -0.00000000438
24, 50.00000000000, 432.27415748936, -30000000.00000000000, 0.00000000000, 0.00000000000, -0.00000154884, 0.66000001198
25, 50.00000000000, 457.82947531209, 66.61873998820, 4.12500003222, 0.00000000000, -0.00000000803, -0.00000001028
26, 50.00000000000, 476.76829661492, 52.36930277717, 4.12500003222, 0.00000000000, -0.00000001787, -0.00000000388
27, 50.00000000000, 494.04610335087, 47.58544955752, 4.12500003222, 0.00000000000, -0.00000000291, -0.00000003970
28, 50.00000000000, 490.80233750401, -30000000.00000000000, 0.00000000000, 0.00000000000, 0.00000049650, 0.66000001198
29, 50.00000000000, 545.50094299954, 132.32136226355, 4.12500003222, 0.00000000000, -0.00000000365, 0.00000001166
30, 50.00000000000, 549.33292919085, 57.29880633650, 4.12500003222, 0.00000000000, -0.00000000179, 0.00000001083
31, 50.00000000000, 543.19691392511, -30000000.00000000000, 0.00000000000, 0.00000000000, -0.00000031239, 0.66000001198
32, 50.00000000000, 553.51083804229, -30000000.00000000000, 0.00000000000, 0.00000000000, -0.00000083369, 0.66000001198
33, 50.00000000000, 579.37083240396, -30000000.00000000000, 0.00000000000, 0.00000000000, -0.00000082370, 0.66000001198
34, 50.00000000000, 605.58006339625, 62.30785047679, 4.12500003222, 0.00000000000, -0.00000000292, 0.00000000792
35, 50.00000000000, 630.28195421680, 99.41428953994, 4.12500003222, 0.00000000000, -0.00000000465, 0.00000002306
36, 50.00000000000, 634.34508717800, -30000000.00000000000, 0.00000000000, 0.00000000000, 0.00000103929, 0.66000001198
37, 50.00000000000, 652.04110327195, -30000000.00000000000, 0.00000000000, 0.00000000000, 0.00000034749, 0.66000001198
38, 50.00000000000, 665.81883992390, -30000000.00000000000, 0.00000000000, 0.00000000000, -0.00000046471, 0.66000001198
39, 50.00000000000, 689.62023614904, -30000000.00000000000, 0.00000000000, 0.00000000000, -0.00000146193, 0.66000001198
40, 50.00000000000, 700.00972289972, -30000000.00000000000, 0.00000000000, 0.00000000000, -0.00000081334, 0.66000001198
41, 50.00000000000, 719.85141430925, -30000000.00000000000, 0.00000000000, 0.00000000000, -0.00000036030, 0.66000001198
42, 50.00000000000, 731.65337318926, 61.57759953561, 4.12500003222, 0.00000000000, 0.00000000004, 0.00000001300
43, 50.00000000000, 747.85773985414, 90.39538309077, 4.12500003222, 0.00000000000, -0.00000000037, 0.00000000034
44, 50.00000000000, 765.85542252009, 90.40993982458, 4.12500003222, 0.00000000000, 0.00000000020, 0.00000001816
45, 50.00000000000, 785.39871402538, -30000000.00000000000, 0.00000000000, 0.00000000000, 0.00000067281, 0.66000001198
46, 50.00000000000, 802.72063867561, -30000000.00000000000, 0.00000000000, 0.00000000000, -0.00000020174, 0.66000001198
47, 50.00000000000, 821.86992796889, -30000000.00000000000, 0.00000000000, 0.00000000000, -0.00000056600, 0.66000001198
48, 50.00000000000, 835.05849387833, -30000000.00000000000, 0.00000000000, 0.00000000000, -0.00000162012, 0.66000001198
49, 50.00000000000, 837.29159024758, 75.34259630919, 4.12500003222, 0.00000000000, 0.00000000014, 0.00000000198
50, 50.00000000000, 877.38136137834, -30000000.00000000000, 0.00000000000, 0.00000000000, 0.00000194555, 0.66000001198
51, 50.00000000000, 893.77444871763, -30000000.00000000000, 0.00000000000, 0.00000000000, 0.00000027232, 0.66000001198
52, 50.00000000000, 863.27854191128, 177.10614805993, 4.12500003222, 0.00000000000, 0.00000000339, -0.00000001390
53, 50.00000000000, 929.93711020118, -30000000.00000000000, 0.00000000000, 0.00000000000, -0.00000148395, 0.66000001198
54, 50.00000000000, 942.00735429253, -30000000.00000000000, 0.00000000000, 0.00000000000, -0.00000026674, 0.66000001198
55, 50.00000000000, 956.53609056131, -30000000.00000000000, 0.00000000000, 0.00000000000, 0.00000118068, 0.66000001198
56, 50.00000000000, 977.98592740005, -30000000.00000000000, 0.00000000000, 0.00000000000, -0.00000065949, 0.66000001198
57, 50.00000000000, 967.62574822038, 24.36660754753, 4.12500003222, 0.00000000000, -0.00000000067, 0.00000000121
58, 50.00000000000, 1013.21777405636, -30000000.00000000000, 0.00000000000, 0.00000000000, 0.00000144585, 0.66000001198
59, 50.00000000000, 1009.27211045781, 23.75118153132, 4.12500003222, 0.00000000000, 0.00000000444, -0.00000001428
60, 50.00000000000, 1020.79567313180, 77.07747654687, 4.12500003222, 0.00000000000, 0.00000000151, -0.00000000031
61, 50.00000000000, 1061.90329918524, -30000000.00000000000, 0.00000000000, 0.00000000000, 0.00000017793, 0.66000001198
62, 50.00000000000, 1072.90617315572, -30000000.00000000000, 0.00000000000, 0.00000000000, 0.00000042735, 0.66000001198
63, 50.00000000000, 1088.80165386860, 93.47527277605, 4.12500003222, 0.00000000000, -0.00000000292, -0.00000000104
64, 50.00000000000, 1073.55040903076, 1.77959110756, 4.12500003222, 0.00000000000, 0.00000000318, 0.00000001977
65, 50.00000000000, 1099.28394369945, 71.06384094400, 4.12500003222, 0.00000000000, -0.00000000543, 0.00000001825
66, 50.00000000000, 1092.97235935128, 30.02601158690, 4.12500003222, 0.00000000000, -0.00000000811, 0.00000000520
67, 50.00000000000, 1131.22395972638, 65.91921760143, 4.12500003222, 0.00000000000, 0.00000000351, -0.00000001972
68, 50.00000000000, 1146.38851806081, 37.92167504957, 4.12500003222, 0.00000000000, -0.00000000682, 0.00000001557
69, 50.00000000000, 1152.93078035974, 5.40124912757, 4.12500003222, 0.00000000000, -0.00000000263, -0.00000001099
70, 50.00000000000, 1167.83842320249, 26.60396507198, 4.12500003222, 0.00000000000, 0.00000000445, 0.00000008904
71, 50.00000000000, 1182.92563178446, 26.86794048653, 4.12500003222, 0.00000000000, 0.00000001785, 0.00000001065
72, 50.00000000000, 1212.93871973009, 44.45855447658, 4.12500003222, 0.00000000000, 0.00000000258, 0.00000000246
73, 50.00000000000, 1176.17054417092, 100.08024007380, 4.12500003222, 0.00000000000, 0.00000000309, -0.00000002752
74, 50.00000000000, 1233.72757226865, 11.49736489630, 4.12500003222, 0.00000000000, 0.00000000146, -0.00000001019
75, 50.00000000000, 1244.88301476519, 6.38432693013, 4.12500003222, 0.00000000000, 0.00000000548, -0.00000001618
76, 50.00000000000, 1252.77567651830, 25.48362822200, 4.12500003222, 0.00000000000, 0.00000000031, -0.00000000768
77, 50.00000000000, 1257.88854049020, 37.84438936638, 4.12500003222, 0.00000000000, 0.00000001861, -0.00000005572
78, 50.00000000000, 1288.53948316030, 12.31824073354, 4.12500003222, 0.00000000000, 0.00000000675, 0.00000000120
79, 50.00000000000, 1269.50283615339, 84.84514429062, 4.12500003222, 0.00000000000, 0.00000000027, -0.00000000561
80, 50.00000000000, 82.09658665211, 12.73824031992, 4.12500003222, 0.00000000000, -0.00000000076, 0.00000001507
81, 50.00000000000, 103.45010216409, 26.49716960389, 4.12500003222, 0.00000000000, -0.00000000194, 0.00000000801
82, 50.00000000000, 124.99844170127, 20.85428734223, 4.12500003222, 0.00000000000, -0.00000000686, -0.00000002505
83, 50.00000000000, 136.56733206483, 14.71230984362, 4.12500003222, 0.00000000000, -0.00000000960, -0.00000002149
84, 50.00000000000, 138.62982477355, 35.11957772346, 4.12500003222, 0.00000000000, -0.00000000866, 0.00000005577
85, 50.00000000000, 157.23125467358, 10.41288842214, 4.12500003222, 0.00000000000, 0.00000000310, 0.00000001431
86, 50.00000000000, 167.21158761897, 9.26087587772, 4.12500003222, 0.00000000000, 0.00000000204, -0.00000001172
87, 50.00000000000, 191.37096342713, 31.10539914742, 4.12500003222, 0.00000000000, -0.00000000459, -0.00000002049
88, 50.00000000000, 186.32301112954, 42.22050739238, 4.12500003222, 0.00000000000, -0.00000001928, 0.00000005377
89, 50.00000000000, 209.39388197408, 31.95958122646, 4.12500003222, 0.00000000000, 0.00000002016, -0.00000004673
90, 50.00000000000, 239.84221687288, 16.21251347354, 4.12500003222, 0.00000000000, 0.00000000399, -0.00000004326
91, 50.00000000000, 238.88796521297, 25.89817853141, 4.12500003222, 0.00000000000, -0.00000000023, 0.00000000495
92, 50.00000000000, 277.93807163865, 32.33115363458, 4.12500003222, 0.00000000000, -0.00000000106, -0.00000002528
93, 50.00000000000, 272.80842041060, 20.78556549118, 4.12500003222, 0.00000000000, 0.00000000627, 0.00000003074
94, 50.00000000000, 298.56443678836, 45.20949831100, 4.12500003222, 0.00000000000, 0.00000000362, 0.00000001575
95, 50.00000000000, 317.81105773528, 61.91437972870, 4.12500003222, 0.00000000000, -0.00000000320, -0.00000003778
96, 50.00000000000, 340.70182358712, 9.38982777998, 4.12500003222, 0.00000000000, 0.00000001184, 0.00000000776
97, 50.00000000000, 340.13877760978, 64.95684894783, 4.12500003222, 0.00000000000, 0.00000000002, 0.00000002776
98, 50.00000000000, 364.72201052605, 39.88675539518, 4.12500003222, 0.00000000000, -0.00000000964, -0.00000001767
99, 50.00000000000, 387.49274863846, 65.50289372684, 4.12500003222, 0.00000000000, -0.00000001827, 0.00000000873
100, 50.00000000000, 354.50184675772, -30000000.00000000000, 0.00000000000, 0.00000000000, -0.00000022625, 0.66000001198
101, 50.00000000000, 373.64157133848, -30000000.00000000000, 0.00000000000, 0.00000000000, -0.00000009073, 0.66000001198
102, 50.00000000000, 392.21622457898, -30000000.00000000000, 0.00000000000, 0.00000000000, 0.00000085312, 0.66000001198
103, 50.00000000000, 435.36178503631, 90.53077251340, 4.12500003222, 0.00000000000, -0.00000001277, 0.00000003510
104, 50.00000000000, 455.92587247846, 42.12873875521, 4.12500003222, 0.00000000000, -0.00000000113, 0.00000002533
105, 50.00000000000, 461.01006637022, 55.65862688548, 4.12500003222, 0.00000000000, -0.00000001531, 0.00000000817
106, 50.00000000000, 496.54371979608, 104.33034197013, 4.12500003222, 0.00000000000, -0.00000000813, 0.00000001388
107, 50.00000000000, 478.68647748534, -30000000.00000000000, 0.00000000000, 0.00000000000, 0.00000090104, 0.66000001198
108, 50.00000000000, 528.07232275982, 92.88623315305, 4.12500003222, 0.00000000000, -0.00000000833, 0.00000002536
109, 50.00000000000, 532.73248069613, 83.15940287846, 4.12500003222, 0.00000000000, -0.00000000169, -0.00000002742
110, 50.00000000000, 539.05201668111, -30000000.00000000000, 0.00000000000, 0.00000000000, 0.00000041767, 0.66000001198
111, 50.00000000000, 545.77179603882, -30000000.00000000000, 0.00000000000, 0.00000000000, -0.00000076431, 0.66000001198
112, 50.00000000000, 584.27549662075, 92.00989848328, 4.12500003222, 0.00000000000, -0.00000000780, 0.00000001513
113, 50.00000000000, 595.26123974920, 109.49513466032, 4.12500003222, 0.00000000000, 0.00000001039, -0.00000001092
114, 50.00000000000, 620.17016199286, 115.20278651676, 4.12500003222, 0.00000000000, -0.00000000258, -0.00000000037
115, 50.00000000000, 617.08287733555, -30000000.00000000000, 0.00000000000, 0.00000000000, 0.00000207609, 0.66000001198
116, 50.00000000000, 621.15503974163, -30000000.00000000000, 0.00000000000, 0.00000000000, 0.00000135948, 0.66000001198
117, 50.00000000000, 643.59352930570, -30000000.00000000000, 0.00000000000, 0.00000000000, 0.00000028890, 0.66000001198
118, 50.00000000000, 661.93821782888, -30000000.00000000000, 0.00000000000, 0.00000000000, -0.00000066518, 0.66000001198
119, 50.00000000000, 677.80786175520, -30000000.00000000000, 0.00000000000, 0.00000000000, -0.00000008347, 0.66000001198
120, 50.00000000000, 729.78885887943, 106.57248193077, 4.12500003222, 0.00000000000, 0.00000000021, -0.00000000726
121, 50.00000000000, 718.28820415526, 55.88455396346, 4.12500003222, 0.00000000000, 0.00000000768, -0.00000000511
122, 50.00000000000, 736.49669797402, 71.04535898876, 4.12500003222, 0.00000000000, 0.00000000087, 0.00000000580
123, 50.00000000000, 752.22759272297, -30000000.00000000000, 0.00000000000, 0.00000000000, 0.00000049558, 0.66000001198
124, 50.00000000000, 776.22504025011, 36.95417425075, 4.12500003222, 0.00000000000, -0.00000000256, -0.00000000024
125, 50.00000000000, 798.16661955871, 46.39574114840, 4.12500003222, 0.00000000000, -0.00000000062, -0.00000001665
126, 50.00000000000, 796.92100672307, -30000000.00000000000, 0.00000000000, 0.00000000000, 0.00000094659, 0.66000001198
127, 50.00000000000, 822.03916367755, -30000000.00000000000, 0.00000000000, 0.00000000000, -0.00000059331, 0.66000001198
128, 50.00000000000, 847.07378851569, 57.83925939994, 4.12500003222, 0.00000000000, -0.00000000214, -0.00000000501
129, 50.00000000000, 842.17287201887, 93.80587561115, 4.12500003222, 0.00000000000, 0.00000000484, 0.00000001430
130, 50.00000000000, 889.97662670915, 56.82318489848, 4.12500003222, 0.00000000000, -0.00000000713, 0.00000004440
131, 50.00000000000, 881.29162901969, -30000000.00000000000, 0.00000000000, 0.00000000000, 0.00000181700, 0.66000001198
132, 50.00000000000, 901.95507911787, -30000000.00000000000, 0.00000000000, 0.00000000000, -0.00000031456, 0.66000001198
133, 50.00000000000, 899.06471350340, 173.36793031843, 4.12500003222, 0.00000000000, -0.00000000114, 0.00000000296
134, 50.00000000000, 939.91097101769, 48.39571936336, 4.12500003222, 0.00000000000, 0.00000000616, -0.00000002414
135, 50.00000000000, 951.64957826082, 29.48691605649, 4.12500003222, 0.00000000000, 0.00000000434, 0.00000000057
136, 50.00000000000, 972.40402886907, -30000000.00000000000, 0.00000000000, 0.00000000000, -0.00000035837, 0.66000001198
137, 50.00000000000, 987.70668772123, 37.73569903830, 4.12500003222, 0.00000000000, -0.00000000672, 0.00000000792
138, 50.00000000000, 986.24609444143, 70.98709631738, 4.12500003222, 0.00000000000, 0.00000000268, 0.00000002386
139, 50.00000000000, 1031.32907735432, -30000000.00000000000, 0.00000000000, 0.00000000000, -0.00000093901, 0.66000001198
140, 50.00000000000, 1040.42099259026, -30000000.00000000000, 0.00000000000, 0.00000000000, -0.00000085620, 0.66000001198
141, 50.00000000000, 1030.01995797620, 37.37899905100, 4.12500003222, 0.00000000000, -0.00000000831, -0.00000000272
142, 50.00000000000, 1080.47056507641, -30000000.00000000000, 0.00000000000, 0.00000000000, -0.00000023831, 0.66000001198
143, 50.00000000000, 1063.98344284081, 46.53299438427, 4.12500003222, 0.00000000000, 0.00000000094, -0.00000000549
144, 50.00000000000, 1054.22079810661, 12.54373147651, 4.12500003222, 0.00000000000, -0.00000000237, -0.00000000380
145, 50.00000000000, 1079.43963657859, 17.20180474552, 4.12500003222, 0.00000000000, -0.00000000814, -0.00000000620
146, 50.00000000000, 1109.05678438792, 35.28358783210, 4.12500003222, 0.00000000000, 0.00000001546, -0.00000001587
147, 50.00000000000, 1129.81128108018, 26.96739408554, 4.12500003222, 0.00000000000, -0.00000000319, 0.00000002030
148, 50.00000000000, 1139.05291648612, 117.64024789366, 4.12500003222, 0.00000000000, 0.00000000143, -0.00000000868
149, 50.00000000000, 1146.63168632585, 27.09083738218, 4.12500003222, 0.00000000000, -0.00000000261, 0.00000002489
150, 50.00000000000, 1163.29503209034, 35.48035245189, 4.12500003222, 0.00000000000, 0.00000000759, -0.00000002377
151, 50.00000000000, 1188.58067208888, 12.78828790573, 4.12500003222, 0.00000000000, 0.00000001620, 0.00000002825
152, 50.00000000000, 1174.88820205776, 122.35727972430, 4.12500003222, 0.00000000000, 0.00000000077, 0.00000001407
153, 50.00000000000, 1221.65256089903, 12.15323872842, 4.12500003222, 0.00000000000, -0.00000000593, -0.00000000481
154, 50.00000000000, 1238.11029546653, 27.58313308785, 4.12500003222, 0.00000000000, -0.00000000224, 0.00000002128
155, 50.00000000000, 1233.72507588017, 59.71135840865, 4.12500003222, 0.00000000000, 0.00000000261, -0.00000002852
156, 50.00000000000, 1238.25316962485, 98.64304278065, 4.12500003222, 0.00000000000, 0.00000000849, 0.00000000381
157, 50.00000000000, 1252.50990996853, 58.41202805616, 4.12500003222, 0.00000000000, -0.00000000023, 0.00000002677
158, 50.00000000000, 1253.83311142473, 112.75261145219, 4.12500003222, 0.00000000000, -0.00000000507, 0.00000000314
159, 50.00000000000, 1267.25385705498, 61.86513381838, 4.12500003222, 0.00000000000, -0.00000000341, 0.00000000240
160, 50.00000000000, 94.82019710115, 30.74346113826, 4.12500003222, 0.00000000000, 0.00000000492, 0.00000000173
161, 50.00000000000, 105.96556498992, 64.05971676397, 4.12500003222, 0.00000000000, -0.00000000093, 0.00000001458
162, 50.00000000000, 127.68070067711, 3.30006994228, 4.12500003222, 0.00000000000, 0.00000000483, 0.00000002008
163, 50.00000000000, 136.49443484964, 25.11078744607, 4.12500003222, 0.00000000000, -0.00000000938, 0.00000000022
164, 50.00000000000, 139.79038580188, 49.21222644645, 4.12500003222, 0.00000000000, 0.00000001121, -0.00000000228
165, 50.00000000000, 146.93974830231, 43.68600132452, 4.12500003222, 0.00000000000, 0.00000000075, -0.00000000170
166, 50.00000000000, 178.53871756430, 37.44687577344, 4.12500003222, 0.00000000000, -0.00000002074, 0.00000004012
167, 50.00000000000, 187.57781001773, 21.94032991773, 4.12500003222, 0.00000000000, 0.00000000283, -0.00000001417
168, 50.00000000000, 189.87142055953, 57.39245928719, 4.12500003222, 0.00000000000, 0.00000001659, -0.00000004130
169, 50.00000000000, 221.99848458253, 16.17192674308, 4.12500003222, 0.00000000000, -0.00000001049, 0.00000003924
170, 50.00000000000, 237.32445250212, 5.49651426605, 4.12500003222, 0.00000000000, 0.00000001258, 0.00000001248
171, 50.00000000000, 254.10221842805, 34.71692909483, 4.12500003222, 0.00000000000, 0.00000000113, -0.00000002208
172, 50.00000000000, 275.47550690190, 8.65238337659, 4.12500003222, 0.00000000000, -0.00000000297, 0.00000000028
173, 50.00000000000, 286.78770956199, 49.00979812216, 4.12500003222, 0.00000000000, -0.00000000653, -0.00000002561
174, 50.00000000000, 305.58012671070, 7.42785100801, 4.12500003222, 0.00000000000, -0.00000000009, 0.00000003273
175, 50.00000000000, 314.09385109837, 14.01221208277, 4.12500003222, 0.00000000000, -0.00000003576, 0.00000002384
176, 50.00000000000, 334.10894248215, 25.57713349753, 4.12500003222, 0.00000000000, 0.00000001076, 0.00000003572
177, 50.00000000000, 354.34592439371, 49.23476411076, 4.12500003222, 0.00000000000, -0.00000001556, -0.00000002479
178, 50.00000000000, 374.32063540494, 85.44225497305, 4.12500003222, 0.00000000000, -0.00000000291, 0.00000001759
179, 50.00000000000, 382.93519975326, 97.68779016914, 4.12500003222, 0.00000000000, -0.00000000518, 0.00000000111
180, 50.00000000000, 402.45212003308, 101.00101525137, 4.12500003222, 0.00000000000, 0.00000000586, 0.00000000488
181, 50.00000000000, 416.78294213913, 86.25772835443, 4.12500003222, 0.00000000000, -0.00000000348, -0.00000000946
182, 50.00000000000, 439.32259310536, 100.46057624557, 4.12500003222, 0.00000000000, 0.00000000731, -0.00000002211
183, 50.00000000000, 435.86498132311, 37.74852995227, 4.12500003222, 0.00000000000, 0.00000000775, -0.00000003169
184, 50.00000000000, 419.54036532895, -30000000.00000000000, 0.00000000000, 0.00000000000, 0.00000008439, 0.66000001198
185, 50.00000000000, 468.22400558866, 120.24193231204, 4.12500003222, 0.00000000000, 0.00000000128, -0.00000001251
186, 50.00000000000, 484.83072713998, 85.01573855587, 4.12500003222, 0.00000000000, 0.00000000163, -0.00000000849
187, 50.00000000000, 492.19053141851, 85.51072852400, 4.12500003222, 0.00000000000, 0.00000000533, -0.00000003826
188, 50.00000000000, 512.39553130568, 59.93851577748, 4.12500003222, 0.00000000000, 0.00000000116, 0.00000003441
189, 50.00000000000, 530.17262175589, 43.91383432365, 4.12500003222, 0.00000000000, 0.00000000624, 0.00000000517
190, 50.00000000000, 520.58267380689, -30000000.00000000000, 0.00000000000, 0.00000000000, 0.00000135806, 0.66000001198
191, 50.00000000000, 563.12350698300, 76.47344618572, 4.12500003222, 0.00000000000, -0.00000001227, -0.00000000994
192, 50.00000000000, 574.71849487904, 146.27667952259, 4.12500003222, 0.00000000000, 0.00000001044, -0.00000002330
193, 50.00000000000, 583.62281815122, 179.43699918176, 4.12500003222, 0.00000000000, 0.00000000371, 0.00000001617
194, 50.00000000000, 600.45198652527, 165.53070587139, 4.12500003222, 0.00000000000, 0.00000000181, -0.00000001265
195, 50.00000000000, 612.28101428985, -30000000.00000000000, 0.00000000000, 0.00000000000, 0.00000223237, 0.66000001198
196, 50.00000000000, 639.89820585641, -30000000.00000000000, 0.00000000000, 0.00000000000, 0.00000073799, 0.66000001198
197, 50.00000000000, 653.53228575771, -30000000.00000000000, 0.00000000000, 0.00000000000, -0.00000007266, 0.66000001198
198, 50.00000000000, 673.97750006430, 51.75643146800, 4.12500003222, 0.00000000000, -0.00000000082, 0.00000001352
199, 50.00000000000, 673.06020826581, -30000000.00000000000, 0.00000000000, 0.00000000000, 0.00000070719, 0.66000001198
200, 50.00000000000, 710.28028241003, 91.07171909816, 4.12500003222, 0.00000000000, -0.00000000611, -0.00000005724
201, 50.00000000000, 726.13581380302, 92.87163327239, 4.12500003222, 0.00000000000, 0.00000000099, -0.00000000625
202, 50.00000000000, 727.31498603076, 39.42120231670, 4.12500003222, 0.00000000000, 0.00000000638, 0.00000001366
203, 50.00000000000, 756.44150424276, -30000000.00000000000, 0.00000000000, 0.00000000000, -0.00000024601, 0.66000001198
204, 50.00000000000, 765.68247227427, -30000000.00000000000, 0.00000000000, 0.00000000000, -0.00000020833, 0.66000001198
205, 50.00000000000, 794.92358861205, 31.63698471588, 4.12500003222, 0.00000000000, 0.00000000473, -0.00000001729
206, 50.00000000000, 814.22506941914, 27.41249740146, 4.12500003222, 0.00000000000, -0.00000000220, 0.00000000010
207, 50.00000000000, 807.70549541401, 60.34899278434, 4.12500003222, 0.00000000000, 0.00000000382, 0.00000000851
208, 50.00000000000, 825.80029923715, 90.57648690736, 4.12500003222, 0.00000000000, 0.00000000187, -0.00000001201
209, 50.00000000000, 827.06936006529, 58.82443580499, 4.12500003222, 0.00000000000, -0.00000000108, -0.00000000631
210, 50.00000000000, 866.59283745094, -30000000.00000000000, 0.00000000000, 0.00000000000, 0.00000161984, 0.66000001198
211, 50.00000000000, 890.63605409679, -30000000.00000000000, 0.00000000000, 0.00000000000, 0.00000103109, 0.66000001198
212, 50.00000000000, 895.88160059388, 34.98478721813, 4.12500003222, 0.00000000000, 0.00000000737, -0.00000001177
213, 50.00000000000, 915.76837511254, -30000000.00000000000, 0.00000000000, 0.00000000000, -0.00000147500, 0.66000001198
214, 50.00000000000, 935.44570625622, 92.83623545864, 4.12500003222, 0.00000000000, 0.00000000015, 0.00000000385
215, 50.00000000000, 953.47865792772, 42.25784484592, 4.12500003222, 0.00000000000, 0.00000000445, 0.00000000769
216, 50.00000000000, 973.31120955447, 34.37193847813, 4.12500003222, 0.00000000000, -0.00000000364, 0.00000002127
217, 50.00000000000, 984.27381532761, -30000000.00000000000, 0.00000000000, 0.00000000000, -0.00000176700, 0.66000001198
218, 50.00000000000, 1003.32229807529, -30000000.00000000000, 0.00000000000, 0.00000000000, 0.00000034875, 0.66000001198
219, 50.00000000000, 1025.88273151686, -30000000.00000000000, 0.00000000000, 0.00000000000, -0.00000022594, 0.66000001198
220, 50.00000000000, 996.06878926769, 105.19913535829, 4.12500003222, 0.00000000000, -0.00000000190, -0.00000003947
221, 50.00000000000, 1043.55672150016, 33.41795582664, 4.12500003222, 0.00000000000, 0.00000000971, -0.00000005865
222, 50.00000000000, 1053.99721796954, 48.48199919286, 4.12500003222, 0.00000000000, -0.00000001250, 0.00000004012
223, 50.00000000000, 1059.75807475287, 33.32978232706, 4.12500003222, 0.00000000000, 0.00000001292, -0.00000004917
224, 50.00000000000, 1065.33520796791, 10.91016862080, 4.12500003222, 0.00000000000, 0.00000000321, 0.00000002701
225, 50.00000000000, 1097.29015874948, 24.16420017510, 4.12500003222, 0.00000000000, 0.00000000194, 0.00000000781
226, 50.00000000000, 1095.72997625197, 78.66710087818, 4.12500003222, 0.00000000000, -0.00000000017, 0.00000000070
227, 50.00000000000, 1124.63369239621, 48.56982498962, 4.12500003222, 0.00000000000, 0.00000000405, 0.00000000977
228, 50.00000000000, 1131.69819165182, 9.65345658062, 4.12500003222, 0.00000000000, 0.00000000009, -0.00000001166
229, 50.00000000000, 1150.23647183875, 15.86107844109, 4.12500003222, 0.00000000000, -0.00000000529, 0.00000000177
230, 50.00000000000, 1166.35459257067, 14.18320734516, 4.12500003222, 0.00000000000, -0.00000000801, 0.00000000308
231, 50.00000000000, 1185.77319274603, 60.34258155206, 4.12500003222, 0.00000000000, 0.00000000856, 0.00000003586
232, 50.00000000000, 1205.74726048479, 30.44785816797, 4.12500003222, 0.00000000000, -0.00000001015, -0.00000001759
233, 50.00000000000, 1200.10348896660, 53.73804049511, 4.12500003222, 0.00000000000, 0.00000001368, 0.00000002398
234, 50.00000000000, 1209.07887193334, 61.48034762753, 4.12500003222, 0.00000000000, -0.00000000255, 0.00000000265
235, 50.00000000000, 1224.19654182646, 79.91470565183, 4.12500003222, 0.00000000000, -0.00000000341, 0.00000002852
236, 50.00000000000, 1267.62364193136, 6.86668034883, 4.12500003222, 0.00000000000, -0.00000000899, -0.00000000816
237, 50.00000000000, 1249.63668475305, 77.08744246640, 4.12500003222, 0.00000000000, 0.00000000798, -0.00000002186
238, 50.00000000000, 1256.10703635844, 91.07944587381, 4.12500003222, 0.00000000000, -0.00000000133, -0.00000002282
239, 50.00000000000, 1281.31119737309, 91.01045305168, 4.12500003222, 0.00000000000, 0.00000000123, 0.00000000686
240, 50.00000000000, 105.33870831302, 43.04792016484, 4.12500003222, 0.00000000000, 0.00000000252, 0.00000000161
241, 50.00000000000, 94.87549494409, 12.08198657991, 4.12500003222, 0.00000000000, -0.00000000219, 0.00000000916
242, 50.00000000000, 115.43391337644, 23.88773093905, 4.12500003222, 0.00000000000, 0.00000000272, 0.00000004874
243, 50.00000000000, 136.46988866743, 71.42772467300, 4.12500003222, 0.00000000000, -0.00000000284, 0.00000001946
244, 50.00000000000, 149.81683305112, 65.30003040115, 4.12500003222, 0.00000000000, -0.00000000059, -0.00000004913
245, 50.00000000000, 157.22228258025, 63.15874936466, 4.12500003222, 0.00000000000, -0.00000002493, -0.00000000792
246, 50.00000000000, 169.14655943884, 22.48832922554, 4.12500003222, 0.00000000000, 0.00000000288, 0.00000001045
247, 50.00000000000, 159.81734103708, 95.14527804809, 4.12500003222, 0.00000000000, 0.00000000199, 0.00000001638
248, 50.00000000000, 168.13298320010, 66.92506075352, 4.12500003222, 0.00000000000, -0.00000001435, 0.00000000261
249, 50.00000000000, 175.36359549040, 76.33051468575, 4.12500003222, 0.00000000000, 0.00000000720, 0.00000002807
250, 50.00000000000, 221.75963956629, 26.36609971580, 4.12500003222, 0.00000000000, -0.00000001263, -0.00000002357
251, 50.00000000000, 210.27270750750, 83.61477663955, 4.12500003222, 0.00000000000, 0.00000000018, -0.00000002531
252, 50.00000000000, 263.30280635223, 53.03901620182, 4.12500003222, 0.00000000000, -0.00000000359, 0.00000000574
253, 50.00000000000, 290.28091516520, 36.39062177514, 4.12500003222, 0.00000000000, -0.00000000694, -0.00000004451
254, 50.00000000000, 260.30187364585, 108.73649214974, 4.12500003222, 0.00000000000, -0.00000000641, -0.00000000487
255, 50.00000000000, 255.47742989752, 128.69179327580, 4.12500003222, 0.00000000000, -0.00000000133, -0.00000000718
256, 50.00000000000, 290.16302974158, 136.19501759473, 4.12500003222, 0.00000000000, -0.00000000110, 0.00000000063
257, 50.00000000000, 352.56618637152, 59.91523643792, 4.12500003222, 0.00000000000, -0.00000000788, -0.00000001388
258, 50.00000000000, 373.40875860501, 73.81106462315, 4.12500003222, 0.00000000000, -0.00000000562, -0.00000002526
259, 50.00000000000, 381.77482373974, 33.16385099335, 4.12500003222, 0.00000000000, -0.00000000108, -0.00000000180
260, 50.00000000000, 398.49313392460, 47.12374624780, 4.12500003222, 0.00000000000, 0.00000000748, -0.00000000062
261, 50.00000000000, 406.72729166254, 54.14965144473, 4.12500003222, 0.00000000000, -0.00000000037, 0.00000000735
262, 50.00000000000, 388.93887788843, -30000000.00000000000, 0.00000000000, 0.00000000000, 0.00000061209, 0.66000001198
263, 50.00000000000, 454.34028559916, 87.90775754918, 4.12500003222, 0.00000000000, 0.00000001150, 0.00000003355
264, 50.00000000000, 439.88833871696, 59.96634104829, 4.12500003222, 0.00000000000, 0.00000000261, 0.00000001046
265, 50.00000000000, 468.23763683115, 86.06114379924, 4.12500003222, 0.00000000000, 0.00000000971, 0.00000004868
266, 50.00000000000, 486.54892680729, 120.65540772737, 4.12500003222, 0.00000000000, 0.00000000025, 0.00000001409
267, 50.00000000000, 503.55430822478, 92.94037170633, 4.12500003222, 0.00000000000, 0.00000001620, -0.00000004271
268, 50.00000000000, 508.01798881924, 82.58284755752, 4.12500003222, 0.00000000000, 0.00000000844, -0.00000005536
269, 50.00000000000, 531.62881816995, 59.94680141944, 4.12500003222, 0.00000000000, 0.00000001123, 0.00000000622
270, 50.00000000000, 531.84524923006, -30000000.00000000000, 0.00000000000, 0.00000000000, -0.00000014633, 0.66000001198
271, 50.00000000000, 566.46416686555, 98.53841892074, 4.12500003222, 0.00000000000, 0.00000001267, 0.00000000891
272, 50.00000000000, 570.16256026746, 58.95988139099, 4.12500003222, 0.00000000000, -0.00000000012, -0.00000001482
273, 50.00000000000, 606.38999469524, 131.80965871439, 4.12500003222, 0.00000000000, 0.00000001334, -0.00000000208
274, 50.00000000000, 614.71681391593, 99.52501566918, 4.12500003222, 0.00000000000, -0.00000000138, 0.00000001537
275, 50.00000000000, 619.23228485730, 79.82794192158, 4.12500003222, 0.00000000000, -0.00000000763, -0.00000000717
276, 50.00000000000, 629.15038711257, -30000000.00000000000, 0.00000000000, 0.00000000000, 0.00000099221, 0.66000001198
277, 50.00000000000, 662.80224635424, 67.38125822503, 4.12500003222, 0.00000000000, 0.00000001230, 0.00000000092
278, 50.00000000000, 660.57065993030, -30000000.00000000000, 0.00000000000, 0.00000000000, -0.00000089032, 0.66000001198
279, 50.00000000000, 676.96900813707, 35.19392024982, 4.12500003222, 0.00000000000, -0.00000000494, -0.00000003327
280, 50.00000000000, 694.87787975621, -30000000.00000000000, 0.00000000000, 0.00000000000, -0.00000029079, 0.66000001198
281, 50.00000000000, 717.40068792130, 74.22429213273, 4.12500003222, 0.00000000000, -0.00000000899, 0.00000001620
282, 50.00000000000, 745.01697509145, -30000000.00000000000, 0.00000000000, 0.00000000000, -0.00000014535, 0.66000001198
283, 50.00000000000, 762.73046983655, 108.90604621411, 4.12500003222, 0.00000000000, 0.00000000523, -0.00000000353
284, 50.00000000000, 773.55555123509, 70.73933810217, 4.12500003222, 0.00000000000, 0.00000000087, 0.00000000040
285, 50.00000000000, 786.29845201467, -30000000.00000000000, 0.00000000000, 0.00000000000, 0.00000050588, 0.66000001198
286, 50.00000000000, 815.33469924281, 43.52900821904, 4.12500003222, 0.00000000000, 0.00000000801, 0.00000000344
287, 50.00000000000, 834.25640051556, 39.60197344469, 4.12500003222, 0.00000000000, -0.00000000081, -0.00000000814
288, 50.00000000000, 839.46921890601, -30000000.00000000000, 0.00000000000, 0.00000000000, -0.00000101373, 0.66000001198
289, 50.00000000000, 867.02142952583, 57.20120005133, 4.12500003222, 0.00000000000, 0.00000000806, -0.00000000935
290, 50.00000000000, 857.79670754291, 77.73729549355, 4.12500003222, 0.00000000000, 0.00000000351, 0.00000002524
291, 50.00000000000, 876.69592256016, 40.07706336134, 4.12500003222, 0.00000000000, -0.00000001025, -0.00000000692
292, 50.00000000000, 905.22338823391, -30000000.00000000000, 0.00000000000, 0.00000000000, -0.00000110819, 0.66000001198
293, 50.00000000000, 915.84221827051, 86.10721756850, 4.12500003222, 0.00000000000, -0.00000000333, -0.00000000992
294, 50.00000000000, 917.93703827407, 33.46569293585, 4.12500003222, 0.00000000000, -0.00000000886, 0.00000000251
295, 50.00000000000, 937.32698244299, 23.99330426501, 4.12500003222, 0.00000000000, 0.00000000172, -0.00000001564
296, 50.00000000000, 965.03921786042, 70.53933924824, 4.12500003222, 0.00000000000, -0.00000000297, 0.00000002071
297, 50.00000000000, 973.88499799079, 56.99007674722, 4.12500003222, 0.00000000000, -0.00000000448, -0.00000003590
298, 50.00000000000, 996.25735398826, 58.60532847597, 4.12500003222, 0.00000000000, 0.00000000868, 0.00000000222
299, 50.00000000000, 1030.85399897460, -30000000.00000000000, 0.00000000000, 0.00000000000, -0.00000088796, 0.66000001198
300, 50.00000000000, 1021.97313054095, 42.68192694276, 4.12500003222, 0.00000000000, -0.00000000445, 0.00000003202
301, 50.00000000000, 1039.93315294688, 67.48918232161, 4.12500003222, 0.00000000000, 0.00000000519, 0.00000004554
302, 50.00000000000, 1045.43116919243, 52.40319635855, 4.12500003222, 0.00000000000, -0.00000000363, 0.00000001121
303, 50.00000000000, 1095.76986868288, -30000000.00000000000, 0.00000000000, 0.00000000000, -0.00000083959, 0.66000001198
304, 50.00000000000, 1070.26503188122, 55.49680740549, 4.12500003222, 0.00000000000, -0.00000000803, 0.00000001334
305, 50.00000000000, 1101.97532721073, 46.75658948439, 4.12500003222, 0.00000000000, -0.00000000216, -0.00000002912
306, 50.00000000000, 1090.36486645141, 8.07156995028, 4.12500003222, 0.00000000000, 0.00000000312, 0.00000000078
307, 50.00000000000, 1112.48606716418, 67.46135627833, 4.12500003222, 0.00000000000, 0.00000000157, 0.00000004732
308, 50.00000000000, 1141.94675513240, 48.13729850688, 4.12500003222, 0.00000000000, 0.00000000894, -0.00000004379
309, 50.00000000000, 1161.50863140257, 57.41683535026, 4.12500003222, 0.00000000000, -0.00000000108, 0.00000000975
310, 50.00000000000, 1172.99313674750, 5.52767360738, 4.12500003222, 0.00000000000, 0.00000000722, -0.00000002854
311, 50.00000000000, 1170.22329899689, 66.85178984332, 4.12500003222, 0.00000000000, -0.00000000207, -0.00000002571
312, 50.00000000000, 1209.21133815295, 8.27293098279, 4.12500003222, 0.00000000000, 0.00000000068, 0.00000001024
313, 50.00000000000, 1202.05361010185, 22.02071814371, 4.12500003222, 0.00000000000, -0.00000000690, 0.00000003271
314, 50.00000000000, 1201.01853329389, 75.97492568613, 4.12500003222, 0.00000000000, 0.00000000569, -0.00000002600
315, 50.00000000000, 1221.47520666559, 45.77786809020, 4.12500003222, 0.00000000000, 0.00000000411, 0.00000002295
316, 50.00000000000, 1233.11094321239, 82.73053832709, 4.12500003222, 0.00000000000, 0.00000000094, 0.00000000481
317, 50.00000000000, 1251.99699291800, 45.55354937355, 4.12500003222, 0.00000000000, -0.00000000964, 0.00000002425
318, 50.00000000000, 1270.97060541583, 29.51596835103, 4.12500003222, 0.00000000000, 0.00000000180, 0.00000002350
319, 50.00000000000, 1290.15594530499, 53.59944614448, 4.12500003222, 0.00000000000, -0.00000000301, 0.00000001655
320, 50.00000000000, -15.81525601760, 142.32799477261, 4.12500003222, 0.00000000000, -0.00000000000, 0.00000000000
321, 50.00000000000, 105.26244420585, 7.66299774938, 4.12500003222, 0.00000000000, 0.00000000495, -0.00000000566
322, 50.00000000000, 116.93875516840, 58.07626508960, 4.12500003222, 0.00000000000, -0.00000000374, 0.00000001582
323, 50.00000000000, 123.99592050698, 35.30738716909, 4.12500003222, 0.00000000000, -0.00000000470, 0.00000000159
324, 50.00000000000, 73.44495054972, 185.56183490815, 4.12500003222, 0.00000000000, 0.00000000000, 0.00000000000
325, 50.00000000000, 158.38495990554, 23.74735726269, 4.12500003222, 0.00000000000, 0.00000001464, -0.00000001990
326, 50.00000000000, 172.48928913673, 43.84162314073, 4.12500003222, 0.00000000000, 0.00000000561, -0.00000001213
327, 50.00000000000, 193.54296119548, 42.38705591953, 4.12500003222, 0.00000000000, -0.00000001369, 0.00000006407
328, 50.00000000000, 200.73774605399, 24.85846479492, 4.12500003222, 0.00000000000, 0.00000002723, -0.00000003216
329, 50.00000000000, 198.22258221084, 63.86063064229, 4.12500003222, 0.00000000000, 0.00000001159, 0.00000000501
330, 50.00000000000, 209.89670114308, 99.34748253229, 4.12500003222, 0.00000000000, 0.00000001082, 0.00000004152
331, 50.00000000000, 212.34569427346, 66.31962139593, 4.12500003222, 0.00000000000, -0.00000001143, -0.00000003783
332, 50.00000000000, 279.19416282678, 55.69197803696, 4.12500003222, 0.00000000000, 0.00000000082, -0.00000001048
333, 50.00000000000, 291.12172866331, 84.38500143421, 4.12500003222, 0.00000000000, -0.00000000534, -0.00000000305
334, 50.00000000000, 310.32419073192, 79.80690711507, 4.12500003222, 0.00000000000, -0.00000000029, 0.00000001099
335, 50.00000000000, 270.47731782935, 142.74163701274, 4.12500003222, 0.00000000000, 0.00000000410, -0.00000000140
336, 50.00000000000, 332.11275137557, 48.91993386190, 4.12500003222, 0.00000000000, -0.00000000409, -0.00000004420
337, 50.00000000000, 363.56841009211, 90.78702252476, 4.12500003222, 0.00000000000, -0.00000000355, -0.00000001234
338, 50.00000000000, 366.00118258168, 63.81682333955, 4.12500003222, 0.00000000000, 0.00000002088, 0.00000005152
339, 50.00000000000, 340.00595498222, -30000000.00000000000, 0.00000000000, 0.00000000000, -0.00000017105, 0.66000001198
340, 50.00000000000, 385.72579948411, 52.40088486177, 4.12500003222, 0.00000000000, -0.00000000704, 0.00000002273
341, 50.00000000000, 419.90385098396, 46.85641195823, 4.12500003222, 0.00000000000, -0.00000000821, 0.00000002002
342, 50.00000000000, 424.44223384787, 69.60086593350, 4.12500003222, 0.00000000000, 0.00000000027, 0.00000001187
343, 50.00000000000, 411.95594727245, -30000000.00000000000, 0.00000000000, 0.00000000000, 0.00000040949, 0.66000001198
344, 50.00000000000, 421.63645327278, -30000000.00000000000, 0.00000000000, 0.00000000000, 0.00000031613, 0.66000001198
345, 50.00000000000, 473.26118928590, 99.73168722184, 4.12500003222, 0.00000000000, -0.00000000095, -0.00000002673
346, 50.00000000000, 472.69558631819, 74.68892579440, 4.12500003222, 0.00000000000, 0.00000000920, -0.00000001048
347, 50.00000000000, 497.22258941295, 70.00172385494, 4.12500003222, 0.00000000000, 0.00000000395, 0.00000004843
348, 50.00000000000, 511.80352434680, 49.82323940606, 4.12500003222, 0.00000000000, -0.00000000096, -0.00000002824
349, 50.00000000000, 508.76185780467, -30000000.00000000000, 0.00000000000, 0.00000000000, 0.00000080948, 0.66000001198
350, 50.00000000000, 564.96868777828, 130.12095199766, 4.12500003222, 0.00000000000, -0.00000000288, -0.00000000985
351, 50.00000000000, 574.05740775574, 81.83710807605, 4.12500003222, 0.00000000000, -0.00000000276, -0.00000000045
352, 50.00000000000, 577.37633569497, 112.57278014232, 4.12500003222, 0.00000000000, -0.00000000806, -0.00000001211
353, 50.00000000000, 586.26953947590, 69.64074672282, 4.12500003222, 0.00000000000, -0.00000000133, 0.00000000703
354, 50.00000000000, 604.70108947362, 98.14240159390, 4.12500003222, 0.00000000000, -0.00000000200, 0.00000002073
355, 50.00000000000, 621.38235296577, 90.93935106979, 4.12500003222, 0.00000000000, 0.00000000225, 0.00000002680
356, 50.00000000000, 621.76220101986, 168.18577915102, 4.12500003222, 0.00000000000, 0.00000000178, -0.00000000756
357, 50.00000000000, 651.38186838594, 100.96712728147, 4.12500003222, 0.00000000000, -0.00000000346, -0.00000000140
358, 50.00000000000, 641.89713255197, 170.38026614347, 4.12500003222, 0.00000000000, 0.00000000078, -0.00000002178
359, 50.00000000000, 683.79355610753, -30000000.00000000000, 0.00000000000, 0.00000000000, -0.00000056277, 0.66000001198
360, 50.00000000000, 711.11128432324, 110.58923448507, 4.12500003222, 0.00000000000, 0.00000000274, 0.00000001103
361, 50.00000000000, 723.20991416441, 23.04098990487, 4.12500003222, 0.00000000000, -0.00000000585, -0.00000001691
362, 50.00000000000, 746.11818488927, 103.38436767092, 4.12500003222, 0.00000000000, -0.00000000043, 0.00000000164
363, 50.00000000000, 741.99805297413, 27.13946179882, 4.12500003222, 0.00000000000, 0.00000000136, -0.00000000208
364, 50.00000000000, 753.31011029476, 71.67928985352, 4.12500003222, 0.00000000000, -0.00000000399, -0.00000002748
365, 50.00000000000, 794.65891688801, 246.53095567478, 4.12500003222, 0.00000000000, -0.00000000304, -0.00000000560
366, 50.00000000000, 807.98956735489, -30000000.00000000000, 0.00000000000, 0.00000000000, -0.00000008405, 0.66000001198
367, 50.00000000000, 811.47827788867, -30000000.00000000000, 0.00000000000, 0.00000000000, 0.00000036708, 0.66000001198
368, 50.00000000000, 833.69649444093, -30000000.00000000000, 0.00000000000, 0.00000000000, -0.00000141773, 0.66000001198
369, 50.00000000000, 827.84943233486, 113.10870628894, 4.12500003222, 0.00000000000, 0.00000000318, -0.00000000219
370, 50.00000000000, 859.91405187058, 99.31119953440, 4.12500003222, 0.00000000000, -0.00000000512, -0.00000000387
371, 50.00000000000, 890.63339669740, -30000000.00000000000, 0.00000000000, 0.00000000000, 0.00000103162, 0.66000001198
372, 50.00000000000, 894.97685154388, 78.78138585352, 4.12500003222, 0.00000000000, -0.00000000363, 0.00000000686
373, 50.00000000000, 908.44575431023, 48.20993704784, 4.12500003222, 0.00000000000, 0.00000000130, -0.00000003614
374, 50.00000000000, 931.13156002615, 38.63987215991, 4.12500003222, 0.00000000000, -0.00000000065, 0.00000001792
375, 50.00000000000, 963.24966930524, -30000000.00000000000, 0.00000000000, 0.00000000000, 0.00000058485, 0.66000001198
376, 50.00000000000, 975.56517072570, -30000000.00000000000, 0.00000000000, 0.00000000000, -0.00000023486, 0.66000001198
377, 50.00000000000, 975.57898176075, 10.15288333219, 4.12500003222, 0.00000000000, 0.00000000289, -0.00000002137
378, 50.00000000000, 989.68499194273, 23.46307947489, 4.12500003222, 0.00000000000, -0.00000000633, -0.00000001142
379, 50.00000000000, 1008.22625920232, 62.59503862777, 4.12500003222, 0.00000000000, -0.00000000285, -0.00000003414
380, 50.00000000000, 1019.87666704364, 54.96851051958, 4.12500003222, 0.00000000000, -0.00000000336, -0.00000001777
381, 50.00000000000, 1035.35932855964, 84.77647399878, 4.12500003222, 0.00000000000, 0.00000000891, -0.00000003275
382, 50.00000000000, 1050.23003650433, 65.71400222379, 4.12500003222, 0.00000000000, 0.00000000103, -0.00000001631
383, 50.00000000000, 1062.61023508077, 68.66718824128, 4.12500003222, 0.00000000000, -0.00000000242, 0.00000001797
384, 50.00000000000, 1068.52354888679, 32.12646200198, 4.12500003222, 0.00000000000, 0.00000000347, -0.00000002082
385, 50.00000000000, 1087.98382768989, 41.48804703963, 4.12500003222, 0.00000000000, -0.00000000151, -0.00000001460
386, 50.00000000000, 1111.12251401109, 42.91432923097, 4.12500003222, 0.00000000000, 0.00000000620, -0.00000001066
387, 50.00000000000, 1110.70349116222, 12.21362200393, 4.12500003222, 0.00000000000, -0.00000000621, -0.00000002920
388, 50.00000000000, 1127.59073956574, 41.49069692402, 4.12500003222, 0.00000000000, 0.00000001461, -0.00000001217
389, 50.00000000000, 1140.62029235041, 83.64442449266, 4.12500003222, 0.00000000000, -0.00000000731, 0.00000000167
390, 50.00000000000, 1163.82345482861, 88.71734092617, 4.12500003222, 0.00000000000, 0.00000000540, 0.00000003977
391, 50.00000000000, 1174.62844658464, 76.20296360556, 4.12500003222, 0.00000000000, 0.00000000527, 0.00000002454
392, 50.00000000000, 1196.88752005276, 44.61322627289, 4.12500003222, 0.00000000000, -0.00000000111, -0.00000004573
393, 50.00000000000, 1221.69285524040, 27.67747539397, 4.12500003222, 0.00000000000, -0.00000000911, -0.00000001389
394, 50.00000000000, 1209.05814779068, 84.14428258608, 4.12500003222, 0.00000000000, 0.00000000475, 0.00000000305
395, 50.00000000000, 1222.38958871446, 63.83794468698, 4.12500003222, 0.00000000000, -0.00000001471, 0.00000001520
396, 50.00000000000, 1236.32685447678, 43.28038118770, 4.12500003222, 0.00000000000, -0.00000001301, 0.00000002033
397, 50.00000000000, 1244.44667031979, 92.84988061201, 4.12500003222, 0.00000000000, -0.00000000824, 0.00000002180
398, 50.00000000000, 1274.23940621563, 107.61906765530, 4.12500003222, 0.00000000000, 0.00000000192, 0.00000001731
399, 50.00000000000, 1271.01744772772, 42.01826376216, 4.12500003222, 0.00000000000, 0.00000001018, -0.00000000583
400, 50.00000000000, 82.58265744132, 31.73695193789, 4.12500003222, 0.00000000000, 0.00000000074, -0.00000004011
401, 50.00000000000, 95.63984357754, 50.40401686553, 4.12500003222, 0.00000000000, -0.00000000539, 0.00000001959
402, 50.00000000000, 127.34716847992, 92.29894326357, 4.12500003222, 0.00000000000, 0.00000000151, -0.00000001910
403, 50.00000000000, 126.99890935179, 55.35308459911, 4.12500003222, 0.00000000000, -0.00000000452, -0.00000000052
404, 50.00000000000, 151.75468558495, 53.09548910350, 4.12500003222, 0.00000000000, 0.00000001568, 0.00000002849
405, 50.00000000000, 146.41990520498, 10.49889191786, 4.12500003222, 0.00000000000, -0.00000000234, -0.00000006920
406, 50.00000000000, 168.47622320285, 33.52519111833, 4.12500003222, 0.00000000000, -0.00000000666, -0.00000000574
407, 50.00000000000, 159.42013315874, 77.31888356194, 4.12500003222, 0.00000000000, -0.00000000302, 0.00000003380
408, 50.00000000000, 174.04828933934, 57.79263127081, 4.12500003222, 0.00000000000, 0.00000000178, -0.00000006438
409, 50.00000000000, 197.81532916366, 50.58430649496, 4.12500003222, 0.00000000000, -0.00000001678, -0.00000000461
410, 50.00000000000, 190.14278416570, 73.23778970779, 4.12500003222, 0.00000000000, 0.00000000567, 0.00000002665
411, 50.00000000000, 204.71418049420, 234.22609850204, 4.12500003222, 0.00000000000, 0.00000000000, 0.00000000000
412, 50.00000000000, 240.95910688691, 114.48196470995, 4.12500003222, 0.00000000000, -0.00000000260, -0.00000000389
413, 50.00000000000, 234.67611552191, 215.69257648875, 4.12500003222, 0.00000000000, 0.00000000000, 0.00000000000
414, 50.00000000000, 296.99811957433, 68.43191988279, 4.12500003222, 0.00000000000, 0.00000000060, -0.00000000838
415, 50.00000000000, 329.47780368957, 80.68716254529, 4.12500003222, 0.00000000000, 0.00000000410, -0.00000000278
416, 50.00000000000, 325.95197150353, 15.22351348364, 4.12500003222, 0.00000000000, -0.00000001230, 0.00000000495
417, 50.00000000000, 345.86371453755, 28.96928607419, 4.12500003222, 0.00000000000, 0.00000000201, 0.00000003133
418, 50.00000000000, 322.42956292726, -30000000.00000000000, 0.00000000000, 0.00000000000, 0.00000072823, 0.66000001198
419, 50.00000000000, 339.49563006144, -30000000.00000000000, 0.00000000000, 0.00000000000, -0.00000011559, 0.66000001198
420, 50.00000000000, 353.13639307633, 179.29320888798, 4.12500003222, 0.00000000000, 0.00000000000, 0.00000000000
421, 50.00000000000, 417.19347365014, 107.91715136160, 4.12500003222, 0.00000000000, 0.00000001492, -0.00000000470
422, 50.00000000000, 429.18680518916, 123.67776037083, 4.12500003222, 0.00000000000, 0.00000000801, -0.00000001457
423, 50.00000000000, 405.77340567594, -30000000.00000000000, 0.00000000000, 0.00000000000, 0.00000163363, 0.66000001198
424, 50.00000000000, 449.22675049535, 123.11190655202, 4.12500003222, 0.00000000000, 0.00000000394, -0.00000001055
425, 50.00000000000, 431.99413008865, -30000000.00000000000, 0.00000000000, 0.00000000000, -0.00000150851, 0.66000001198
426, 50.00000000000, 479.43534526397, 65.76450074362, 4.12500003222, 0.00000000000, -0.00000000999, 0.00000002871
427, 50.00000000000, 459.03178670997, 227.40476235072, 4.12500003222, 0.00000000000, 0.00000000228, -0.00000000287
428, 50.00000000000, 520.85747226497, 79.04968345532, 4.12500003222, 0.00000000000, -0.00000001749, -0.00000002234
429, 50.00000000000, 507.52694227155, -30000000.00000000000, 0.00000000000, 0.00000000000, 0.00000032952, 0.66000001198
430, 50.00000000000, 554.91934378327, 113.45395810102, 4.12500003222, 0.00000000000, 0.00000000871, -0.00000000186
431, 50.00000000000, 550.75122596230, 92.50428628864, 4.12500003222, 0.00000000000, -0.00000000239, -0.00000001235
432, 50.00000000000, 567.79009194951, -30000000.00000000000, 0.00000000000, 0.00000000000, -0.00000171706, 0.66000001198
433, 50.00000000000, 597.44085545208, 85.67760263768, 4.12500003222, 0.00000000000, 0.00000000449, -0.00000001225
434, 50.00000000000, 594.71630854482, 144.88858388292, 4.12500003222, 0.00000000000, -0.00000000415, 0.00000004795
435, 50.00000000000, 626.04832149970, 68.00776853865, 4.12500003222, 0.00000000000, 0.00000000250, -0.00000000760
436, 50.00000000000, 641.93865298466, 79.58884520222, 4.12500003222, 0.00000000000, 0.00000000665, 0.00000000506
437, 50.00000000000, 659.49240301996, 83.74307906979, 4.12500003222, 0.00000000000, -0.00000000152, 0.00000000653
438, 50.00000000000, 661.41504312419, 51.02000225454, 4.12500003222, 0.00000000000, -0.00000000359, -0.00000001460
439, 50.00000000000, 685.68460299699, 55.12191718467, 4.12500003222, 0.00000000000, -0.00000000038, 0.00000003650
440, 50.00000000000, 699.80898460430, 69.77183943060, 4.12500003222, 0.00000000000, 0.00000000350, 0.00000002722
441, 50.00000000000, 718.97314057585, -30000000.00000000000, 0.00000000000, 0.00000000000, -0.00000019778, 0.66000001198
442, 50.00000000000, 730.38082713688, -30000000.00000000000, 0.00000000000, 0.00000000000, 0.00000005238, 0.66000001198
443, 50.00000000000, 754.11457668091, 37.54104920789, 4.12500003222, 0.00000000000, 0.00000000458, 0.00000000464
444, 50.00000000000, 745.12382550916, 121.95283761656, 4.12500003222, 0.00000000000, -0.00000000205, 0.00000001882
445, 50.00000000000, 785.04124495120, 54.07831471023, 4.12500003222, 0.00000000000, -0.00000000767, 0.00000001044
446, 50.00000000000, 802.38566366968, 91.49629502561, 4.12500003222, 0.00000000000, -0.00000000402, -0.00000000533
447, 50.00000000000, 794.86689208935, 70.61861621149, 4.12500003222, 0.00000000000, 0.00000000565, 0.00000001044
448, 50.00000000000, 818.45236101906, 101.96552567583, 4.12500003222, 0.00000000000, -0.00000000099, -0.00000001353
449, 50.00000000000, 855.58695243491, 39.40868596625, 4.12500003222, 0.00000000000, -0.00000000025, 0.00000000096
450, 50.00000000000, 841.37482057657, 149.94065629931, 4.12500003222, 0.00000000000, 0.00000000004, 0.00000000301
451, 50.00000000000, 877.22531635396, 71.84150225551, 4.12500003222, 0.00000000000, 0.00000000607, -0.00000001681
452, 50.00000000000, 906.72404817217, -30000000.00000000000, 0.00000000000, 0.00000000000, -0.00000081974, 0.66000001198
453, 50.00000000000, 881.95172411970, 184.36669959609, 4.12500003222, 0.00000000000, 0.00000000405, 0.00000000275
454, 50.00000000000, 931.80368259054, 71.08100752791, 4.12500003222, 0.00000000000, -0.00000000394, -0.00000000796
455, 50.00000000000, 960.53549386189, -30000000.00000000000, 0.00000000000, 0.00000000000, 0.00000106156, 0.66000001198
456, 50.00000000000, 952.34828566959, 61.94092808604, 4.12500003222, 0.00000000000, -0.00000000413, 0.00000001803
457, 50.00000000000, 993.12444048294, 212.59848114548, 4.12500003222, 0.00000000000, 0.00000000000, 0.00000000000
458, 50.00000000000, 979.42546812608, 88.74091120030, 4.12500003222, 0.00000000000, 0.00000000127, -0.00000000379
459, 50.00000000000, 1001.64619849494, 80.72838559627, 4.12500003222, 0.00000000000, -0.00000000809, 0.00000000502
460, 50.00000000000, 1013.71014657186, 95.23319665930, 4.12500003222, 0.00000000000, -0.00000000849, 0.00000000232
461, 50.00000000000, 1031.04377393574, 53.84234795683, 4.12500003222, 0.00000000000, -0.00000000042, 0.00000002067
462, 50.00000000000, 1031.76313606278, 98.79356119817, 4.12500003222, 0.00000000000, 0.00000000773, 0.00000001484
463, 50.00000000000, 1068.48297607662, 91.14447776369, 4.12500003222, 0.00000000000, -0.00000000247, -0.00000000724
464, 50.00000000000, 1074.50879593294, 24.28353144219, 4.12500003222, 0.00000000000, -0.00000000943, 0.00000000358
465, 50.00000000000, 1093.95861522898, 55.68236851913, 4.12500003222, 0.00000000000, -0.00000000589, 0.00000000158
466, 50.00000000000, 1107.38571583918, 57.69151623131, 4.12500003222, 0.00000000000, -0.00000000050, 0.00000001509
467, 50.00000000000, 1119.69627906472, 58.43636222397, 4.12500003222, 0.00000000000, 0.00000000663, -0.00000002086
468, 50.00000000000, 1130.52339637348, 80.09376941649, 4.12500003222, 0.00000000000, 0.00000000225, 0.00000001592
469, 50.00000000000, 1145.44393346817, 98.23436336514, 4.12500003222, 0.00000000000, -0.00000000211, -0.00000000339
470, 50.00000000000, 1152.67977848240, 78.50772145979, 4.12500003222, 0.00000000000, -0.00000000215, 0.00000002531
471, 50.00000000000, 1188.69376388580, 35.99351748868, 4.12500003222, 0.00000000000, -0.00000000372, -0.00000006412
472, 50.00000000000, 1155.38930555280, 129.96518240850, 4.12500003222, 0.00000000000, 0.00000000268, 0.00000001260
473, 50.00000000000, 1188.65541058770, 92.66733725947, 4.12500003222, 0.00000000000, -0.00000000694, -0.00000000146
474, 50.00000000000, 1215.09898854248, 70.16628878881, 4.12500003222, 0.00000000000, -0.00000000773, -0.00000004459
475, 50.00000000000, 1255.55943939693, 14.01960839156, 4.12500003222, 0.00000000000, -0.00000001076, -0.00000002496
476, 50.00000000000, 1220.85388403807, 89.40175976651, 4.12500003222, 0.00000000000, 0.00000000516, -0.00000002454
477, 50.00000000000, 1250.40802361397, 132.64045511576, 4.12500003222, 0.00000000000, -0.00000000403, 0.00000000268
478, 50.00000000000, 1262.95728241693, 75.24170765972, 4.12500003222, 0.00000000000, -0.00000000027, -0.00000003214
479, 50.00000000000, 1284.14105319423, 71.30368283241, 4.12500003222, 0.00000000000, -0.00000000009, -0.00000000995
480, 50.00000000000, 80.22083352873, 47.41156351156, 4.12500003222, 0.00000000000, 0.00000000083, 0.00000001565
481, 50.00000000000, 108.11654954729, 89.56041331651, 4.12500003222, 0.00000000000, -0.00000000468, 0.00000000955
482, 50.00000000000, 116.78218662804, 42.16340359038, 4.12500003222, 0.00000000000, 0.00000000559, -0.00000002477
483, 50.00000000000, 131.30736463132, 40.15570998624, 4.12500003222, 0.00000000000, -0.00000000814, -0.00000003254
484, 50.00000000000, 140.90224210760, 104.90622246503, 4.12500003222, 0.00000000000, 0.00000000040, 0.00000000361
485, 50.00000000000, 156.10162412600, 42.94488010809, 4.12500003222, 0.00000000000, 0.00000001822, -0.00000000474
486, 50.00000000000, 178.51733650038, 51.65465403227, 4.12500003222, 0.00000000000, 0.00000000889, -0.00000006010
487, 50.00000000000, 188.33956837145, 7.13623018572, 4.12500003222, 0.00000000000, 0.00000000943, 0.00000002257
488, 50.00000000000, 175.72090451514, 108.66223054349, 4.12500003222, 0.00000000000, 0.00000000100, -0.00000000039
489, 50.00000000000, 180.69315842788, 63.54238645592, 4.12500003222, 0.00000000000, 0.00000002983, 0.00000002293
490, 50.00000000000, 231.21794675717, 39.12866255714, 4.12500003222, 0.00000000000, 0.00000000064, 0.00000000043
491, 50.00000000000, 227.30440184403, 99.88090455706, 4.12500003222, 0.00000000000, 0.00000000593, 0.00000000486
492, 50.00000000000, 227.62274693274, 81.79393724350, 4.12500003222, 0.00000000000, 0.00000001101, 0.00000001197
493, 50.00000000000, 277.47804981216, 70.68300632622, 4.12500003222, 0.00000000000, -0.00000000109, 0.00000003224
494, 50.00000000000, 291.58697777888, 12.89287590719, 4.12500003222, 0.00000000000, 0.00000000939, 0.00000001141
495, 50.00000000000, 309.41526747219, 46.01701850149, 4.12500003222, 0.00000000000, 0.00000001890, -0.00000001095
496, 50.00000000000, 323.97862149455, 28.01113722157, 4.12500003222, 0.00000000000, 0.00000000352, 0.00000004498
497, 50.00000000000, 361.36671738948, 71.82871055858, 4.12500003222, 0.00000000000, 0.00000001595, -0.00000001037
498, 50.00000000000, 374.10967416252, 53.43453745360, 4.12500003222, 0.00000000000, 0.00000001137, 0.00000000037
499, 50.00000000000, 383.97918993942, 75.41748038932, 4.12500003222, 0.00000000000, 0.00000000254, -0.00000001500
500, 50.00000000000, 400.10589583835, 33.30447718452, 4.12500003222, 0.00000000000, 0.00000000349, -0.00000001406
501, 50.00000000000, 423.23668689230, 99.83762571979, 4.12500003222, 0.00000000000, 0.00000000391, 0.00000001371
502, 50.00000000000, 422.49763287587, 56.14460734758, 4.12500003222, 0.00000000000, 0.00000000384, 0.00000002510
503, 50.00000000000, 448.46882939978, 75.86321111695, 4.12500003222, 0.00000000000, -0.00000001086, 0.00000000907
504, 50.00000000000, 421.88715905444, -30000000.00000000000, 0.00000000000, 0.00000000000, 0.00000027989, 0.66000001198
505, 50.00000000000, 454.34069119683, 207.20839106280, 4.12500003222, 0.00000000000, -0.00000000096, 0.00000000057
506, 50.00000000000, 473.94858421786, 212.64138175703, 4.12500003222, 0.00000000000, -0.00000000331, 0.00000000266
507, 50.00000000000, 493.30473893155, 63.30082331190, 4.12500003222, 0.00000000000, 0.00000000602, 0.00000003301
508, 50.00000000000, 515.10210588274, 97.98975977920, 4.12500003222, 0.00000000000, 0.00000001316, 0.00000001031
509, 50.00000000000, 493.67193344686, 217.31169920343, 4.12500003222, 0.00000000000, -0.00000000413, 0.00000000774
510, 50.00000000000, 529.65376166794, -30000000.00000000000, 0.00000000000, 0.00000000000, 0.00000028521, 0.66000001198
511, 50.00000000000, 557.99537429418, 150.24983534177, 4.12500003222, 0.00000000000, 0.00000000274, 0.00000001221
512, 50.00000000000, 581.18495142896, 160.10829507508, 4.12500003222, 0.00000000000, -0.00000000192, -0.00000000234
513, 50.00000000000, 600.52687262722, 121.06425478897, 4.12500003222, 0.00000000000, 0.00000001489, -0.00000004336
514, 50.00000000000, 612.87889613266, 113.05895962981, 4.12500003222, 0.00000000000, -0.00000000323, -0.00000000128
515, 50.00000000000, 623.95186109800, 131.42351307765, 4.12500003222, 0.00000000000, -0.00000000093, -0.00000000746
516, 50.00000000000, 633.52634916971, -30000000.00000000000, 0.00000000000, 0.00000000000, 0.00000124373, 0.66000001198
517, 50.00000000000, 645.31387479446, 65.09815232535, 4.12500003222, 0.00000000000, 0.00000000339, -0.00000002483
518, 50.00000000000, 662.24677283671, 173.67635926105, 4.12500003222, 0.00000000000, -0.00000000735, -0.00000001951
519, 50.00000000000, 677.95600491738, 72.14012724420, 4.12500003222, 0.00000000000, 0.00000000727, -0.00000001719
520, 50.00000000000, 701.66737116100, -30000000.00000000000, 0.00000000000, 0.00000000000, -0.00000054288, 0.66000001198
521, 50.00000000000, 733.62148306774, 84.17035550869, 4.12500003222, 0.00000000000, -0.00000000330, 0.00000001582
522, 50.00000000000, 745.17561958841, 52.74215483247, 4.12500003222, 0.00000000000, -0.00000000052, -0.00000001064
523, 50.00000000000, 747.66260697377, -30000000.00000000000, 0.00000000000, 0.00000000000, -0.00000066804, 0.66000001198
524, 50.00000000000, 776.57813103392, 236.17810455366, 4.12500003222, 0.00000000000, 0.00000000250, 0.00000000202
525, 50.00000000000, 780.60005647343, -30000000.00000000000, 0.00000000000, 0.00000000000, -0.00000020647, 0.66000001198
526, 50.00000000000, 783.57651986878, 104.50337281303, 4.12500003222, 0.00000000000, -0.00000000202, -0.00000000972
527, 50.00000000000, 815.58508845981, 77.51983111993, 4.12500003222, 0.00000000000, -0.00000000682, 0.00000000410
528, 50.00000000000, 815.93090022380, 125.17994791647, 4.12500003222, 0.00000000000, 0.00000000475, 0.00000004415
529, 50.00000000000, 836.89485548939, 130.17831218657, 4.12500003222, 0.00000000000, -0.00000000412, -0.00000001330
530, 50.00000000000, 856.85412467558, 136.92401154490, 4.12500003222, 0.00000000000, -0.00000000219, -0.00000000718
531, 50.00000000000, 876.67249394212, 90.26785409322, 4.12500003222, 0.00000000000, 0.00000000493, -0.00000000147
532, 50.00000000000, 913.89300562644, -30000000.00000000000, 0.00000000000, 0.00000000000, -0.00000106621, 0.66000001198
533, 50.00000000000, 923.42113427796, 55.05196405963, 4.12500003222, 0.00000000000, 0.00000000735, -0.00000000022
534, 50.00000000000, 916.89562997408, 183.92192808089, 4.12500003222, 0.00000000000, 0.00000000063, -0.00000000181
535, 50.00000000000, 948.29688356064, 79.73503078353, 4.12500003222, 0.00000000000, 0.00000000175, -0.00000001149
536, 50.00000000000, 969.52968086965, 80.39891285060, 4.12500003222, 0.00000000000, 0.00000000534, 0.00000004124
537, 50.00000000000, 953.88791540927, 9.24647690390, 4.12500003222, 0.00000000000, -0.00000000425, 0.00000001277
538, 50.00000000000, 987.96107056855, 48.97280760567, 4.12500003222, 0.00000000000, -0.00000000034, -0.00000002152
539, 50.00000000000, 1004.42621926574, 38.83999632892, 4.12500003222, 0.00000000000, 0.00000000732, 0.00000006227
540, 50.00000000000, 1021.74437699443, 30.68281137665, 4.12500003222, 0.00000000000, -0.00000000012, -0.00000001416
541, 50.00000000000, 1040.08904540238, 43.75862518676, 4.12500003222, 0.00000000000, -0.00000001857, 0.00000004254
542, 50.00000000000, 1050.71177443623, 27.07548053286, 4.12500003222, 0.00000000000, 0.00000000771, 0.00000002023
543, 50.00000000000, 1098.15561847898, 194.01518815711, 4.12500003222, 0.00000000000, 0.00000000000, 0.00000000000
544, 50.00000000000, 1083.35982634840, 60.47922727425, 4.12500003222, 0.00000000000, 0.00000000371, -0.00000001232
545, 50.00000000000, 1130.28312227740, 207.06633536909, 4.12500003222, 0.00000000000, 0.00000000476, 0.00000000187
546, 50.00000000000, 1149.89680685672, 214.18356280982, 4.12500003222, 0.00000000000, -0.00000000476, -0.00000000187
547, 50.00000000000, 1115.96559875680, 25.80667169475, 4.12500003222, 0.00000000000, -0.00000000375, 0.00000001030
548, 50.00000000000, 1126.40087018042, 99.57177265559, 4.12500003222, 0.00000000000, -0.00000001291, -0.00000000695
549, 50.00000000000, 1158.42200467896, 47.25770501593, 4.12500003222, 0.00000000000, 0.00000000055, -0.00000001075
550, 50.00000000000, 1177.92351110053, 51.04897128112, 4.12500003222, 0.00000000000, -0.00000001380, -0.00000000542
551, 50.00000000000, 1159.41458636871, 110.49466892910, 4.12500003222, 0.00000000000, -0.00000000547, -0.00000001092
552, 50.00000000000, 1192.24850149765, 69.94498404672, 4.12500003222, 0.00000000000, -0.00000000570, -0.00000003045
553, 50.00000000000, 1202.03684637258, 92.40729053390, 4.12500003222, 0.00000000000, -0.00000000707, 0.00000001263
554, 50.00000000000, 1206.64756996197, 106.65576866156, 4.12500003222, 0.00000000000, -0.00000000383, 0.00000001047
555, 50.00000000000, 1222.68924364785, 102.18989684431, 4.12500003222, 0.00000000000, 0.00000000572, -0.00000001775
556, 50.00000000000, 1236.08776049911, 116.46604415408, 4.12500003222, 0.00000000000, 0.00000000421, -0.00000000537
557, 50.00000000000, 1244.66122783423, 153.06743694878, 4.12500003222, 0.00000000000, 0.00000000069, -0.00000000420
558, 50.00000000000, 1261.68890444535, 99.20133577128, 4.12500003222, 0.00000000000, 0.00000000181, 0.00000001458
559, 50.00000000000, 1273.78964173911, 52.35179658354, 4.12500003222, 0.00000000000, 0.00000000034, 0.00000001368
560, 50.00000000000, 98.90126028737, 73.97301043118, 4.12500003222, 0.00000000000, 0.00000000368, 0.00000001001
561, 50.00000000000, 27.40234885013, 318.85562596277, 4.12500003222, 0.00000000000, 0.00000000000, 0.00000000000
562, 50.00000000000, 120.96115910484, 75.30306461282, 4.12500003222, 0.00000000000, 0.00000000205, 0.00000000180
563, 50.00000000000, 143.10964924789, 83.25490149426, 4.12500003222, 0.00000000000, -0.00000000937, 0.00000001773
564, 50.00000000000, 118.83871253361, 109.09877860372, 4.12500003222, 0.00000000000, 0.00000000206, -0.00000001909
565, 50.00000000000, 154.92219999293, 31.70407139904, 4.12500003222, 0.00000000000, 0.00000001232, -0.00000001056
566, 50.00000000000, 164.65864772111, 54.47717376765, 4.12500003222, 0.00000000000, -0.00000000889, -0.00000003227
567, 50.00000000000, 157.39081691406, 117.49822190658, 4.12500003222, 0.00000000000, -0.00000000222, -0.00000001542
568, 50.00000000000, 176.23276666546, 87.99857098755, 4.12500003222, 0.00000000000, -0.00000000812, 0.00000001465
569, 50.00000000000, 196.21726998589, 81.24640077550, 4.12500003222, 0.00000000000, -0.00000001566, -0.00000002727
570, 50.00000000000, 190.85601041561, 95.36796594262, 4.12500003222, 0.00000000000, -0.00000000940, 0.00000001469
571, 50.00000000000, 220.10669453952, 118.21588845055, 4.12500003222, 0.00000000000, -0.00000000666, -0.00000001129
572, 50.00000000000, 271.92827165657, 39.58492094572, 4.12500003222, 0.00000000000, 0.00000000971, 0.00000000045
573, 50.00000000000, 245.76595433844, 93.55169255760, 4.12500003222, 0.00000000000, 0.00000000054, -0.00000000329
574, 50.00000000000, 298.28181586390, 60.80500736713, 4.12500003222, 0.00000000000, 0.00000000421, 0.00000001447
575, 50.00000000000, 310.59271631645, 25.78317701943, 4.12500003222, 0.00000000000, -0.00000000281, -0.00000002564
576, 50.00000000000, 274.88782369142, 122.41038961322, 4.12500003222, 0.00000000000, 0.00000000578, 0.00000000887
577, 50.00000000000, 350.61177317178, 81.01710374387, 4.12500003222, 0.00000000000, 0.00000000488, -0.00000000757
578, 50.00000000000, 320.24312966861, 200.75521425088, 4.12500003222, 0.00000000000, 0.00000000000, 0.00000000000
579, 50.00000000000, 394.24220234609, 116.17955728919, 4.12500003222, 0.00000000000, 0.00000000250, 0.00000000593
580, 50.00000000000, 405.16122119854, 67.76392464288, 4.12500003222, 0.00000000000, -0.00000000284, -0.00000002176
581, 50.00000000000, 412.42641829858, 120.94888741129, 4.12500003222, 0.00000000000, 0.00000000101, 0.00000000025
582, 50.00000000000, 390.77758831900, 206.59702607559, 4.12500003222, 0.00000000000, 0.00000000000, 0.00000000000
583, 50.00000000000, 435.26850875010, 77.41557756801, 4.12500003222, 0.00000000000, -0.00000001809, -0.00000005105
584, 50.00000000000, 456.49617629247, 104.38735627692, 4.12500003222, 0.00000000000, 0.00000000505, 0.00000000118
585, 50.00000000000, 442.52616531724, -30000000.00000000000, 0.00000000000, 0.00000000000, -0.00000187657, 0.66000001198
586, 50.00000000000, 481.82291228764, 104.03104714292, 4.12500003222, 0.00000000000, -0.00000000632, 0.00000000384
587, 50.00000000000, 479.08457880290, 232.73407440397, 4.12500003222, 0.00000000000, 0.00000000611, -0.00000000810
588, 50.00000000000, 512.51665771140, 73.31420580518, 4.12500003222, 0.00000000000, -0.00000001330, 0.00000003239
589, 50.00000000000, 527.76324163967, 67.59951690967, 4.12500003222, 0.00000000000, -0.00000000538, 0.00000003234
590, 50.00000000000, 544.21689421950, 75.36210931146, 4.12500003222, 0.00000000000, 0.00000000318, -0.00000002417
591, 50.00000000000, 565.15341970009, 168.12377571135, 4.12500003222, 0.00000000000, -0.00000000816, -0.00000000314
592, 50.00000000000, 584.69198081386, 129.02879833808, 4.12500003222, 0.00000000000, -0.00000000395, 0.00000001903
593, 50.00000000000, 605.46178679833, 78.73205300643, 4.12500003222, 0.00000000000, -0.00000001152, -0.00000001172
594, 50.00000000000, 614.04711360247, 150.23530739928, 4.12500003222, 0.00000000000, -0.00000000233, -0.00000000184
595, 50.00000000000, 635.10384044024, 112.03713230275, 4.12500003222, 0.00000000000, -0.00000000605, -0.00000000612
596, 50.00000000000, 637.31780139866, 88.02115721768, 4.12500003222, 0.00000000000, 0.00000000235, 0.00000000557
597, 50.00000000000, 634.03239304403, 150.13320328456, 4.12500003222, 0.00000000000, 0.00000000033, 0.00000002798
598, 50.00000000000, 667.19049989530, -30000000.00000000000, 0.00000000000, 0.00000000000, -0.00000021048, 0.66000001198
599, 50.00000000000, 654.67005745160, 153.78959552797, 4.12500003222, 0.00000000000, 0.00000000162, 0.00000002492
600, 50.00000000000, 703.58707089712, -30000000.00000000000, 0.00000000000, 0.00000000000, -0.00000033473, 0.66000001198
601, 50.00000000000, 724.52708182164, 125.80164452704, 4.12500003222, 0.00000000000, 0.00000000049, 0.00000000921
602, 50.00000000000, 735.64688582462, 45.07251980600, 4.12500003222, 0.00000000000, -0.00000000233, -0.00000000942
603, 50.00000000000, 762.33613964542, -30000000.00000000000, 0.00000000000, 0.00000000000, 0.00000045388, 0.66000001198
604, 50.00000000000, 764.75619255453, 54.05481585548, 4.12500003222, 0.00000000000, -0.00000000096, -0.00000000644
605, 50.00000000000, 784.39999227292, 85.79186875285, 4.12500003222, 0.00000000000, -0.00000000064, 0.00000001395
606, 50.00000000000, 794.22434730531, 225.86445651257, 4.12500003222, 0.00000000000, 0.00000000054, 0.00000000359
607, 50.00000000000, 803.44787603624, 112.01735496495, 4.12500003222, 0.00000000000, -0.00000000946, -0.00000001178
608, 50.00000000000, 839.66384627606, 107.64358110177, 4.12500003222, 0.00000000000, 0.00000000121, 0.00000000548
609, 50.00000000000, 851.37173600383, 116.55302908211, 4.12500003222, 0.00000000000, 0.00000000299, 0.00000000441
610, 50.00000000000, 861.12932631483, 156.95487960197, 4.12500003222, 0.00000000000, -0.00000000300, -0.00000000026
611, 50.00000000000, 876.78339307343, 142.75357514845, 4.12500003222, 0.00000000000, -0.00000000116, 0.00000000324
612, 50.00000000000, 880.13170286714, 163.87863897534, 4.12500003222, 0.00000000000, -0.00000000797, 0.00000000849
613, 50.00000000000, 909.65122413436, 67.40118215636, 4.12500003222, 0.00000000000, 0.00000000259, 0.00000001099
614, 50.00000000000, 899.35458488148, 194.04089369692, 4.12500003222, 0.00000000000, 0.00000000269, -0.00000000093
615, 50.00000000000, 957.97734784473, 94.12181808927, 4.12500003222, 0.00000000000, 0.00000000655, -0.00000000518
616, 50.00000000000, 965.19438689176, 47.07927966306, 4.12500003222, 0.00000000000, -0.00000000503, -0.00000001345
617, 50.00000000000, 974.66180723053, 104.66371964583, 4.12500003222, 0.00000000000, 0.00000000165, -0.00000001104
618, 50.00000000000, 991.50493954537, 90.64913884267, 4.12500003222, 0.00000000000, -0.00000000168, 0.00000001594
619, 50.00000000000, 1009.11387558030, 46.92659483828, 4.12500003222, 0.00000000000, 0.00000000059, -0.00000000368
620, 50.00000000000, 1027.70275677284, 63.45300444310, 4.12500003222, 0.00000000000, -0.00000000276, -0.00000003183
621, 50.00000000000, 1032.49532364926, 19.65948450777, 4.12500003222, 0.00000000000, 0.00000000014, -0.00000001768
622, 50.00000000000, 1050.29092857280, 103.05015136422, 4.12500003222, 0.00000000000, 0.00000000193, -0.00000001410
623, 50.00000000000, 1051.10827125445, 84.70548101615, 4.12500003222, 0.00000000000, -0.00000000139, 0.00000002266
624, 50.00000000000, 1078.97323781795, 40.69692627732, 4.12500003222, 0.00000000000, 0.00000000073, -0.00000002140
625, 50.00000000000, 1079.24315734517, 75.28826094486, 4.12500003222, 0.00000000000, -0.00000000123, 0.00000002343
626, 50.00000000000, 1108.97329317229, 90.94428543677, 4.12500003222, 0.00000000000, 0.00000000846, -0.00000000699
627, 50.00000000000, 1117.34187055813, 79.93988784863, 4.12500003222, 0.00000000000, 0.00000000655, 0.00000002708
628, 50.00000000000, 1141.23265620965, 60.33222047345, 4.12500003222, 0.00000000000, 0.00000000144, 0.00000001541
629, 50.00000000000, 1152.03299564225, 68.18494926689, 4.12500003222, 0.00000000000, -0.00000000175, -0.00000004432
630, 50.00000000000, 1176.99475532507, 43.76792346187, 4.12500003222, 0.00000000000, -0.00000001742, -0.00000001780
631, 50.00000000000, 1171.82582669238, 142.66271211144, 4.12500003222, 0.00000000000, -0.00000000212, -0.00000000491
632, 50.00000000000, 1184.85758103595, 83.62288576783, 4.12500003222, 0.00000000000, -0.00000000268, 0.00000002032
633, 50.00000000000, 1189.81988773364, 109.60764782039, 4.12500003222, 0.00000000000, 0.00000000491, -0.00000000149
634, 50.00000000000, 1224.38554018887, 157.04215540725, 4.12500003222, 0.00000000000, 0.00000000108, -0.00000000252
635, 50.00000000000, 1217.00899350106, 122.73191953846, 4.12500003222, 0.00000000000, 0.00000000457, 0.00000001464
636, 50.00000000000, 1239.54211297864, 74.02403054591, 4.12500003222, 0.00000000000, 0.00000000359, 0.00000002175
637, 50.00000000000, 1230.96045596700, 137.44856144860, 4.12500003222, 0.00000000000, -0.00000000097, 0.00000000208
638, 50.00000000000, 1273.94357237163, 20.34886985927, 4.12500003222, 0.00000000000, 0.00000000300, 0.00000002616
639, 50.00000000000, 1289.16128835538, 34.44074257857, 4.12500003222, 0.00000000000, -0.00000000009, -0.00000001964
