0, 50.00000000000, 52.47647672379, 77.81690692501, 4.12500003222, 0.00000000000, 0.00000000258, -0.00000001608
1, 50.00000000000, 31.17842742412, 201.04397143561, 4.12500003222, 0.00000000000, 0.00000000000, 0.00000000000
2, 50.00000000000, 82.88964784485, 7.06749255710, 4.12500003222, 0.00000000000, -0.00000000147, 0.00000000439
3, 50.00000000000, 110.85015226135, 75.61437726835, 4.12500003222, 0.00000000000, -0.00000000505, 0.00000000349
4, 50.00000000000, 123.26425782226, 25.19075964657, 4.12500003222, 0.00000000000, -0.00000000061, -0.00000003275
5, 50.00000000000, 135.51146672719, 40.72557968414, 4.12500003222, 0.00000000000, -0.00000000196, -0.00000003728
6, 50.00000000000, 154.11631468115, 25.54163793867, 4.12500003222, 0.00000000000, -0.00000000160, -0.00000003246
7, 50.00000000000, 159.49483115052, 12.55574252404, 4.12500003222, 0.00000000000, -0.00000000121, 0.00000001595
8, 50.00000000000, 183.75793711962, 8.71488864016, 4.12500003222, 0.00000000000, -0.00000000595, -0.00000002086
9, 50.00000000000, 185.45309940779, 49.90513332947, 4.12500003222, 0.00000000000, -0.00000000618, -0.00000000027
10, 50.00000000000, 204.30626996845, 4.98947105114, 4.12500003222, 0.00000000000, 0.00000001144, 0.00000001290
11, 50.00000000000, 240.89017060592, 21.28111287813, 4.12500003222, 0.00000000000, -0.00000000302, 0.00000004095
12, 50.00000000000, 238.73239046605, 8.80639184521, 4.12500003222, 0.00000000000, -0.00000001082, 0.00000000047
13, 50.00000000000, 275.15218048673, 24.48058097581, 4.12500003222, 0.00000000000, -0.00000000907, 0.00000008118
14, 50.00000000000, 286.14179123702, 28.99778484896, 4.12500003222, 0.00000000000, -0.00000001553, 0.00000005017
15, 50.00000000000, 305.01654735520, 38.51356408660, 4.12500003222, 0.00000000000, -0.00000000047, 0.00000001393
16, 50.00000000000, 308.09441978667, 4.12420955236, 4.12500003222, 0.00000000000, -0.00000000087, 0.00000000270
17, 50.00000000000, 325.63548611045, 42.12451876760, 4.12500003222, 0.00000000000, -0.00000000502, -0.00000000036
18, 50.00000000000, 320.77220573898, -30000000.00000000000, 0.00000000000, 0.00000000000, 0.00000086896, 0.66000001198
19, 50.00000000000, 379.23125493676, 84.44959018752, 4.12500003222, 0.00000000000, -0.00000000626, 0.00000002957
20, 50.00000000000, 354.78505746845, -30000000.00000000000, 0.00000000000, 0.00000000000, -0.00000024838, 0.66000001198
21, 50.00000000000, 400.60712562720, 33.57985981494, 4.12500003222, 0.00000000000, 0.00000000741, -0.00000001525
22, 50.00000000000, 416.52668294913, 115.61130604430, 4.12500003222, 0.00000000000, -0.00000000810, 0.00000000735
23, 50.00000000000, 422.82964662378, 56.22476854074, 4.12500003222, 0.00000000000, -0.00000000342, -0.00000002102
24, 50.00000000000, 432.27415748936, -30000000.00000000000, 0.00000000000, 0.00000000000, -0.00000154884, 0.66000001198
25, 50.00000000000, 447.51554652536, 62.84386472431, 4.12500003222, 0.00000000000, 0.00000000815, -0.00000001304
26, 50.00000000000, 474.59479632286, 47.11396931505, 4.12500003222, 0.00000000000, -0.00000000406, -0.00000001075
27, 50.00000000000, 491.41471152856, 44.76216764127, 4.12500003222, 0.00000000000, -0.00000000600, -0.00000000845
28, 50.00000000000, 490.80233750401, -30000000.00000000000, 0.00000000000, 0.00000000000, 0.00000049650, 0.66000001198
29, 50.00000000000, 541.54958364040, 137.01333300567, 4.12500003222, 0.00000000000, -0.00000000516, 0.00000002534
30, 50.00000000000, 544.40311753112, 63.95172860982, 4.12500003222, 0.00000000000, 0.00000001031, 0.00000001449
31, 50.00000000000, 543.19691392511, -30000000.00000000000, 0.00000000000, 0.00000000000, -0.00000031239, 0.66000001198
32, 50.00000000000, 553.51083804229, -30000000.00000000000, 0.00000000000, 0.00000000000, -0.00000083369, 0.66000001198
33, 50.00000000000, 579.37083240396, -30000000.00000000000, 0.00000000000, 0.00000000000, -0.00000082370, 0.66000001198
34, 50.00000000000, 604.66571733686, 67.31005649567, 4.12500003222, 0.00000000000, -0.00000000337, 0.00000002976
35, 50.00000000000, 626.77010304207, 105.49419119642, 4.12500003222, 0.00000000000, 0.00000000406, 0.00000000521
36, 50.00000000000, 634.34508717800, -30000000.00000000000, 0.00000000000, 0.00000000000, 0.00000103929, 0.66000001198
37, 50.00000000000, 652.04110327195, -30000000.00000000000, 0.00000000000, 0.00000000000, 0.00000034749, 0.66000001198
38, 50.00000000000, 665.81883992390, -30000000.00000000000, 0.00000000000, 0.00000000000, -0.00000046471, 0.66000001198
39, 50.00000000000, 689.62023614904, -30000000.00000000000, 0.00000000000, 0.00000000000, -0.00000146193, 0.66000001198
40, 50.00000000000, 700.00972289972, -30000000.00000000000, 0.00000000000, 0.00000000000, -0.00000081334, 0.66000001198
41, 50.00000000000, 719.85141430925, -30000000.00000000000, 0.00000000000, 0.00000000000, -0.00000036030, 0.66000001198
42, 50.00000000000, 734.97622247543, 73.17717960842, 4.12500003222, 0.00000000000, 0.00000000046, 0.00000002416
43, 50.00000000000, 750.74270220745, 101.72448054692, 4.12500003222, 0.00000000000, -0.00000000154, 0.00000000318
44, 50.00000000000, 768.51738455947, 102.16179392541, 4.12500003222, 0.00000000000, 0.00000000312, -0.00000001420
45, 50.00000000000, 785.39871402538, -30000000.00000000000, 0.00000000000, 0.00000000000, 0.00000067281, 0.66000001198
46, 50.00000000000, 802.72063867561, -30000000.00000000000, 0.00000000000, 0.00000000000, -0.00000020174, 0.66000001198
47, 50.00000000000, 821.86992796889, -30000000.00000000000, 0.00000000000, 0.00000000000, -0.00000056600, 0.66000001198
48, 50.00000000000, 835.05849387833, -30000000.00000000000, 0.00000000000, 0.00000000000, -0.00000162012, 0.66000001198
49, 50.00000000000, 840.62380079567, 90.26296762242, 4.12500003222, 0.00000000000, 0.00000000192, -0.00000002102
50, 50.00000000000, 877.38136137834, -30000000.00000000000, 0.00000000000, 0.00000000000, 0.00000194555, 0.66000001198
51, 50.00000000000, 893.77444871763, -30000000.00000000000, 0.00000000000, 0.00000000000, 0.00000027232, 0.66000001198
52, 50.00000000000, 870.11725913899, 189.30671768894, 4.12500003222, 0.00000000000, -0.00000000099, 0.00000000397
53, 50.00000000000, 929.93711020118, -30000000.00000000000, 0.00000000000, 0.00000000000, -0.00000148395, 0.66000001198
54, 50.00000000000, 942.00735429253, -30000000.00000000000, 0.00000000000, 0.00000000000, -0.00000026674, 0.66000001198
55, 50.00000000000, 956.53609056131, -30000000.00000000000, 0.00000000000, 0.00000000000, 0.00000118068, 0.66000001198
56, 50.00000000000, 977.98592740005, -30000000.00000000000, 0.00000000000, 0.00000000000, -0.00000065949, 0.66000001198
57, 50.00000000000, 976.73145732970, 47.10913265093, 4.12500003222, 0.00000000000, -0.00000000134, -0.00000001855
58, 50.00000000000, 1013.21777405636, -30000000.00000000000, 0.00000000000, 0.00000000000, 0.00000144585, 0.66000001198
59, 50.00000000000, 1016.24704394366, 47.58253692341, 4.12500003222, 0.00000000000, -0.00000000455, -0.00000001249
60, 50.00000000000, 1025.26553877127, 113.58005283699, 4.12500003222, 0.00000000000, 0.00000000225, -0.00000000767
61, 50.00000000000, 1061.90329918524, -30000000.00000000000, 0.00000000000, 0.00000000000, 0.00000017793, 0.66000001198
62, 50.00000000000, 1072.90617315572, -30000000.00000000000, 0.00000000000, 0.00000000000, 0.00000042735, 0.66000001198
63, 50.00000000000, 1100.98161258477, 99.48847977018, 4.12500003222, 0.00000000000, -0.00000000362, 0.00000001601
64, 50.00000000000, 1094.31561484198, 1.89704952292, 4.12500003222, 0.00000000000, -0.00000000469, 0.00000001898
65, 50.00000000000, 1120.90639319092, 74.87966602581, 4.12500003222, 0.00000000000, -0.00000000278, 0.00000001517
66, 50.00000000000, 1117.40395078113, 30.04395837931, 4.12500003222, 0.00000000000, 0.00000000457, -0.00000000431
67, 50.00000000000, 1152.85506613622, 65.42746010708, 4.12500003222, 0.00000000000, 0.00000000744, 0.00000003641
68, 50.00000000000, 1170.81560820630, 39.19844360306, 4.12500003222, 0.00000000000, -0.00000000670, 0.00000004145
69, 50.00000000000, 1176.12101661826, 4.99948425233, 4.12500003222, 0.00000000000, 0.00000001349, 0.00000001898
70, 50.00000000000, 1188.23590645861, 25.40584392198, 4.12500003222, 0.00000000000, -0.00000000420, -0.00000002666
71, 50.00000000000, 1206.14144687486, 31.67699598911, 4.12500003222, 0.00000000000, 0.00000000910, -0.00000000543
72, 50.00000000000, 1235.78227006648, 45.33156913762, 4.12500003222, 0.00000000000, 0.00000000110, 0.00000002087
73, 50.00000000000, 1203.66471215119, 109.39280676885, 4.12500003222, 0.00000000000, 0.00000000181, 0.00000000628
74, 50.00000000000, 1258.83398461051, 10.77208737026, 4.12500003222, 0.00000000000, -0.00000000390, 0.00000002487
75, 50.00000000000, 1272.04851901159, 4.94494492959, 4.12500003222, 0.00000000000, 0.00000001142, 0.00000001254
76, 50.00000000000, 1276.50382894783, 25.17927340360, 4.12500003222, 0.00000000000, -0.00000000295, -0.00000002302
77, 50.00000000000, 1283.11663105567, 37.99565373462, 4.12500003222, 0.00000000000, -0.00000001493, 0.00000003289
78, 50.00000000000, 1313.47808943178, 12.19890507500, 4.12500003222, 0.00000000000, -0.00000000353, -0.00000000356
79, 50.00000000000, 1297.27061606495, 83.65738468575, 4.12500003222, 0.00000000000, 0.00000000711, 0.00000001533
80, 50.00000000000, 48.69708094398, 13.75534575742, 4.12500003222, 0.00000000000, 0.00000000430, -0.00000002264
81, 50.00000000000, 69.69387096333, 27.67567912839, 4.12500003222, 0.00000000000, 0.00000000277, -0.00000000628
82, 50.00000000000, 93.14102207083, 23.81847362771, 4.12500003222, 0.00000000000, 0.00000000058, 0.00000000768
83, 50.00000000000, 104.07994633271, 13.73388038009, 4.12500003222, 0.00000000000, 0.00000000308, -0.00000000019
84, 50.00000000000, 112.24838600152, 35.75227013272, 4.12500003222, 0.00000000000, -0.00000000107, 0.00000005795
85, 50.00000000000, 136.73119718703, 6.86101568892, 4.12500003222, 0.00000000000, -0.00000000875, 0.00000002800
86, 50.00000000000, 150.95824672917, 4.93906742996, 4.12500003222, 0.00000000000, -0.00000000122, -0.00000001021
87, 50.00000000000, 169.23875951915, 31.44917180693, 4.12500003222, 0.00000000000, 0.00000000105, 0.00000000847
88, 50.00000000000, 164.68998575888, 55.66798375103, 4.12500003222, 0.00000000000, 0.00000000863, -0.00000001009
89, 50.00000000000, 187.01873295781, 31.86453648582, 4.12500003222, 0.00000000000, 0.00000000738, 0.00000001556
90, 50.00000000000, 223.20749731823, 15.86655804765, 4.12500003222, 0.00000000000, -0.00000000611, -0.00000002046
91, 50.00000000000, 220.25678194820, 26.77462191460, 4.12500003222, 0.00000000000, -0.00000000632, -0.00000003659
92, 50.00000000000, 261.33385083017, 31.57308984903, 4.12500003222, 0.00000000000, -0.00000000596, 0.00000001724
93, 50.00000000000, 256.12261658307, 21.20896440443, 4.12500003222, 0.00000000000, -0.00000001214, -0.00000000016
94, 50.00000000000, 281.98624062161, 44.75929035830, 4.12500003222, 0.00000000000, 0.00000000761, 0.00000001157
95, 50.00000000000, 301.17310898665, 61.30553042916, 4.12500003222, 0.00000000000, -0.00000000023, -0.00000001751
96, 50.00000000000, 324.30328748690, 9.74533787616, 4.12500003222, 0.00000000000, -0.00000000179, -0.00000001533
97, 50.00000000000, 323.59523887493, 64.11864122288, 4.12500003222, 0.00000000000, -0.00000000299, 0.00000001287
98, 50.00000000000, 348.35777193609, 39.66924077472, 4.12500003222, 0.00000000000, -0.00000000007, -0.00000001319
99, 50.00000000000, 370.93505538545, 65.62535292619, 4.12500003222, 0.00000000000, -0.00000000266, 0.00000000958
100, 50.00000000000, 354.50184675772, -30000000.00000000000, 0.00000000000, 0.00000000000, -0.00000022625, 0.66000001198
101, 50.00000000000, 373.64157133848, -30000000.00000000000, 0.00000000000, 0.00000000000, -0.00000009073, 0.66000001198
102, 50.00000000000, 392.21622457898, -30000000.00000000000, 0.00000000000, 0.00000000000, 0.00000085312, 0.66000001198
103, 50.00000000000, 418.33892544937, 91.15687580579, 4.12500003222, 0.00000000000, 0.00000000903, 0.00000000319
104, 50.00000000000, 439.33465796356, 39.82759295608, 4.12500003222, 0.00000000000, 0.00000000259, 0.00000002866
105, 50.00000000000, 455.77737096630, 48.58072745282, 4.12500003222, 0.00000000000, 0.00000000173, -0.00000000698
106, 50.00000000000, 479.00795603566, 101.87022779350, 4.12500003222, 0.00000000000, 0.00000000085, -0.00000000234
107, 50.00000000000, 478.68647748534, -30000000.00000000000, 0.00000000000, 0.00000000000, 0.00000090104, 0.66000001198
108, 50.00000000000, 514.10571658812, 95.07332564690, 4.12500003222, 0.00000000000, 0.00000000296, -0.00000001082
109, 50.00000000000, 524.40446406992, 93.29509800004, 4.12500003222, 0.00000000000, 0.00000000224, -0.00000000612
110, 50.00000000000, 539.05201668111, -30000000.00000000000, 0.00000000000, 0.00000000000, 0.00000041767, 0.66000001198
111, 50.00000000000, 545.77179603882, -30000000.00000000000, 0.00000000000, 0.00000000000, -0.00000076431, 0.66000001198
112, 50.00000000000, 579.03941795003, 96.91536532519, 4.12500003222, 0.00000000000, 0.00000000711, 0.00000003744
113, 50.00000000000, 591.34864616789, 114.03623386075, 4.12500003222, 0.00000000000, -0.00000000130, -0.00000003114
114, 50.00000000000, 615.97520203111, 120.35914054360, 4.12500003222, 0.00000000000, 0.00000001017, 0.00000002143
115, 50.00000000000, 617.08287733555, -30000000.00000000000, 0.00000000000, 0.00000000000, 0.00000207609, 0.66000001198
116, 50.00000000000, 621.15503974163, -30000000.00000000000, 0.00000000000, 0.00000000000, 0.00000135948, 0.66000001198
117, 50.00000000000, 643.59352930570, -30000000.00000000000, 0.00000000000, 0.00000000000, 0.00000028890, 0.66000001198
118, 50.00000000000, 661.93821782888, -30000000.00000000000, 0.00000000000, 0.00000000000, -0.00000066518, 0.66000001198
119, 50.00000000000, 677.80786175520, -30000000.00000000000, 0.00000000000, 0.00000000000, -0.00000008347, 0.66000001198
120, 50.00000000000, 732.32080366625, 118.23610708038, 4.12500003222, 0.00000000000, -0.00000000114, -0.00000003079
121, 50.00000000000, 721.78230187233, 67.29723127094, 4.12500003222, 0.00000000000, 0.00000000011, -0.00000002182
122, 50.00000000000, 739.74467417405, 82.59110495078, 4.12500003222, 0.00000000000, -0.00000000652, 0.00000001858
123, 50.00000000000, 752.22759272297, -30000000.00000000000, 0.00000000000, 0.00000000000, 0.00000049558, 0.66000001198
124, 50.00000000000, 780.70835862807, 48.15966546645, 4.12500003222, 0.00000000000, -0.00000000361, 0.00000001010
125, 50.00000000000, 802.30837222565, 58.23127263599, 4.12500003222, 0.00000000000, 0.00000000042, -0.00000000681
126, 50.00000000000, 796.92100672307, -30000000.00000000000, 0.00000000000, 0.00000000000, 0.00000094659, 0.66000001198
127, 50.00000000000, 822.03916367755, -30000000.00000000000, 0.00000000000, 0.00000000000, -0.00000059331, 0.66000001198
128, 50.00000000000, 851.17425183048, 73.34378499325, 4.12500003222, 0.00000000000, 0.00000000413, 0.00000000765
129, 50.00000000000, 844.36099836603, 109.43372827966, 4.12500003222, 0.00000000000, -0.00000000669, 0.00000001368
130, 50.00000000000, 894.61020300841, 73.93091544612, 4.12500003222, 0.00000000000, -0.00000000404, 0.00000002644
131, 50.00000000000, 881.29162901969, -30000000.00000000000, 0.00000000000, 0.00000000000, 0.00000181700, 0.66000001198
132, 50.00000000000, 901.95507911787, -30000000.00000000000, 0.00000000000, 0.00000000000, -0.00000031456, 0.66000001198
133, 50.00000000000, 903.70588377351, 176.98964631078, 4.12500003222, 0.00000000000, 0.00000000015, -0.00000000021
134, 50.00000000000, 944.00860724078, 67.38204294939, 4.12500003222, 0.00000000000, -0.00000000238, 0.00000002194
135, 50.00000000000, 959.83274861249, 50.62801033874, 4.12500003222, 0.00000000000, 0.00000000132, 0.00000000751
136, 50.00000000000, 972.40402886907, -30000000.00000000000, 0.00000000000, 0.00000000000, -0.00000035837, 0.66000001198
137, 50.00000000000, 994.87022939771, 61.31441126905, 4.12500003222, 0.00000000000, -0.00000000143, 0.00000002998
138, 50.00000000000, 992.98114610139, 100.85145213237, 4.12500003222, 0.00000000000, 0.00000000173, 0.00000004782
139, 50.00000000000, 1031.32907735432, -30000000.00000000000, 0.00000000000, 0.00000000000, -0.00000093901, 0.66000001198
140, 50.00000000000, 1040.42099259026, -30000000.00000000000, 0.00000000000, 0.00000000000, -0.00000085620, 0.66000001198
141, 50.00000000000, 1044.95539112267, 58.27404025616, 4.12500003222, 0.00000000000, 0.00000000220, -0.00000001708
142, 50.00000000000, 1080.47056507641, -30000000.00000000000, 0.00000000000, 0.00000000000, -0.00000023831, 0.66000001198
143, 50.00000000000, 1081.67312114411, 51.10735474246, 4.12500003222, 0.00000000000, 0.00000000257, 0.00000000852
144, 50.00000000000, 1078.98871728963, 15.09221014902, 4.12500003222, 0.00000000000, 0.00000000145, -0.00000001128
145, 50.00000000000, 1103.97622217316, 12.97663037388, 4.12500003222, 0.00000000000, -0.00000000416, 0.00000000166
146, 50.00000000000, 1135.36850000626, 35.69819523632, 4.12500003222, 0.00000000000, -0.00000002064, 0.00000001016
147, 50.00000000000, 1153.81373659484, 28.16283882946, 4.12500003222, 0.00000000000, 0.00000000508, -0.00000001009
148, 50.00000000000, 1168.03896578038, 128.22853752346, 4.12500003222, 0.00000000000, 0.00000000891, 0.00000001257
149, 50.00000000000, 1170.98080033279, 27.10133609958, 4.12500003222, 0.00000000000, -0.00000001013, -0.00000003934
150, 50.00000000000, 1189.34106159571, 41.46023922574, 4.12500003222, 0.00000000000, -0.00000000725, 0.00000005379
151, 50.00000000000, 1210.02038500686, 13.41918059379, 4.12500003222, 0.00000000000, -0.00000001326, -0.00000001828
152, 50.00000000000, 1203.67101052515, 131.28036852741, 4.12500003222, 0.00000000000, 0.00000000381, -0.00000002227
153, 50.00000000000, 1242.79949092657, 12.59582606047, 4.12500003222, 0.00000000000, -0.00000000265, 0.00000001670
154, 50.00000000000, 1263.06952538427, 26.32947195238, 4.12500003222, 0.00000000000, -0.00000000214, 0.00000006353
155, 50.00000000000, 1260.16085900855, 62.98909393427, 4.12500003222, 0.00000000000, 0.00000000106, -0.00000005389
156, 50.00000000000, 1267.70157736820, 100.81161052572, 4.12500003222, 0.00000000000, -0.00000000957, -0.00000001901
157, 50.00000000000, 1276.82678044537, 59.80058081386, 4.12500003222, 0.00000000000, 0.00000000203, -0.00000002915
158, 50.00000000000, 1284.43617437322, 113.68531034052, 4.12500003222, 0.00000000000, 0.00000000309, 0.00000000003
159, 50.00000000000, 1293.18669695152, 61.84696906026, 4.12500003222, 0.00000000000, 0.00000000394, -0.00000003063
160, 50.00000000000, 58.74500955663, 26.65257353726, 4.12500003222, 0.00000000000, 0.00000000500, -0.00000000450
161, 50.00000000000, 76.73105384316, 78.20669030334, 4.12500003222, 0.00000000000, -0.00000001263, 0.00000000120
162, 50.00000000000, 95.25963847896, 6.79485789164, 4.12500003222, 0.00000000000, -0.00000000652, 0.00000000865
163, 50.00000000000, 105.07490319763, 29.58448091492, 4.12500003222, 0.00000000000, -0.00000000772, 0.00000003627
164, 50.00000000000, 117.30215114008, 57.50219931777, 4.12500003222, 0.00000000000, -0.00000000355, -0.00000003090
165, 50.00000000000, 120.92673455336, 46.27999863873, 4.12500003222, 0.00000000000, -0.00000000643, 0.00000000753
166, 50.00000000000, 153.69542399686, 39.25960576968, 4.12500003222, 0.00000000000, -0.00000001384, 0.00000000516
167, 50.00000000000, 168.20031900231, 21.62837184792, 4.12500003222, 0.00000000000, -0.00000000635, 0.00000000848
168, 50.00000000000, 174.22761881667, 62.91884387536, 4.12500003222, 0.00000000000, -0.00000000128, -0.00000000171
169, 50.00000000000, 201.91490057547, 15.45027686337, 4.12500003222, 0.00000000000, 0.00000001043, -0.00000001076
170, 50.00000000000, 220.57137414778, 5.83728805393, 4.12500003222, 0.00000000000, 0.00000000798, 0.00000001517
171, 50.00000000000, 237.98782717559, 33.98732198607, 4.12500003222, 0.00000000000, 0.00000000666, -0.00000002146
172, 50.00000000000, 258.42346659318, 8.62534576631, 4.12500003222, 0.00000000000, -0.00000000138, -0.00000003141
173, 50.00000000000, 270.22514039961, 48.43022206035, 4.12500003222, 0.00000000000, 0.00000001348, -0.00000003954
174, 50.00000000000, 289.16109152994, 7.47906334112, 4.12500003222, 0.00000000000, 0.00000000246, -0.00000001078
175, 50.00000000000, 297.63381016909, 13.29471197309, 4.12500003222, 0.00000000000, 0.00000000744, -0.00000001460
176, 50.00000000000, 317.57267000799, 25.35513024609, 4.12500003222, 0.00000000000, 0.00000000715, 0.00000000179
177, 50.00000000000, 337.86020772555, 47.88782886835, 4.12500003222, 0.00000000000, 0.00000000046, -0.00000001338
178, 50.00000000000, 357.63156622974, 85.02207306298, 4.12500003222, 0.00000000000, 0.00000000472, 0.00000002062
179, 50.00000000000, 365.55062344453, 98.13483645866, 4.12500003222, 0.00000000000, -0.00000000748, -0.00000002484
180, 50.00000000000, 384.22617778161, 102.69010331838, 4.12500003222, 0.00000000000, 0.00000000519, -0.00000001203
181, 50.00000000000, 400.10498709371, 88.30730593087, 4.12500003222, 0.00000000000, 0.00000000113, 0.00000000436
182, 50.00000000000, 419.33217250751, 105.41110984979, 4.12500003222, 0.00000000000, -0.00000000206, -0.00000000322
183, 50.00000000000, 419.94929421667, 37.31137325464, 4.12500003222, 0.00000000000, -0.00000000238, 0.00000000981
184, 50.00000000000, 419.54036532895, -30000000.00000000000, 0.00000000000, 0.00000000000, 0.00000008439, 0.66000001198
185, 50.00000000000, 450.71708257799, 121.31316480455, 4.12500003222, 0.00000000000, 0.00000000265, -0.00000000530
186, 50.00000000000, 469.95709530346, 84.63879155784, 4.12500003222, 0.00000000000, 0.00000000281, 0.00000002988
187, 50.00000000000, 483.71573805878, 80.24208349158, 4.12500003222, 0.00000000000, 0.00000000174, 0.00000002534
188, 50.00000000000, 507.89514804650, 61.15687731590, 4.12500003222, 0.00000000000, -0.00000000495, 0.00000001196
189, 50.00000000000, 527.72033989315, 48.19460912627, 4.12500003222, 0.00000000000, 0.00000000169, -0.00000004083
190, 50.00000000000, 520.58267380689, -30000000.00000000000, 0.00000000000, 0.00000000000, 0.00000135806, 0.66000001198
191, 50.00000000000, 556.32372668496, 82.26730414577, 4.12500003222, 0.00000000000, -0.00000000416, -0.00000000502
192, 50.00000000000, 571.13396494483, 150.86686884145, 4.12500003222, 0.00000000000, 0.00000000836, 0.00000000519
193, 50.00000000000, 579.33385683037, 184.93895744783, 4.12500003222, 0.00000000000, -0.00000000121, 0.00000001126
194, 50.00000000000, 596.31073862902, 171.17725388417, 4.12500003222, 0.00000000000, 0.00000000132, -0.00000001825
195, 50.00000000000, 612.28101428985, -30000000.00000000000, 0.00000000000, 0.00000000000, 0.00000223237, 0.66000001198
196, 50.00000000000, 639.89820585641, -30000000.00000000000, 0.00000000000, 0.00000000000, 0.00000073799, 0.66000001198
197, 50.00000000000, 653.53228575771, -30000000.00000000000, 0.00000000000, 0.00000000000, -0.00000007266, 0.66000001198
198, 50.00000000000, 678.31384942626, 59.86996128114, 4.12500003222, 0.00000000000, -0.00000000154, 0.00000002328
199, 50.00000000000, 673.06020826581, -30000000.00000000000, 0.00000000000, 0.00000000000, 0.00000070719, 0.66000001198
200, 50.00000000000, 713.12947964774, 101.94361084638, 4.12500003222, 0.00000000000, 0.00000000011, 0.00000001332
201, 50.00000000000, 728.97036694165, 104.46491942367, 4.12500003222, 0.00000000000, 0.00000000033, 0.00000000987
202, 50.00000000000, 731.22988699432, 50.32722973519, 4.12500003222, 0.00000000000, 0.00000000450, 0.00000002514
203, 50.00000000000, 756.44150424276, -30000000.00000000000, 0.00000000000, 0.00000000000, -0.00000024601, 0.66000001198
204, 50.00000000000, 765.68247227427, -30000000.00000000000, 0.00000000000, 0.00000000000, -0.00000020833, 0.66000001198
205, 50.00000000000, 800.08699692453, 43.24206045532, 4.12500003222, 0.00000000000, 0.00000000336, 0.00000000330
206, 50.00000000000, 819.68880145319, 41.63125047072, 4.12500003222, 0.00000000000, 0.00000000456, -0.00000003155
207, 50.00000000000, 811.38821847670, 72.88429886061, 4.12500003222, 0.00000000000, 0.00000000226, 0.00000002013
208, 50.00000000000, 828.55805825647, 104.57144356181, 4.12500003222, 0.00000000000, 0.00000001572, 0.00000002041
209, 50.00000000000, 831.08852946429, 73.19179410404, 4.12500003222, 0.00000000000, -0.00000000619, 0.00000001219
210, 50.00000000000, 866.59283745094, -30000000.00000000000, 0.00000000000, 0.00000000000, 0.00000161984, 0.66000001198
211, 50.00000000000, 890.63605409679, -30000000.00000000000, 0.00000000000, 0.00000000000, 0.00000103109, 0.66000001198
212, 50.00000000000, 901.24865341654, 52.16685136496, 4.12500003222, 0.00000000000, -0.00000000222, -0.00000001918
213, 50.00000000000, 915.76837511254, -30000000.00000000000, 0.00000000000, 0.00000000000, -0.00000147500, 0.66000001198
214, 50.00000000000, 938.39049598490, 111.23255457148, 4.12500003222, 0.00000000000, -0.00000000493, 0.00000001362
215, 50.00000000000, 958.86289907314, 62.60858086814, 4.12500003222, 0.00000000000, 0.00000000323, -0.00000001096
216, 50.00000000000, 979.83910782537, 59.69879180892, 4.12500003222, 0.00000000000, -0.00000000297, 0.00000003796
217, 50.00000000000, 984.27381532761, -30000000.00000000000, 0.00000000000, 0.00000000000, -0.00000176700, 0.66000001198
218, 50.00000000000, 1003.32229807529, -30000000.00000000000, 0.00000000000, 0.00000000000, 0.00000034875, 0.66000001198
219, 50.00000000000, 1025.88273151686, -30000000.00000000000, 0.00000000000, 0.00000000000, -0.00000022594, 0.66000001198
220, 50.00000000000, 1003.92879889438, 139.90322072029, 4.12500003222, 0.00000000000, 0.00000000126, -0.00000000572
221, 50.00000000000, 1051.87982326190, 52.28367310996, 4.12500003222, 0.00000000000, 0.00000000579, -0.00000003279
222, 50.00000000000, 1069.50396746291, 59.22607384005, 4.12500003222, 0.00000000000, 0.00000000549, 0.00000002660
223, 50.00000000000, 1080.07832725966, 35.78851196870, 4.12500003222, 0.00000000000, 0.00000000007, -0.00000001591
224, 50.00000000000, 1090.07278519113, 14.32964584432, 4.12500003222, 0.00000000000, 0.00000000538, -0.00000000833
225, 50.00000000000, 1122.75355448324, 21.59472815063, 4.12500003222, 0.00000000000, -0.00000000727, 0.00000003463
226, 50.00000000000, 1120.43957531644, 94.00795532960, 4.12500003222, 0.00000000000, 0.00000000381, -0.00000002362
227, 50.00000000000, 1147.49570163850, 47.95051589709, 4.12500003222, 0.00000000000, -0.00000000146, -0.00000000576
228, 50.00000000000, 1155.15566472027, 9.48767998648, 4.12500003222, 0.00000000000, -0.00000000300, 0.00000004840
229, 50.00000000000, 1171.58531119771, 14.44525823473, 4.12500003222, 0.00000000000, -0.00000000496, 0.00000003643
230, 50.00000000000, 1191.28716761772, 15.73062213835, 4.12500003222, 0.00000000000, 0.00000000122, -0.00000002442
231, 50.00000000000, 1211.63549969187, 68.97131670855, 4.12500003222, 0.00000000000, 0.00000000038, -0.00000000415
232, 50.00000000000, 1229.04072287522, 31.70955150957, 4.12500003222, 0.00000000000, -0.00000001940, -0.00000004249
233, 50.00000000000, 1224.34236186702, 61.73529331450, 4.12500003222, 0.00000000000, 0.00000000352, -0.00000000503
234, 50.00000000000, 1234.55584018800, 66.38173776335, 4.12500003222, 0.00000000000, -0.00000000135, 0.00000002228
235, 50.00000000000, 1252.99448458516, 82.04141819776, 4.12500003222, 0.00000000000, -0.00000000460, 0.00000003686
236, 50.00000000000, 1293.38872326570, 7.23768882393, 4.12500003222, 0.00000000000, -0.00000000097, 0.00000001061
237, 50.00000000000, 1277.34082855277, 78.86888197783, 4.12500003222, 0.00000000000, -0.00000000613, -0.00000000717
238, 50.00000000000, 1284.74241063721, 92.18641169271, 4.12500003222, 0.00000000000, -0.00000000534, -0.00000000338
239, 50.00000000000, 1309.40045762344, 89.13103516659, 4.12500003222, 0.00000000000, 0.00000000871, 0.00000000086
240, 50.00000000000, 67.44983842676, 45.51132110997, 4.12500003222, 0.00000000000, 0.00000000642, 0.00000000709
241, 50.00000000000, 63.02722913701, 7.66630153671, 4.12500003222, 0.00000000000, 0.00000000393, 0.00000001773
242, 50.00000000000, 82.27251882869, 25.68718911369, 4.12500003222, 0.00000000000, 0.00000000402, -0.00000000343
243, 50.00000000000, 108.70624817821, 90.43845055536, 4.12500003222, 0.00000000000, -0.00000000261, 0.00000001514
244, 50.00000000000, 126.58038960797, 87.75566227235, 4.12500003222, 0.00000000000, 0.00000000936, 0.00000002535
245, 50.00000000000, 133.65676985651, 65.95541911002, 4.12500003222, 0.00000000000, 0.00000000471, -0.00000001841
246, 50.00000000000, 146.78399538954, 20.45676244700, 4.12500003222, 0.00000000000, 0.00000000702, -0.00000000774
247, 50.00000000000, 136.84568359454, 121.98666259420, 4.12500003222, 0.00000000000, -0.00000000294, -0.00000000180
248, 50.00000000000, 142.42960379878, 81.06798101966, 4.12500003222, 0.00000000000, 0.00000000205, 0.00000002727
249, 50.00000000000, 156.21480975164, 94.96130330079, 4.12500003222, 0.00000000000, -0.00000000528, -0.00000001707
250, 50.00000000000, 203.68629175417, 24.49239482342, 4.12500003222, 0.00000000000, -0.00000000017, 0.00000001307
251, 50.00000000000, 193.57449649205, 113.42123497171, 4.12500003222, 0.00000000000, 0.00000000083, 0.00000001088
252, 50.00000000000, 246.65895387117, 52.37896143940, 4.12500003222, 0.00000000000, -0.00000000737, 0.00000000201
253, 50.00000000000, 273.79023421712, 36.46684151269, 4.12500003222, 0.00000000000, -0.00000000340, -0.00000002638
254, 50.00000000000, 235.37994681885, 156.86904082544, 4.12500003222, 0.00000000000, -0.00000000231, 0.00000000341
255, 50.00000000000, 255.20909127333, 162.60101524694, 4.12500003222, 0.00000000000, 0.00000000022, -0.00000000011
256, 50.00000000000, 291.95042572357, 162.80431306551, 4.12500003222, 0.00000000000, -0.00000000101, -0.00000000864
257, 50.00000000000, 336.06447715172, 59.17973099230, 4.12500003222, 0.00000000000, 0.00000000022, 0.00000001582
258, 50.00000000000, 356.85425163948, 73.59014484274, 4.12500003222, 0.00000000000, -0.00000000423, -0.00000000722
259, 50.00000000000, 365.39593052108, 33.07130363668, 4.12500003222, 0.00000000000, 0.00000000507, -0.00000000544
260, 50.00000000000, 382.29026481412, 46.92620264012, 4.12500003222, 0.00000000000, 0.00000001272, -0.00000000349
261, 50.00000000000, 390.22493974405, 54.50230118432, 4.12500003222, 0.00000000000, 0.00000000420, 0.00000000513
262, 50.00000000000, 388.93887788843, -30000000.00000000000, 0.00000000000, 0.00000000000, 0.00000061209, 0.66000001198
263, 50.00000000000, 434.81363070803, 90.19897697889, 4.12500003222, 0.00000000000, -0.00000000328, -0.00000000886
264, 50.00000000000, 433.33482132836, 54.81637922860, 4.12500003222, 0.00000000000, 0.00000000125, -0.00000002563
265, 50.00000000000, 450.81906009755, 84.09683009591, 4.12500003222, 0.00000000000, -0.00000001067, -0.00000000677
266, 50.00000000000, 469.74262837712, 120.02916021688, 4.12500003222, 0.00000000000, 0.00000000354, 0.00000000242
267, 50.00000000000, 492.12461469035, 89.45337054705, 4.12500003222, 0.00000000000, -0.00000001248, 0.00000001622
268, 50.00000000000, 501.72647756025, 81.46356322027, 4.12500003222, 0.00000000000, 0.00000000417, -0.00000001593
269, 50.00000000000, 526.29737779507, 62.24410272296, 4.12500003222, 0.00000000000, -0.00000000413, 0.00000004434
270, 50.00000000000, 531.84524923006, -30000000.00000000000, 0.00000000000, 0.00000000000, -0.00000014633, 0.66000001198
271, 50.00000000000, 562.32550790726, 103.39648506374, 4.12500003222, 0.00000000000, -0.00000000368, -0.00000000037
272, 50.00000000000, 565.85415019838, 64.96700166731, 4.12500003222, 0.00000000000, 0.00000000104, 0.00000001699
273, 50.00000000000, 602.29195438394, 136.77492131036, 4.12500003222, 0.00000000000, 0.00000000873, -0.00000000372
274, 50.00000000000, 611.41330563870, 104.35214489535, 4.12500003222, 0.00000000000, 0.00000000996, 0.00000000826
275, 50.00000000000, 616.95887270224, 85.24696154356, 4.12500003222, 0.00000000000, -0.00000000287, -0.00000000359
276, 50.00000000000, 629.15038711257, -30000000.00000000000, 0.00000000000, 0.00000000000, 0.00000099221, 0.66000001198
277, 50.00000000000, 666.41396041570, 74.25926891674, 4.12500003222, 0.00000000000, 0.00000000862, 0.00000000636
278, 50.00000000000, 660.57065993030, -30000000.00000000000, 0.00000000000, 0.00000000000, -0.00000089032, 0.66000001198
279, 50.00000000000, 682.09844464844, 43.59271029910, 4.12500003222, 0.00000000000, 0.00000000726, -0.00000002973
280, 50.00000000000, 694.87787975621, -30000000.00000000000, 0.00000000000, 0.00000000000, -0.00000029079, 0.66000001198
281, 50.00000000000, 720.47306747383, 85.89141183786, 4.12500003222, 0.00000000000, 0.00000000668, -0.00000001183
282, 50.00000000000, 745.01697509145, -30000000.00000000000, 0.00000000000, 0.00000000000, -0.00000014535, 0.66000001198
283, 50.00000000000, 765.22743666818, 121.54665219284, 4.12500003222, 0.00000000000, -0.00000000115, 0.00000000634
284, 50.00000000000, 776.81048312759, 82.33994297502, 4.12500003222, 0.00000000000, 0.00000000503, 0.00000001774
285, 50.00000000000, 786.29845201467, -30000000.00000000000, 0.00000000000, 0.00000000000, 0.00000050588, 0.66000001198
286, 50.00000000000, 819.94759325581, 56.90093031775, 4.12500003222, 0.00000000000, -0.00000000063, 0.00000000992
287, 50.00000000000, 839.26768582712, 54.32238208033, 4.12500003222, 0.00000000000, 0.00000000286, -0.00000000291
288, 50.00000000000, 839.46921890601, -30000000.00000000000, 0.00000000000, 0.00000000000, -0.00000101373, 0.66000001198
289, 50.00000000000, 871.12340828598, 73.31387158497, 4.12500003222, 0.00000000000, -0.00000000711, 0.00000001911
290, 50.00000000000, 860.87597275972, 93.55289358852, 4.12500003222, 0.00000000000, -0.00000000303, -0.00000002922
291, 50.00000000000, 881.87581884726, 57.32872303032, 4.12500003222, 0.00000000000, 0.00000000197, -0.00000002683
292, 50.00000000000, 905.22338823391, -30000000.00000000000, 0.00000000000, 0.00000000000, -0.00000110819, 0.66000001198
293, 50.00000000000, 919.49743480494, 103.12898363267, 4.12500003222, 0.00000000000, 0.00000000117, 0.00000001683
294, 50.00000000000, 924.06904778881, 50.66737900251, 4.12500003222, 0.00000000000, 0.00000000004, -0.00000001285
295, 50.00000000000, 945.16366715316, 43.11515220198, 4.12500003222, 0.00000000000, -0.00000000165, -0.00000001054
296, 50.00000000000, 972.78145617555, 93.96243731765, 4.12500003222, 0.00000000000, -0.00000000501, -0.00000002828
297, 50.00000000000, 983.05657676402, 81.90789080170, 4.12500003222, 0.00000000000, -0.00000000682, -0.00000000998
298, 50.00000000000, 1002.30223562217, 84.43384679350, 4.12500003222, 0.00000000000, 0.00000000468, -0.00000000977
299, 50.00000000000, 1030.85399897460, -30000000.00000000000, 0.00000000000, 0.00000000000, -0.00000088796, 0.66000001198
300, 50.00000000000, 1033.57183712201, 64.61544647149, 4.12500003222, 0.00000000000, -0.00000000816, 0.00000004997
301, 50.00000000000, 1051.32874394943, 95.65887893701, 4.12500003222, 0.00000000000, -0.00000000226, -0.00000002265
302, 50.00000000000, 1057.45118280077, 74.20467410655, 4.12500003222, 0.00000000000, 0.00000002549, 0.00000004606
303, 50.00000000000, 1095.76986868288, -30000000.00000000000, 0.00000000000, 0.00000000000, -0.00000083959, 0.66000001198
304, 50.00000000000, 1092.98571720659, 56.65335636266, 4.12500003222, 0.00000000000, 0.00000000355, 0.00000001868
305, 50.00000000000, 1122.91468990799, 53.13677864614, 4.12500003222, 0.00000000000, 0.00000001261, -0.00000000479
306, 50.00000000000, 1114.66427651906, 7.05805079256, 4.12500003222, 0.00000000000, -0.00000000938, 0.00000001670
307, 50.00000000000, 1134.51626865941, 76.83377794304, 4.12500003222, 0.00000000000, 0.00000000231, 0.00000000531
308, 50.00000000000, 1166.88869281487, 50.56281453666, 4.12500003222, 0.00000000000, 0.00000000607, -0.00000001346
309, 50.00000000000, 1186.67436723050, 66.12794662270, 4.12500003222, 0.00000000000, -0.00000001449, -0.00000003017
310, 50.00000000000, 1193.34689015885, 3.93743901457, 4.12500003222, 0.00000000000, 0.00000000470, 0.00000000444
311, 50.00000000000, 1193.80603771801, 76.37598835642, 4.12500003222, 0.00000000000, -0.00000000102, 0.00000004216
312, 50.00000000000, 1228.63726453421, 9.82887839154, 4.12500003222, 0.00000000000, 0.00000000188, -0.00000000080
313, 50.00000000000, 1222.88183491600, 25.74551680478, 4.12500003222, 0.00000000000, 0.00000000924, 0.00000002761
314, 50.00000000000, 1228.25243186971, 82.50454574011, 4.12500003222, 0.00000000000, 0.00000000995, 0.00000001564
315, 50.00000000000, 1243.98334798086, 51.19744796445, 4.12500003222, 0.00000000000, 0.00000000236, 0.00000003932
316, 50.00000000000, 1260.95048792381, 86.68659978221, 4.12500003222, 0.00000000000, -0.00000000160, 0.00000003249
317, 50.00000000000, 1277.36203557381, 46.27303361604, 4.12500003222, 0.00000000000, -0.00000000031, -0.00000001776
318, 50.00000000000, 1294.74210662900, 29.43166623391, 4.12500003222, 0.00000000000, -0.00000000362, -0.00000000388
319, 50.00000000000, 1316.63104151282, 53.49652809349, 4.12500003222, 0.00000000000, 0.00000000212, 0.00000000440
320, 50.00000000000, -15.81525601760, 92.25624087161, 4.12500003222, 0.00000000000, -0.00000000000, 0.00000000000
321, 50.00000000000, 73.00308086411, 12.13412326748, 4.12500003222, 0.00000000000, -0.00000001010, -0.00000000165
322, 50.00000000000, 83.94180905649, 60.80898295979, 4.12500003222, 0.00000000000, 0.00000000239, 0.00000001270
323, 50.00000000000, 97.78397909602, 45.81412757358, 4.12500003222, 0.00000000000, 0.00000000013, -0.00000001471
324, 50.00000000000, 73.44495054972, 262.44906974044, 4.12500003222, 0.00000000000, 0.00000000000, 0.00000000000
325, 50.00000000000, 134.70416891814, 15.20202311194, 4.12500003222, 0.00000000000, -0.00000000050, -0.00000002244
326, 50.00000000000, 146.87727683032, 45.14816771862, 4.12500003222, 0.00000000000, -0.00000000038, -0.00000002282
327, 50.00000000000, 167.69651519270, 42.64102398619, 4.12500003222, 0.00000000000, 0.00000000974, 0.00000003258
328, 50.00000000000, 184.08164966244, 16.18251349826, 4.12500003222, 0.00000000000, -0.00000000328, 0.00000000477
329, 50.00000000000, 177.04976092661, 85.81292529122, 4.12500003222, 0.00000000000, -0.00000000350, 0.00000000774
330, 50.00000000000, 188.99966364960, 130.63144067000, 4.12500003222, 0.00000000000, 0.00000000081, -0.00000000994
331, 50.00000000000, 192.18439170572, 93.63944070866, 4.12500003222, 0.00000000000, 0.00000000145, -0.00000001403
332, 50.00000000000, 262.67280984131, 55.23377072963, 4.12500003222, 0.00000000000, 0.00000000226, 0.00000000395
333, 50.00000000000, 274.38513813087, 83.66660689256, 4.12500003222, 0.00000000000, -0.00000000445, -0.00000000952
334, 50.00000000000, 293.62612142808, 79.73974409042, 4.12500003222, 0.00000000000, -0.00000000152, -0.00000000448
335, 50.00000000000, 273.53880962935, 153.60613352892, 4.12500003222, 0.00000000000, -0.00000000010, 0.00000000051
336, 50.00000000000, 315.48988534894, 48.07120431661, 4.12500003222, 0.00000000000, -0.00000000769, -0.00000000925
337, 50.00000000000, 346.49900356495, 89.92880029034, 4.12500003222, 0.00000000000, 0.00000000161, 0.00000001538
338, 50.00000000000, 349.44959585156, 63.44700264871, 4.12500003222, 0.00000000000, 0.00000001040, 0.00000001120
339, 50.00000000000, 340.00595498222, -30000000.00000000000, 0.00000000000, 0.00000000000, -0.00000017105, 0.66000001198
340, 50.00000000000, 369.41051074062, 52.11380454024, 4.12500003222, 0.00000000000, 0.00000000003, -0.00000000217
341, 50.00000000000, 401.47246639561, 47.51139108046, 4.12500003222, 0.00000000000, 0.00000001237, 0.00000002733
342, 50.00000000000, 406.67702497620, 70.50666491031, 4.12500003222, 0.00000000000, -0.00000000467, 0.00000000823
343, 50.00000000000, 411.95594727245, -30000000.00000000000, 0.00000000000, 0.00000000000, 0.00000040949, 0.66000001198
344, 50.00000000000, 421.63645327278, -30000000.00000000000, 0.00000000000, 0.00000000000, 0.00000031613, 0.66000001198
345, 50.00000000000, 454.33286090714, 100.41949909517, 4.12500003222, 0.00000000000, 0.00000000723, 0.00000000698
346, 50.00000000000, 465.73414113743, 68.28174878312, 4.12500003222, 0.00000000000, 0.00000000099, -0.00000001509
347, 50.00000000000, 487.70188304442, 67.61362111621, 4.12500003222, 0.00000000000, 0.00000000858, -0.00000003193
348, 50.00000000000, 508.36770734290, 50.90336331355, 4.12500003222, 0.00000000000, -0.00000000264, -0.00000001049
349, 50.00000000000, 508.76185780467, -30000000.00000000000, 0.00000000000, 0.00000000000, 0.00000080948, 0.66000001198
350, 50.00000000000, 561.04750377733, 135.15798325746, 4.12500003222, 0.00000000000, 0.00000000612, -0.00000001763
351, 50.00000000000, 570.15496343151, 85.68489718162, 4.12500003222, 0.00000000000, -0.00000000461, -0.00000001849
352, 50.00000000000, 573.33663953431, 118.04344310469, 4.12500003222, 0.00000000000, -0.00000000023, -0.00000002292
353, 50.00000000000, 585.00148359813, 74.01781414534, 4.12500003222, 0.00000000000, 0.00000000201, 0.00000000045
354, 50.00000000000, 600.94549982122, 102.17488176745, 4.12500003222, 0.00000000000, -0.00000000857, -0.00000000571
355, 50.00000000000, 618.66532475992, 96.44028808128, 4.12500003222, 0.00000000000, 0.00000000338, 0.00000003925
356, 50.00000000000, 616.49068488670, 174.67772909701, 4.12500003222, 0.00000000000, 0.00000000032, 0.00000000008
357, 50.00000000000, 648.26126454006, 107.66717452408, 4.12500003222, 0.00000000000, -0.00000000121, -0.00000001926
358, 50.00000000000, 662.49361521685, 171.07463233153, 4.12500003222, 0.00000000000, -0.00000000078, -0.00000000090
359, 50.00000000000, 683.79355610753, -30000000.00000000000, 0.00000000000, 0.00000000000, -0.00000056277, 0.66000001198
360, 50.00000000000, 713.72219144567, 121.16336929041, 4.12500003222, 0.00000000000, -0.00000000226, -0.00000000754
361, 50.00000000000, 727.00585622239, 34.31547952489, 4.12500003222, 0.00000000000, 0.00000000310, 0.00000000042
362, 50.00000000000, 748.61705251270, 115.44548369222, 4.12500003222, 0.00000000000, -0.00000000011, -0.00000001208
363, 50.00000000000, 745.80404809244, 38.59008095179, 4.12500003222, 0.00000000000, 0.00000000364, 0.00000000671
364, 50.00000000000, 756.55913547683, 83.17225599258, 4.12500003222, 0.00000000000, -0.00000000178, 0.00000001130
365, 50.00000000000, 800.26305953267, 221.97201814293, 4.12500003222, 0.00000000000, -0.00000000226, -0.00000000144
366, 50.00000000000, 807.98956735489, -30000000.00000000000, 0.00000000000, 0.00000000000, -0.00000008405, 0.66000001198
367, 50.00000000000, 811.47827788867, -30000000.00000000000, 0.00000000000, 0.00000000000, 0.00000036708, 0.66000001198
368, 50.00000000000, 833.69649444093, -30000000.00000000000, 0.00000000000, 0.00000000000, -0.00000141773, 0.66000001198
369, 50.00000000000, 828.03058419414, 128.22307457190, 4.12500003222, 0.00000000000, -0.00000000643, 0.00000001616
370, 50.00000000000, 861.79270889576, 115.38857799304, 4.12500003222, 0.00000000000, -0.00000000247, 0.00000001381
371, 50.00000000000, 890.63339669740, -30000000.00000000000, 0.00000000000, 0.00000000000, 0.00000103162, 0.66000001198
372, 50.00000000000, 898.58124517173, 96.05963769919, 4.12500003222, 0.00000000000, -0.00000000118, -0.00000000092
373, 50.00000000000, 913.80764563652, 64.86525752623, 4.12500003222, 0.00000000000, 0.00000000236, 0.00000001687
374, 50.00000000000, 937.31567356822, 56.58390642073, 4.12500003222, 0.00000000000, -0.00000000234, -0.00000000570
375, 50.00000000000, 963.24966930524, -30000000.00000000000, 0.00000000000, 0.00000000000, 0.00000058485, 0.66000001198
376, 50.00000000000, 975.56517072570, -30000000.00000000000, 0.00000000000, 0.00000000000, -0.00000023486, 0.66000001198
377, 50.00000000000, 985.09806142782, 29.25367615070, 4.12500003222, 0.00000000000, -0.00000000134, 0.00000000146
378, 50.00000000000, 997.64361875285, 47.26414242909, 4.12500003222, 0.00000000000, 0.00000000360, -0.00000001109
379, 50.00000000000, 1015.28486780769, 96.76629797322, 4.12500003222, 0.00000000000, 0.00000000135, -0.00000001760
380, 50.00000000000, 1033.71878753464, 79.76941451070, 4.12500003222, 0.00000000000, 0.00000000275, 0.00000000781
381, 50.00000000000, 1041.95203985800, 114.84657387175, 4.12500003222, 0.00000000000, -0.00000000395, 0.00000000288
382, 50.00000000000, 1067.01542906535, 83.45013491990, 4.12500003222, 0.00000000000, -0.00000001057, -0.00000005210
383, 50.00000000000, 1082.17513863889, 72.77766752034, 4.12500003222, 0.00000000000, -0.00000000510, 0.00000000203
384, 50.00000000000, 1093.73161913815, 33.09789419380, 4.12500003222, 0.00000000000, 0.00000000466, 0.00000000516
385, 50.00000000000, 1113.45733999417, 43.13204257958, 4.12500003222, 0.00000000000, 0.00000000187, 0.00000001729
386, 50.00000000000, 1131.61202416657, 42.50651089284, 4.12500003222, 0.00000000000, 0.00000000268, -0.00000002990
387, 50.00000000000, 1135.45685068787, 11.41027559664, 4.12500003222, 0.00000000000, 0.00000000736, 0.00000000081
388, 50.00000000000, 1153.65796277650, 42.89777450596, 4.12500003222, 0.00000000000, 0.00000000057, 0.00000001213
389, 50.00000000000, 1163.43321976829, 95.68935454455, 4.12500003222, 0.00000000000, -0.00000002131, 0.00000000679
390, 50.00000000000, 1187.63940588388, 98.25605346900, 4.12500003222, 0.00000000000, 0.00000002271, -0.00000000960
391, 50.00000000000, 1201.29585320102, 85.14911660083, 4.12500003222, 0.00000000000, -0.00000001769, -0.00000001681
392, 50.00000000000, 1221.54664874901, 48.93052158719, 4.12500003222, 0.00000000000, 0.00000000314, -0.00000000354
393, 50.00000000000, 1245.18534409167, 28.88809289350, 4.12500003222, 0.00000000000, 0.00000000941, -0.00000005276
394, 50.00000000000, 1237.89376434810, 89.85129544890, 4.12500003222, 0.00000000000, 0.00000000108, -0.00000002443
395, 50.00000000000, 1247.62066615068, 66.81872926396, 4.12500003222, 0.00000000000, -0.00000000521, 0.00000001333
396, 50.00000000000, 1260.17901032929, 44.61464432720, 4.12500003222, 0.00000000000, 0.00000000977, -0.00000000177
397, 50.00000000000, 1273.23992275811, 94.55546159932, 4.12500003222, 0.00000000000, 0.00000000402, 0.00000001594
398, 50.00000000000, 1304.01639323112, 106.59693538108, 4.12500003222, 0.00000000000, 0.00000000361, -0.00000000463
399, 50.00000000000, 1301.21440792024, 42.17380365373, 4.12500003222, 0.00000000000, 0.00000000065, -0.00000003132
400, 50.00000000000, 47.40670469685, 36.17635052668, 4.12500003222, 0.00000000000, 0.00000000064, 0.00000003036
401, 50.00000000000, 65.21129504591, 65.60880404148, 4.12500003222, 0.00000000000, -0.00000000221, 0.00000003266
402, 50.00000000000, 98.63506260241, 106.50278948439, 4.12500003222, 0.00000000000, 0.00000000259, 0.00000001116
403, 50.00000000000, 98.25177543718, 69.00602809076, 4.12500003222, 0.00000000000, -0.00000000593, -0.00000000429
404, 50.00000000000, 121.66285698891, 70.19464195477, 4.12500003222, 0.00000000000, -0.00000000171, 0.00000000669
405, 50.00000000000, 116.14886557438, 11.87871016343, 4.12500003222, 0.00000000000, 0.00000001105, 0.00000001628
406, 50.00000000000, 145.70788905304, 29.28803525606, 4.12500003222, 0.00000000000, -0.00000001306, -0.00000000179
407, 50.00000000000, 138.97465001566, 102.69402051541, 4.12500003222, 0.00000000000, -0.00000000095, -0.00000003259
408, 50.00000000000, 164.80153339658, 76.61192296030, 4.12500003222, 0.00000000000, 0.00000000061, 0.00000001630
409, 50.00000000000, 182.69149488454, 72.71906740048, 4.12500003222, 0.00000000000, 0.00000000624, -0.00000000270
410, 50.00000000000, 169.95100626566, 94.47369362106, 4.12500003222, 0.00000000000, -0.00000000035, -0.00000000248
411, 50.00000000000, 204.71418049420, 256.41584915773, 4.12500003222, 0.00000000000, 0.00000000000, 0.00000000000
412, 50.00000000000, 215.23094136248, 163.19029404040, 4.12500003222, 0.00000000000, 0.00000000683, -0.00000002768
413, 50.00000000000, 234.67611552191, 218.92796744334, 4.12500003222, 0.00000000000, 0.00000000000, 0.00000000000
414, 50.00000000000, 280.39900160096, 67.53138117756, 4.12500003222, 0.00000000000, 0.00000000391, -0.00000001410
415, 50.00000000000, 312.74707354074, 80.27655896766, 4.12500003222, 0.00000000000, 0.00000000290, -0.00000000150
416, 50.00000000000, 309.39482758058, 15.20281078915, 4.12500003222, 0.00000000000, -0.00000000133, -0.00000005202
417, 50.00000000000, 329.39802288897, 28.83451082163, 4.12500003222, 0.00000000000, 0.00000000220, 0.00000000646
418, 50.00000000000, 322.42956292726, -30000000.00000000000, 0.00000000000, 0.00000000000, 0.00000072823, 0.66000001198
419, 50.00000000000, 339.49563006144, -30000000.00000000000, 0.00000000000, 0.00000000000, -0.00000011559, 0.66000001198
420, 50.00000000000, 353.13639307633, 199.81326028407, 4.12500003222, 0.00000000000, 0.00000000000, 0.00000000000
421, 50.00000000000, 396.57712342899, 112.31081702478, 4.12500003222, 0.00000000000, 0.00000000907, -0.00000001043
422, 50.00000000000, 410.76788813126, 128.37432112400, 4.12500003222, 0.00000000000, 0.00000000183, -0.00000001153
423, 50.00000000000, 405.77340567594, -30000000.00000000000, 0.00000000000, 0.00000000000, 0.00000163363, 0.66000001198
424, 50.00000000000, 431.66479576099, 124.93254929293, 4.12500003222, 0.00000000000, -0.00000000220, 0.00000001583
425, 50.00000000000, 431.99413008865, -30000000.00000000000, 0.00000000000, 0.00000000000, -0.00000150851, 0.66000001198
426, 50.00000000000, 472.05708996484, 60.79351292230, 4.12500003222, 0.00000000000, -0.00000000063, -0.00000001748
427, 50.00000000000, 465.81830373747, 217.17858882918, 4.12500003222, 0.00000000000, -0.00000000172, 0.00000000104
428, 50.00000000000, 515.77455002112, 81.97401010045, 4.12500003222, 0.00000000000, 0.00000001270, -0.00000002627
429, 50.00000000000, 507.52694227155, -30000000.00000000000, 0.00000000000, 0.00000000000, 0.00000032952, 0.66000001198
430, 50.00000000000, 550.97764571974, 118.75779743318, 4.12500003222, 0.00000000000, 0.00000000496, -0.00000001612
431, 50.00000000000, 546.39614684173, 98.07594313928, 4.12500003222, 0.00000000000, 0.00000000289, -0.00000000391
432, 50.00000000000, 567.79009194951, -30000000.00000000000, 0.00000000000, 0.00000000000, -0.00000171706, 0.66000001198
433, 50.00000000000, 594.41771314948, 90.08581808390, 4.12500003222, 0.00000000000, -0.00000000364, -0.00000002607
434, 50.00000000000, 591.12421300139, 150.45330785372, 4.12500003222, 0.00000000000, -0.00000000619, -0.00000000293
435, 50.00000000000, 625.65989758396, 73.51299983897, 4.12500003222, 0.00000000000, -0.00000000451, -0.00000002348
436, 50.00000000000, 638.98651903074, 86.06451059874, 4.12500003222, 0.00000000000, 0.00000000940, -0.00000000354
437, 50.00000000000, 658.30971384262, 90.75575431363, 4.12500003222, 0.00000000000, -0.00000000409, -0.00000000681
438, 50.00000000000, 665.00270112172, 58.63598532084, 4.12500003222, 0.00000000000, 0.00000000424, 0.00000003274
439, 50.00000000000, 689.14603164743, 65.66258553081, 4.12500003222, 0.00000000000, -0.00000000954, 0.00000001217
440, 50.00000000000, 702.38466034828, 81.02640789251, 4.12500003222, 0.00000000000, 0.00000000200, 0.00000001402
441, 50.00000000000, 718.97314057585, -30000000.00000000000, 0.00000000000, 0.00000000000, -0.00000019778, 0.66000001198
442, 50.00000000000, 730.38082713688, -30000000.00000000000, 0.00000000000, 0.00000000000, 0.00000005238, 0.66000001198
443, 50.00000000000, 758.11056336311, 48.94134861553, 4.12500003222, 0.00000000000, 0.00000000073, -0.00000000160
444, 50.00000000000, 747.48475180558, 134.45852783767, 4.12500003222, 0.00000000000, 0.00000000146, -0.00000000258
445, 50.00000000000, 788.94157755040, 65.49077408173, 4.12500003222, 0.00000000000, -0.00000000141, 0.00000003702
446, 50.00000000000, 804.87336323362, 104.97274829801, 4.12500003222, 0.00000000000, -0.00000001303, -0.00000000642
447, 50.00000000000, 798.08961784699, 82.97913502015, 4.12500003222, 0.00000000000, 0.00000000021, 0.00000000209
448, 50.00000000000, 820.40502968119, 114.26741214705, 4.12500003222, 0.00000000000, 0.00000000995, 0.00000001288
449, 50.00000000000, 860.70822422290, 54.57012078759, 4.12500003222, 0.00000000000, 0.00000000246, 0.00000001117
450, 50.00000000000, 842.19524237305, 166.34004158873, 4.12500003222, 0.00000000000, -0.00000000288, -0.00000001760
451, 50.00000000000, 881.21015238644, 88.04055060021, 4.12500003222, 0.00000000000, -0.00000000173, -0.00000001552
452, 50.00000000000, 906.72404817217, -30000000.00000000000, 0.00000000000, 0.00000000000, -0.00000081974, 0.66000001198
453, 50.00000000000, 890.62395374062, 193.43002759477, 4.12500003222, 0.00000000000, -0.00000000163, 0.00000000188
454, 50.00000000000, 936.38917806635, 89.24113153532, 4.12500003222, 0.00000000000, 0.00000000904, -0.00000001905
455, 50.00000000000, 960.53549386189, -30000000.00000000000, 0.00000000000, 0.00000000000, 0.00000106156, 0.66000001198
456, 50.00000000000, 958.85517537109, 82.39872606366, 4.12500003222, 0.00000000000, 0.00000000200, 0.00000000354
457, 50.00000000000, 993.12444048294, 183.47162731820, 4.12500003222, 0.00000000000, 0.00000000000, 0.00000000000
458, 50.00000000000, 981.64201960668, 116.25137940648, 4.12500003222, 0.00000000000, 0.00000001308, 0.00000000574
459, 50.00000000000, 1005.86436609636, 114.58195070295, 4.12500003222, 0.00000000000, -0.00000000277, 0.00000003086
460, 50.00000000000, 1019.61424536510, 128.80005172083, 4.12500003222, 0.00000000000, -0.00000000062, -0.00000000771
461, 50.00000000000, 1044.30021459936, 77.70101723960, 4.12500003222, 0.00000000000, -0.00000000331, 0.00000001935
462, 50.00000000000, 1037.85152594537, 133.35658133481, 4.12500003222, 0.00000000000, 0.00000000007, 0.00000000893
463, 50.00000000000, 1073.45206461369, 140.97894556502, 4.12500003222, 0.00000000000, -0.00000000092, 0.00000000038
464, 50.00000000000, 1101.17707527354, 25.11882841370, 4.12500003222, 0.00000000000, 0.00000000525, -0.00000002979
465, 50.00000000000, 1116.25785259941, 61.91588393806, 4.12500003222, 0.00000000000, -0.00000000220, 0.00000003275
466, 50.00000000000, 1133.15738367276, 57.73922333580, 4.12500003222, 0.00000000000, -0.00000000033, -0.00000005092
467, 50.00000000000, 1142.18946101938, 61.18221030826, 4.12500003222, 0.00000000000, -0.00000000282, -0.00000000402
468, 50.00000000000, 1153.96972931342, 81.61629652634, 4.12500003222, 0.00000000000, -0.00000000402, -0.00000004909
469, 50.00000000000, 1172.49269484695, 109.21426623617, 4.12500003222, 0.00000000000, 0.00000000021, 0.00000003056
470, 50.00000000000, 1177.30270414334, 85.17894962450, 4.12500003222, 0.00000000000, 0.00000001123, -0.00000003579
471, 50.00000000000, 1212.27759011422, 44.77343587642, 4.12500003222, 0.00000000000, 0.00000000307, -0.00000002405
472, 50.00000000000, 1185.07358217755, 140.92337467480, 4.12500003222, 0.00000000000, -0.00000001116, -0.00000000954
473, 50.00000000000, 1218.90450553980, 99.99313104580, 4.12500003222, 0.00000000000, -0.00000000509, -0.00000000806
474, 50.00000000000, 1242.01237059633, 75.03402516409, 4.12500003222, 0.00000000000, -0.00000001262, -0.00000001950
475, 50.00000000000, 1281.09209806105, 14.24681384718, 4.12500003222, 0.00000000000, 0.00000000823, -0.00000001636
476, 50.00000000000, 1248.99435665516, 93.37598479376, 4.12500003222, 0.00000000000, 0.00000000029, -0.00000000112
477, 50.00000000000, 1283.49859779208, 133.51051402813, 4.12500003222, 0.00000000000, -0.00000000516, -0.00000000957
478, 50.00000000000, 1289.83546040839, 75.33683357559, 4.12500003222, 0.00000000000, 0.00000000353, 0.00000001297
479, 50.00000000000, 1310.49933206290, 70.12362009152, 4.12500003222, 0.00000000000, -0.00000000471, 0.00000002243
480, 50.00000000000, 48.34281336232, 56.54546712376, 4.12500003222, 0.00000000000, -0.00000000126, -0.00000000788
481, 50.00000000000, 79.83322230707, 101.77049721354, 4.12500003222, 0.00000000000, 0.00000000831, 0.00000002364
482, 50.00000000000, 86.76136930159, 41.32109119823, 4.12500003222, 0.00000000000, 0.00000000475, -0.00000001208
483, 50.00000000000, 105.51418604935, 54.12088111903, 4.12500003222, 0.00000000000, 0.00000001073, 0.00000000502
484, 50.00000000000, 106.79210740117, 125.63192425437, 4.12500003222, 0.00000000000, 0.00000000212, -0.00000000934
485, 50.00000000000, 130.70030861411, 48.47772793879, 4.12500003222, 0.00000000000, -0.00000000430, -0.00000001212
486, 50.00000000000, 152.10096443094, 59.22331579363, 4.12500003222, 0.00000000000, 0.00000001538, 0.00000002821
487, 50.00000000000, 168.00906768177, 6.98230888243, 4.12500003222, 0.00000000000, -0.00000000264, 0.00000000760
488, 50.00000000000, 153.41864254300, 134.23033353065, 4.12500003222, 0.00000000000, 0.00000000044, 0.00000000080
489, 50.00000000000, 156.45284738728, 74.90582332442, 4.12500003222, 0.00000000000, -0.00000000585, -0.00000000275
490, 50.00000000000, 204.67259000743, 40.42065571976, 4.12500003222, 0.00000000000, -0.00000000307, 0.00000000935
491, 50.00000000000, 201.95917319484, 146.57708031436, 4.12500003222, 0.00000000000, 0.00000000254, -0.00000000479
492, 50.00000000000, 209.22414091378, 126.70317406165, 4.12500003222, 0.00000000000, -0.00000000583, 0.00000001144
493, 50.00000000000, 260.85510188423, 69.95010697535, 4.12500003222, 0.00000000000, 0.00000000159, 0.00000003688
494, 50.00000000000, 274.90462330486, 12.09626225824, 4.12500003222, 0.00000000000, -0.00000000287, -0.00000002604
495, 50.00000000000, 292.74954061156, 45.44963096728, 4.12500003222, 0.00000000000, 0.00000000674, -0.00000001100
496, 50.00000000000, 307.41729968043, 27.74992777545, 4.12500003222, 0.00000000000, -0.00000000072, 0.00000002855
497, 50.00000000000, 344.79490124848, 71.41139624693, 4.12500003222, 0.00000000000, -0.00000000146, -0.00000000166
498, 50.00000000000, 357.73773429707, 53.38467941268, 4.12500003222, 0.00000000000, -0.00000000108, -0.00000000691
499, 50.00000000000, 367.42876336768, 75.41829852003, 4.12500003222, 0.00000000000, -0.00000000214, 0.00000001296
500, 50.00000000000, 383.48975183939, 32.89164309968, 4.12500003222, 0.00000000000, 0.00000000232, 0.00000001223
501, 50.00000000000, 403.99814464034, 105.16382381156, 4.12500003222, 0.00000000000, -0.00000000615, -0.00000000762
502, 50.00000000000, 408.18200772465, 55.32556213933, 4.12500003222, 0.00000000000, -0.00000001811, -0.00000002160
503, 50.00000000000, 432.10800756096, 73.36315251655, 4.12500003222, 0.00000000000, 0.00000000318, 0.00000003407
504, 50.00000000000, 421.88715905444, -30000000.00000000000, 0.00000000000, 0.00000000000, 0.00000027989, 0.66000001198
505, 50.00000000000, 450.21582327812, 203.90005676628, 4.12500003222, 0.00000000000, -0.00000000022, -0.00000000024
506, 50.00000000000, 469.71031166960, 197.31530798307, 4.12500003222, 0.00000000000, 0.00000000003, 0.00000000040
507, 50.00000000000, 490.06259272779, 59.47036510139, 4.12500003222, 0.00000000000, -0.00000000526, 0.00000003765
508, 50.00000000000, 500.84087231115, 99.16205834422, 4.12500003222, 0.00000000000, -0.00000000189, -0.00000001324
509, 50.00000000000, 489.16556270089, 190.79848119092, 4.12500003222, 0.00000000000, 0.00000000041, 0.00000000002
510, 50.00000000000, 529.65376166794, -30000000.00000000000, 0.00000000000, 0.00000000000, 0.00000028521, 0.66000001198
511, 50.00000000000, 554.16778119231, 154.87203393566, 4.12500003222, 0.00000000000, -0.00000000210, 0.00000000843
512, 50.00000000000, 577.13507063860, 165.75225881111, 4.12500003222, 0.00000000000, -0.00000000016, -0.00000000403
513, 50.00000000000, 596.69842408274, 125.59314879487, 4.12500003222, 0.00000000000, 0.00000000974, -0.00000000208
514, 50.00000000000, 608.89628938867, 117.67697884300, 4.12500003222, 0.00000000000, -0.00000000207, 0.00000001487
515, 50.00000000000, 619.67751946253, 136.45234953647, 4.12500003222, 0.00000000000, 0.00000000207, -0.00000001096
516, 50.00000000000, 633.52634916971, -30000000.00000000000, 0.00000000000, 0.00000000000, 0.00000124373, 0.66000001198
517, 50.00000000000, 647.34356737123, 72.59704613531, 4.12500003222, 0.00000000000, -0.00000000076, -0.00000001648
518, 50.00000000000, 671.08427281434, 189.99687879023, 4.12500003222, 0.00000000000, 0.00000000034, 0.00000000079
519, 50.00000000000, 679.60976651417, 81.50314755689, 4.12500003222, 0.00000000000, -0.00000000197, -0.00000003173
520, 50.00000000000, 701.66737116100, -30000000.00000000000, 0.00000000000, 0.00000000000, -0.00000054288, 0.66000001198
521, 50.00000000000, 736.74802250374, 96.13979951114, 4.12500003222, 0.00000000000, 0.00000000488, -0.00000000970
522, 50.00000000000, 748.83217018141, 64.28578895711, 4.12500003222, 0.00000000000, 0.00000000181, -0.00000000977
523, 50.00000000000, 747.66260697377, -30000000.00000000000, 0.00000000000, 0.00000000000, -0.00000066804, 0.66000001198
524, 50.00000000000, 780.99406528390, 229.56262374814, 4.12500003222, 0.00000000000, 0.00000000196, -0.00000001059
525, 50.00000000000, 780.60005647343, -30000000.00000000000, 0.00000000000, 0.00000000000, -0.00000020647, 0.66000001198
526, 50.00000000000, 786.19935742142, 116.90330699694, 4.12500003222, 0.00000000000, -0.00000000715, 0.00000000632
527, 50.00000000000, 818.61110606555, 91.08927543663, 4.12500003222, 0.00000000000, -0.00000001211, -0.00000004874
528, 50.00000000000, 816.09906942642, 144.40457938554, 4.12500003222, 0.00000000000, 0.00000000339, 0.00000000170
529, 50.00000000000, 837.18301096062, 145.91386945451, 4.12500003222, 0.00000000000, -0.00000000153, -0.00000000129
530, 50.00000000000, 856.57538503562, 151.73017271147, 4.12500003222, 0.00000000000, -0.00000000595, -0.00000001141
531, 50.00000000000, 879.19383822793, 106.21281153649, 4.12500003222, 0.00000000000, 0.00000000609, 0.00000002141
532, 50.00000000000, 913.89300562644, -30000000.00000000000, 0.00000000000, 0.00000000000, -0.00000106621, 0.66000001198
533, 50.00000000000, 927.88923809482, 72.72993588597, 4.12500003222, 0.00000000000, -0.00000000572, 0.00000001773
534, 50.00000000000, 923.91233458078, 180.99187112942, 4.12500003222, 0.00000000000, 0.00000000025, -0.00000000000
535, 50.00000000000, 952.42468550550, 99.30896820588, 4.12500003222, 0.00000000000, 0.00000000192, -0.00000000983
536, 50.00000000000, 971.36677965863, 102.99266811523, 4.12500003222, 0.00000000000, -0.00000000134, 0.00000002142
537, 50.00000000000, 963.40664520724, 30.91140078090, 4.12500003222, 0.00000000000, 0.00000000429, -0.00000000098
538, 50.00000000000, 996.73777598041, 71.18022304375, 4.12500003222, 0.00000000000, -0.00000000457, -0.00000001346
539, 50.00000000000, 1013.20258196934, 65.59077446276, 4.12500003222, 0.00000000000, -0.00000000044, -0.00000002393
540, 50.00000000000, 1029.51177950961, 57.59654518746, 4.12500003222, 0.00000000000, -0.00000001423, -0.00000000937
541, 50.00000000000, 1052.85770655036, 64.49338292091, 4.12500003222, 0.00000000000, 0.00000000180, -0.00000001201
542, 50.00000000000, 1061.11702487934, 41.76820742280, 4.12500003222, 0.00000000000, -0.00000000746, -0.00000000669
543, 50.00000000000, 1098.15561847898, 219.12918558175, 4.12500003222, 0.00000000000, 0.00000000000, 0.00000000000
544, 50.00000000000, 1102.43606813200, 63.70782632140, 4.12500003222, 0.00000000000, -0.00000000262, 0.00000000298
545, 50.00000000000, 1137.86437974726, 167.52580756411, 4.12500003222, 0.00000000000, 0.00000000107, 0.00000000495
546, 50.00000000000, 1142.31554938686, 188.26761598798, 4.12500003222, 0.00000000000, -0.00000000107, -0.00000000495
547, 50.00000000000, 1140.92516037963, 25.14356306673, 4.12500003222, 0.00000000000, 0.00000000003, 0.00000001732
548, 50.00000000000, 1152.31433966823, 114.31369495184, 4.12500003222, 0.00000000000, -0.00000000071, -0.00000001801
549, 50.00000000000, 1182.66677298485, 55.56779932964, 4.12500003222, 0.00000000000, -0.00000000110, -0.00000000914
550, 50.00000000000, 1203.35138004736, 62.56834998539, 4.12500003222, 0.00000000000, 0.00000000434, 0.00000001755
551, 50.00000000000, 1187.47046524962, 120.71150467698, 4.12500003222, 0.00000000000, -0.00000000444, 0.00000000585
552, 50.00000000000, 1218.17055478482, 80.18525810024, 4.12500003222, 0.00000000000, 0.00000000436, -0.00000003116
553, 50.00000000000, 1228.89386196720, 101.81715565661, 4.12500003222, 0.00000000000, -0.00000000811, -0.00000001342
554, 50.00000000000, 1237.29524464836, 113.20838890753, 4.12500003222, 0.00000000000, -0.00000000160, 0.00000001292
555, 50.00000000000, 1252.46574524722, 106.59323528412, 4.12500003222, 0.00000000000, -0.00000000134, -0.00000001608
556, 50.00000000000, 1267.40151836203, 119.05695750127, 4.12500003222, 0.00000000000, 0.00000000100, 0.00000003514
557, 50.00000000000, 1280.62889971128, 154.54360789821, 4.12500003222, 0.00000000000, -0.00000000029, -0.00000000117
558, 50.00000000000, 1291.07582906096, 99.01102870412, 4.12500003222, 0.00000000000, -0.00000000092, 0.00000000140
559, 50.00000000000, 1297.95171488699, 52.16622444670, 4.12500003222, 0.00000000000, -0.00000001906, 0.00000002377
560, 50.00000000000, 66.43886065671, 89.91473612008, 4.12500003222, 0.00000000000, -0.00000000682, -0.00000003745
561, 50.00000000000, 27.40234885013, 274.37870858655, 4.12500003222, 0.00000000000, 0.00000000000, 0.00000000000
562, 50.00000000000, 90.40726564988, 85.98150694413, 4.12500003222, 0.00000000000, -0.00000000193, -0.00000002926
563, 50.00000000000, 119.76786131115, 108.70631230593, 4.12500003222, 0.00000000000, -0.00000000558, -0.00000000352
564, 50.00000000000, 85.86450229725, 123.10217008855, 4.12500003222, 0.00000000000, -0.00000000277, -0.00000002880
565, 50.00000000000, 130.99650080408, 29.56115113531, 4.12500003222, 0.00000000000, 0.00000002503, -0.00000000114
566, 50.00000000000, 140.82953950283, 59.16957616796, 4.12500003222, 0.00000000000, 0.00000000835, 0.00000000283
567, 50.00000000000, 134.30581171365, 141.78477642414, 4.12500003222, 0.00000000000, 0.00000000001, 0.00000000321
568, 50.00000000000, 156.82788812548, 113.64803632704, 4.12500003222, 0.00000000000, 0.00000000313, -0.00000000102
569, 50.00000000000, 176.49909643050, 108.53677931001, 4.12500003222, 0.00000000000, -0.00000000174, 0.00000000835
570, 50.00000000000, 172.32859090642, 125.96535863928, 4.12500003222, 0.00000000000, 0.00000000097, 0.00000000612
571, 50.00000000000, 195.00172517430, 166.63136100226, 4.12500003222, 0.00000000000, -0.00000000020, -0.00000000150
572, 50.00000000000, 255.50478915647, 39.33033167591, 4.12500003222, 0.00000000000, 0.00000000721, -0.00000003068
573, 50.00000000000, 221.54636015783, 142.35050752519, 4.12500003222, 0.00000000000, 0.00000000077, 0.00000002075
574, 50.00000000000, 281.69099056251, 60.28444167672, 4.12500003222, 0.00000000000, 0.00000000533, 0.00000001735
575, 50.00000000000, 293.97775093067, 25.65836456294, 4.12500003222, 0.00000000000, 0.00000001051, 0.00000001047
576, 50.00000000000, 290.42306380158, 141.44364422507, 4.12500003222, 0.00000000000, 0.00000000090, 0.00000000823
577, 50.00000000000, 333.90554453370, 80.21977649780, 4.12500003222, 0.00000000000, 0.00000000184, -0.00000000604
578, 50.00000000000, 320.24312966861, 198.80126091634, 4.12500003222, 0.00000000000, 0.00000000000, 0.00000000000
579, 50.00000000000, 374.48520306769, 118.10585353688, 4.12500003222, 0.00000000000, -0.00000000167, 0.00000001414
580, 50.00000000000, 388.79213897714, 68.56271237674, 4.12500003222, 0.00000000000, 0.00000000297, -0.00000001617
581, 50.00000000000, 393.13098110772, 125.41533241615, 4.12500003222, 0.00000000000, -0.00000000589, -0.00000000060
582, 50.00000000000, 390.77758831900, 181.95677721869, 4.12500003222, 0.00000000000, 0.00000000000, 0.00000000000
583, 50.00000000000, 418.96554111546, 74.33199095148, 4.12500003222, 0.00000000000, 0.00000000613, -0.00000000114
584, 50.00000000000, 438.03046460424, 105.68516500335, 4.12500003222, 0.00000000000, 0.00000000196, -0.00000001395
585, 50.00000000000, 442.52616531724, -30000000.00000000000, 0.00000000000, 0.00000000000, -0.00000187657, 0.66000001198
586, 50.00000000000, 462.62030543402, 103.85892342808, 4.12500003222, 0.00000000000, -0.00000001115, 0.00000000259
587, 50.00000000000, 485.16757298834, 211.02624664712, 4.12500003222, 0.00000000000, 0.00000000151, -0.00000000122
588, 50.00000000000, 506.03386964669, 73.96437607482, 4.12500003222, 0.00000000000, 0.00000000147, 0.00000000655
589, 50.00000000000, 522.78961817679, 71.77505303098, 4.12500003222, 0.00000000000, -0.00000000548, 0.00000004810
590, 50.00000000000, 536.02885985279, 81.97896769591, 4.12500003222, 0.00000000000, -0.00000000197, -0.00000003181
591, 50.00000000000, 561.16041341528, 172.19639907079, 4.12500003222, 0.00000000000, -0.00000000554, -0.00000000269
592, 50.00000000000, 581.13965416148, 133.85673898376, 4.12500003222, 0.00000000000, -0.00000000947, 0.00000003176
593, 50.00000000000, 604.68970720791, 82.49879919930, 4.12500003222, 0.00000000000, -0.00000001396, -0.00000006280
594, 50.00000000000, 610.58128281102, 155.31414202919, 4.12500003222, 0.00000000000, -0.00000000032, 0.00000001794
595, 50.00000000000, 631.26964013404, 117.42711688027, 4.12500003222, 0.00000000000, -0.00000000030, 0.00000000816
596, 50.00000000000, 635.60157001952, 94.95610644783, 4.12500003222, 0.00000000000, -0.00000000548, 0.00000003362
597, 50.00000000000, 647.28222679951, 157.18165807298, 4.12500003222, 0.00000000000, 0.00000000011, 0.00000000010
598, 50.00000000000, 667.19049989530, -30000000.00000000000, 0.00000000000, 0.00000000000, -0.00000021048, 0.66000001198
599, 50.00000000000, 682.93506311454, 173.34201984964, 4.12500003222, 0.00000000000, 0.00000000032, 0.00000000000
600, 50.00000000000, 703.58707089712, -30000000.00000000000, 0.00000000000, 0.00000000000, -0.00000033473, 0.66000001198
601, 50.00000000000, 726.74322820500, 137.90514988985, 4.12500003222, 0.00000000000, 0.00000000041, 0.00000000033
602, 50.00000000000, 739.22990558179, 56.85392750647, 4.12500003222, 0.00000000000, -0.00000001146, -0.00000003109
603, 50.00000000000, 762.33613964542, -30000000.00000000000, 0.00000000000, 0.00000000000, 0.00000045388, 0.66000001198
604, 50.00000000000, 768.64393315165, 65.62285616370, 4.12500003222, 0.00000000000, -0.00000000111, -0.00000000390
605, 50.00000000000, 787.09843444820, 98.13259640045, 4.12500003222, 0.00000000000, -0.00000000201, -0.00000000657
606, 50.00000000000, 784.20427041066, 208.16970326394, 4.12500003222, 0.00000000000, 0.00000000030, 0.00000001203
607, 50.00000000000, 805.61620187135, 126.09526232155, 4.12500003222, 0.00000000000, 0.00000000705, -0.00000000731
608, 50.00000000000, 840.59363131571, 123.38688646344, 4.12500003222, 0.00000000000, -0.00000000952, -0.00000002292
609, 50.00000000000, 851.91437779588, 132.81199861117, 4.12500003222, 0.00000000000, 0.00000000538, -0.00000001202
610, 50.00000000000, 862.80996663387, 170.51871329433, 4.12500003222, 0.00000000000, 0.00000000697, 0.00000002181
611, 50.00000000000, 876.59339438167, 155.34394958595, 4.12500003222, 0.00000000000, 0.00000000067, -0.00000000930
612, 50.00000000000, 883.43175596816, 174.00999915368, 4.12500003222, 0.00000000000, 0.00000000153, 0.00000000274
613, 50.00000000000, 913.91280672780, 84.70408906194, 4.12500003222, 0.00000000000, -0.00000000194, -0.00000002343
614, 50.00000000000, 910.71689879595, 196.79064028049, 4.12500003222, 0.00000000000, 0.00000000110, 0.00000000025
615, 50.00000000000, 960.29386146023, 115.75553036833, 4.12500003222, 0.00000000000, -0.00000000561, 0.00000000601
616, 50.00000000000, 973.70635529509, 70.41991760167, 4.12500003222, 0.00000000000, 0.00000000503, -0.00000002620
617, 50.00000000000, 982.20343802648, 138.27503343047, 4.12500003222, 0.00000000000, 0.00000000012, -0.00000000873
618, 50.00000000000, 996.21375558279, 124.78792189986, 4.12500003222, 0.00000000000, 0.00000000634, -0.00000002330
619, 50.00000000000, 1019.86177739753, 79.06391538885, 4.12500003222, 0.00000000000, 0.00000000590, -0.00000000110
620, 50.00000000000, 1033.36074103991, 95.96680395105, 4.12500003222, 0.00000000000, 0.00000000111, 0.00000002224
621, 50.00000000000, 1038.28048012761, 42.03496716887, 4.12500003222, 0.00000000000, 0.00000001042, -0.00000000406
622, 50.00000000000, 1053.46951448884, 147.20548901611, 4.12500003222, 0.00000000000, -0.00000000387, 0.00000001347
623, 50.00000000000, 1057.75597385677, 127.65926659014, 4.12500003222, 0.00000000000, 0.00000000586, -0.00000001319
624, 50.00000000000, 1101.64763996085, 45.29035068444, 4.12500003222, 0.00000000000, -0.00000000369, -0.00000002961
625, 50.00000000000, 1102.25748283481, 79.98028237930, 4.12500003222, 0.00000000000, 0.00000000108, -0.00000003606
626, 50.00000000000, 1130.88081837507, 112.66709378097, 4.12500003222, 0.00000000000, -0.00000000175, 0.00000000485
627, 50.00000000000, 1141.69422667429, 95.92112721168, 4.12500003222, 0.00000000000, 0.00000000326, 0.00000000453
628, 50.00000000000, 1165.15183504098, 62.37232526836, 4.12500003222, 0.00000000000, 0.00000000804, 0.00000001991
629, 50.00000000000, 1171.14955226746, 73.80802881341, 4.12500003222, 0.00000000000, 0.00000000174, -0.00000002020
630, 50.00000000000, 1201.18068539711, 52.61521540179, 4.12500003222, 0.00000000000, -0.00000001148, -0.00000001709
631, 50.00000000000, 1202.41438719524, 151.62131003901, 4.12500003222, 0.00000000000, 0.00000000190, 0.00000000722
632, 50.00000000000, 1208.82877774459, 93.98820029679, 4.12500003222, 0.00000000000, -0.00000000386, 0.00000003011
633, 50.00000000000, 1218.24143625028, 117.92434831176, 4.12500003222, 0.00000000000, 0.00000000092, -0.00000000384
634, 50.00000000000, 1261.18515018725, 161.15444824780, 4.12500003222, 0.00000000000, 0.00000000033, -0.00000000179
635, 50.00000000000, 1249.69239224285, 127.85402869925, 4.12500003222, 0.00000000000, 0.00000000164, -0.00000000664
636, 50.00000000000, 1266.69246646387, 77.15695778967, 4.12500003222, 0.00000000000, 0.00000000732, -0.00000001048
637, 50.00000000000, 1265.03666581684, 140.46054007818, 4.12500003222, 0.00000000000, -0.00000000150, -0.00000000737
638, 50.00000000000, 1299.58872437446, 21.27634961631, 4.12500003222, 0.00000000000, 0.00000000660, -0.00000001106
639, 50.00000000000, 1315.66410362012, 34.01886862332, 4.12500003222, 0.00000000000, -0.00000000419, -0.00000001188
