0, 50.00000000000, 59.73162181286, 66.01815523927, 4.12500003222, 0.00000000000, -0.00000000067, 0.00000000560
1, 50.00000000000, 31.17842742412, 202.02456538680, 4.12500003222, 0.00000000000, 0.00000000000, 0.00000000000
2, 50.00000000000, 100.56776579283, 8.63750134231, 4.12500003222, 0.00000000000, -0.00000000441, 0.00000001220
3, 50.00000000000, 117.40984700659, 64.61263311391, 4.12500003222, 0.00000000000, 0.00000000282, -0.00000005988
4, 50.00000000000, 130.19081013124, 28.88536008686, 4.12500003222, 0.00000000000, 0.00000000060, -0.00000001100
5, 50.00000000000, 144.03557282227, 42.74572704549, 4.12500003222, 0.00000000000, 0.00000000826, 0.00000002011
6, 50.00000000000, 161.90748793887, 25.86975268447, 4.12500003222, 0.00000000000, 0.00000000750, -0.00000000195
7, 50.00000000000, 165.97254043413, 13.18762561938, 4.12500003222, 0.00000000000, 0.00000000877, -0.00000000183
8, 50.00000000000, 190.32547179124, 8.67640785326, 4.12500003222, 0.00000000000, 0.00000000150, 0.00000003524
9, 50.00000000000, 193.39121612929, 50.64863559177, 4.12500003222, 0.00000000000, -0.00000001023, 0.00000000001
10, 50.00000000000, 211.05374511545, 5.36573301069, 4.12500003222, 0.00000000000, 0.00000000377, -0.00000003586
11, 50.00000000000, 247.53052453570, 21.62700774727, 4.12500003222, 0.00000000000, 0.00000000480, 0.00000003038
12, 50.00000000000, 245.49935185719, 9.17558454937, 4.12500003222, 0.00000000000, -0.00000000051, 0.00000000561
13, 50.00000000000, 281.75218458027, 25.21606473166, 4.12500003222, 0.00000000000, 0.00000000563, -0.00000001236
14, 50.00000000000, 293.02667472839, 29.61522338279, 4.12500003222, 0.00000000000, 0.00000001749, -0.00000000854
15, 50.00000000000, 311.55987090578, 38.52598566943, 4.12500003222, 0.00000000000, 0.00000001479, -0.00000002565
16, 50.00000000000, 314.03227541292, 3.98738905396, 4.12500003222, 0.00000000000, -0.00000001139, 0.00000001356
17, 50.00000000000, 331.93201705784, 42.60517665151, 4.12500003222, 0.00000000000, -0.00000000704, -0.00000002845
18, 50.00000000000, 320.77220573898, -30000000.00000000000, 0.00000000000, 0.00000000000, 0.00000086896, 0.66000001198
19, 50.00000000000, 385.23779357800, 85.73122169642, 4.12500003222, 0.00000000000, 0.00000000260, -0.00000002489
20, 50.00000000000, 354.78505746845, -30000000.00000000000, 0.00000000000, 0.00000000000, -0.00000024838, 0.66000001198
21, 50.00000000000, 406.64942513688, 34.11958153495, 4.12500003222, 0.00000000000, -0.00000000081, -0.00000003601
22, 50.00000000000, 422.91054076118, 116.26700903576, 4.12500003222, 0.00000000000, -0.00000001038, -0.00000001112
23, 50.00000000000, 428.83263391871, 56.32258567585, 4.12500003222, 0.00000000000, -0.00000000487, -0.00000001485
24, 50.00000000000, 432.27415748936, -30000000.00000000000, 0.00000000000, 0.00000000000, -0.00000154884, 0.66000001198
25, 50.00000000000, 453.51489791954, 62.85058118087, 4.12500003222, 0.00000000000, 0.00000000063, -0.00000001337
26, 50.00000000000, 480.07398477217, 45.93928901048, 4.12500003222, 0.00000000000, 0.00000000482, 0.00000001768
27, 50.00000000000, 496.89952861408, 44.33082026422, 4.12500003222, 0.00000000000, 0.00000000753, -0.00000000016
28, 50.00000000000, 490.80233750401, -30000000.00000000000, 0.00000000000, 0.00000000000, 0.00000049650, 0.66000001198
29, 50.00000000000, 545.01964794117, 136.61442181469, 4.12500003222, 0.00000000000, 0.00000000323, 0.00000002835
30, 50.00000000000, 550.54692611943, 62.23754391361, 4.12500003222, 0.00000000000, -0.00000000554, -0.00000000475
31, 50.00000000000, 543.19691392511, -30000000.00000000000, 0.00000000000, 0.00000000000, -0.00000031239, 0.66000001198
32, 50.00000000000, 553.51083804229, -30000000.00000000000, 0.00000000000, 0.00000000000, -0.00000083369, 0.66000001198
33, 50.00000000000, 579.37083240396, -30000000.00000000000, 0.00000000000, 0.00000000000, -0.00000082370, 0.66000001198
34, 50.00000000000, 606.79126061574, 68.12284803742, 4.12500003222, 0.00000000000, 0.00000000176, 0.00000001378
35, 50.00000000000, 630.62637628875, 106.41593246483, 4.12500003222, 0.00000000000, -0.00000000918, 0.00000002068
36, 50.00000000000, 634.34508717800, -30000000.00000000000, 0.00000000000, 0.00000000000, 0.00000103929, 0.66000001198
37, 50.00000000000, 652.04110327195, -30000000.00000000000, 0.00000000000, 0.00000000000, 0.00000034749, 0.66000001198
38, 50.00000000000, 665.81883992390, -30000000.00000000000, 0.00000000000, 0.00000000000, -0.00000046471, 0.66000001198
39, 50.00000000000, 689.62023614904, -30000000.00000000000, 0.00000000000, 0.00000000000, -0.00000146193, 0.66000001198
40, 50.00000000000, 700.00972289972, -30000000.00000000000, 0.00000000000, 0.00000000000, -0.00000081334, 0.66000001198
41, 50.00000000000, 719.85141430925, -30000000.00000000000, 0.00000000000, 0.00000000000, -0.00000036030, 0.66000001198
42, 50.00000000000, 734.74208579113, 71.34677811535, 4.12500003222, 0.00000000000, 0.00000000000, 0.00000001507
43, 50.00000000000, 750.45323740101, 100.55534740593, 4.12500003222, 0.00000000000, -0.00000000136, 0.00000000806
44, 50.00000000000, 768.20962572550, 101.68511353863, 4.12500003222, 0.00000000000, 0.00000000133, -0.00000000424
45, 50.00000000000, 785.39871402538, -30000000.00000000000, 0.00000000000, 0.00000000000, 0.00000067281, 0.66000001198
46, 50.00000000000, 802.72063867561, -30000000.00000000000, 0.00000000000, 0.00000000000, -0.00000020174, 0.66000001198
47, 50.00000000000, 821.86992796889, -30000000.00000000000, 0.00000000000, 0.00000000000, -0.00000056600, 0.66000001198
48, 50.00000000000, 835.05849387833, -30000000.00000000000, 0.00000000000, 0.00000000000, -0.00000162012, 0.66000001198
49, 50.00000000000, 839.83052902190, 86.60725844769, 4.12500003222, 0.00000000000, -0.00000000328, -0.00000001722
50, 50.00000000000, 877.38136137834, -30000000.00000000000, 0.00000000000, 0.00000000000, 0.00000194555, 0.66000001198
51, 50.00000000000, 893.77444871763, -30000000.00000000000, 0.00000000000, 0.00000000000, 0.00000027232, 0.66000001198
52, 50.00000000000, 864.29692810396, 189.55602938404, 4.12500003222, 0.00000000000, -0.00000000150, -0.00000000034
53, 50.00000000000, 929.93711020118, -30000000.00000000000, 0.00000000000, 0.00000000000, -0.00000148395, 0.66000001198
54, 50.00000000000, 942.00735429253, -30000000.00000000000, 0.00000000000, 0.00000000000, -0.00000026674, 0.66000001198
55, 50.00000000000, 956.53609056131, -30000000.00000000000, 0.00000000000, 0.00000000000, 0.00000118068, 0.66000001198
56, 50.00000000000, 977.98592740005, -30000000.00000000000, 0.00000000000, 0.00000000000, -0.00000065949, 0.66000001198
57, 50.00000000000, 973.75892314881, 39.10791351535, 4.12500003222, 0.00000000000, -0.00000000292, 0.00000003994
58, 50.00000000000, 1013.21777405636, -30000000.00000000000, 0.00000000000, 0.00000000000, 0.00000144585, 0.66000001198
59, 50.00000000000, 1013.38064576593, 38.60955022933, 4.12500003222, 0.00000000000, 0.00000000001, 0.00000000765
60, 50.00000000000, 1023.67425952446, 105.10164952001, 4.12500003222, 0.00000000000, 0.00000000028, -0.00000002127
61, 50.00000000000, 1061.90329918524, -30000000.00000000000, 0.00000000000, 0.00000000000, 0.00000017793, 0.66000001198
62, 50.00000000000, 1072.90617315572, -30000000.00000000000, 0.00000000000, 0.00000000000, 0.00000042735, 0.66000001198
63, 50.00000000000, 1103.87736539078, 95.15406675676, 4.12500003222, 0.00000000000, -0.00000000338, 0.00000001205
64, 50.00000000000, 1086.49798755248, 0.57400685067, 4.12500003222, 0.00000000000, -0.00000000677, 0.00000004122
65, 50.00000000000, 1114.51024186200, 73.31227072353, 4.12500003222, 0.00000000000, 0.00000001078, 0.00000000290
66, 50.00000000000, 1107.96020279159, 28.50517533717, 4.12500003222, 0.00000000000, -0.00000000044, 0.00000001907
67, 50.00000000000, 1146.23751374516, 66.08907061216, 4.12500003222, 0.00000000000, -0.00000001384, -0.00000001542
68, 50.00000000000, 1162.08333615252, 38.63002109360, 4.12500003222, 0.00000000000, 0.00000000756, 0.00000000170
69, 50.00000000000, 1168.97717206320, 4.83891528086, 4.12500003222, 0.00000000000, -0.00000000185, 0.00000002570
70, 50.00000000000, 1183.47950037631, 26.96552634733, 4.12500003222, 0.00000000000, -0.00000001252, 0.00000003939
71, 50.00000000000, 1198.54582857788, 26.84034662794, 4.12500003222, 0.00000000000, -0.00000000499, 0.00000000679
72, 50.00000000000, 1228.87167931929, 44.45021863331, 4.12500003222, 0.00000000000, 0.00000000201, 0.00000002491
73, 50.00000000000, 1192.37609390547, 99.67031198197, 4.12500003222, 0.00000000000, -0.00000000029, 0.00000004240
74, 50.00000000000, 1251.31448541660, 12.16666463975, 4.12500003222, 0.00000000000, 0.00000000680, -0.00000000003
75, 50.00000000000, 1261.26304759366, 5.53011643452, 4.12500003222, 0.00000000000, 0.00000000311, 0.00000001022
76, 50.00000000000, 1269.26228563381, 25.65527431498, 4.12500003222, 0.00000000000, 0.00000000399, -0.00000001224
77, 50.00000000000, 1274.10259995524, 37.53576678938, 4.12500003222, 0.00000000000, 0.00000000720, -0.00000005215
78, 50.00000000000, 1305.08740537878, 12.37125260774, 4.12500003222, 0.00000000000, 0.00000000338, 0.00000002289
79, 50.00000000000, 1285.89329422633, 84.11432913258, 4.12500003222, 0.00000000000, -0.00000000177, 0.00000001375
80, 50.00000000000, 65.62969684565, 12.44980486033, 4.12500003222, 0.00000000000, 0.00000000149, 0.00000001066
81, 50.00000000000, 87.03559532179, 25.88300529171, 4.12500003222, 0.00000000000, 0.00000000491, -0.00000003424
82, 50.00000000000, 108.64612037703, 22.72270776780, 4.12500003222, 0.00000000000, 0.00000000580, -0.00000000846
83, 50.00000000000, 122.16337545935, 13.28978263700, 4.12500003222, 0.00000000000, 0.00000000303, 0.00000000468
84, 50.00000000000, 121.40793406555, 34.02014394073, 4.12500003222, 0.00000000000, -0.00000001847, -0.00000002272
85, 50.00000000000, 143.65153016855, 9.93150481930, 4.12500003222, 0.00000000000, -0.00000000972, 0.00000001132
86, 50.00000000000, 154.10689270346, 9.04066048293, 4.12500003222, 0.00000000000, 0.00000000077, -0.00000003883
87, 50.00000000000, 177.27345733539, 31.21744180373, 4.12500003222, 0.00000000000, -0.00000000277, 0.00000007181
88, 50.00000000000, 172.15724566823, 54.90543200452, 4.12500003222, 0.00000000000, 0.00000000028, -0.00000003189
89, 50.00000000000, 194.53697952759, 31.56520008345, 4.12500003222, 0.00000000000, 0.00000000089, 0.00000002138
90, 50.00000000000, 230.02190434108, 15.44460052360, 4.12500003222, 0.00000000000, -0.00000000330, -0.00000003511
91, 50.00000000000, 226.94354875433, 26.50934850733, 4.12500003222, 0.00000000000, 0.00000000145, 0.00000002730
92, 50.00000000000, 267.85256117998, 32.04925087514, 4.12500003222, 0.00000000000, -0.00000000731, 0.00000003711
93, 50.00000000000, 262.63715955314, 21.34827320777, 4.12500003222, 0.00000000000, -0.00000001350, -0.00000002157
94, 50.00000000000, 288.45415673217, 45.15801029776, 4.12500003222, 0.00000000000, 0.00000000603, 0.00000001587
95, 50.00000000000, 307.68986431367, 61.54694704256, 4.12500003222, 0.00000000000, -0.00000000469, -0.00000000858
96, 50.00000000000, 330.59200822618, 9.37081025332, 4.12500003222, 0.00000000000, 0.00000000704, -0.00000000041
97, 50.00000000000, 329.97443289214, 64.85974807648, 4.12500003222, 0.00000000000, -0.00000000238, 0.00000001280
98, 50.00000000000, 354.78405173374, 40.30960933361, 4.12500003222, 0.00000000000, 0.00000000202, -0.00000000417
99, 50.00000000000, 377.18192379319, 66.68842806369, 4.12500003222, 0.00000000000, -0.00000000157, -0.00000000628
100, 50.00000000000, 354.50184675772, -30000000.00000000000, 0.00000000000, 0.00000000000, -0.00000022625, 0.66000001198
101, 50.00000000000, 373.64157133848, -30000000.00000000000, 0.00000000000, 0.00000000000, -0.00000009073, 0.66000001198
102, 50.00000000000, 392.21622457898, -30000000.00000000000, 0.00000000000, 0.00000000000, 0.00000085312, 0.66000001198
103, 50.00000000000, 424.72827526376, 91.52349327111, 4.12500003222, 0.00000000000, 0.00000000915, -0.00000002027
104, 50.00000000000, 445.22818418689, 40.51029116371, 4.12500003222, 0.00000000000, 0.00000000120, -0.00000001790
105, 50.00000000000, 461.60549668814, 48.26738438486, 4.12500003222, 0.00000000000, -0.00000000482, -0.00000001184
106, 50.00000000000, 485.64880621938, 101.86771287087, 4.12500003222, 0.00000000000, -0.00000000507, 0.00000000660
107, 50.00000000000, 478.68647748534, -30000000.00000000000, 0.00000000000, 0.00000000000, 0.00000090104, 0.66000001198
108, 50.00000000000, 521.87510768406, 94.07618704657, 4.12500003222, 0.00000000000, -0.00000000128, 0.00000000516
109, 50.00000000000, 530.91422012739, 87.40077316265, 4.12500003222, 0.00000000000, -0.00000001294, 0.00000000151
110, 50.00000000000, 539.05201668111, -30000000.00000000000, 0.00000000000, 0.00000000000, 0.00000041767, 0.66000001198
111, 50.00000000000, 545.77179603882, -30000000.00000000000, 0.00000000000, 0.00000000000, -0.00000076431, 0.66000001198
112, 50.00000000000, 584.45890398315, 97.13007562945, 4.12500003222, 0.00000000000, -0.00000000409, 0.00000000030
113, 50.00000000000, 595.06741192987, 114.36336220605, 4.12500003222, 0.00000000000, -0.00000000459, 0.00000002369
114, 50.00000000000, 619.88459861839, 121.04219583414, 4.12500003222, 0.00000000000, 0.00000000151, 0.00000004343
115, 50.00000000000, 617.08287733555, -30000000.00000000000, 0.00000000000, 0.00000000000, 0.00000207609, 0.66000001198
116, 50.00000000000, 621.15503974163, -30000000.00000000000, 0.00000000000, 0.00000000000, 0.00000135948, 0.66000001198
117, 50.00000000000, 643.59352930570, -30000000.00000000000, 0.00000000000, 0.00000000000, 0.00000028890, 0.66000001198
118, 50.00000000000, 661.93821782888, -30000000.00000000000, 0.00000000000, 0.00000000000, -0.00000066518, 0.66000001198
119, 50.00000000000, 677.80786175520, -30000000.00000000000, 0.00000000000, 0.00000000000, -0.00000008347, 0.66000001198
120, 50.00000000000, 731.75197499414, 116.08486572238, 4.12500003222, 0.00000000000, -0.00000000004, 0.00000002698
121, 50.00000000000, 721.42251811603, 65.15441911641, 4.12500003222, 0.00000000000, -0.00000000359, 0.00000000636
122, 50.00000000000, 739.31895536795, 80.68174141838, 4.12500003222, 0.00000000000, -0.00000000293, 0.00000001209
123, 50.00000000000, 752.22759272297, -30000000.00000000000, 0.00000000000, 0.00000000000, 0.00000049558, 0.66000001198
124, 50.00000000000, 779.65381489934, 47.25756763857, 4.12500003222, 0.00000000000, -0.00000000272, -0.00000000307
125, 50.00000000000, 801.40507106979, 56.57349959024, 4.12500003222, 0.00000000000, 0.00000000446, 0.00000002065
126, 50.00000000000, 796.92100672307, -30000000.00000000000, 0.00000000000, 0.00000000000, 0.00000094659, 0.66000001198
127, 50.00000000000, 822.03916367755, -30000000.00000000000, 0.00000000000, 0.00000000000, -0.00000059331, 0.66000001198
128, 50.00000000000, 850.01864618145, 69.67229375116, 4.12500003222, 0.00000000000, -0.00000000393, -0.00000000846
129, 50.00000000000, 844.41891141714, 106.13878394931, 4.12500003222, 0.00000000000, -0.00000000357, 0.00000002579
130, 50.00000000000, 892.99879512850, 68.66519341621, 4.12500003222, 0.00000000000, -0.00000000084, 0.00000001966
131, 50.00000000000, 881.29162901969, -30000000.00000000000, 0.00000000000, 0.00000000000, 0.00000181700, 0.66000001198
132, 50.00000000000, 901.95507911787, -30000000.00000000000, 0.00000000000, 0.00000000000, -0.00000031456, 0.66000001198
133, 50.00000000000, 900.02711307485, 185.86712734849, 4.12500003222, 0.00000000000, -0.00000000078, 0.00000000134
134, 50.00000000000, 941.69811721720, 61.59899006389, 4.12500003222, 0.00000000000, 0.00000000390, -0.00000000139
135, 50.00000000000, 957.01997730851, 44.46080179948, 4.12500003222, 0.00000000000, -0.00000000185, -0.00000002046
136, 50.00000000000, 972.40402886907, -30000000.00000000000, 0.00000000000, 0.00000000000, -0.00000035837, 0.66000001198
137, 50.00000000000, 992.27454024227, 52.76491451023, 4.12500003222, 0.00000000000, -0.00000000678, 0.00000002870
138, 50.00000000000, 991.40472879934, 93.53932231427, 4.12500003222, 0.00000000000, 0.00000000273, 0.00000000923
139, 50.00000000000, 1031.32907735432, -30000000.00000000000, 0.00000000000, 0.00000000000, -0.00000093901, 0.66000001198
140, 50.00000000000, 1040.42099259026, -30000000.00000000000, 0.00000000000, 0.00000000000, -0.00000085620, 0.66000001198
141, 50.00000000000, 1041.17808363687, 47.54806331322, 4.12500003222, 0.00000000000, -0.00000000903, 0.00000000956
142, 50.00000000000, 1080.47056507641, -30000000.00000000000, 0.00000000000, 0.00000000000, -0.00000023831, 0.66000001198
143, 50.00000000000, 1072.43835209774, 52.17746451867, 4.12500003222, 0.00000000000, 0.00000001121, -0.00000000850
144, 50.00000000000, 1070.04479716928, 14.50807080813, 4.12500003222, 0.00000000000, 0.00000000195, -0.00000001404
145, 50.00000000000, 1095.40204268863, 12.66961316345, 4.12500003222, 0.00000000000, -0.00000000298, 0.00000000866
146, 50.00000000000, 1126.16550661195, 35.04952853186, 4.12500003222, 0.00000000000, -0.00000000137, -0.00000000349
147, 50.00000000000, 1145.34260661644, 28.12466219690, 4.12500003222, 0.00000000000, -0.00000000253, 0.00000000114
148, 50.00000000000, 1155.13606136727, 118.40773234832, 4.12500003222, 0.00000000000, 0.00000000330, 0.00000001703
149, 50.00000000000, 1162.47376585416, 26.80789376152, 4.12500003222, 0.00000000000, 0.00000000534, -0.00000001594
150, 50.00000000000, 1178.83659806328, 35.74257459948, 4.12500003222, 0.00000000000, 0.00000000088, 0.00000002497
151, 50.00000000000, 1203.88537782611, 12.97255253559, 4.12500003222, 0.00000000000, -0.00000000010, -0.00000002743
152, 50.00000000000, 1191.05404364225, 121.99598793770, 4.12500003222, 0.00000000000, 0.00000000167, -0.00000000843
153, 50.00000000000, 1237.33830216440, 11.15570006007, 4.12500003222, 0.00000000000, 0.00000000312, -0.00000001228
154, 50.00000000000, 1254.18611783458, 27.77368128541, 4.12500003222, 0.00000000000, 0.00000000485, 0.00000002013
155, 50.00000000000, 1249.75390533926, 59.61034322394, 4.12500003222, 0.00000000000, 0.00000000303, -0.00000000285
156, 50.00000000000, 1254.74236931254, 98.21326532889, 4.12500003222, 0.00000000000, -0.00000000026, 0.00000004708
157, 50.00000000000, 1268.66896989269, 58.29325366596, 4.12500003222, 0.00000000000, -0.00000000839, -0.00000000565
158, 50.00000000000, 1270.17419369958, 112.14345831750, 4.12500003222, 0.00000000000, -0.00000000371, 0.00000002746
159, 50.00000000000, 1283.50462684024, 61.39763158301, 4.12500003222, 0.00000000000, 0.00000000115, 0.00000000563
160, 50.00000000000, 77.31443285658, 31.40478387687, 4.12500003222, 0.00000000000, -0.00000000466, -0.00000001550
161, 50.00000000000, 82.91571695950, 68.24730072574, 4.12500003222, 0.00000000000, 0.00000001147, -0.00000000245
162, 50.00000000000, 111.49611341353, 4.70004953343, 4.12500003222, 0.00000000000, 0.00000000870, 0.00000000431
163, 50.00000000000, 117.69781666193, 26.52408267905, 4.12500003222, 0.00000000000, -0.00000000924, -0.00000000173
164, 50.00000000000, 124.78654776523, 50.66536267819, 4.12500003222, 0.00000000000, 0.00000000558, 0.00000003130
165, 50.00000000000, 131.36188641434, 44.39016698142, 4.12500003222, 0.00000000000, 0.00000000447, 0.00000006519
166, 50.00000000000, 162.26431780723, 38.65757660540, 4.12500003222, 0.00000000000, 0.00000000806, 0.00000002735
167, 50.00000000000, 175.21698420450, 21.98287013576, 4.12500003222, 0.00000000000, -0.00000000711, 0.00000001293
168, 50.00000000000, 181.30184531519, 64.21880681328, 4.12500003222, 0.00000000000, 0.00000000374, -0.00000001415
169, 50.00000000000, 208.68690389278, 15.03408355845, 4.12500003222, 0.00000000000, -0.00000000111, 0.00000001561
170, 50.00000000000, 227.35502715097, 6.23938850165, 4.12500003222, 0.00000000000, -0.00000000322, 0.00000000324
171, 50.00000000000, 244.46825836782, 33.95217401802, 4.12500003222, 0.00000000000, 0.00000000135, -0.00000002445
172, 50.00000000000, 265.07862256742, 8.08923190794, 4.12500003222, 0.00000000000, 0.00000000463, -0.00000001350
173, 50.00000000000, 276.84123929709, 48.83973080773, 4.12500003222, 0.00000000000, -0.00000000134, 0.00000000463
174, 50.00000000000, 295.39644655487, 8.14259094639, 4.12500003222, 0.00000000000, -0.00000001390, -0.00000004807
175, 50.00000000000, 303.98653812160, 14.19237342409, 4.12500003222, 0.00000000000, 0.00000000033, -0.00000004750
176, 50.00000000000, 324.19345215640, 25.59928759515, 4.12500003222, 0.00000000000, 0.00000000524, 0.00000004047
177, 50.00000000000, 344.32838992493, 48.88111375009, 4.12500003222, 0.00000000000, 0.00000000112, 0.00000004184
178, 50.00000000000, 363.66318523145, 86.48237876181, 4.12500003222, 0.00000000000, -0.00000000391, -0.00000000376
179, 50.00000000000, 371.54171539805, 98.94186885151, 4.12500003222, 0.00000000000, -0.00000000572, -0.00000000046
180, 50.00000000000, 390.49355439056, 103.51349249126, 4.12500003222, 0.00000000000, -0.00000000304, 0.00000000942
181, 50.00000000000, 406.39472753652, 88.86523629388, 4.12500003222, 0.00000000000, 0.00000000028, 0.00000001456
182, 50.00000000000, 425.74966879065, 105.19182247784, 4.12500003222, 0.00000000000, -0.00000001177, -0.00000001083
183, 50.00000000000, 425.93732924793, 37.97108130339, 4.12500003222, 0.00000000000, 0.00000000543, 0.00000001108
184, 50.00000000000, 419.54036532895, -30000000.00000000000, 0.00000000000, 0.00000000000, 0.00000008439, 0.66000001198
185, 50.00000000000, 457.09021525081, 120.47964661822, 4.12500003222, 0.00000000000, 0.00000000578, 0.00000000823
186, 50.00000000000, 476.30136275720, 84.38399698103, 4.12500003222, 0.00000000000, -0.00000000548, -0.00000001803
187, 50.00000000000, 489.61957215130, 79.39057490365, 4.12500003222, 0.00000000000, -0.00000000580, -0.00000001792
188, 50.00000000000, 513.48578076850, 60.14921342259, 4.12500003222, 0.00000000000, -0.00000000262, -0.00000002198
189, 50.00000000000, 533.40474224526, 47.47537433461, 4.12500003222, 0.00000000000, -0.00000000354, -0.00000001056
190, 50.00000000000, 520.58267380689, -30000000.00000000000, 0.00000000000, 0.00000000000, 0.00000135806, 0.66000001198
191, 50.00000000000, 563.61694457146, 80.74559959812, 4.12500003222, 0.00000000000, 0.00000000425, -0.00000000243
192, 50.00000000000, 573.90732525720, 150.97756172171, 4.12500003222, 0.00000000000, 0.00000000117, -0.00000002570
193, 50.00000000000, 582.30685951800, 184.03289868921, 4.12500003222, 0.00000000000, -0.00000000057, 0.00000002424
194, 50.00000000000, 599.41812796338, 170.82836355050, 4.12500003222, 0.00000000000, 0.00000000433, 0.00000001591
195, 50.00000000000, 612.28101428985, -30000000.00000000000, 0.00000000000, 0.00000000000, 0.00000223237, 0.66000001198
196, 50.00000000000, 639.89820585641, -30000000.00000000000, 0.00000000000, 0.00000000000, 0.00000073799, 0.66000001198
197, 50.00000000000, 653.53228575771, -30000000.00000000000, 0.00000000000, 0.00000000000, -0.00000007266, 0.66000001198
198, 50.00000000000, 676.53331746462, 59.54789986142, 4.12500003222, 0.00000000000, -0.00000000761, 0.00000000441
199, 50.00000000000, 673.06020826581, -30000000.00000000000, 0.00000000000, 0.00000000000, 0.00000070719, 0.66000001198
200, 50.00000000000, 712.76764086983, 99.48128624197, 4.12500003222, 0.00000000000, -0.00000000318, 0.00000000481
201, 50.00000000000, 728.60668915341, 102.44629174496, 4.12500003222, 0.00000000000, 0.00000000127, -0.00000001492
202, 50.00000000000, 730.73025043576, 48.58379767547, 4.12500003222, 0.00000000000, 0.00000001512, 0.00000000751
203, 50.00000000000, 756.44150424276, -30000000.00000000000, 0.00000000000, 0.00000000000, -0.00000024601, 0.66000001198
204, 50.00000000000, 765.68247227427, -30000000.00000000000, 0.00000000000, 0.00000000000, -0.00000020833, 0.66000001198
205, 50.00000000000, 798.46809980707, 41.87697565445, 4.12500003222, 0.00000000000, -0.00000000225, -0.00000001445
206, 50.00000000000, 817.96617766909, 38.21758700325, 4.12500003222, 0.00000000000, -0.00000000632, -0.00000000274
207, 50.00000000000, 810.61910590828, 70.90854393045, 4.12500003222, 0.00000000000, -0.00000000255, -0.00000001014
208, 50.00000000000, 828.23176692395, 102.23445461382, 4.12500003222, 0.00000000000, -0.00000000157, -0.00000000627
209, 50.00000000000, 830.14845383843, 69.32127709202, 4.12500003222, 0.00000000000, -0.00000000133, 0.00000002024
210, 50.00000000000, 866.59283745094, -30000000.00000000000, 0.00000000000, 0.00000000000, 0.00000161984, 0.66000001198
211, 50.00000000000, 890.63605409679, -30000000.00000000000, 0.00000000000, 0.00000000000, 0.00000103109, 0.66000001198
212, 50.00000000000, 898.93498405833, 46.92297133794, 4.12500003222, 0.00000000000, -0.00000000153, -0.00000001854
213, 50.00000000000, 915.76837511254, -30000000.00000000000, 0.00000000000, 0.00000000000, -0.00000147500, 0.66000001198
214, 50.00000000000, 937.26950986820, 106.06302007011, 4.12500003222, 0.00000000000, -0.00000000194, -0.00000001750
215, 50.00000000000, 956.35631697251, 55.74628039099, 4.12500003222, 0.00000000000, -0.00000000062, -0.00000001665
216, 50.00000000000, 977.29269076190, 52.48166417619, 4.12500003222, 0.00000000000, -0.00000000460, -0.00000002182
217, 50.00000000000, 984.27381532761, -30000000.00000000000, 0.00000000000, 0.00000000000, -0.00000176700, 0.66000001198
218, 50.00000000000, 1003.32229807529, -30000000.00000000000, 0.00000000000, 0.00000000000, 0.00000034875, 0.66000001198
219, 50.00000000000, 1025.88273151686, -30000000.00000000000, 0.00000000000, 0.00000000000, -0.00000022594, 0.66000001198
220, 50.00000000000, 1003.01073665469, 131.71283177958, 4.12500003222, 0.00000000000, -0.00000000123, -0.00000000701
221, 50.00000000000, 1051.34586974936, 43.70374504856, 4.12500003222, 0.00000000000, -0.00000000005, -0.00000001934
222, 50.00000000000, 1062.89120806838, 54.49666071495, 4.12500003222, 0.00000000000, 0.00000000158, 0.00000002796
223, 50.00000000000, 1072.55487555446, 35.52070481049, 4.12500003222, 0.00000000000, 0.00000000254, 0.00000002247
224, 50.00000000000, 1081.39662641122, 13.71158937437, 4.12500003222, 0.00000000000, 0.00000000499, -0.00000002343
225, 50.00000000000, 1114.83916461603, 23.65493581354, 4.12500003222, 0.00000000000, -0.00000000791, 0.00000002228
226, 50.00000000000, 1110.43973512578, 80.94409389059, 4.12500003222, 0.00000000000, 0.00000000416, -0.00000000739
227, 50.00000000000, 1138.72888725874, 48.49546641802, 4.12500003222, 0.00000000000, 0.00000001630, -0.00000001731
228, 50.00000000000, 1147.85082190168, 9.45871630312, 4.12500003222, 0.00000000000, 0.00000000144, -0.00000000468
229, 50.00000000000, 1165.78023011768, 15.87755520249, 4.12500003222, 0.00000000000, -0.00000000365, -0.00000000007
230, 50.00000000000, 1181.86913585843, 14.48362519777, 4.12500003222, 0.00000000000, -0.00000001107, 0.00000000354
231, 50.00000000000, 1201.47392297470, 60.96577128950, 4.12500003222, 0.00000000000, -0.00000001360, -0.00000007679
232, 50.00000000000, 1221.67751744587, 30.19552410706, 4.12500003222, 0.00000000000, 0.00000000444, 0.00000002430
233, 50.00000000000, 1215.77810418709, 53.79072675538, 4.12500003222, 0.00000000000, -0.00000001919, -0.00000003428
234, 50.00000000000, 1224.93645045510, 61.42753195233, 4.12500003222, 0.00000000000, 0.00000001370, 0.00000001026
235, 50.00000000000, 1240.34345013193, 79.64858920093, 4.12500003222, 0.00000000000, -0.00000001431, -0.00000002494
236, 50.00000000000, 1284.25531325474, 6.81203213826, 4.12500003222, 0.00000000000, -0.00000001356, -0.00000000021
237, 50.00000000000, 1265.98548423935, 76.54294347093, 4.12500003222, 0.00000000000, 0.00000000083, -0.00000001875
238, 50.00000000000, 1272.55820553629, 90.78290863558, 4.12500003222, 0.00000000000, 0.00000001271, -0.00000002884
239, 50.00000000000, 1297.57485173084, 90.68123062911, 4.12500003222, 0.00000000000, -0.00000000695, -0.00000000177
240, 50.00000000000, 84.66964400657, 45.28840038988, 4.12500003222, 0.00000000000, -0.00000000929, -0.00000000079
241, 50.00000000000, 78.43640529294, 11.69915559966, 4.12500003222, 0.00000000000, 0.00000000234, 0.00000001060
242, 50.00000000000, 99.39652885823, 25.82691366049, 4.12500003222, 0.00000000000, 0.00000000179, 0.00000002782
243, 50.00000000000, 113.82677244268, 81.94498611714, 4.12500003222, 0.00000000000, -0.00000000660, 0.00000000366
244, 50.00000000000, 130.76941214478, 82.50293655538, 4.12500003222, 0.00000000000, 0.00000000156, 0.00000000883
245, 50.00000000000, 141.21528301580, 65.38511373844, 4.12500003222, 0.00000000000, -0.00000000024, -0.00000004886
246, 50.00000000000, 153.57975414961, 22.27959521464, 4.12500003222, 0.00000000000, 0.00000000640, 0.00000001124
247, 50.00000000000, 135.45442913325, 116.58523865828, 4.12500003222, 0.00000000000, 0.00000000072, -0.00000003035
248, 50.00000000000, 148.46200929064, 78.22601775468, 4.12500003222, 0.00000000000, 0.00000001160, 0.00000000440
249, 50.00000000000, 159.79680606145, 93.42747438403, 4.12500003222, 0.00000000000, 0.00000000366, -0.00000004038
250, 50.00000000000, 210.28027541161, 24.35082269654, 4.12500003222, 0.00000000000, -0.00000000033, -0.00000002978
251, 50.00000000000, 189.02400855450, 109.87958087167, 4.12500003222, 0.00000000000, -0.00000000172, -0.00000000264
252, 50.00000000000, 253.42295227676, 52.96513919738, 4.12500003222, 0.00000000000, 0.00000000287, 0.00000000373
253, 50.00000000000, 280.22274535458, 36.30302706473, 4.12500003222, 0.00000000000, 0.00000000450, 0.00000003380
254, 50.00000000000, 245.17673662108, 131.81849502601, 4.12500003222, 0.00000000000, 0.00000000003, 0.00000000015
255, 50.00000000000, 246.40723001218, 152.54463683690, 4.12500003222, 0.00000000000, 0.00000000412, 0.00000000140
256, 50.00000000000, 285.37494795649, 166.30695421998, 4.12500003222, 0.00000000000, -0.00000000065, -0.00000001014
257, 50.00000000000, 342.38577353559, 60.08860526786, 4.12500003222, 0.00000000000, 0.00000000091, -0.00000002076
258, 50.00000000000, 363.00718548423, 74.66014798304, 4.12500003222, 0.00000000000, 0.00000001083, 0.00000000653
259, 50.00000000000, 371.86350776311, 34.27519782013, 4.12500003222, 0.00000000000, 0.00000000071, -0.00000001752
260, 50.00000000000, 388.52140286028, 48.12632464922, 4.12500003222, 0.00000000000, -0.00000001085, -0.00000002008
261, 50.00000000000, 396.41273251910, 55.97980761427, 4.12500003222, 0.00000000000, -0.00000000047, 0.00000000930
262, 50.00000000000, 388.93887788843, -30000000.00000000000, 0.00000000000, 0.00000000000, 0.00000061209, 0.66000001198
263, 50.00000000000, 441.23925117734, 90.14346180960, 4.12500003222, 0.00000000000, -0.00000001176, -0.00000000567
264, 50.00000000000, 439.28082976714, 55.27764806684, 4.12500003222, 0.00000000000, 0.00000000099, -0.00000000527
265, 50.00000000000, 457.20986391587, 83.76587098231, 4.12500003222, 0.00000000000, -0.00000000091, -0.00000000486
266, 50.00000000000, 476.31234621023, 119.76713261582, 4.12500003222, 0.00000000000, -0.00000000489, -0.00000001709
267, 50.00000000000, 498.43319413506, 89.12170246373, 4.12500003222, 0.00000000000, 0.00000000584, 0.00000001233
268, 50.00000000000, 507.12812385191, 79.35715930717, 4.12500003222, 0.00000000000, 0.00000001093, -0.00000000135
269, 50.00000000000, 532.73365698433, 62.97364398254, 4.12500003222, 0.00000000000, 0.00000000288, 0.00000001292
270, 50.00000000000, 531.84524923006, -30000000.00000000000, 0.00000000000, 0.00000000000, -0.00000014633, 0.66000001198
271, 50.00000000000, 566.83285700861, 103.01717948900, 4.12500003222, 0.00000000000, 0.00000000378, -0.00000002633
272, 50.00000000000, 571.51793984037, 63.42026903552, 4.12500003222, 0.00000000000, -0.00000000428, 0.00000000720
273, 50.00000000000, 605.63835664083, 137.65056897432, 4.12500003222, 0.00000000000, -0.00000000090, -0.00000000693
274, 50.00000000000, 614.94221609885, 105.09775283854, 4.12500003222, 0.00000000000, -0.00000000941, 0.00000001378
275, 50.00000000000, 619.91152318030, 86.55929781870, 4.12500003222, 0.00000000000, 0.00000000138, -0.00000003166
276, 50.00000000000, 629.15038711257, -30000000.00000000000, 0.00000000000, 0.00000000000, 0.00000099221, 0.66000001198
277, 50.00000000000, 664.45002747311, 74.36267161878, 4.12500003222, 0.00000000000, 0.00000000022, -0.00000001017
278, 50.00000000000, 660.57065993030, -30000000.00000000000, 0.00000000000, 0.00000000000, -0.00000089032, 0.66000001198
279, 50.00000000000, 680.49048662117, 42.79566280334, 4.12500003222, 0.00000000000, -0.00000000354, -0.00000002177
280, 50.00000000000, 694.87787975621, -30000000.00000000000, 0.00000000000, 0.00000000000, -0.00000029079, 0.66000001198
281, 50.00000000000, 720.13351746704, 83.86939532217, 4.12500003222, 0.00000000000, 0.00000000743, -0.00000000006
282, 50.00000000000, 745.01697509145, -30000000.00000000000, 0.00000000000, 0.00000000000, -0.00000014535, 0.66000001198
283, 50.00000000000, 764.87526546463, 120.11731900814, 4.12500003222, 0.00000000000, -0.00000000042, -0.00000000547
284, 50.00000000000, 776.28126799018, 82.08458642956, 4.12500003222, 0.00000000000, 0.00000000199, -0.00000001937
285, 50.00000000000, 786.29845201467, -30000000.00000000000, 0.00000000000, 0.00000000000, 0.00000050588, 0.66000001198
286, 50.00000000000, 818.63884673809, 54.03698669277, 4.12500003222, 0.00000000000, 0.00000000382, 0.00000001933
287, 50.00000000000, 837.78148356046, 50.33084807102, 4.12500003222, 0.00000000000, 0.00000000556, 0.00000000725
288, 50.00000000000, 839.46921890601, -30000000.00000000000, 0.00000000000, 0.00000000000, -0.00000101373, 0.66000001198
289, 50.00000000000, 870.12637040333, 69.24878813923, 4.12500003222, 0.00000000000, -0.00000000881, -0.00000000406
290, 50.00000000000, 860.47943872295, 89.88449708281, 4.12500003222, 0.00000000000, -0.00000000006, 0.00000002750
291, 50.00000000000, 879.84524374307, 52.15147889950, 4.12500003222, 0.00000000000, -0.00000000335, -0.00000000991
292, 50.00000000000, 905.22338823391, -30000000.00000000000, 0.00000000000, 0.00000000000, -0.00000110819, 0.66000001198
293, 50.00000000000, 918.47985504812, 97.68799731385, 4.12500003222, 0.00000000000, -0.00000000072, -0.00000000723
294, 50.00000000000, 921.51524890046, 45.30118041605, 4.12500003222, 0.00000000000, 0.00000000472, -0.00000000916
295, 50.00000000000, 942.25284014516, 36.62103211953, 4.12500003222, 0.00000000000, -0.00000000825, 0.00000003109
296, 50.00000000000, 970.89779481577, 87.15108520920, 4.12500003222, 0.00000000000, 0.00000000063, -0.00000001522
297, 50.00000000000, 980.90892565753, 74.78072365674, 4.12500003222, 0.00000000000, 0.00000000402, 0.00000001866
298, 50.00000000000, 1000.00278582864, 76.27309355599, 4.12500003222, 0.00000000000, -0.00000001246, -0.00000001668
299, 50.00000000000, 1030.85399897460, -30000000.00000000000, 0.00000000000, 0.00000000000, -0.00000088796, 0.66000001198
300, 50.00000000000, 1030.77080753400, 55.69107193457, 4.12500003222, 0.00000000000, -0.00000000643, 0.00000000404
301, 50.00000000000, 1047.96480690070, 86.67886317653, 4.12500003222, 0.00000000000, 0.00000000207, -0.00000002574
302, 50.00000000000, 1053.55545919395, 66.29592159370, 4.12500003222, 0.00000000000, 0.00000000150, 0.00000001793
303, 50.00000000000, 1095.76986868288, -30000000.00000000000, 0.00000000000, 0.00000000000, -0.00000083959, 0.66000001198
304, 50.00000000000, 1085.54717553168, 54.85926094627, 4.12500003222, 0.00000000000, -0.00000000215, -0.00000000049
305, 50.00000000000, 1114.50567187893, 49.25481050982, 4.12500003222, 0.00000000000, -0.00000000005, -0.00000004717
306, 50.00000000000, 1106.69144322085, 7.43853373645, 4.12500003222, 0.00000000000, 0.00000000564, -0.00000002942
307, 50.00000000000, 1127.48415692876, 68.98252962052, 4.12500003222, 0.00000000000, 0.00000000317, 0.00000003669
308, 50.00000000000, 1157.37236035575, 48.51122791516, 4.12500003222, 0.00000000000, -0.00000000856, 0.00000006179
309, 50.00000000000, 1177.07172799725, 58.36225515467, 4.12500003222, 0.00000000000, 0.00000000701, -0.00000001296
310, 50.00000000000, 1188.82085999869, 6.26744306483, 4.12500003222, 0.00000000000, 0.00000000465, -0.00000002890
311, 50.00000000000, 1185.83741586416, 67.13138495829, 4.12500003222, 0.00000000000, -0.00000000731, 0.00000002131
312, 50.00000000000, 1222.21735947270, 8.25157753944, 4.12500003222, 0.00000000000, -0.00000000042, -0.00000001310
313, 50.00000000000, 1217.86990191444, 22.61180410503, 4.12500003222, 0.00000000000, -0.00000000303, -0.00000003884
314, 50.00000000000, 1217.11164414828, 75.77626822016, 4.12500003222, 0.00000000000, 0.00000002238, 0.00000002383
315, 50.00000000000, 1237.31498287319, 46.02610192547, 4.12500003222, 0.00000000000, 0.00000000203, -0.00000000951
316, 50.00000000000, 1249.39170874268, 82.47720440646, 4.12500003222, 0.00000000000, -0.00000001434, -0.00000002807
317, 50.00000000000, 1268.15122443078, 45.75674323484, 4.12500003222, 0.00000000000, -0.00000000774, 0.00000001674
318, 50.00000000000, 1287.34765493974, 29.27956941881, 4.12500003222, 0.00000000000, 0.00000001224, -0.00000000519
319, 50.00000000000, 1306.49026048486, 53.62159987764, 4.12500003222, 0.00000000000, -0.00000000063, 0.00000003675
320, 50.00000000000, -15.81525601760, 123.10698793160, 4.12500003222, 0.00000000000, -0.00000000000, 0.00000000000
321, 50.00000000000, 89.01217144837, 9.22058529787, 4.12500003222, 0.00000000000, -0.00000000848, -0.00000001475
322, 50.00000000000, 95.12876250052, 57.75693543520, 4.12500003222, 0.00000000000, -0.00000000271, 0.00000001646
323, 50.00000000000, 107.13525256140, 41.70391521733, 4.12500003222, 0.00000000000, 0.00000000512, -0.00000001373
324, 50.00000000000, 73.44495054972, 198.63473956281, 4.12500003222, 0.00000000000, 0.00000000000, 0.00000000000
325, 50.00000000000, 142.33441609753, 24.89661996485, 4.12500003222, 0.00000000000, -0.00000001411, -0.00000001450
326, 50.00000000000, 156.32078200856, 46.35568420997, 4.12500003222, 0.00000000000, 0.00000001098, 0.00000000133
327, 50.00000000000, 176.81510461213, 43.29981677322, 4.12500003222, 0.00000000000, -0.00000000208, -0.00000001483
328, 50.00000000000, 190.66711048716, 16.20567924749, 4.12500003222, 0.00000000000, -0.00000000449, -0.00000002407
329, 50.00000000000, 182.20351841332, 87.61909542832, 4.12500003222, 0.00000000000, -0.00000000119, 0.00000000697
330, 50.00000000000, 190.85574781896, 127.30081996790, 4.12500003222, 0.00000000000, -0.00000000012, -0.00000001411
331, 50.00000000000, 196.48181283925, 95.19716094694, 4.12500003222, 0.00000000000, -0.00000000614, 0.00000000431
332, 50.00000000000, 269.25361005873, 55.54436530393, 4.12500003222, 0.00000000000, 0.00000000339, 0.00000003476
333, 50.00000000000, 281.00860967290, 84.83891517614, 4.12500003222, 0.00000000000, -0.00000000447, -0.00000000094
334, 50.00000000000, 300.09943503794, 81.42222073124, 4.12500003222, 0.00000000000, 0.00000000056, -0.00000001413
335, 50.00000000000, 266.66003006243, 157.95581055241, 4.12500003222, 0.00000000000, 0.00000000326, -0.00000000494
336, 50.00000000000, 321.91917464844, 48.22142371636, 4.12500003222, 0.00000000000, -0.00000000328, -0.00000001429
337, 50.00000000000, 352.41928143638, 90.47338193888, 4.12500003222, 0.00000000000, -0.00000000293, 0.00000002332
338, 50.00000000000, 355.70650973326, 64.21315876126, 4.12500003222, 0.00000000000, 0.00000001112, 0.00000000722
339, 50.00000000000, 340.00595498222, -30000000.00000000000, 0.00000000000, 0.00000000000, -0.00000017105, 0.66000001198
340, 50.00000000000, 375.72963655157, 53.74075965954, 4.12500003222, 0.00000000000, -0.00000000014, -0.00000000279
341, 50.00000000000, 407.50156915237, 48.45560286551, 4.12500003222, 0.00000000000, -0.00000000736, 0.00000001075
342, 50.00000000000, 412.86588841822, 71.40823881100, 4.12500003222, 0.00000000000, -0.00000000489, -0.00000003410
343, 50.00000000000, 411.95594727245, -30000000.00000000000, 0.00000000000, 0.00000000000, 0.00000040949, 0.66000001198
344, 50.00000000000, 421.63645327278, -30000000.00000000000, 0.00000000000, 0.00000000000, 0.00000031613, 0.66000001198
345, 50.00000000000, 461.02801737478, 100.00366847006, 4.12500003222, 0.00000000000, 0.00000001060, 0.00000001210
346, 50.00000000000, 471.72493142468, 67.70989349525, 4.12500003222, 0.00000000000, 0.00000001220, 0.00000001245
347, 50.00000000000, 493.33217828520, 66.91619557295, 4.12500003222, 0.00000000000, -0.00000000522, -0.00000001679
348, 50.00000000000, 514.24334349600, 50.03559898613, 4.12500003222, 0.00000000000, -0.00000000293, -0.00000000922
349, 50.00000000000, 508.76185780467, -30000000.00000000000, 0.00000000000, 0.00000000000, 0.00000080948, 0.66000001198
350, 50.00000000000, 564.33848557650, 134.85927317754, 4.12500003222, 0.00000000000, 0.00000000009, 0.00000001803
351, 50.00000000000, 574.74041382221, 85.74404024013, 4.12500003222, 0.00000000000, 0.00000000693, 0.00000000898
352, 50.00000000000, 577.20589024730, 118.26374678614, 4.12500003222, 0.00000000000, 0.00000000364, -0.00000001473
353, 50.00000000000, 587.09320790634, 74.33983751105, 4.12500003222, 0.00000000000, 0.00000000315, 0.00000001487
354, 50.00000000000, 604.94410105552, 103.58116225913, 4.12500003222, 0.00000000000, -0.00000000121, -0.00000000830
355, 50.00000000000, 622.04186775412, 97.31711308593, 4.12500003222, 0.00000000000, -0.00000000041, -0.00000001738
356, 50.00000000000, 620.64950917252, 174.23739612793, 4.12500003222, 0.00000000000, -0.00000000348, 0.00000000668
357, 50.00000000000, 651.54781530321, 107.42240489375, 4.12500003222, 0.00000000000, 0.00000001474, 0.00000000935
358, 50.00000000000, 641.77123265092, 175.76239192954, 4.12500003222, 0.00000000000, 0.00000000056, -0.00000001184
359, 50.00000000000, 683.79355610753, -30000000.00000000000, 0.00000000000, 0.00000000000, -0.00000056277, 0.66000001198
360, 50.00000000000, 713.14322689289, 118.99749821329, 4.12500003222, 0.00000000000, -0.00000000174, 0.00000002169
361, 50.00000000000, 727.36204298158, 32.48555164941, 4.12500003222, 0.00000000000, -0.00000000370, 0.00000000262
362, 50.00000000000, 748.25337103764, 113.67999013685, 4.12500003222, 0.00000000000, -0.00000000125, -0.00000001831
363, 50.00000000000, 745.73413588769, 36.89818919954, 4.12500003222, 0.00000000000, 0.00000000517, 0.00000002161
364, 50.00000000000, 756.16283343103, 82.12111314727, 4.12500003222, 0.00000000000, -0.00000000053, -0.00000001481
365, 50.00000000000, 796.79393513013, 235.05172215144, 4.12500003222, 0.00000000000, 0.00000000228, 0.00000001286
366, 50.00000000000, 807.98956735489, -30000000.00000000000, 0.00000000000, 0.00000000000, -0.00000008405, 0.66000001198
367, 50.00000000000, 811.47827788867, -30000000.00000000000, 0.00000000000, 0.00000000000, 0.00000036708, 0.66000001198
368, 50.00000000000, 833.69649444093, -30000000.00000000000, 0.00000000000, 0.00000000000, -0.00000141773, 0.66000001198
369, 50.00000000000, 828.69227697035, 125.39945519225, 4.12500003222, 0.00000000000, -0.00000000849, -0.00000001955
370, 50.00000000000, 862.02470551702, 111.82761880681, 4.12500003222, 0.00000000000, 0.00000000775, -0.00000002667
371, 50.00000000000, 890.63339669740, -30000000.00000000000, 0.00000000000, 0.00000000000, 0.00000103162, 0.66000001198
372, 50.00000000000, 897.70890761411, 91.18962665385, 4.12500003222, 0.00000000000, 0.00000000465, -0.00000000303
373, 50.00000000000, 911.54392893042, 59.29869828814, 4.12500003222, 0.00000000000, 0.00000000885, 0.00000000352
374, 50.00000000000, 934.76046871331, 50.85178378500, 4.12500003222, 0.00000000000, 0.00000000621, -0.00000001064
375, 50.00000000000, 963.24966930524, -30000000.00000000000, 0.00000000000, 0.00000000000, 0.00000058485, 0.66000001198
376, 50.00000000000, 975.56517072570, -30000000.00000000000, 0.00000000000, 0.00000000000, -0.00000023486, 0.66000001198
377, 50.00000000000, 981.62210206594, 21.23073525747, 4.12500003222, 0.00000000000, 0.00000000304, -0.00000000215
378, 50.00000000000, 994.47223926289, 38.60267049026, 4.12500003222, 0.00000000000, -0.00000000221, -0.00000000988
379, 50.00000000000, 1013.14340622615, 88.21970524106, 4.12500003222, 0.00000000000, 0.00000000480, 0.00000003472
380, 50.00000000000, 1030.90256007016, 70.39197495827, 4.12500003222, 0.00000000000, -0.00000000452, 0.00000002984
381, 50.00000000000, 1040.55142186017, 107.61456685262, 4.12500003222, 0.00000000000, -0.00000000170, -0.00000001395
382, 50.00000000000, 1062.53607812352, 74.63120465930, 4.12500003222, 0.00000000000, 0.00000000066, -0.00000000231
383, 50.00000000000, 1076.72354464328, 70.32933211427, 4.12500003222, 0.00000000000, -0.00000000396, 0.00000000929
384, 50.00000000000, 1083.61587669699, 32.84535582134, 4.12500003222, 0.00000000000, 0.00000001439, -0.00000000563
385, 50.00000000000, 1104.52342534920, 42.13398674519, 4.12500003222, 0.00000000000, -0.00000000381, -0.00000002731
386, 50.00000000000, 1124.71814905797, 43.75907108058, 4.12500003222, 0.00000000000, 0.00000000277, -0.00000001517
387, 50.00000000000, 1126.72370203084, 11.63298275200, 4.12500003222, 0.00000000000, 0.00000000474, 0.00000001424
388, 50.00000000000, 1144.38359811631, 42.50155165058, 4.12500003222, 0.00000000000, -0.00000001219, 0.00000001549
389, 50.00000000000, 1155.60000350195, 84.12061329898, 4.12500003222, 0.00000000000, 0.00000000646, 0.00000005346
390, 50.00000000000, 1177.89597466895, 88.71849128496, 4.12500003222, 0.00000000000, -0.00000000960, -0.00000000892
391, 50.00000000000, 1190.30748424077, 76.85185335352, 4.12500003222, 0.00000000000, -0.00000002595, -0.00000001740
392, 50.00000000000, 1212.53537448113, 44.92614129963, 4.12500003222, 0.00000000000, -0.00000001190, 0.00000005102
393, 50.00000000000, 1237.43484931108, 27.07719717390, 4.12500003222, 0.00000000000, 0.00000000604, 0.00000001121
394, 50.00000000000, 1225.38577531450, 84.22328568606, 4.12500003222, 0.00000000000, -0.00000000709, -0.00000001603
395, 50.00000000000, 1238.49075487328, 64.08604116259, 4.12500003222, 0.00000000000, -0.00000000386, 0.00000001738
396, 50.00000000000, 1252.32593151770, 43.50071843170, 4.12500003222, 0.00000000000, 0.00000000077, -0.00000001305
397, 50.00000000000, 1260.92123879732, 92.21627300388, 4.12500003222, 0.00000000000, 0.00000001221, 0.00000002756
398, 50.00000000000, 1290.30011621385, 107.94221666011, 4.12500003222, 0.00000000000, -0.00000000264, -0.00000001369
399, 50.00000000000, 1287.31064565384, 42.52886898415, 4.12500003222, 0.00000000000, -0.00000000216, -0.00000001692
400, 50.00000000000, 65.39393425453, 31.49787418518, 4.12500003222, 0.00000000000, -0.00000000111, -0.00000000690
401, 50.00000000000, 74.78304874330, 53.84476055878, 4.12500003222, 0.00000000000, 0.00000000295, -0.00000003849
402, 50.00000000000, 103.75471002495, 98.50902329756, 4.12500003222, 0.00000000000, 0.00000000564, -0.00000001512
403, 50.00000000000, 104.92105349147, 61.52311573672, 4.12500003222, 0.00000000000, 0.00000000682, 0.00000002174
404, 50.00000000000, 128.99704243944, 64.92880729475, 4.12500003222, 0.00000000000, 0.00000000248, -0.00000002472
405, 50.00000000000, 131.58614896071, 11.82098870701, 4.12500003222, 0.00000000000, 0.00000000035, -0.00000000303
406, 50.00000000000, 154.62588164109, 34.24385460817, 4.12500003222, 0.00000000000, 0.00000001186, -0.00000001384
407, 50.00000000000, 141.91454426864, 98.32518455561, 4.12500003222, 0.00000000000, -0.00000000461, 0.00000001755
408, 50.00000000000, 170.46149391282, 77.48975824145, 4.12500003222, 0.00000000000, -0.00000001611, -0.00000000413
409, 50.00000000000, 188.73158094042, 73.83301979728, 4.12500003222, 0.00000000000, 0.00000000373, 0.00000000853
410, 50.00000000000, 173.87121880106, 94.34917960910, 4.12500003222, 0.00000000000, -0.00000000336, 0.00000000532
411, 50.00000000000, 204.71418049420, 261.51611516749, 4.12500003222, 0.00000000000, 0.00000000000, 0.00000000000
412, 50.00000000000, 228.18740321283, 144.02328237977, 4.12500003222, 0.00000000000, -0.00000000413, -0.00000000454
413, 50.00000000000, 234.67611552191, 212.58320008980, 4.12500003222, 0.00000000000, 0.00000000000, 0.00000000000
414, 50.00000000000, 287.11275169133, 68.43907208028, 4.12500003222, 0.00000000000, -0.00000000829, -0.00000004559
415, 50.00000000000, 319.06449299899, 80.01101388533, 4.12500003222, 0.00000000000, 0.00000000638, 0.00000000501
416, 50.00000000000, 315.77627079551, 15.10619706197, 4.12500003222, 0.00000000000, 0.00000000333, 0.00000000507
417, 50.00000000000, 335.72674312723, 29.41864228547, 4.12500003222, 0.00000000000, -0.00000000676, -0.00000001237
418, 50.00000000000, 322.42956292726, -30000000.00000000000, 0.00000000000, 0.00000000000, 0.00000072823, 0.66000001198
419, 50.00000000000, 339.49563006144, -30000000.00000000000, 0.00000000000, 0.00000000000, -0.00000011559, 0.66000001198
420, 50.00000000000, 353.13639307633, 207.88081319006, 4.12500003222, 0.00000000000, 0.00000000000, 0.00000000000
421, 50.00000000000, 403.15980687446, 112.42310852049, 4.12500003222, 0.00000000000, 0.00000001008, -0.00000001716
422, 50.00000000000, 417.29382150589, 128.09195142614, 4.12500003222, 0.00000000000, -0.00000000307, 0.00000000180
423, 50.00000000000, 405.77340567594, -30000000.00000000000, 0.00000000000, 0.00000000000, 0.00000163363, 0.66000001198
424, 50.00000000000, 438.20490850520, 124.17333468030, 4.12500003222, 0.00000000000, 0.00000000717, 0.00000003215
425, 50.00000000000, 431.99413008865, -30000000.00000000000, 0.00000000000, 0.00000000000, -0.00000150851, 0.66000001198
426, 50.00000000000, 477.85752180834, 60.04158143025, 4.12500003222, 0.00000000000, 0.00000000617, 0.00000000550
427, 50.00000000000, 463.85448731472, 226.35506548530, 4.12500003222, 0.00000000000, -0.00000000466, 0.00000001485
428, 50.00000000000, 520.70585056217, 80.59365236583, 4.12500003222, 0.00000000000, -0.00000000135, 0.00000002246
429, 50.00000000000, 507.52694227155, -30000000.00000000000, 0.00000000000, 0.00000000000, 0.00000032952, 0.66000001198
430, 50.00000000000, 554.74056152561, 117.13752628005, 4.12500003222, 0.00000000000, -0.00000000235, -0.00000001552
431, 50.00000000000, 551.53579595519, 95.91482683765, 4.12500003222, 0.00000000000, 0.00000001162, 0.00000003063
432, 50.00000000000, 567.79009194951, -30000000.00000000000, 0.00000000000, 0.00000000000, -0.00000171706, 0.66000001198
433, 50.00000000000, 598.09193714243, 91.37628674580, 4.12500003222, 0.00000000000, -0.00000000089, -0.00000006384
434, 50.00000000000, 593.86071613665, 150.82648647775, 4.12500003222, 0.00000000000, -0.00000000088, -0.00000003518
435, 50.00000000000, 627.25295082068, 74.18666300783, 4.12500003222, 0.00000000000, 0.00000001097, 0.00000002570
436, 50.00000000000, 642.81108503183, 86.37980348951, 4.12500003222, 0.00000000000, 0.00000000455, -0.00000004019
437, 50.00000000000, 660.23900210658, 90.62025128794, 4.12500003222, 0.00000000000, 0.00000000011, 0.00000001903
438, 50.00000000000, 664.01832246426, 58.03756423303, 4.12500003222, 0.00000000000, -0.00000000485, -0.00000000266
439, 50.00000000000, 688.02147548007, 63.86759733550, 4.12500003222, 0.00000000000, 0.00000000648, 0.00000002113
440, 50.00000000000, 702.13961825760, 79.10053972397, 4.12500003222, 0.00000000000, 0.00000000154, 0.00000000721
441, 50.00000000000, 718.97314057585, -30000000.00000000000, 0.00000000000, 0.00000000000, -0.00000019778, 0.66000001198
442, 50.00000000000, 730.38082713688, -30000000.00000000000, 0.00000000000, 0.00000000000, 0.00000005238, 0.66000001198
443, 50.00000000000, 757.54564091939, 47.87286437395, 4.12500003222, 0.00000000000, -0.00000000716, -0.00000001055
444, 50.00000000000, 746.56077807763, 132.18205266071, 4.12500003222, 0.00000000000, -0.00000000525, 0.00000000798
445, 50.00000000000, 788.24180329725, 64.21207462881, 4.12500003222, 0.00000000000, -0.00000000080, 0.00000002325
446, 50.00000000000, 804.76437578222, 102.59657937478, 4.12500003222, 0.00000000000, 0.00000000526, 0.00000001573
447, 50.00000000000, 797.53688991591, 81.51194828579, 4.12500003222, 0.00000000000, -0.00000000484, -0.00000002715
448, 50.00000000000, 820.43595566560, 111.60602633483, 4.12500003222, 0.00000000000, 0.00000000442, -0.00000002000
449, 50.00000000000, 858.94921646920, 51.95903779307, 4.12500003222, 0.00000000000, -0.00000000087, -0.00000001144
450, 50.00000000000, 842.20391844623, 161.70293340881, 4.12500003222, 0.00000000000, -0.00000000100, 0.00000000045
451, 50.00000000000, 880.06767268288, 83.97856060725, 4.12500003222, 0.00000000000, 0.00000000570, -0.00000000392
452, 50.00000000000, 906.72404817217, -30000000.00000000000, 0.00000000000, 0.00000000000, -0.00000081974, 0.66000001198
453, 50.00000000000, 883.16707634961, 197.72932649355, 4.12500003222, 0.00000000000, 0.00000000061, 0.00000000567
454, 50.00000000000, 934.90611409592, 83.51043918910, 4.12500003222, 0.00000000000, 0.00000000036, 0.00000000810
455, 50.00000000000, 960.53549386189, -30000000.00000000000, 0.00000000000, 0.00000000000, 0.00000106156, 0.66000001198
456, 50.00000000000, 956.98512279522, 76.55019006751, 4.12500003222, 0.00000000000, 0.00000000540, -0.00000000468
457, 50.00000000000, 993.12444048294, 189.68861830000, 4.12500003222, 0.00000000000, 0.00000000000, 0.00000000000
458, 50.00000000000, 980.50973706764, 109.05267757678, 4.12500003222, 0.00000000000, -0.00000000031, 0.00000000822
459, 50.00000000000, 1004.59039392846, 107.14703075061, 4.12500003222, 0.00000000000, 0.00000000626, -0.00000002040
460, 50.00000000000, 1018.35183444590, 120.58399875857, 4.12500003222, 0.00000000000, 0.00000000329, 0.00000001124
461, 50.00000000000, 1041.74041930831, 67.79038773539, 4.12500003222, 0.00000000000, 0.00000000590, 0.00000002803
462, 50.00000000000, 1036.16391658653, 125.08779319200, 4.12500003222, 0.00000000000, -0.00000000031, 0.00000001444
463, 50.00000000000, 1069.26985310374, 138.69218120934, 4.12500003222, 0.00000000000, -0.00000000118, -0.00000000262
464, 50.00000000000, 1092.42397287695, 24.24980836929, 4.12500003222, 0.00000000000, 0.00000001407, 0.00000002743
465, 50.00000000000, 1108.01121634425, 60.10919088630, 4.12500003222, 0.00000000000, -0.00000000070, 0.00000001696
466, 50.00000000000, 1122.55420823677, 58.57280215689, 4.12500003222, 0.00000000000, 0.00000000144, 0.00000001813
467, 50.00000000000, 1134.56341087743, 59.11633974321, 4.12500003222, 0.00000000000, 0.00000000338, -0.00000000656
468, 50.00000000000, 1145.68755554740, 80.66282738886, 4.12500003222, 0.00000000000, -0.00000001592, 0.00000001528
469, 50.00000000000, 1160.59592707743, 98.82661244233, 4.12500003222, 0.00000000000, 0.00000000337, -0.00000004379
470, 50.00000000000, 1167.93531540056, 78.49964722706, 4.12500003222, 0.00000000000, 0.00000001460, 0.00000002330
471, 50.00000000000, 1204.25606818934, 36.34623890149, 4.12500003222, 0.00000000000, -0.00000000410, 0.00000003755
472, 50.00000000000, 1171.88105829005, 131.11491787537, 4.12500003222, 0.00000000000, -0.00000000427, -0.00000001069
473, 50.00000000000, 1207.07418091421, 93.11413998597, 4.12500003222, 0.00000000000, -0.00000001123, -0.00000003670
474, 50.00000000000, 1231.22033607471, 69.78572115143, 4.12500003222, 0.00000000000, -0.00000000517, 0.00000001427
475, 50.00000000000, 1272.25624357278, 13.69452390477, 4.12500003222, 0.00000000000, -0.00000000948, 0.00000000852
476, 50.00000000000, 1237.17342519307, 89.75380236229, 4.12500003222, 0.00000000000, -0.00000000837, -0.00000003448
477, 50.00000000000, 1267.55742460757, 131.86545702120, 4.12500003222, 0.00000000000, 0.00000000044, 0.00000000018
478, 50.00000000000, 1279.34542088620, 74.90618031805, 4.12500003222, 0.00000000000, -0.00000000665, 0.00000001949
479, 50.00000000000, 1300.46882925142, 71.07789149675, 4.12500003222, 0.00000000000, 0.00000000784, -0.00000000409
480, 50.00000000000, 60.23451815500, 46.41482799956, 4.12500003222, 0.00000000000, 0.00000000463, 0.00000000680
481, 50.00000000000, 84.85222126755, 92.45989684503, 4.12500003222, 0.00000000000, -0.00000000349, 0.00000001005
482, 50.00000000000, 96.87461909010, 40.44998314607, 4.12500003222, 0.00000000000, 0.00000000048, 0.00000002291
483, 50.00000000000, 114.39976255821, 45.91197045644, 4.12500003222, 0.00000000000, -0.00000001356, -0.00000000026
484, 50.00000000000, 113.40468677447, 118.42382994501, 4.12500003222, 0.00000000000, -0.00000000098, -0.00000001731
485, 50.00000000000, 138.20878736837, 49.61148320536, 4.12500003222, 0.00000000000, -0.00000000464, 0.00000003443
486, 50.00000000000, 159.88365860395, 58.75783295372, 4.12500003222, 0.00000000000, -0.00000000423, 0.00000002155
487, 50.00000000000, 173.36454711085, 6.40097824311, 4.12500003222, 0.00000000000, 0.00000000043, -0.00000002686
488, 50.00000000000, 149.89317517185, 130.88845265782, 4.12500003222, 0.00000000000, -0.00000000006, 0.00000000520
489, 50.00000000000, 163.35244791260, 72.01525345711, 4.12500003222, 0.00000000000, -0.00000000405, -0.00000001321
490, 50.00000000000, 212.21119106966, 40.30226581951, 4.12500003222, 0.00000000000, -0.00000000048, -0.00000000087
491, 50.00000000000, 209.65906840184, 133.90853635948, 4.12500003222, 0.00000000000, 0.00000000850, 0.00000000915
492, 50.00000000000, 207.92534484756, 113.02935097620, 4.12500003222, 0.00000000000, -0.00000000249, 0.00000001769
493, 50.00000000000, 267.53073427354, 70.98807584860, 4.12500003222, 0.00000000000, 0.00000000326, -0.00000002576
494, 50.00000000000, 281.35405511431, 12.28243361379, 4.12500003222, 0.00000000000, 0.00000000188, -0.00000000733
495, 50.00000000000, 299.32412644679, 45.59085603215, 4.12500003222, 0.00000000000, 0.00000000677, 0.00000000792
496, 50.00000000000, 314.09706457421, 27.52951748215, 4.12500003222, 0.00000000000, 0.00000000516, 0.00000007343
497, 50.00000000000, 351.00697886903, 71.89577156362, 4.12500003222, 0.00000000000, 0.00000000172, -0.00000002243
498, 50.00000000000, 364.02270570905, 53.63499497403, 4.12500003222, 0.00000000000, 0.00000000552, 0.00000001277
499, 50.00000000000, 373.50250866222, 76.54739211894, 4.12500003222, 0.00000000000, 0.00000000319, -0.00000001491
500, 50.00000000000, 389.73305584756, 33.30385228756, 4.12500003222, 0.00000000000, 0.00000000159, 0.00000003944
501, 50.00000000000, 410.22200954692, 104.64887054380, 4.12500003222, 0.00000000000, 0.00000000120, 0.00000000612
502, 50.00000000000, 414.44262029816, 55.85596960866, 4.12500003222, 0.00000000000, 0.00000000292, 0.00000004712
503, 50.00000000000, 438.35488250691, 73.88434455006, 4.12500003222, 0.00000000000, -0.00000000261, 0.00000002837
504, 50.00000000000, 421.88715905444, -30000000.00000000000, 0.00000000000, 0.00000000000, 0.00000027989, 0.66000001198
505, 50.00000000000, 450.56333681362, 210.36192547169, 4.12500003222, 0.00000000000, -0.00000000175, 0.00000000129
506, 50.00000000000, 470.74779648725, 207.39305828893, 4.12500003222, 0.00000000000, 0.00000000629, -0.00000001586
507, 50.00000000000, 495.55891009623, 58.23068296090, 4.12500003222, 0.00000000000, -0.00000000660, 0.00000001191
508, 50.00000000000, 507.86067847023, 97.38525324588, 4.12500003222, 0.00000000000, 0.00000000259, 0.00000000790
509, 50.00000000000, 490.31969898106, 202.56260518386, 4.12500003222, 0.00000000000, 0.00000000012, 0.00000000724
510, 50.00000000000, 529.65376166794, -30000000.00000000000, 0.00000000000, 0.00000000000, 0.00000028521, 0.66000001198
511, 50.00000000000, 556.96188502807, 155.35641485977, 4.12500003222, 0.00000000000, -0.00000000857, -0.00000005467
512, 50.00000000000, 579.91214625927, 165.91311013797, 4.12500003222, 0.00000000000, 0.00000000317, -0.00000002144
513, 50.00000000000, 600.14177080201, 126.55792015032, 4.12500003222, 0.00000000000, 0.00000000698, 0.00000001786
514, 50.00000000000, 612.68027194698, 118.59764821966, 4.12500003222, 0.00000000000, 0.00000000037, 0.00000003236
515, 50.00000000000, 623.16877355132, 138.23333923968, 4.12500003222, 0.00000000000, -0.00000000283, -0.00000003391
516, 50.00000000000, 633.52634916971, -30000000.00000000000, 0.00000000000, 0.00000000000, 0.00000124373, 0.66000001198
517, 50.00000000000, 646.87688853702, 71.78637438042, 4.12500003222, 0.00000000000, -0.00000000712, 0.00000000995
518, 50.00000000000, 662.43641629017, 176.11950679863, 4.12500003222, 0.00000000000, -0.00000000019, -0.00000000028
519, 50.00000000000, 679.66111542867, 79.95586985852, 4.12500003222, 0.00000000000, 0.00000000981, 0.00000000146
520, 50.00000000000, 701.66737116100, -30000000.00000000000, 0.00000000000, 0.00000000000, -0.00000054288, 0.66000001198
521, 50.00000000000, 736.40801715252, 94.63376826006, 4.12500003222, 0.00000000000, 0.00000000098, -0.00000002864
522, 50.00000000000, 748.31848070717, 62.70341739234, 4.12500003222, 0.00000000000, 0.00000000742, 0.00000000626
523, 50.00000000000, 747.66260697377, -30000000.00000000000, 0.00000000000, 0.00000000000, -0.00000066804, 0.66000001198
524, 50.00000000000, 776.71049032930, 228.96282017951, 4.12500003222, 0.00000000000, 0.00000000014, 0.00000000107
525, 50.00000000000, 780.60005647343, -30000000.00000000000, 0.00000000000, 0.00000000000, -0.00000020647, 0.66000001198
526, 50.00000000000, 786.12427447030, 115.81573928410, 4.12500003222, 0.00000000000, 0.00000000137, 0.00000001124
527, 50.00000000000, 818.22547347467, 87.81014868636, 4.12500003222, 0.00000000000, 0.00000000287, 0.00000002010
528, 50.00000000000, 817.22144854461, 141.81624884573, 4.12500003222, 0.00000000000, -0.00000000073, 0.00000000857
529, 50.00000000000, 838.23288859457, 141.70665161039, 4.12500003222, 0.00000000000, 0.00000000368, 0.00000003225
530, 50.00000000000, 858.01617393712, 148.79827289704, 4.12500003222, 0.00000000000, 0.00000000010, 0.00000000260
531, 50.00000000000, 879.07128421909, 102.61498308485, 4.12500003222, 0.00000000000, -0.00000000701, 0.00000000933
532, 50.00000000000, 913.89300562644, -30000000.00000000000, 0.00000000000, 0.00000000000, -0.00000106621, 0.66000001198
533, 50.00000000000, 925.89233031675, 66.81232197661, 4.12500003222, 0.00000000000, 0.00000000320, -0.00000000503
534, 50.00000000000, 918.53746382463, 195.32273832418, 4.12500003222, 0.00000000000, -0.00000000089, -0.00000000046
535, 50.00000000000, 950.91438988004, 93.27768889327, 4.12500003222, 0.00000000000, -0.00000000267, -0.00000000329
536, 50.00000000000, 969.98210258917, 97.09865034211, 4.12500003222, 0.00000000000, 0.00000000219, -0.00000002192
537, 50.00000000000, 960.15231920105, 24.51518819706, 4.12500003222, 0.00000000000, -0.00000000196, -0.00000000382
538, 50.00000000000, 994.21559362709, 63.08605613886, 4.12500003222, 0.00000000000, 0.00000000232, 0.00000001223
539, 50.00000000000, 1010.48771072264, 56.31861235952, 4.12500003222, 0.00000000000, 0.00000000318, -0.00000001711
540, 50.00000000000, 1026.66874031495, 48.95293064448, 4.12500003222, 0.00000000000, -0.00000000069, -0.00000001064
541, 50.00000000000, 1048.97250178853, 54.65836089840, 4.12500003222, 0.00000000000, -0.00000001245, -0.00000000656
542, 50.00000000000, 1058.41957756269, 33.00469702518, 4.12500003222, 0.00000000000, -0.00000000207, 0.00000000534
543, 50.00000000000, 1098.15561847898, 205.84259993063, 4.12500003222, 0.00000000000, 0.00000000000, 0.00000000000
544, 50.00000000000, 1096.81319643128, 62.22432687323, 4.12500003222, 0.00000000000, 0.00000000085, -0.00000000021
545, 50.00000000000, 1138.31205818849, 185.44189768195, 4.12500003222, 0.00000000000, -0.00000000006, -0.00000000036
546, 50.00000000000, 1141.86787094562, 205.55270663926, 4.12500003222, 0.00000000000, 0.00000000006, 0.00000000036
547, 50.00000000000, 1132.47872072448, 24.84229493133, 4.12500003222, 0.00000000000, 0.00000000298, 0.00000000468
548, 50.00000000000, 1141.88706287325, 101.34068161299, 4.12500003222, 0.00000000000, 0.00000000335, -0.00000001119
549, 50.00000000000, 1174.01233063278, 47.79594922355, 4.12500003222, 0.00000000000, -0.00000000404, -0.00000003367
550, 50.00000000000, 1193.64260459510, 51.71180903170, 4.12500003222, 0.00000000000, 0.00000002136, -0.00000002169
551, 50.00000000000, 1175.33520345308, 110.74048028651, 4.12500003222, 0.00000000000, 0.00000000254, -0.00000000888
552, 50.00000000000, 1208.21407915635, 70.18672207849, 4.12500003222, 0.00000000000, 0.00000001549, -0.00000000688
553, 50.00000000000, 1218.71358865587, 91.91446984180, 4.12500003222, 0.00000000000, -0.00000000338, -0.00000003918
554, 50.00000000000, 1223.69165589036, 107.09985637994, 4.12500003222, 0.00000000000, 0.00000000456, 0.00000002977
555, 50.00000000000, 1239.36787612262, 102.58092341761, 4.12500003222, 0.00000000000, 0.00000000519, 0.00000002144
556, 50.00000000000, 1252.84337623282, 116.30240173124, 4.12500003222, 0.00000000000, -0.00000000107, -0.00000000850
557, 50.00000000000, 1263.01504220211, 152.29353092071, 4.12500003222, 0.00000000000, -0.00000000015, -0.00000000097
558, 50.00000000000, 1278.12423707332, 98.59040965080, 4.12500003222, 0.00000000000, 0.00000001393, -0.00000000211
559, 50.00000000000, 1290.06843541360, 52.81008496966, 4.12500003222, 0.00000000000, -0.00000000087, 0.00000000236
560, 50.00000000000, 72.58033134210, 78.92274263544, 4.12500003222, 0.00000000000, -0.00000000126, -0.00000000829
561, 50.00000000000, 27.40234885013, 298.27141218020, 4.12500003222, 0.00000000000, 0.00000000000, 0.00000000000
562, 50.00000000000, 96.91275497121, 78.12298769096, 4.12500003222, 0.00000000000, 0.00000000267, -0.00000000675
563, 50.00000000000, 122.66083292299, 100.50580805673, 4.12500003222, 0.00000000000, 0.00000000449, 0.00000002731
564, 50.00000000000, 91.82522410424, 113.16553834502, 4.12500003222, 0.00000000000, -0.00000000170, 0.00000002402
565, 50.00000000000, 140.10909597933, 31.95043883188, 4.12500003222, 0.00000000000, 0.00000000704, -0.00000003510
566, 50.00000000000, 148.48773714562, 56.44193195150, 4.12500003222, 0.00000000000, -0.00000000561, 0.00000004189
567, 50.00000000000, 128.18675408849, 134.49997946273, 4.12500003222, 0.00000000000, -0.00000000152, 0.00000001141
568, 50.00000000000, 156.88154137283, 111.80571774787, 4.12500003222, 0.00000000000, 0.00000000022, -0.00000000346
569, 50.00000000000, 175.88403465762, 109.23432979429, 4.12500003222, 0.00000000000, 0.00000000484, -0.00000001802
570, 50.00000000000, 171.41175339936, 126.95578254845, 4.12500003222, 0.00000000000, 0.00000000386, -0.00000000621
571, 50.00000000000, 210.68334131730, 154.13698257329, 4.12500003222, 0.00000000000, -0.00000000213, 0.00000000437
572, 50.00000000000, 261.99490683942, 39.41569506719, 4.12500003222, 0.00000000000, -0.00000000423, 0.00000000666
573, 50.00000000000, 226.53426191166, 123.18210110560, 4.12500003222, 0.00000000000, 0.00000000410, -0.00000000829
574, 50.00000000000, 288.16123416227, 60.84391414440, 4.12500003222, 0.00000000000, -0.00000001072, -0.00000000564
575, 50.00000000000, 300.39350706849, 25.26993823513, 4.12500003222, 0.00000000000, 0.00000000177, 0.00000001288
576, 50.00000000000, 283.44184513183, 145.21733050712, 4.12500003222, 0.00000000000, -0.00000000465, 0.00000001454
577, 50.00000000000, 340.03931512903, 81.26835303138, 4.12500003222, 0.00000000000, -0.00000000935, -0.00000000263
578, 50.00000000000, 320.24312966861, 205.54138490891, 4.12500003222, 0.00000000000, 0.00000000000, 0.00000000000
579, 50.00000000000, 381.00237025582, 118.88270036009, 4.12500003222, 0.00000000000, -0.00000000570, -0.00000001119
580, 50.00000000000, 394.94368684760, 69.20819302510, 4.12500003222, 0.00000000000, 0.00000000215, -0.00000000045
581, 50.00000000000, 399.61296573612, 125.26141314066, 4.12500003222, 0.00000000000, 0.00000000372, 0.00000002302
582, 50.00000000000, 390.77758831900, 172.64299805363, 4.12500003222, 0.00000000000, 0.00000000000, 0.00000000000
583, 50.00000000000, 425.22883925777, 74.31578077102, 4.12500003222, 0.00000000000, 0.00000000276, 0.00000001294
584, 50.00000000000, 444.38053463356, 105.48735927225, 4.12500003222, 0.00000000000, 0.00000001094, -0.00000000077
585, 50.00000000000, 442.52616531724, -30000000.00000000000, 0.00000000000, 0.00000000000, -0.00000187657, 0.66000001198
586, 50.00000000000, 468.78310692481, 104.44806235358, 4.12500003222, 0.00000000000, 0.00000000237, 0.00000000683
587, 50.00000000000, 484.59225477777, 222.94220461167, 4.12500003222, 0.00000000000, 0.00000000001, -0.00000000752
588, 50.00000000000, 511.60706699060, 72.91243013463, 4.12500003222, 0.00000000000, -0.00000001067, -0.00000000054
589, 50.00000000000, 527.90828464839, 69.88436790235, 4.12500003222, 0.00000000000, 0.00000001637, -0.00000001270
590, 50.00000000000, 543.05033371302, 79.74004973541, 4.12500003222, 0.00000000000, -0.00000000054, -0.00000000574
591, 50.00000000000, 563.77176176522, 172.64126526508, 4.12500003222, 0.00000000000, 0.00000000101, 0.00000003627
592, 50.00000000000, 584.34531977087, 134.67315075447, 4.12500003222, 0.00000000000, 0.00000000383, 0.00000000792
593, 50.00000000000, 605.96725150936, 83.60292145650, 4.12500003222, 0.00000000000, -0.00000001423, 0.00000002580
594, 50.00000000000, 613.08664233313, 155.67876937412, 4.12500003222, 0.00000000000, 0.00000000360, 0.00000000812
595, 50.00000000000, 634.96620367452, 118.53609637190, 4.12500003222, 0.00000000000, -0.00000000551, 0.00000000879
596, 50.00000000000, 637.92764964278, 95.20013385829, 4.12500003222, 0.00000000000, 0.00000000402, -0.00000004239
597, 50.00000000000, 632.85043648266, 157.36738216978, 4.12500003222, 0.00000000000, 0.00000000159, -0.00000000960
598, 50.00000000000, 667.19049989530, -30000000.00000000000, 0.00000000000, 0.00000000000, -0.00000021048, 0.66000001198
599, 50.00000000000, 653.02212474770, 157.55706219292, 4.12500003222, 0.00000000000, -0.00000000288, 0.00000001138
600, 50.00000000000, 703.58707089712, -30000000.00000000000, 0.00000000000, 0.00000000000, -0.00000033473, 0.66000001198
601, 50.00000000000, 725.86837540388, 136.45703319839, 4.12500003222, 0.00000000000, -0.00000000484, -0.00000001973
602, 50.00000000000, 738.77391099136, 54.87269633741, 4.12500003222, 0.00000000000, -0.00000000671, -0.00000003828
603, 50.00000000000, 762.33613964542, -30000000.00000000000, 0.00000000000, 0.00000000000, 0.00000045388, 0.66000001198
604, 50.00000000000, 768.02113054418, 64.39377485400, 4.12500003222, 0.00000000000, 0.00000000303, 0.00000001495
605, 50.00000000000, 786.83763009886, 97.22093418242, 4.12500003222, 0.00000000000, -0.00000000283, -0.00000000825
606, 50.00000000000, 791.95696976780, 215.89888517191, 4.12500003222, 0.00000000000, -0.00000000242, -0.00000001393
607, 50.00000000000, 806.04207090907, 124.94953297708, 4.12500003222, 0.00000000000, 0.00000000187, -0.00000002906
608, 50.00000000000, 841.09246948998, 119.16488467719, 4.12500003222, 0.00000000000, -0.00000000784, -0.00000000137
609, 50.00000000000, 852.58627190824, 128.63995679746, 4.12500003222, 0.00000000000, 0.00000000725, -0.00000001476
610, 50.00000000000, 861.27295456871, 169.48820105328, 4.12500003222, 0.00000000000, -0.00000000220, 0.00000000203
611, 50.00000000000, 877.24706580661, 157.45842647214, 4.12500003222, 0.00000000000, 0.00000000124, -0.00000000740
612, 50.00000000000, 880.79600104548, 177.84003933036, 4.12500003222, 0.00000000000, -0.00000000224, -0.00000000482
613, 50.00000000000, 912.51809330516, 78.88769835578, 4.12500003222, 0.00000000000, -0.00000000819, 0.00000002870
614, 50.00000000000, 901.30984151970, 206.86999740080, 4.12500003222, 0.00000000000, 0.00000000106, -0.00000000147
615, 50.00000000000, 959.21061302253, 110.01329777500, 4.12500003222, 0.00000000000, 0.00000000155, -0.00000000250
616, 50.00000000000, 971.31902918722, 63.63565702157, 4.12500003222, 0.00000000000, -0.00000000129, 0.00000000645
617, 50.00000000000, 981.42970452420, 130.69424143414, 4.12500003222, 0.00000000000, 0.00000000571, -0.00000001291
618, 50.00000000000, 995.08825444098, 117.11972350509, 4.12500003222, 0.00000000000, -0.00000000590, 0.00000002333
619, 50.00000000000, 1017.35988587102, 70.17899290172, 4.12500003222, 0.00000000000, -0.00000000107, -0.00000001128
620, 50.00000000000, 1031.04245149529, 87.43823054256, 4.12500003222, 0.00000000000, 0.00000000421, -0.00000000664
621, 50.00000000000, 1035.69377808456, 32.99009933649, 4.12500003222, 0.00000000000, 0.00000000428, -0.00000002886
622, 50.00000000000, 1049.01471039431, 141.38219639480, 4.12500003222, 0.00000000000, -0.00000000131, 0.00000000095
623, 50.00000000000, 1056.15946716010, 122.18645347211, 4.12500003222, 0.00000000000, -0.00000000361, -0.00000000789
624, 50.00000000000, 1092.79175919423, 43.97356921402, 4.12500003222, 0.00000000000, -0.00000001055, 0.00000001255
625, 50.00000000000, 1093.11924323954, 78.09822476830, 4.12500003222, 0.00000000000, -0.00000000966, 0.00000000641
626, 50.00000000000, 1124.51752988248, 92.71334144069, 4.12500003222, 0.00000000000, -0.00000000694, -0.00000002290
627, 50.00000000000, 1132.46631318450, 80.95819865282, 4.12500003222, 0.00000000000, -0.00000001145, -0.00000004231
628, 50.00000000000, 1156.42212284075, 60.74525335172, 4.12500003222, 0.00000000000, -0.00000000531, -0.00000005967
629, 50.00000000000, 1167.38887335667, 68.46828415047, 4.12500003222, 0.00000000000, 0.00000001660, -0.00000000872
630, 50.00000000000, 1192.64527525417, 43.92459889151, 4.12500003222, 0.00000000000, 0.00000001490, 0.00000002422
631, 50.00000000000, 1188.87353329782, 142.15448891733, 4.12500003222, 0.00000000000, 0.00000000111, 0.00000000105
632, 50.00000000000, 1200.50182264164, 84.39374524084, 4.12500003222, 0.00000000000, 0.00000001998, 0.00000004888
633, 50.00000000000, 1206.03903274910, 110.04281121347, 4.12500003222, 0.00000000000, -0.00000000735, 0.00000000505
634, 50.00000000000, 1243.17463718339, 157.12962400529, 4.12500003222, 0.00000000000, -0.00000000070, 0.00000000044
635, 50.00000000000, 1234.19799376607, 123.19189374076, 4.12500003222, 0.00000000000, -0.00000000027, 0.00000000151
636, 50.00000000000, 1255.71238485969, 73.72339659892, 4.12500003222, 0.00000000000, -0.00000000266, -0.00000001568
637, 50.00000000000, 1248.38991054071, 137.14006939751, 4.12500003222, 0.00000000000, 0.00000000067, 0.00000000154
638, 50.00000000000, 1290.56443462803, 20.45463960434, 4.12500003222, 0.00000000000, -0.00000000159, 0.00000004302
639, 50.00000000000, 1305.60049367758, 34.87781406297, 4.12500003222, 0.00000000000, -0.00000000605, -0.00000006268
