0, 50.00000000000, 63.38865559683, 65.76911283093, 4.12500003222, 0.00000000000, 0.00000000119, 0.00000001507
1, 50.00000000000, 31.17842742412, 209.85957496484, 4.12500003222, 0.00000000000, 0.00000000000, 0.00000000000
2, 50.00000000000, 104.55982766131, 9.25020255963, 4.12500003222, 0.00000000000, 0.00000000237, 0.00000002879
3, 50.00000000000, 121.02964686913, 62.58298406123, 4.12500003222, 0.00000000000, -0.00000000054, 0.00000001584
4, 50.00000000000, 133.85891935161, 29.38829906124, 4.12500003222, 0.00000000000, 0.00000000124, -0.00000000662
5, 50.00000000000, 147.96066434658, 43.28036221544, 4.12500003222, 0.00000000000, -0.00000000454, 0.00000000536
6, 50.00000000000, 165.69540449569, 26.09176289593, 4.12500003222, 0.00000000000, -0.00000000006, 0.00000002781
7, 50.00000000000, 169.75239206138, 13.90898620698, 4.12500003222, 0.00000000000, 0.00000000724, -0.00000002343
8, 50.00000000000, 193.99791567922, 8.87322965579, 4.12500003222, 0.00000000000, -0.00000000058, 0.00000000511
9, 50.00000000000, 197.26683025997, 50.84388352120, 4.12500003222, 0.00000000000, 0.00000001117, -0.00000002149
10, 50.00000000000, 214.71437629314, 5.05737564156, 4.12500003222, 0.00000000000, -0.00000000649, 0.00000000044
11, 50.00000000000, 251.33028336819, 21.78220979533, 4.12500003222, 0.00000000000, 0.00000000594, 0.00000003004
12, 50.00000000000, 249.30414148881, 9.06322678895, 4.12500003222, 0.00000000000, 0.00000000269, -0.00000001012
13, 50.00000000000, 285.40666886255, 24.63767328195, 4.12500003222, 0.00000000000, 0.00000000495, 0.00000002615
14, 50.00000000000, 296.52929794165, 29.28321875424, 4.12500003222, 0.00000000000, 0.00000000961, -0.00000000578
15, 50.00000000000, 315.28416029116, 38.49279131638, 4.12500003222, 0.00000000000, 0.00000000261, 0.00000001870
16, 50.00000000000, 317.67397971461, 4.16796167694, 4.12500003222, 0.00000000000, -0.00000000262, -0.00000000588
17, 50.00000000000, 335.78236347255, 42.28007005675, 4.12500003222, 0.00000000000, -0.00000000860, -0.00000000194
18, 50.00000000000, 320.77220573898, -30000000.00000000000, 0.00000000000, 0.00000000000, 0.00000086896, 0.66000001198
19, 50.00000000000, 390.34258016526, 82.98991488812, 4.12500003222, 0.00000000000, -0.00000001213, 0.00000001466
20, 50.00000000000, 354.78505746845, -30000000.00000000000, 0.00000000000, 0.00000000000, -0.00000024838, 0.66000001198
21, 50.00000000000, 410.20229278104, 31.84441547595, 4.12500003222, 0.00000000000, 0.00000000284, -0.00000000459
22, 50.00000000000, 428.10252576061, 113.17738604286, 4.12500003222, 0.00000000000, 0.00000000407, -0.00000001590
23, 50.00000000000, 432.54531270167, 53.52679250332, 4.12500003222, 0.00000000000, -0.00000000265, -0.00000000122
24, 50.00000000000, 432.27415748936, -30000000.00000000000, 0.00000000000, 0.00000000000, -0.00000154884, 0.66000001198
25, 50.00000000000, 455.11026202553, 63.55353652415, 4.12500003222, 0.00000000000, 0.00000000717, -0.00000003237
26, 50.00000000000, 482.28685819106, 46.86741170639, 4.12500003222, 0.00000000000, -0.00000000280, -0.00000000165
27, 50.00000000000, 498.20219036293, 43.93607362338, 4.12500003222, 0.00000000000, -0.00000000514, -0.00000001099
28, 50.00000000000, 490.80233750401, -30000000.00000000000, 0.00000000000, 0.00000000000, 0.00000049650, 0.66000001198
29, 50.00000000000, 545.00227103124, 134.49000268992, 4.12500003222, 0.00000000000, 0.00000000524, 0.00000001031
30, 50.00000000000, 552.92691629720, 59.12016328154, 4.12500003222, 0.00000000000, 0.00000000499, -0.00000000318
31, 50.00000000000, 543.19691392511, -30000000.00000000000, 0.00000000000, 0.00000000000, -0.00000031239, 0.66000001198
32, 50.00000000000, 553.51083804229, -30000000.00000000000, 0.00000000000, 0.00000000000, -0.00000083369, 0.66000001198
33, 50.00000000000, 579.37083240396, -30000000.00000000000, 0.00000000000, 0.00000000000, -0.00000082370, 0.66000001198
34, 50.00000000000, 608.25883272455, 67.46964818237, 4.12500003222, 0.00000000000, -0.00000000473, -0.00000001886
35, 50.00000000000, 631.12674468894, 105.11009135922, 4.12500003222, 0.00000000000, 0.00000001000, 0.00000003932
36, 50.00000000000, 634.34508717800, -30000000.00000000000, 0.00000000000, 0.00000000000, 0.00000103929, 0.66000001198
37, 50.00000000000, 652.04110327195, -30000000.00000000000, 0.00000000000, 0.00000000000, 0.00000034749, 0.66000001198
38, 50.00000000000, 665.81883992390, -30000000.00000000000, 0.00000000000, 0.00000000000, -0.00000046471, 0.66000001198
39, 50.00000000000, 689.62023614904, -30000000.00000000000, 0.00000000000, 0.00000000000, -0.00000146193, 0.66000001198
40, 50.00000000000, 700.00972289972, -30000000.00000000000, 0.00000000000, 0.00000000000, -0.00000081334, 0.66000001198
41, 50.00000000000, 719.85141430925, -30000000.00000000000, 0.00000000000, 0.00000000000, -0.00000036030, 0.66000001198
42, 50.00000000000, 734.20019455886, 68.10032263263, 4.12500003222, 0.00000000000, 0.00000000260, -0.00000001277
43, 50.00000000000, 751.36576901972, 96.01424271233, 4.12500003222, 0.00000000000, 0.00000000396, -0.00000001878
44, 50.00000000000, 768.99936686921, 95.62097996128, 4.12500003222, 0.00000000000, -0.00000000392, -0.00000000038
45, 50.00000000000, 785.39871402538, -30000000.00000000000, 0.00000000000, 0.00000000000, 0.00000067281, 0.66000001198
46, 50.00000000000, 802.72063867561, -30000000.00000000000, 0.00000000000, 0.00000000000, -0.00000020174, 0.66000001198
47, 50.00000000000, 821.86992796889, -30000000.00000000000, 0.00000000000, 0.00000000000, -0.00000056600, 0.66000001198
48, 50.00000000000, 835.05849387833, -30000000.00000000000, 0.00000000000, 0.00000000000, -0.00000162012, 0.66000001198
49, 50.00000000000, 840.32474342079, 78.15956609151, 4.12500003222, 0.00000000000, -0.00000000612, 0.00000000560
50, 50.00000000000, 877.38136137834, -30000000.00000000000, 0.00000000000, 0.00000000000, 0.00000194555, 0.66000001198
51, 50.00000000000, 893.77444871763, -30000000.00000000000, 0.00000000000, 0.00000000000, 0.00000027232, 0.66000001198
52, 50.00000000000, 861.39928512524, 182.00234844534, 4.12500003222, 0.00000000000, 0.00000000646, 0.00000000235
53, 50.00000000000, 929.93711020118, -30000000.00000000000, 0.00000000000, 0.00000000000, -0.00000148395, 0.66000001198
54, 50.00000000000, 942.00735429253, -30000000.00000000000, 0.00000000000, 0.00000000000, -0.00000026674, 0.66000001198
55, 50.00000000000, 956.53609056131, -30000000.00000000000, 0.00000000000, 0.00000000000, 0.00000118068, 0.66000001198
56, 50.00000000000, 977.98592740005, -30000000.00000000000, 0.00000000000, 0.00000000000, -0.00000065949, 0.66000001198
57, 50.00000000000, 974.86031089278, 29.02294448393, 4.12500003222, 0.00000000000, 0.00000000601, -0.00000000758
58, 50.00000000000, 1013.21777405636, -30000000.00000000000, 0.00000000000, 0.00000000000, 0.00000144585, 0.66000001198
59, 50.00000000000, 1013.82314466218, 31.70374517688, 4.12500003222, 0.00000000000, -0.00000000089, 0.00000000785
60, 50.00000000000, 1023.33892131186, 86.95678787621, 4.12500003222, 0.00000000000, 0.00000000507, -0.00000000909
61, 50.00000000000, 1061.90329918524, -30000000.00000000000, 0.00000000000, 0.00000000000, 0.00000017793, 0.66000001198
62, 50.00000000000, 1072.90617315572, -30000000.00000000000, 0.00000000000, 0.00000000000, 0.00000042735, 0.66000001198
63, 50.00000000000, 1098.92175167336, 96.13813313171, 4.12500003222, 0.00000000000, -0.00000000029, 0.00000001464
64, 50.00000000000, 1082.55296044592, 1.31486211148, 4.12500003222, 0.00000000000, -0.00000000018, 0.00000002177
65, 50.00000000000, 1109.09856213963, 73.96611468930, 4.12500003222, 0.00000000000, -0.00000000644, 0.00000001698
66, 50.00000000000, 1102.64536566842, 29.84939651490, 4.12500003222, 0.00000000000, 0.00000000953, -0.00000002943
67, 50.00000000000, 1140.86191303246, 66.40921142757, 4.12500003222, 0.00000000000, -0.00000001231, -0.00000003296
68, 50.00000000000, 1156.48608621679, 39.20262467144, 4.12500003222, 0.00000000000, 0.00000000867, -0.00000002776
69, 50.00000000000, 1163.33169592548, 5.55115755694, 4.12500003222, 0.00000000000, -0.00000000175, -0.00000003309
70, 50.00000000000, 1177.93939741532, 27.09793811516, 4.12500003222, 0.00000000000, 0.00000000374, 0.00000005242
71, 50.00000000000, 1192.97807421078, 26.27145929479, 4.12500003222, 0.00000000000, -0.00000000459, 0.00000001331
72, 50.00000000000, 1223.09210470115, 43.93257771548, 4.12500003222, 0.00000000000, 0.00000000466, 0.00000004987
73, 50.00000000000, 1186.63374712459, 101.01204149129, 4.12500003222, 0.00000000000, -0.00000000618, -0.00000001289
74, 50.00000000000, 1243.88313664564, 11.48975813275, 4.12500003222, 0.00000000000, -0.00000001135, -0.00000001720
75, 50.00000000000, 1254.94992256424, 5.87063679377, 4.12500003222, 0.00000000000, 0.00000000135, -0.00000001770
76, 50.00000000000, 1262.99324917557, 25.58073421965, 4.12500003222, 0.00000000000, 0.00000000911, 0.00000000455
77, 50.00000000000, 1268.12299033699, 37.07067249586, 4.12500003222, 0.00000000000, -0.00000001566, 0.00000000564
78, 50.00000000000, 1298.87624375122, 12.13750129765, 4.12500003222, 0.00000000000, -0.00000000153, 0.00000000552
79, 50.00000000000, 1279.87330296734, 84.56588293991, 4.12500003222, 0.00000000000, 0.00000001565, 0.00000002288
80, 50.00000000000, 69.38546684521, 11.83730561020, 4.12500003222, 0.00000000000, 0.00000000379, 0.00000000047
81, 50.00000000000, 90.74936610033, 25.46599392971, 4.12500003222, 0.00000000000, 0.00000000040, -0.00000001305
82, 50.00000000000, 112.47661294173, 22.13976264735, 4.12500003222, 0.00000000000, -0.00000000318, -0.00000003138
83, 50.00000000000, 125.89187429942, 14.03788989674, 4.12500003222, 0.00000000000, -0.00000001110, 0.00000000190
84, 50.00000000000, 125.03058544413, 35.85843711456, 4.12500003222, 0.00000000000, 0.00000001784, -0.00000001750
85, 50.00000000000, 147.32940046926, 10.79644877850, 4.12500003222, 0.00000000000, -0.00000000302, -0.00000000023
86, 50.00000000000, 157.78511790449, 8.56454951705, 4.12500003222, 0.00000000000, 0.00000000181, 0.00000000054
87, 50.00000000000, 181.13123722141, 31.74005628979, 4.12500003222, 0.00000000000, 0.00000000285, -0.00000001157
88, 50.00000000000, 175.96550777567, 54.86151799936, 4.12500003222, 0.00000000000, -0.00000000243, -0.00000002016
89, 50.00000000000, 198.41637336552, 31.40288553773, 4.12500003222, 0.00000000000, -0.00000000520, 0.00000002284
90, 50.00000000000, 233.82436338387, 14.89206878632, 4.12500003222, 0.00000000000, 0.00000000245, 0.00000003406
91, 50.00000000000, 230.72626524585, 26.45506877386, 4.12500003222, 0.00000000000, 0.00000001043, -0.00000001559
92, 50.00000000000, 271.51376359730, 31.67963875249, 4.12500003222, 0.00000000000, -0.00000000427, -0.00000000262
93, 50.00000000000, 266.54785464087, 21.25858180268, 4.12500003222, 0.00000000000, -0.00000000006, 0.00000000583
94, 50.00000000000, 292.23822330305, 45.40583173281, 4.12500003222, 0.00000000000, -0.00000000867, -0.00000001233
95, 50.00000000000, 311.75116507991, 61.18051707012, 4.12500003222, 0.00000000000, 0.00000000118, -0.00000000512
96, 50.00000000000, 334.10994556206, 9.35702289222, 4.12500003222, 0.00000000000, 0.00000000395, 0.00000000779
97, 50.00000000000, 334.20650822855, 65.07725288293, 4.12500003222, 0.00000000000, 0.00000000574, 0.00000000107
98, 50.00000000000, 358.52468846215, 39.64690185920, 4.12500003222, 0.00000000000, 0.00000001034, -0.00000002967
99, 50.00000000000, 381.63314662180, 65.02422207710, 4.12500003222, 0.00000000000, 0.00000000999, -0.00000003002
100, 50.00000000000, 354.50184675772, -30000000.00000000000, 0.00000000000, 0.00000000000, -0.00000022625, 0.66000001198
101, 50.00000000000, 373.64157133848, -30000000.00000000000, 0.00000000000, 0.00000000000, -0.00000009073, 0.66000001198
102, 50.00000000000, 392.21622457898, -30000000.00000000000, 0.00000000000, 0.00000000000, 0.00000085312, 0.66000001198
103, 50.00000000000, 430.06309065940, 88.34228287575, 4.12500003222, 0.00000000000, 0.00000001009, -0.00000002178
104, 50.00000000000, 449.67997853896, 38.55718106392, 4.12500003222, 0.00000000000, 0.00000000150, -0.00000000802
105, 50.00000000000, 464.62287826075, 48.79259107827, 4.12500003222, 0.00000000000, 0.00000000390, 0.00000001111
106, 50.00000000000, 490.90124036779, 101.65995380265, 4.12500003222, 0.00000000000, 0.00000000113, -0.00000000606
107, 50.00000000000, 478.68647748534, -30000000.00000000000, 0.00000000000, 0.00000000000, 0.00000090104, 0.66000001198
108, 50.00000000000, 528.12979240891, 92.47400990750, 4.12500003222, 0.00000000000, -0.00000000432, -0.00000000193
109, 50.00000000000, 534.33898834139, 82.66478894624, 4.12500003222, 0.00000000000, -0.00000000863, 0.00000001043
110, 50.00000000000, 539.05201668111, -30000000.00000000000, 0.00000000000, 0.00000000000, 0.00000041767, 0.66000001198
111, 50.00000000000, 545.77179603882, -30000000.00000000000, 0.00000000000, 0.00000000000, -0.00000076431, 0.66000001198
112, 50.00000000000, 585.39979301321, 95.20723784668, 4.12500003222, 0.00000000000, 0.00000001624, -0.00000002164
113, 50.00000000000, 595.55453789640, 113.14010534168, 4.12500003222, 0.00000000000, 0.00000000602, 0.00000001057
114, 50.00000000000, 620.21297037911, 120.51531344151, 4.12500003222, 0.00000000000, -0.00000000020, -0.00000000102
115, 50.00000000000, 617.08287733555, -30000000.00000000000, 0.00000000000, 0.00000000000, 0.00000207609, 0.66000001198
116, 50.00000000000, 621.15503974163, -30000000.00000000000, 0.00000000000, 0.00000000000, 0.00000135948, 0.66000001198
117, 50.00000000000, 643.59352930570, -30000000.00000000000, 0.00000000000, 0.00000000000, 0.00000028890, 0.66000001198
118, 50.00000000000, 661.93821782888, -30000000.00000000000, 0.00000000000, 0.00000000000, -0.00000066518, 0.66000001198
119, 50.00000000000, 677.80786175520, -30000000.00000000000, 0.00000000000, 0.00000000000, -0.00000008347, 0.66000001198
120, 50.00000000000, 733.74534534437, 112.93592528019, 4.12500003222, 0.00000000000, 0.00000000203, -0.00000000056
121, 50.00000000000, 720.65858144936, 62.52687858758, 4.12500003222, 0.00000000000, 0.00000000068, 0.00000001695
122, 50.00000000000, 739.50171282468, 76.68944808875, 4.12500003222, 0.00000000000, -0.00000000453, -0.00000002016
123, 50.00000000000, 752.22759272297, -30000000.00000000000, 0.00000000000, 0.00000000000, 0.00000049558, 0.66000001198
124, 50.00000000000, 778.24509055335, 41.82888934931, 4.12500003222, 0.00000000000, -0.00000000098, -0.00000001353
125, 50.00000000000, 800.53533454059, 49.32947790831, 4.12500003222, 0.00000000000, -0.00000000274, 0.00000001427
126, 50.00000000000, 796.92100672307, -30000000.00000000000, 0.00000000000, 0.00000000000, 0.00000094659, 0.66000001198
127, 50.00000000000, 822.03916367755, -30000000.00000000000, 0.00000000000, 0.00000000000, -0.00000059331, 0.66000001198
128, 50.00000000000, 849.99157810366, 60.94677378327, 4.12500003222, 0.00000000000, 0.00000000024, -0.00000000042
129, 50.00000000000, 845.62426628454, 96.79905922017, 4.12500003222, 0.00000000000, -0.00000000373, 0.00000002841
130, 50.00000000000, 893.02029947479, 57.98879375285, 4.12500003222, 0.00000000000, -0.00000000252, -0.00000000601
131, 50.00000000000, 881.29162901969, -30000000.00000000000, 0.00000000000, 0.00000000000, 0.00000181700, 0.66000001198
132, 50.00000000000, 901.95507911787, -30000000.00000000000, 0.00000000000, 0.00000000000, -0.00000031456, 0.66000001198
133, 50.00000000000, 897.01447315532, 179.80101160148, 4.12500003222, 0.00000000000, -0.00000000459, -0.00000000073
134, 50.00000000000, 943.77230433003, 49.41000861942, 4.12500003222, 0.00000000000, -0.00000000117, 0.00000001231
135, 50.00000000000, 957.56568787251, 31.50098308327, 4.12500003222, 0.00000000000, 0.00000000199, 0.00000000751
136, 50.00000000000, 972.40402886907, -30000000.00000000000, 0.00000000000, 0.00000000000, -0.00000035837, 0.66000001198
137, 50.00000000000, 992.76188407467, 44.18741650729, 4.12500003222, 0.00000000000, 0.00000001075, 0.00000000511
138, 50.00000000000, 988.97326579511, 77.93100316492, 4.12500003222, 0.00000000000, 0.00000000470, -0.00000005436
139, 50.00000000000, 1031.32907735432, -30000000.00000000000, 0.00000000000, 0.00000000000, -0.00000093901, 0.66000001198
140, 50.00000000000, 1040.42099259026, -30000000.00000000000, 0.00000000000, 0.00000000000, -0.00000085620, 0.66000001198
141, 50.00000000000, 1035.45110097309, 41.99268911286, 4.12500003222, 0.00000000000, 0.00000001011, 0.00000001861
142, 50.00000000000, 1080.47056507641, -30000000.00000000000, 0.00000000000, 0.00000000000, -0.00000023831, 0.66000001198
143, 50.00000000000, 1068.90469120025, 50.81421226145, 4.12500003222, 0.00000000000, -0.00000000265, -0.00000004178
144, 50.00000000000, 1066.25403209402, 12.24599192921, 4.12500003222, 0.00000000000, 0.00000000639, 0.00000001995
145, 50.00000000000, 1090.82096118432, 12.54303198576, 4.12500003222, 0.00000000000, -0.00000000500, 0.00000000654
146, 50.00000000000, 1120.52319007374, 35.75384257610, 4.12500003222, 0.00000000000, -0.00000000487, -0.00000003706
147, 50.00000000000, 1139.90361215840, 28.38447342092, 4.12500003222, 0.00000000000, 0.00000000309, -0.00000004346
148, 50.00000000000, 1149.85135934758, 117.76537605298, 4.12500003222, 0.00000000000, 0.00000000015, -0.00000000103
149, 50.00000000000, 1156.87468460835, 27.04353954783, 4.12500003222, 0.00000000000, -0.00000000002, 0.00000001392
150, 50.00000000000, 1173.35053193434, 35.91583519570, 4.12500003222, 0.00000000000, 0.00000000478, -0.00000002371
151, 50.00000000000, 1198.75617060826, 12.65294297292, 4.12500003222, 0.00000000000, 0.00000000762, 0.00000003018
152, 50.00000000000, 1185.70082458514, 122.44304422195, 4.12500003222, 0.00000000000, 0.00000000238, -0.00000000838
153, 50.00000000000, 1231.77245192903, 12.06697027548, 4.12500003222, 0.00000000000, -0.00000000857, -0.00000000940
154, 50.00000000000, 1248.33165875990, 27.96824589042, 4.12500003222, 0.00000000000, 0.00000000818, 0.00000004116
155, 50.00000000000, 1243.79462135978, 59.36079717580, 4.12500003222, 0.00000000000, -0.00000000277, 0.00000003855
156, 50.00000000000, 1248.66052460488, 97.92107723118, 4.12500003222, 0.00000000000, 0.00000000588, 0.00000003746
157, 50.00000000000, 1262.76261459642, 58.47713388841, 4.12500003222, 0.00000000000, -0.00000000285, 0.00000000187
158, 50.00000000000, 1264.06920270706, 112.78224585509, 4.12500003222, 0.00000000000, -0.00000000116, -0.00000001716
159, 50.00000000000, 1277.61181745234, 61.12157753530, 4.12500003222, 0.00000000000, 0.00000000437, 0.00000001699
160, 50.00000000000, 80.95327889486, 30.71551098662, 4.12500003222, 0.00000000000, -0.00000000437, -0.00000000271
161, 50.00000000000, 86.54834529881, 67.42582620204, 4.12500003222, 0.00000000000, -0.00000000866, 0.00000003007
162, 50.00000000000, 115.49173960867, 5.38598720093, 4.12500003222, 0.00000000000, 0.00000001092, 0.00000001295
163, 50.00000000000, 121.58647645394, 26.71307893921, 4.12500003222, 0.00000000000, -0.00000001531, -0.00000007328
164, 50.00000000000, 128.90104799439, 50.96448510820, 4.12500003222, 0.00000000000, 0.00000000049, 0.00000000398
165, 50.00000000000, 135.45646653783, 44.28051980973, 4.12500003222, 0.00000000000, 0.00000000221, 0.00000004196
166, 50.00000000000, 166.08154246619, 38.86359005578, 4.12500003222, 0.00000000000, -0.00000000077, 0.00000001873
167, 50.00000000000, 179.03340908896, 22.07803139724, 4.12500003222, 0.00000000000, 0.00000000413, 0.00000001883
168, 50.00000000000, 185.09721177197, 64.20550593542, 4.12500003222, 0.00000000000, 0.00000000314, -0.00000000672
169, 50.00000000000, 212.51101788348, 15.32529163563, 4.12500003222, 0.00000000000, -0.00000000434, -0.00000002221
170, 50.00000000000, 231.11493883988, 5.78590524410, 4.12500003222, 0.00000000000, -0.00000000995, -0.00000001963
171, 50.00000000000, 248.27345211020, 33.74677484534, 4.12500003222, 0.00000000000, -0.00000000379, 0.00000000190
172, 50.00000000000, 268.78978446684, 8.21818180361, 4.12500003222, 0.00000000000, 0.00000000282, 0.00000000746
173, 50.00000000000, 280.46355616544, 49.28774241024, 4.12500003222, 0.00000000000, 0.00000000144, -0.00000002423
174, 50.00000000000, 298.97100991458, 7.86843333716, 4.12500003222, 0.00000000000, 0.00000001248, 0.00000003072
175, 50.00000000000, 307.54649492937, 14.16971805022, 4.12500003222, 0.00000000000, -0.00000001022, -0.00000000149
176, 50.00000000000, 327.57484203055, 25.29572732543, 4.12500003222, 0.00000000000, 0.00000000317, 0.00000000355
177, 50.00000000000, 348.15312784686, 48.38884150965, 4.12500003222, 0.00000000000, -0.00000000227, 0.00000001422
178, 50.00000000000, 368.48450369676, 84.69799026095, 4.12500003222, 0.00000000000, 0.00000000217, 0.00000001886
179, 50.00000000000, 377.01570251512, 96.94223545488, 4.12500003222, 0.00000000000, -0.00000000653, -0.00000001202
180, 50.00000000000, 395.92421854967, 100.56786579582, 4.12500003222, 0.00000000000, 0.00000000190, 0.00000000166
181, 50.00000000000, 411.74787261293, 85.82232583292, 4.12500003222, 0.00000000000, 0.00000000243, -0.00000000043
182, 50.00000000000, 431.44102650868, 102.38145322605, 4.12500003222, 0.00000000000, 0.00000000637, -0.00000000339
183, 50.00000000000, 429.78811046714, 34.99351969114, 4.12500003222, 0.00000000000, 0.00000000428, -0.00000002243
184, 50.00000000000, 419.54036532895, -30000000.00000000000, 0.00000000000, 0.00000000000, 0.00000008439, 0.66000001198
185, 50.00000000000, 461.67510139859, 119.77343285016, 4.12500003222, 0.00000000000, 0.00000000084, -0.00000000356
186, 50.00000000000, 481.16870366054, 84.68933012968, 4.12500003222, 0.00000000000, 0.00000000134, 0.00000001864
187, 50.00000000000, 493.68087928677, 79.90164599997, 4.12500003222, 0.00000000000, 0.00000000568, 0.00000000563
188, 50.00000000000, 515.95655054921, 57.87462975163, 4.12500003222, 0.00000000000, -0.00000000117, 0.00000001159
189, 50.00000000000, 535.07304194561, 44.48024540816, 4.12500003222, 0.00000000000, 0.00000000361, -0.00000000481
190, 50.00000000000, 520.58267380689, -30000000.00000000000, 0.00000000000, 0.00000000000, 0.00000135806, 0.66000001198
191, 50.00000000000, 565.26679056454, 78.64629707779, 4.12500003222, 0.00000000000, 0.00000000215, -0.00000004858
192, 50.00000000000, 573.88384126584, 149.09799087712, 4.12500003222, 0.00000000000, 0.00000000260, 0.00000000273
193, 50.00000000000, 581.28540383105, 183.58323056927, 4.12500003222, 0.00000000000, -0.00000000251, -0.00000000846
194, 50.00000000000, 598.71697761069, 170.23145539795, 4.12500003222, 0.00000000000, -0.00000000291, 0.00000001753
195, 50.00000000000, 612.28101428985, -30000000.00000000000, 0.00000000000, 0.00000000000, 0.00000223237, 0.66000001198
196, 50.00000000000, 639.89820585641, -30000000.00000000000, 0.00000000000, 0.00000000000, 0.00000073799, 0.66000001198
197, 50.00000000000, 653.53228575771, -30000000.00000000000, 0.00000000000, 0.00000000000, -0.00000007266, 0.66000001198
198, 50.00000000000, 677.12751667597, 58.86255208472, 4.12500003222, 0.00000000000, 0.00000000347, 0.00000000191
199, 50.00000000000, 673.06020826581, -30000000.00000000000, 0.00000000000, 0.00000000000, 0.00000070719, 0.66000001198
200, 50.00000000000, 714.03325094191, 98.22361803452, 4.12500003222, 0.00000000000, 0.00000000088, 0.00000001331
201, 50.00000000000, 729.76762913998, 99.58058581021, 4.12500003222, 0.00000000000, 0.00000000113, 0.00000000406
202, 50.00000000000, 729.21172556655, 45.28844800994, 4.12500003222, 0.00000000000, 0.00000001093, -0.00000000574
203, 50.00000000000, 756.44150424276, -30000000.00000000000, 0.00000000000, 0.00000000000, -0.00000024601, 0.66000001198
204, 50.00000000000, 765.68247227427, -30000000.00000000000, 0.00000000000, 0.00000000000, -0.00000020833, 0.66000001198
205, 50.00000000000, 796.93841919506, 34.53491901760, 4.12500003222, 0.00000000000, -0.00000000395, -0.00000000573
206, 50.00000000000, 816.39194934527, 30.41673910974, 4.12500003222, 0.00000000000, 0.00000000198, -0.00000000097
207, 50.00000000000, 810.41401507806, 63.00010035898, 4.12500003222, 0.00000000000, -0.00000000711, 0.00000000455
208, 50.00000000000, 829.06990765967, 94.35249452759, 4.12500003222, 0.00000000000, -0.00000000006, -0.00000002881
209, 50.00000000000, 829.86456988094, 62.16885768299, 4.12500003222, 0.00000000000, 0.00000000139, -0.00000000598
210, 50.00000000000, 866.59283745094, -30000000.00000000000, 0.00000000000, 0.00000000000, 0.00000161984, 0.66000001198
211, 50.00000000000, 890.63605409679, -30000000.00000000000, 0.00000000000, 0.00000000000, 0.00000103109, 0.66000001198
212, 50.00000000000, 898.97982323660, 35.85382528996, 4.12500003222, 0.00000000000, -0.00000000198, 0.00000000728
213, 50.00000000000, 915.76837511254, -30000000.00000000000, 0.00000000000, 0.00000000000, -0.00000147500, 0.66000001198
214, 50.00000000000, 936.55782278872, 94.15321233102, 4.12500003222, 0.00000000000, 0.00000000472, 0.00000001834
215, 50.00000000000, 956.49867358070, 42.98050108025, 4.12500003222, 0.00000000000, -0.00000001099, -0.00000000521
216, 50.00000000000, 977.27114430140, 42.30000332678, 4.12500003222, 0.00000000000, -0.00000000397, -0.00000002959
217, 50.00000000000, 984.27381532761, -30000000.00000000000, 0.00000000000, 0.00000000000, -0.00000176700, 0.66000001198
218, 50.00000000000, 1003.32229807529, -30000000.00000000000, 0.00000000000, 0.00000000000, 0.00000034875, 0.66000001198
219, 50.00000000000, 1025.88273151686, -30000000.00000000000, 0.00000000000, 0.00000000000, -0.00000022594, 0.66000001198
220, 50.00000000000, 996.00037661514, 112.00125595786, 4.12500003222, 0.00000000000, -0.00000000214, 0.00000001652
221, 50.00000000000, 1048.03686147219, 38.01709402102, 4.12500003222, 0.00000000000, 0.00000000477, 0.00000003832
222, 50.00000000000, 1060.75729948708, 48.67797918940, 4.12500003222, 0.00000000000, -0.00000000742, -0.00000003979
223, 50.00000000000, 1067.84904405502, 34.60334219902, 4.12500003222, 0.00000000000, -0.00000001182, 0.00000002501
224, 50.00000000000, 1076.29738545858, 14.76905315993, 4.12500003222, 0.00000000000, 0.00000000450, -0.00000002253
225, 50.00000000000, 1109.45815900936, 24.32768754726, 4.12500003222, 0.00000000000, 0.00000000219, -0.00000000857
226, 50.00000000000, 1104.90826053113, 81.43228144103, 4.12500003222, 0.00000000000, 0.00000001199, 0.00000000684
227, 50.00000000000, 1133.08316844901, 48.52569379531, 4.12500003222, 0.00000000000, -0.00000001035, 0.00000006229
228, 50.00000000000, 1142.32716367207, 10.12821981108, 4.12500003222, 0.00000000000, -0.00000000454, -0.00000000636
229, 50.00000000000, 1160.29991037682, 16.45486763125, 4.12500003222, 0.00000000000, -0.00000000778, 0.00000001387
230, 50.00000000000, 1176.63403099867, 14.44296357553, 4.12500003222, 0.00000000000, 0.00000000235, -0.00000000075
231, 50.00000000000, 1195.95289340319, 60.53790242841, 4.12500003222, 0.00000000000, 0.00000001656, 0.00000003577
232, 50.00000000000, 1215.91105156412, 30.24618834098, 4.12500003222, 0.00000000000, -0.00000000311, -0.00000002912
233, 50.00000000000, 1210.17590287094, 53.21999297520, 4.12500003222, 0.00000000000, 0.00000000465, 0.00000002202
234, 50.00000000000, 1219.21340837389, 61.10592190905, 4.12500003222, 0.00000000000, 0.00000000400, 0.00000000827
235, 50.00000000000, 1234.38350493199, 79.73305118218, 4.12500003222, 0.00000000000, -0.00000000086, -0.00000008226
236, 50.00000000000, 1277.86176148145, 6.69206706704, 4.12500003222, 0.00000000000, -0.00000000298, 0.00000000413
237, 50.00000000000, 1259.97474835965, 76.75542034912, 4.12500003222, 0.00000000000, -0.00000000926, -0.00000002253
238, 50.00000000000, 1266.62290381565, 91.02600334449, 4.12500003222, 0.00000000000, 0.00000000735, 0.00000001010
239, 50.00000000000, 1291.53536194832, 90.27939450772, 4.12500003222, 0.00000000000, -0.00000000483, 0.00000000904
240, 50.00000000000, 88.07230497814, 45.33098078605, 4.12500003222, 0.00000000000, 0.00000000745, -0.00000001465
241, 50.00000000000, 82.33809695914, 11.77989673800, 4.12500003222, 0.00000000000, 0.00000000688, 0.00000000207
242, 50.00000000000, 103.11772783146, 26.01866063306, 4.12500003222, 0.00000000000, -0.00000000266, -0.00000006037
243, 50.00000000000, 117.44434571334, 80.95662578879, 4.12500003222, 0.00000000000, -0.00000000490, -0.00000002935
244, 50.00000000000, 133.96583306687, 82.50988222804, 4.12500003222, 0.00000000000, -0.00000000637, -0.00000001540
245, 50.00000000000, 144.92060750515, 65.48710681656, 4.12500003222, 0.00000000000, 0.00000000750, 0.00000000066
246, 50.00000000000, 157.33636660701, 22.26144117120, 4.12500003222, 0.00000000000, -0.00000000414, 0.00000001512
247, 50.00000000000, 139.10533137682, 115.93019951269, 4.12500003222, 0.00000000000, 0.00000000573, -0.00000001677
248, 50.00000000000, 151.89439164421, 78.24101956328, 4.12500003222, 0.00000000000, 0.00000000216, -0.00000002021
249, 50.00000000000, 163.31664387513, 92.83256543051, 4.12500003222, 0.00000000000, 0.00000000729, 0.00000002587
250, 50.00000000000, 214.16541008109, 24.05383300959, 4.12500003222, 0.00000000000, 0.00000000597, 0.00000000584
251, 50.00000000000, 192.57283700838, 109.29761363475, 4.12500003222, 0.00000000000, 0.00000000305, 0.00000003058
252, 50.00000000000, 257.13174585799, 53.13787188951, 4.12500003222, 0.00000000000, 0.00000000167, 0.00000001867
253, 50.00000000000, 283.92946502243, 36.99212422736, 4.12500003222, 0.00000000000, 0.00000000250, 0.00000002468
254, 50.00000000000, 248.20589952616, 132.88264640474, 4.12500003222, 0.00000000000, -0.00000000026, -0.00000001188
255, 50.00000000000, 249.66178089347, 152.81263894940, 4.12500003222, 0.00000000000, -0.00000000343, 0.00000000932
256, 50.00000000000, 287.48959050285, 168.76432611475, 4.12500003222, 0.00000000000, -0.00000000891, -0.00000001152
257, 50.00000000000, 346.51605409110, 59.08509235122, 4.12500003222, 0.00000000000, 0.00000000279, 0.00000002424
258, 50.00000000000, 367.48082567312, 73.10083118955, 4.12500003222, 0.00000000000, -0.00000000685, 0.00000002051
259, 50.00000000000, 375.29996506201, 32.50975757087, 4.12500003222, 0.00000000000, -0.00000000415, 0.00000001354
260, 50.00000000000, 392.33742382478, 46.24934087571, 4.12500003222, 0.00000000000, -0.00000000120, -0.00000000957
261, 50.00000000000, 400.54709919535, 53.84012766576, 4.12500003222, 0.00000000000, 0.00000000205, -0.00000002394
262, 50.00000000000, 388.93887788843, -30000000.00000000000, 0.00000000000, 0.00000000000, 0.00000061209, 0.66000001198
263, 50.00000000000, 447.36341042632, 85.98423731927, 4.12500003222, 0.00000000000, 0.00000000249, 0.00000004859
264, 50.00000000000, 443.05911760943, 52.22175654154, 4.12500003222, 0.00000000000, 0.00000001157, -0.00000001006
265, 50.00000000000, 463.06717708527, 81.46477971681, 4.12500003222, 0.00000000000, -0.00000000249, 0.00000000467
266, 50.00000000000, 480.61946548684, 119.06584027294, 4.12500003222, 0.00000000000, 0.00000000872, 0.00000001538
267, 50.00000000000, 503.38559385928, 88.95829156193, 4.12500003222, 0.00000000000, -0.00000000367, 0.00000001070
268, 50.00000000000, 510.92378669896, 78.53982100922, 4.12500003222, 0.00000000000, 0.00000000677, 0.00000000337
269, 50.00000000000, 535.20332499310, 59.50001313596, 4.12500003222, 0.00000000000, -0.00000001060, 0.00000001238
270, 50.00000000000, 531.84524923006, -30000000.00000000000, 0.00000000000, 0.00000000000, -0.00000014633, 0.66000001198
271, 50.00000000000, 567.33929467787, 100.59400672246, 4.12500003222, 0.00000000000, -0.00000001361, 0.00000003408
272, 50.00000000000, 573.35380275322, 60.69531999883, 4.12500003222, 0.00000000000, -0.00000000791, 0.00000004021
273, 50.00000000000, 605.80120161038, 136.57970292305, 4.12500003222, 0.00000000000, 0.00000000079, 0.00000001918
274, 50.00000000000, 615.41467449500, 104.03947427926, 4.12500003222, 0.00000000000, -0.00000000510, 0.00000003904
275, 50.00000000000, 620.87017358657, 85.39513448786, 4.12500003222, 0.00000000000, 0.00000000082, -0.00000000389
276, 50.00000000000, 629.15038711257, -30000000.00000000000, 0.00000000000, 0.00000000000, 0.00000099221, 0.66000001198
277, 50.00000000000, 665.36725342643, 74.40720149266, 4.12500003222, 0.00000000000, -0.00000000045, 0.00000000107
278, 50.00000000000, 660.57065993030, -30000000.00000000000, 0.00000000000, 0.00000000000, -0.00000089032, 0.66000001198
279, 50.00000000000, 680.35860463735, 41.76936968150, 4.12500003222, 0.00000000000, -0.00000000102, 0.00000001011
280, 50.00000000000, 694.87787975621, -30000000.00000000000, 0.00000000000, 0.00000000000, -0.00000029079, 0.66000001198
281, 50.00000000000, 720.43110789726, 80.92768920818, 4.12500003222, 0.00000000000, -0.00000000092, 0.00000000742
282, 50.00000000000, 745.01697509145, -30000000.00000000000, 0.00000000000, 0.00000000000, -0.00000014535, 0.66000001198
283, 50.00000000000, 766.61051992596, 114.92851353249, 4.12500003222, 0.00000000000, 0.00000000266, -0.00000000748
284, 50.00000000000, 776.39673785095, 76.14000244109, 4.12500003222, 0.00000000000, -0.00000000493, -0.00000002755
285, 50.00000000000, 786.29845201467, -30000000.00000000000, 0.00000000000, 0.00000000000, 0.00000050588, 0.66000001198
286, 50.00000000000, 817.73506007363, 46.68084393950, 4.12500003222, 0.00000000000, 0.00000000277, 0.00000000408
287, 50.00000000000, 836.62981445931, 42.14969238463, 4.12500003222, 0.00000000000, 0.00000000170, -0.00000001327
288, 50.00000000000, 839.46921890601, -30000000.00000000000, 0.00000000000, 0.00000000000, -0.00000101373, 0.66000001198
289, 50.00000000000, 870.01133745950, 59.54797383355, 4.12500003222, 0.00000000000, -0.00000000639, -0.00000001409
290, 50.00000000000, 861.10258607930, 80.01475837647, 4.12500003222, 0.00000000000, 0.00000000572, 0.00000001877
291, 50.00000000000, 879.33864164884, 42.28583103307, 4.12500003222, 0.00000000000, 0.00000000124, -0.00000000986
292, 50.00000000000, 905.22338823391, -30000000.00000000000, 0.00000000000, 0.00000000000, -0.00000110819, 0.66000001198
293, 50.00000000000, 918.61776031406, 85.99940921550, 4.12500003222, 0.00000000000, -0.00000001262, -0.00000000043
294, 50.00000000000, 922.03455443366, 33.67439735304, 4.12500003222, 0.00000000000, 0.00000000345, -0.00000000922
295, 50.00000000000, 942.53673220281, 24.13638039134, 4.12500003222, 0.00000000000, 0.00000000265, 0.00000002524
296, 50.00000000000, 967.63083452839, 75.20801294322, 4.12500003222, 0.00000000000, 0.00000000810, -0.00000001163
297, 50.00000000000, 978.25574218058, 62.91043550318, 4.12500003222, 0.00000000000, 0.00000000283, 0.00000007401
298, 50.00000000000, 998.87759681814, 66.59391816070, 4.12500003222, 0.00000000000, -0.00000000857, -0.00000001326
299, 50.00000000000, 1030.85399897460, -30000000.00000000000, 0.00000000000, 0.00000000000, -0.00000088796, 0.66000001198
300, 50.00000000000, 1027.92296310799, 51.02314099326, 4.12500003222, 0.00000000000, 0.00000000523, -0.00000001619
301, 50.00000000000, 1046.33651378069, 79.38742219069, 4.12500003222, 0.00000000000, -0.00000000402, -0.00000000649
302, 50.00000000000, 1048.83094211440, 61.29193453158, 4.12500003222, 0.00000000000, -0.00000001342, 0.00000001871
303, 50.00000000000, 1095.76986868288, -30000000.00000000000, 0.00000000000, 0.00000000000, -0.00000083959, 0.66000001198
304, 50.00000000000, 1079.80196912944, 56.80497985030, 4.12500003222, 0.00000000000, 0.00000000975, 0.00000001138
305, 50.00000000000, 1108.76706637724, 49.75725518354, 4.12500003222, 0.00000000000, -0.00000000849, 0.00000000686
306, 50.00000000000, 1102.01819960312, 8.13479490331, 4.12500003222, 0.00000000000, -0.00000000830, 0.00000001045
307, 50.00000000000, 1122.10688066469, 69.34787218566, 4.12500003222, 0.00000000000, 0.00000000867, -0.00000002761
308, 50.00000000000, 1151.82961846360, 48.89369893177, 4.12500003222, 0.00000000000, 0.00000000252, 0.00000001168
309, 50.00000000000, 1171.62563975012, 57.46658680422, 4.12500003222, 0.00000000000, 0.00000000182, 0.00000002954
310, 50.00000000000, 1183.08355619758, 6.14109026942, 4.12500003222, 0.00000000000, 0.00000000024, -0.00000001603
311, 50.00000000000, 1180.43709612841, 66.88820048375, 4.12500003222, 0.00000000000, 0.00000000104, 0.00000003674
312, 50.00000000000, 1219.34152937052, 8.25757593965, 4.12500003222, 0.00000000000, -0.00000000144, 0.00000001479
313, 50.00000000000, 1212.17731937389, 22.56764188274, 4.12500003222, 0.00000000000, -0.00000000632, -0.00000003289
314, 50.00000000000, 1211.14294958842, 75.95516357330, 4.12500003222, 0.00000000000, -0.00000001267, -0.00000001849
315, 50.00000000000, 1231.52909434468, 45.65456649820, 4.12500003222, 0.00000000000, 0.00000000583, 0.00000001834
316, 50.00000000000, 1243.54273336777, 82.21511937683, 4.12500003222, 0.00000000000, 0.00000000414, 0.00000000047
317, 50.00000000000, 1262.48810076133, 46.18790109647, 4.12500003222, 0.00000000000, -0.00000001007, -0.00000004953
318, 50.00000000000, 1281.15767850445, 29.33688484430, 4.12500003222, 0.00000000000, -0.00000000097, 0.00000000962
319, 50.00000000000, 1300.57387861068, 53.56985067324, 4.12500003222, 0.00000000000, -0.00000000152, 0.00000002661
320, 50.00000000000, -15.81525601760, 117.43466442121, 4.12500003222, 0.00000000000, -0.00000000000, 0.00000000000
321, 50.00000000000, 92.90281721965, 8.71094387507, 4.12500003222, 0.00000000000, 0.00000000238, 0.00000001843
322, 50.00000000000, 98.53011118848, 57.13189290483, 4.12500003222, 0.00000000000, 0.00000001208, 0.00000000348
323, 50.00000000000, 110.63072871748, 41.06348270873, 4.12500003222, 0.00000000000, -0.00000001714, 0.00000002650
324, 50.00000000000, 73.44495054972, 178.43922228464, 4.12500003222, 0.00000000000, 0.00000000000, 0.00000000000
325, 50.00000000000, 146.16329248384, 25.16914450877, 4.12500003222, 0.00000000000, 0.00000001263, -0.00000007721
326, 50.00000000000, 160.21281117102, 46.35812898458, 4.12500003222, 0.00000000000, 0.00000000631, 0.00000002261
327, 50.00000000000, 180.60919223791, 43.32563741171, 4.12500003222, 0.00000000000, -0.00000000050, -0.00000000316
328, 50.00000000000, 194.45820430556, 16.25146781574, 4.12500003222, 0.00000000000, -0.00000000472, -0.00000002826
329, 50.00000000000, 185.88467563850, 87.46914454558, 4.12500003222, 0.00000000000, -0.00000000051, -0.00000000714
330, 50.00000000000, 194.23514417111, 127.30028043522, 4.12500003222, 0.00000000000, 0.00000000039, -0.00000000342
331, 50.00000000000, 200.22719204770, 94.37916088522, 4.12500003222, 0.00000000000, 0.00000000257, 0.00000000180
332, 50.00000000000, 273.05199052541, 55.89766079374, 4.12500003222, 0.00000000000, -0.00000000140, -0.00000001014
333, 50.00000000000, 285.53024539493, 84.60280910667, 4.12500003222, 0.00000000000, 0.00000000419, -0.00000000155
334, 50.00000000000, 304.54194983700, 79.98290588141, 4.12500003222, 0.00000000000, -0.00000000104, 0.00000001140
335, 50.00000000000, 268.82038175385, 158.87211483640, 4.12500003222, 0.00000000000, 0.00000000281, 0.00000001270
336, 50.00000000000, 325.85307103096, 48.28945450704, 4.12500003222, 0.00000000000, -0.00000000295, -0.00000003634
337, 50.00000000000, 357.72815016437, 90.50883636550, 4.12500003222, 0.00000000000, 0.00000001031, -0.00000003778
338, 50.00000000000, 359.93879449743, 63.29928951683, 4.12500003222, 0.00000000000, -0.00000001600, 0.00000001747
339, 50.00000000000, 340.00595498222, -30000000.00000000000, 0.00000000000, 0.00000000000, -0.00000017105, 0.66000001198
340, 50.00000000000, 379.66854441144, 51.63622739173, 4.12500003222, 0.00000000000, 0.00000001397, -0.00000002376
341, 50.00000000000, 411.35069981546, 45.27105738097, 4.12500003222, 0.00000000000, -0.00000000141, 0.00000003063
342, 50.00000000000, 417.59711856065, 68.68900270884, 4.12500003222, 0.00000000000, 0.00000000050, 0.00000001278
343, 50.00000000000, 411.95594727245, -30000000.00000000000, 0.00000000000, 0.00000000000, 0.00000040949, 0.66000001198
344, 50.00000000000, 421.63645327278, -30000000.00000000000, 0.00000000000, 0.00000000000, 0.00000031613, 0.66000001198
345, 50.00000000000, 465.48453917872, 99.47096122352, 4.12500003222, 0.00000000000, -0.00000000613, -0.00000002025
346, 50.00000000000, 474.85782336537, 68.98256994749, 4.12500003222, 0.00000000000, 0.00000000363, -0.00000002504
347, 50.00000000000, 496.46751834187, 66.64898200303, 4.12500003222, 0.00000000000, 0.00000000401, 0.00000000951
348, 50.00000000000, 516.00798935630, 48.09869424887, 4.12500003222, 0.00000000000, -0.00000000340, -0.00000000364
349, 50.00000000000, 508.76185780467, -30000000.00000000000, 0.00000000000, 0.00000000000, 0.00000080948, 0.66000001198
350, 50.00000000000, 564.54287269214, 132.17147014732, 4.12500003222, 0.00000000000, -0.00000000297, 0.00000000849
351, 50.00000000000, 575.58424030033, 84.49507635722, 4.12500003222, 0.00000000000, 0.00000002088, -0.00000002847
352, 50.00000000000, 577.60292278185, 116.00323860446, 4.12500003222, 0.00000000000, -0.00000000404, 0.00000001204
353, 50.00000000000, 588.39211261730, 73.23429414809, 4.12500003222, 0.00000000000, -0.00000000408, 0.00000003142
354, 50.00000000000, 605.44128017080, 102.63854362059, 4.12500003222, 0.00000000000, 0.00000000236, -0.00000002819
355, 50.00000000000, 622.70782597904, 96.54664465992, 4.12500003222, 0.00000000000, 0.00000000686, -0.00000002087
356, 50.00000000000, 620.09125347737, 173.32536079025, 4.12500003222, 0.00000000000, 0.00000000001, 0.00000000831
357, 50.00000000000, 652.07314511323, 108.04294824059, 4.12500003222, 0.00000000000, -0.00000000129, -0.00000003572
358, 50.00000000000, 640.70782155671, 175.23763226679, 4.12500003222, 0.00000000000, -0.00000000158, -0.00000000045
359, 50.00000000000, 683.79355610753, -30000000.00000000000, 0.00000000000, 0.00000000000, -0.00000056277, 0.66000001198
360, 50.00000000000, 715.37005174895, 117.06284323855, 4.12500003222, 0.00000000000, 0.00000000068, -0.00000001113
361, 50.00000000000, 724.74099592910, 29.55527991426, 4.12500003222, 0.00000000000, -0.00000000736, -0.00000001194
362, 50.00000000000, 749.82220041826, 109.42984269264, 4.12500003222, 0.00000000000, 0.00000000075, 0.00000001022
363, 50.00000000000, 743.57581616511, 32.20534077688, 4.12500003222, 0.00000000000, 0.00000000112, 0.00000002271
364, 50.00000000000, 756.24030646385, 77.02252586769, 4.12500003222, 0.00000000000, 0.00000000152, 0.00000002767
365, 50.00000000000, 793.90626562573, 231.20828379686, 4.12500003222, 0.00000000000, -0.00000000050, -0.00000001113
366, 50.00000000000, 807.98956735489, -30000000.00000000000, 0.00000000000, 0.00000000000, -0.00000008405, 0.66000001198
367, 50.00000000000, 811.47827788867, -30000000.00000000000, 0.00000000000, 0.00000000000, 0.00000036708, 0.66000001198
368, 50.00000000000, 833.69649444093, -30000000.00000000000, 0.00000000000, 0.00000000000, -0.00000141773, 0.66000001198
369, 50.00000000000, 831.23822735572, 116.24754129437, 4.12500003222, 0.00000000000, -0.00000000577, -0.00000001029
370, 50.00000000000, 863.53659046591, 101.89160920903, 4.12500003222, 0.00000000000, -0.00000000820, -0.00000000800
371, 50.00000000000, 890.63339669740, -30000000.00000000000, 0.00000000000, 0.00000000000, 0.00000103162, 0.66000001198
372, 50.00000000000, 898.07994990291, 80.28013433764, 4.12500003222, 0.00000000000, 0.00000000613, -0.00000001058
373, 50.00000000000, 912.04091412689, 48.40218573966, 4.12500003222, 0.00000000000, 0.00000000446, -0.00000000624
374, 50.00000000000, 935.28952032053, 38.85049482368, 4.12500003222, 0.00000000000, 0.00000000430, 0.00000001134
375, 50.00000000000, 963.24966930524, -30000000.00000000000, 0.00000000000, 0.00000000000, 0.00000058485, 0.66000001198
376, 50.00000000000, 975.56517072570, -30000000.00000000000, 0.00000000000, 0.00000000000, -0.00000023486, 0.66000001198
377, 50.00000000000, 983.21309172509, 11.43559977673, 4.12500003222, 0.00000000000, 0.00000000503, -0.00000000363
378, 50.00000000000, 994.67068605607, 30.26185763711, 4.12500003222, 0.00000000000, -0.00000001061, -0.00000004337
379, 50.00000000000, 1011.40148622166, 70.14422581476, 4.12500003222, 0.00000000000, -0.00000000258, 0.00000002287
380, 50.00000000000, 1028.18095254195, 63.27616742943, 4.12500003222, 0.00000000000, -0.00000000198, -0.00000000300
381, 50.00000000000, 1036.65720420364, 96.04870184071, 4.12500003222, 0.00000000000, 0.00000000580, 0.00000000517
382, 50.00000000000, 1059.58526225505, 66.26493018260, 4.12500003222, 0.00000000000, 0.00000000041, 0.00000002013
383, 50.00000000000, 1069.58940833405, 72.51534642716, 4.12500003222, 0.00000000000, 0.00000000635, -0.00000000391
384, 50.00000000000, 1078.86095378991, 33.15664186065, 4.12500003222, 0.00000000000, -0.00000002182, 0.00000002267
385, 50.00000000000, 1098.64975793489, 43.27048798246, 4.12500003222, 0.00000000000, 0.00000000021, 0.00000000352
386, 50.00000000000, 1119.17854880217, 44.12868508501, 4.12500003222, 0.00000000000, -0.00000001346, 0.00000003047
387, 50.00000000000, 1121.37627863474, 12.21624546039, 4.12500003222, 0.00000000000, -0.00000000078, 0.00000000666
388, 50.00000000000, 1138.93039981691, 42.76434748469, 4.12500003222, 0.00000000000, 0.00000002113, 0.00000000219
389, 50.00000000000, 1150.77123149382, 84.35397017268, 4.12500003222, 0.00000000000, -0.00000000388, 0.00000000972
390, 50.00000000000, 1174.02994258031, 89.40614902085, 4.12500003222, 0.00000000000, -0.00000000390, -0.00000000913
391, 50.00000000000, 1184.71343493962, 76.19544225066, 4.12500003222, 0.00000000000, 0.00000000440, -0.00000001213
392, 50.00000000000, 1206.95559566386, 44.50527718697, 4.12500003222, 0.00000000000, -0.00000000568, 0.00000003602
393, 50.00000000000, 1231.81111503098, 27.28807768203, 4.12500003222, 0.00000000000, 0.00000000703, -0.00000002259
394, 50.00000000000, 1219.23016327528, 83.72869578975, 4.12500003222, 0.00000000000, -0.00000000897, 0.00000003051
395, 50.00000000000, 1232.52006185816, 63.72474574929, 4.12500003222, 0.00000000000, -0.00000000215, 0.00000002328
396, 50.00000000000, 1246.61549547664, 43.16961817294, 4.12500003222, 0.00000000000, 0.00000001344, -0.00000000744
397, 50.00000000000, 1254.94623452974, 92.28218486673, 4.12500003222, 0.00000000000, 0.00000000067, 0.00000001591
398, 50.00000000000, 1284.29303921947, 107.44683300346, 4.12500003222, 0.00000000000, -0.00000000218, -0.00000002397
399, 50.00000000000, 1281.32508635299, 41.83789852254, 4.12500003222, 0.00000000000, -0.00000000184, -0.00000001349
400, 50.00000000000, 68.86483522550, 30.86071951056, 4.12500003222, 0.00000000000, 0.00000000212, 0.00000001833
401, 50.00000000000, 78.23007508744, 53.32093905333, 4.12500003222, 0.00000000000, 0.00000000039, -0.00000002572
402, 50.00000000000, 107.37917920992, 98.02046857007, 4.12500003222, 0.00000000000, -0.00000000624, -0.00000000180
403, 50.00000000000, 108.41602213862, 61.18132995126, 4.12500003222, 0.00000000000, 0.00000001197, 0.00000000820
404, 50.00000000000, 132.51677281185, 64.96241865326, 4.12500003222, 0.00000000000, 0.00000000381, -0.00000001809
405, 50.00000000000, 135.28911904147, 12.20536593138, 4.12500003222, 0.00000000000, -0.00000000184, -0.00000001359
406, 50.00000000000, 158.49577987110, 34.38589389961, 4.12500003222, 0.00000000000, 0.00000000616, 0.00000000285
407, 50.00000000000, 145.46423868663, 97.42939436253, 4.12500003222, 0.00000000000, 0.00000000038, 0.00000002329
408, 50.00000000000, 174.05092254218, 77.21614287947, 4.12500003222, 0.00000000000, 0.00000000195, -0.00000001519
409, 50.00000000000, 192.46176271474, 73.51956318837, 4.12500003222, 0.00000000000, 0.00000000025, 0.00000000658
410, 50.00000000000, 177.47036381742, 94.29698233116, 4.12500003222, 0.00000000000, -0.00000000194, -0.00000001367
411, 50.00000000000, 204.71418049420, 246.91469611422, 4.12500003222, 0.00000000000, 0.00000000000, 0.00000000000
412, 50.00000000000, 231.15623599986, 144.19645861748, 4.12500003222, 0.00000000000, -0.00000000031, -0.00000000346
413, 50.00000000000, 234.67611552191, 221.64667099409, 4.12500003222, 0.00000000000, 0.00000000000, 0.00000000000
414, 50.00000000000, 291.00901265461, 68.13555575084, 4.12500003222, 0.00000000000, -0.00000000099, 0.00000000461
415, 50.00000000000, 323.56644076361, 80.72420547253, 4.12500003222, 0.00000000000, 0.00000000057, -0.00000000337
416, 50.00000000000, 319.40947682903, 14.99707399846, 4.12500003222, 0.00000000000, -0.00000000810, 0.00000002810
417, 50.00000000000, 339.42337588742, 28.91626477020, 4.12500003222, 0.00000000000, -0.00000000159, 0.00000000605
418, 50.00000000000, 322.42956292726, -30000000.00000000000, 0.00000000000, 0.00000000000, 0.00000072823, 0.66000001198
419, 50.00000000000, 339.49563006144, -30000000.00000000000, 0.00000000000, 0.00000000000, -0.00000011559, 0.66000001198
420, 50.00000000000, 353.13639307633, 192.32471863434, 4.12500003222, 0.00000000000, 0.00000000000, 0.00000000000
421, 50.00000000000, 408.64019020615, 109.50421494739, 4.12500003222, 0.00000000000, 0.00000001012, -0.00000001394
422, 50.00000000000, 422.76770617654, 125.08212164995, 4.12500003222, 0.00000000000, -0.00000000346, 0.00000001017
423, 50.00000000000, 405.77340567594, -30000000.00000000000, 0.00000000000, 0.00000000000, 0.00000163363, 0.66000001198
424, 50.00000000000, 442.97753192427, 122.21593596231, 4.12500003222, 0.00000000000, -0.00000000172, -0.00000000173
425, 50.00000000000, 431.99413008865, -30000000.00000000000, 0.00000000000, 0.00000000000, -0.00000150851, 0.66000001198
426, 50.00000000000, 479.38419746297, 61.88145722799, 4.12500003222, 0.00000000000, -0.00000000468, -0.00000000152
427, 50.00000000000, 462.67897636265, 228.38232683471, 4.12500003222, 0.00000000000, -0.00000000425, -0.00000001140
428, 50.00000000000, 524.03754235410, 78.85203966113, 4.12500003222, 0.00000000000, 0.00000001099, 0.00000001475
429, 50.00000000000, 507.52694227155, -30000000.00000000000, 0.00000000000, 0.00000000000, 0.00000032952, 0.66000001198
430, 50.00000000000, 555.16149598893, 115.15699792884, 4.12500003222, 0.00000000000, 0.00000000537, -0.00000000734
431, 50.00000000000, 551.45773937877, 93.99261254990, 4.12500003222, 0.00000000000, -0.00000000671, 0.00000000400
432, 50.00000000000, 567.79009194951, -30000000.00000000000, 0.00000000000, 0.00000000000, -0.00000171706, 0.66000001198
433, 50.00000000000, 598.84912140054, 89.72138402045, 4.12500003222, 0.00000000000, -0.00000000538, -0.00000001383
434, 50.00000000000, 593.72162164636, 149.11160180534, 4.12500003222, 0.00000000000, 0.00000000006, -0.00000000350
435, 50.00000000000, 628.43693694764, 73.58035574594, 4.12500003222, 0.00000000000, -0.00000000371, -0.00000000367
436, 50.00000000000, 643.87457254814, 86.11674042419, 4.12500003222, 0.00000000000, 0.00000000060, 0.00000000299
437, 50.00000000000, 661.01962820593, 90.53380152147, 4.12500003222, 0.00000000000, -0.00000000917, 0.00000003511
438, 50.00000000000, 664.57784115905, 58.41272957027, 4.12500003222, 0.00000000000, -0.00000000023, -0.00000000764
439, 50.00000000000, 688.26192501800, 63.70468794477, 4.12500003222, 0.00000000000, 0.00000000683, 0.00000000791
440, 50.00000000000, 702.42452418667, 77.81148402115, 4.12500003222, 0.00000000000, 0.00000000158, -0.00000000888
441, 50.00000000000, 718.97314057585, -30000000.00000000000, 0.00000000000, 0.00000000000, -0.00000019778, 0.66000001198
442, 50.00000000000, 730.38082713688, -30000000.00000000000, 0.00000000000, 0.00000000000, 0.00000005238, 0.66000001198
443, 50.00000000000, 756.06007878001, 43.26759602582, 4.12500003222, 0.00000000000, -0.00000000719, -0.00000000852
444, 50.00000000000, 749.34757732218, 128.78811926241, 4.12500003222, 0.00000000000, -0.00000000357, -0.00000002313
445, 50.00000000000, 787.62394069272, 57.93337281798, 4.12500003222, 0.00000000000, 0.00000000479, 0.00000001705
446, 50.00000000000, 805.77949976854, 94.98626649799, 4.12500003222, 0.00000000000, 0.00000000496, 0.00000000629
447, 50.00000000000, 797.69379476953, 74.06441794992, 4.12500003222, 0.00000000000, 0.00000000282, -0.00000000204
448, 50.00000000000, 821.86167965732, 105.43550530569, 4.12500003222, 0.00000000000, -0.00000000152, -0.00000001368
449, 50.00000000000, 858.06619092623, 42.28995285884, 4.12500003222, 0.00000000000, 0.00000000051, 0.00000000409
450, 50.00000000000, 841.98003946288, 153.41777984012, 4.12500003222, 0.00000000000, 0.00000000039, -0.00000001563
451, 50.00000000000, 880.33901776234, 73.94181743609, 4.12500003222, 0.00000000000, 0.00000000628, 0.00000000280
452, 50.00000000000, 906.72404817217, -30000000.00000000000, 0.00000000000, 0.00000000000, -0.00000081974, 0.66000001198
453, 50.00000000000, 879.31108837440, 190.88419719130, 4.12500003222, 0.00000000000, -0.00000000220, -0.00000002308
454, 50.00000000000, 934.75545553475, 71.76985832477, 4.12500003222, 0.00000000000, -0.00000001006, -0.00000003779
455, 50.00000000000, 960.53549386189, -30000000.00000000000, 0.00000000000, 0.00000000000, 0.00000106156, 0.66000001198
456, 50.00000000000, 955.71076431964, 64.84316030936, 4.12500003222, 0.00000000000, 0.00000000086, -0.00000003765
457, 50.00000000000, 993.12444048294, 209.04586030757, 4.12500003222, 0.00000000000, 0.00000000000, 0.00000000000
458, 50.00000000000, 980.53463397744, 94.23286658135, 4.12500003222, 0.00000000000, 0.00000000237, 0.00000002345
459, 50.00000000000, 1003.64767777944, 88.67193349308, 4.12500003222, 0.00000000000, 0.00000000185, -0.00000005723
460, 50.00000000000, 1014.28193913705, 103.58130138618, 4.12500003222, 0.00000000000, 0.00000000250, 0.00000003709
461, 50.00000000000, 1039.43545145566, 58.53655270210, 4.12500003222, 0.00000000000, 0.00000000721, -0.00000000774
462, 50.00000000000, 1031.81988139488, 110.01035601412, 4.12500003222, 0.00000000000, 0.00000000643, -0.00000000784
463, 50.00000000000, 1069.26627170845, 112.44783118416, 4.12500003222, 0.00000000000, -0.00000000200, -0.00000000166
464, 50.00000000000, 1087.81911616963, 24.51017295261, 4.12500003222, 0.00000000000, -0.00000000294, -0.00000001103
465, 50.00000000000, 1102.36258833445, 61.14515320436, 4.12500003222, 0.00000000000, -0.00000000903, -0.00000002923
466, 50.00000000000, 1116.95524914647, 59.22367224378, 4.12500003222, 0.00000000000, 0.00000000551, -0.00000002001
467, 50.00000000000, 1128.99649043843, 59.61573454628, 4.12500003222, 0.00000000000, 0.00000000201, 0.00000003181
468, 50.00000000000, 1140.59140039411, 80.43419809500, 4.12500003222, 0.00000000000, 0.00000000456, 0.00000002829
469, 50.00000000000, 1155.93426292628, 98.60892842555, 4.12500003222, 0.00000000000, 0.00000000365, 0.00000002085
470, 50.00000000000, 1162.89093766672, 78.83967425018, 4.12500003222, 0.00000000000, 0.00000000327, 0.00000000595
471, 50.00000000000, 1198.61260877816, 36.13531183520, 4.12500003222, 0.00000000000, -0.00000001829, -0.00000003790
472, 50.00000000000, 1166.22985903137, 131.28791832223, 4.12500003222, 0.00000000000, -0.00000000116, -0.00000000648
473, 50.00000000000, 1199.12560897103, 93.31155739072, 4.12500003222, 0.00000000000, 0.00000000590, -0.00000000674
474, 50.00000000000, 1225.31577479139, 69.79587722262, 4.12500003222, 0.00000000000, 0.00000001141, -0.00000005221
475, 50.00000000000, 1265.75938897841, 13.96920291247, 4.12500003222, 0.00000000000, 0.00000001173, -0.00000000026
476, 50.00000000000, 1231.09920569618, 89.69026318011, 4.12500003222, 0.00000000000, -0.00000001943, 0.00000001132
477, 50.00000000000, 1261.03397210387, 131.69882544095, 4.12500003222, 0.00000000000, -0.00000000300, 0.00000001690
478, 50.00000000000, 1273.35025939248, 74.79984916653, 4.12500003222, 0.00000000000, 0.00000000340, -0.00000001495
479, 50.00000000000, 1294.55003653876, 70.91247524709, 4.12500003222, 0.00000000000, 0.00000000315, 0.00000000203
480, 50.00000000000, 63.79789983719, 46.17288964733, 4.12500003222, 0.00000000000, 0.00000000059, -0.00000001552
481, 50.00000000000, 88.63609805088, 92.15636742152, 4.12500003222, 0.00000000000, 0.00000000313, 0.00000001207
482, 50.00000000000, 100.28446271171, 40.16732946846, 4.12500003222, 0.00000000000, -0.00000001693, 0.00000004707
483, 50.00000000000, 117.85504496248, 46.01747226008, 4.12500003222, 0.00000000000, -0.00000000173, 0.00000003626
484, 50.00000000000, 117.07416995474, 117.87642368099, 4.12500003222, 0.00000000000, 0.00000000351, -0.00000000022
485, 50.00000000000, 142.16893695528, 49.65474807547, 4.12500003222, 0.00000000000, -0.00000000598, -0.00000000114
486, 50.00000000000, 163.66380307412, 58.71793274273, 4.12500003222, 0.00000000000, -0.00000000047, -0.00000000196
487, 50.00000000000, 177.17022426864, 6.99405702178, 4.12500003222, 0.00000000000, -0.00000000003, -0.00000002344
488, 50.00000000000, 153.37587152198, 130.94513132016, 4.12500003222, 0.00000000000, 0.00000000318, -0.00000000938
489, 50.00000000000, 167.20624970048, 71.48763726837, 4.12500003222, 0.00000000000, -0.00000000611, -0.00000000871
490, 50.00000000000, 215.96100050879, 40.28905403343, 4.12500003222, 0.00000000000, -0.00000000516, 0.00000002633
491, 50.00000000000, 213.04485065776, 134.53949209498, 4.12500003222, 0.00000000000, -0.00000000104, -0.00000001044
492, 50.00000000000, 211.32586490860, 113.31043281405, 4.12500003222, 0.00000000000, -0.00000000036, 0.00000000694
493, 50.00000000000, 271.50772386668, 70.89364797368, 4.12500003222, 0.00000000000, -0.00000000532, -0.00000003060
494, 50.00000000000, 284.97609698871, 12.38604984307, 4.12500003222, 0.00000000000, 0.00000000444, 0.00000000650
495, 50.00000000000, 303.10300098420, 45.83600783801, 4.12500003222, 0.00000000000, -0.00000000134, -0.00000002589
496, 50.00000000000, 317.52946182220, 27.81329112864, 4.12500003222, 0.00000000000, 0.00000000270, -0.00000003062
497, 50.00000000000, 355.36618164781, 71.46215312746, 4.12500003222, 0.00000000000, -0.00000000429, 0.00000000432
498, 50.00000000000, 368.08253068425, 52.98153271382, 4.12500003222, 0.00000000000, 0.00000000838, -0.00000002503
499, 50.00000000000, 378.10500445485, 74.76817926483, 4.12500003222, 0.00000000000, -0.00000000515, 0.00000003309
500, 50.00000000000, 393.18933333540, 31.96315095327, 4.12500003222, 0.00000000000, -0.00000000578, 0.00000000933
501, 50.00000000000, 415.62516723466, 101.76786801708, 4.12500003222, 0.00000000000, -0.00000001653, 0.00000003306
502, 50.00000000000, 418.29560778757, 53.39946769280, 4.12500003222, 0.00000000000, -0.00000002317, 0.00000001121
503, 50.00000000000, 442.52381126615, 71.24285961880, 4.12500003222, 0.00000000000, -0.00000000965, 0.00000003952
504, 50.00000000000, 421.88715905444, -30000000.00000000000, 0.00000000000, 0.00000000000, 0.00000027989, 0.66000001198
505, 50.00000000000, 451.05971577009, 211.04230402902, 4.12500003222, 0.00000000000, 0.00000000422, 0.00000001079
506, 50.00000000000, 471.29428358488, 210.16159435807, 4.12500003222, 0.00000000000, 0.00000000142, -0.00000000072
507, 50.00000000000, 497.76049224776, 58.45963333979, 4.12500003222, 0.00000000000, -0.00000000016, -0.00000001444
508, 50.00000000000, 513.25750195899, 96.29920336403, 4.12500003222, 0.00000000000, -0.00000000435, -0.00000000892
509, 50.00000000000, 491.53858465289, 206.98550617075, 4.12500003222, 0.00000000000, -0.00000000152, 0.00000000433
510, 50.00000000000, 529.65376166794, -30000000.00000000000, 0.00000000000, 0.00000000000, 0.00000028521, 0.66000001198
511, 50.00000000000, 557.03997794675, 152.39650900633, 4.12500003222, 0.00000000000, -0.00000000017, -0.00000001391
512, 50.00000000000, 579.62508341814, 164.34145189441, 4.12500003222, 0.00000000000, -0.00000000218, -0.00000001663
513, 50.00000000000, 600.37301001203, 125.27844361264, 4.12500003222, 0.00000000000, -0.00000000297, -0.00000002185
514, 50.00000000000, 613.01636394131, 118.08744756347, 4.12500003222, 0.00000000000, 0.00000000395, -0.00000000700
515, 50.00000000000, 623.21959848183, 137.04334737797, 4.12500003222, 0.00000000000, 0.00000000093, 0.00000003331
516, 50.00000000000, 633.52634916971, -30000000.00000000000, 0.00000000000, 0.00000000000, 0.00000124373, 0.66000001198
517, 50.00000000000, 647.80768806469, 71.38249699917, 4.12500003222, 0.00000000000, -0.00000000263, -0.00000000821
518, 50.00000000000, 661.31757442820, 176.88321018479, 4.12500003222, 0.00000000000, 0.00000000322, 0.00000000718
519, 50.00000000000, 680.31864587104, 79.77300052423, 4.12500003222, 0.00000000000, 0.00000000414, -0.00000003386
520, 50.00000000000, 701.66737116100, -30000000.00000000000, 0.00000000000, 0.00000000000, -0.00000054288, 0.66000001198
521, 50.00000000000, 737.15227736978, 90.33032332368, 4.12500003222, 0.00000000000, -0.00000000438, 0.00000003402
522, 50.00000000000, 747.46129147877, 58.17928371161, 4.12500003222, 0.00000000000, -0.00000000085, 0.00000000336
523, 50.00000000000, 747.66260697377, -30000000.00000000000, 0.00000000000, 0.00000000000, -0.00000066804, 0.66000001198
524, 50.00000000000, 776.63460262026, 219.58443335280, 4.12500003222, 0.00000000000, 0.00000000107, 0.00000000063
525, 50.00000000000, 780.60005647343, -30000000.00000000000, 0.00000000000, 0.00000000000, -0.00000020647, 0.66000001198
526, 50.00000000000, 787.24795888959, 108.49842192428, 4.12500003222, 0.00000000000, -0.00000000241, 0.00000001435
527, 50.00000000000, 818.65682551859, 80.44145964811, 4.12500003222, 0.00000000000, 0.00000000605, 0.00000002971
528, 50.00000000000, 819.37825426503, 129.53804368776, 4.12500003222, 0.00000000000, -0.00000000089, -0.00000001340
529, 50.00000000000, 840.41281992463, 132.24112533880, 4.12500003222, 0.00000000000, 0.00000000182, 0.00000005079
530, 50.00000000000, 858.75501135948, 141.13719902804, 4.12500003222, 0.00000000000, -0.00000000339, -0.00000000473
531, 50.00000000000, 880.20254889657, 92.32541121188, 4.12500003222, 0.00000000000, -0.00000000027, -0.00000001077
532, 50.00000000000, 913.89300562644, -30000000.00000000000, 0.00000000000, 0.00000000000, -0.00000106621, 0.66000001198
533, 50.00000000000, 927.04291979582, 55.31160468229, 4.12500003222, 0.00000000000, 0.00000000845, 0.00000000320
534, 50.00000000000, 915.01013122911, 190.25396195768, 4.12500003222, 0.00000000000, 0.00000000170, -0.00000000149
535, 50.00000000000, 950.22769776772, 82.89817034805, 4.12500003222, 0.00000000000, 0.00000000448, 0.00000000581
536, 50.00000000000, 970.97783504651, 85.98180755781, 4.12500003222, 0.00000000000, -0.00000000194, 0.00000000389
537, 50.00000000000, 961.37183657955, 11.68529014912, 4.12500003222, 0.00000000000, 0.00000000411, -0.00000001947
538, 50.00000000000, 992.40305953930, 55.46452003112, 4.12500003222, 0.00000000000, 0.00000001548, 0.00000002783
539, 50.00000000000, 1009.65357651090, 47.36612134090, 4.12500003222, 0.00000000000, 0.00000000892, 0.00000002973
540, 50.00000000000, 1025.76987041358, 39.33762537583, 4.12500003222, 0.00000000000, -0.00000000166, -0.00000002148
541, 50.00000000000, 1047.48038088502, 46.80585097769, 4.12500003222, 0.00000000000, 0.00000000643, -0.00000002993
542, 50.00000000000, 1056.39824414868, 27.51286602887, 4.12500003222, 0.00000000000, 0.00000001576, 0.00000000840
543, 50.00000000000, 1098.15561847898, 204.90720009518, 4.12500003222, 0.00000000000, 0.00000000000, 0.00000000000
544, 50.00000000000, 1091.13337336313, 63.64610187423, 4.12500003222, 0.00000000000, -0.00000000772, -0.00000002134
545, 50.00000000000, 1132.38180516696, 180.31850185270, 4.12500003222, 0.00000000000, 0.00000000001, 0.00000000001
546, 50.00000000000, 1147.79812396716, 194.07311204717, 4.12500003222, 0.00000000000, -0.00000000001, -0.00000000001
547, 50.00000000000, 1127.08456900826, 25.50398088422, 4.12500003222, 0.00000000000, -0.00000000881, 0.00000000388
548, 50.00000000000, 1136.98271797488, 100.66488845471, 4.12500003222, 0.00000000000, -0.00000000273, -0.00000000067
549, 50.00000000000, 1168.40139983373, 47.47770985168, 4.12500003222, 0.00000000000, -0.00000000116, -0.00000001575
550, 50.00000000000, 1188.03112739472, 51.65152987527, 4.12500003222, 0.00000000000, -0.00000000314, -0.00000003986
551, 50.00000000000, 1169.91954835273, 111.34879879769, 4.12500003222, 0.00000000000, -0.00000000118, -0.00000001075
552, 50.00000000000, 1202.37363271146, 69.71272044455, 4.12500003222, 0.00000000000, -0.00000000207, -0.00000000590
553, 50.00000000000, 1212.39817575315, 92.39302006924, 4.12500003222, 0.00000000000, 0.00000000559, 0.00000001904
554, 50.00000000000, 1217.31811409006, 107.16795919431, 4.12500003222, 0.00000000000, 0.00000000608, -0.00000003263
555, 50.00000000000, 1233.12485480120, 101.62986201989, 4.12500003222, 0.00000000000, -0.00000000917, 0.00000005744
556, 50.00000000000, 1246.52564128072, 115.82032322740, 4.12500003222, 0.00000000000, -0.00000000595, 0.00000001742
557, 50.00000000000, 1256.52069787614, 152.57705845407, 4.12500003222, 0.00000000000, -0.00000000298, -0.00000001823
558, 50.00000000000, 1271.92234736764, 98.71618528090, 4.12500003222, 0.00000000000, 0.00000000703, -0.00000000410
559, 50.00000000000, 1284.18101336166, 52.31862924915, 4.12500003222, 0.00000000000, 0.00000000260, -0.00000002278
560, 50.00000000000, 76.45478042964, 78.31098776485, 4.12500003222, 0.00000000000, -0.00000000095, -0.00000001164
561, 50.00000000000, 27.40234885013, 317.97454362167, 4.12500003222, 0.00000000000, 0.00000000000, 0.00000000000
562, 50.00000000000, 100.71441541901, 77.92934131728, 4.12500003222, 0.00000000000, -0.00000000210, 0.00000000232
563, 50.00000000000, 126.38421765109, 100.18206138056, 4.12500003222, 0.00000000000, 0.00000000071, 0.00000001151
564, 50.00000000000, 95.58206581218, 113.27855865539, 4.12500003222, 0.00000000000, -0.00000000404, -0.00000001171
565, 50.00000000000, 143.92604779625, 31.99883853887, 4.12500003222, 0.00000000000, -0.00000000699, 0.00000001811
566, 50.00000000000, 152.41574476362, 56.32891852868, 4.12500003222, 0.00000000000, -0.00000000315, 0.00000001817
567, 50.00000000000, 131.64554508504, 134.01369972615, 4.12500003222, 0.00000000000, -0.00000000016, 0.00000000635
568, 50.00000000000, 160.40526876097, 110.92641839209, 4.12500003222, 0.00000000000, -0.00000001119, 0.00000002249
569, 50.00000000000, 179.33668325890, 108.34051271319, 4.12500003222, 0.00000000000, 0.00000000119, 0.00000000289
570, 50.00000000000, 174.83232503673, 126.05337570465, 4.12500003222, 0.00000000000, 0.00000000037, -0.00000001313
571, 50.00000000000, 213.73716332739, 154.91997321032, 4.12500003222, 0.00000000000, 0.00000000008, 0.00000000228
572, 50.00000000000, 265.71770153631, 39.93410571960, 4.12500003222, 0.00000000000, 0.00000000569, -0.00000002089
573, 50.00000000000, 229.92159605593, 123.00986963485, 4.12500003222, 0.00000000000, 0.00000000049, 0.00000000512
574, 50.00000000000, 292.02014076431, 60.56947836054, 4.12500003222, 0.00000000000, -0.00000000274, 0.00000000747
575, 50.00000000000, 304.04167944901, 25.76642556702, 4.12500003222, 0.00000000000, -0.00000000500, -0.00000001237
576, 50.00000000000, 285.39003686519, 148.41960323677, 4.12500003222, 0.00000000000, 0.00000001087, 0.00000000038
577, 50.00000000000, 344.83044808810, 80.61971494605, 4.12500003222, 0.00000000000, 0.00000000298, -0.00000000065
578, 50.00000000000, 320.24312966861, 200.64629621589, 4.12500003222, 0.00000000000, 0.00000000000, 0.00000000000
579, 50.00000000000, 386.54364397786, 116.51469582870, 4.12500003222, 0.00000000000, 0.00000000375, 0.00000000126
580, 50.00000000000, 399.48436588396, 66.99656323038, 4.12500003222, 0.00000000000, 0.00000000447, -0.00000000833
581, 50.00000000000, 405.18950574752, 122.66995417355, 4.12500003222, 0.00000000000, -0.00000000003, -0.00000000426
582, 50.00000000000, 390.77758831900, 165.75232977700, 4.12500003222, 0.00000000000, 0.00000000000, 0.00000000000
583, 50.00000000000, 431.02352348930, 71.17229482347, 4.12500003222, 0.00000000000, -0.00000000457, 0.00000001704
584, 50.00000000000, 449.38107019744, 102.89472419809, 4.12500003222, 0.00000000000, -0.00000000444, -0.00000000070
585, 50.00000000000, 442.52616531724, -30000000.00000000000, 0.00000000000, 0.00000000000, -0.00000187657, 0.66000001198
586, 50.00000000000, 473.95478947238, 102.89799714072, 4.12500003222, 0.00000000000, -0.00000000356, -0.00000001792
587, 50.00000000000, 483.50601400391, 226.23866952078, 4.12500003222, 0.00000000000, 0.00000000013, -0.00000000300
588, 50.00000000000, 514.81608406813, 70.83619238361, 4.12500003222, 0.00000000000, 0.00000000558, -0.00000001397
589, 50.00000000000, 530.86790945511, 66.95964587550, 4.12500003222, 0.00000000000, 0.00000001000, -0.00000000275
590, 50.00000000000, 546.63770198024, 76.92734078024, 4.12500003222, 0.00000000000, -0.00000000417, -0.00000002866
591, 50.00000000000, 563.44512886724, 170.26532797592, 4.12500003222, 0.00000000000, -0.00000000001, 0.00000002359
592, 50.00000000000, 584.46199248428, 132.62339499218, 4.12500003222, 0.00000000000, -0.00000000257, 0.00000000461
593, 50.00000000000, 607.02381576202, 83.09482695819, 4.12500003222, 0.00000000000, -0.00000000879, 0.00000001444
594, 50.00000000000, 612.64916091806, 155.21374597028, 4.12500003222, 0.00000000000, 0.00000000313, -0.00000003846
595, 50.00000000000, 635.24987250317, 118.01805892085, 4.12500003222, 0.00000000000, -0.00000000107, -0.00000003575
596, 50.00000000000, 638.71184535246, 94.65120876330, 4.12500003222, 0.00000000000, -0.00000000255, 0.00000002580
597, 50.00000000000, 632.50810666662, 155.69960844553, 4.12500003222, 0.00000000000, -0.00000000102, 0.00000000340
598, 50.00000000000, 667.19049989530, -30000000.00000000000, 0.00000000000, 0.00000000000, -0.00000021048, 0.66000001198
599, 50.00000000000, 652.98362942530, 159.16750819744, 4.12500003222, 0.00000000000, -0.00000000254, -0.00000000834
600, 50.00000000000, 703.58707089712, -30000000.00000000000, 0.00000000000, 0.00000000000, -0.00000033473, 0.66000001198
601, 50.00000000000, 728.83417488182, 133.51673253611, 4.12500003222, 0.00000000000, 0.00000000216, -0.00000000838
602, 50.00000000000, 737.78348866023, 50.66446704288, 4.12500003222, 0.00000000000, 0.00000000253, -0.00000000484
603, 50.00000000000, 762.33613964542, -30000000.00000000000, 0.00000000000, 0.00000000000, 0.00000045388, 0.66000001198
604, 50.00000000000, 767.39720574303, 59.12263233551, 4.12500003222, 0.00000000000, 0.00000000245, -0.00000000096
605, 50.00000000000, 787.63459367192, 90.19386603997, 4.12500003222, 0.00000000000, 0.00000000030, 0.00000000437
606, 50.00000000000, 794.92052698124, 209.67693092092, 4.12500003222, 0.00000000000, -0.00000000058, 0.00000001050
607, 50.00000000000, 807.11853716559, 115.58390661547, 4.12500003222, 0.00000000000, 0.00000000131, 0.00000000584
608, 50.00000000000, 843.25930442635, 110.43442336540, 4.12500003222, 0.00000000000, 0.00000000404, -0.00000001804
609, 50.00000000000, 855.09917562306, 119.43168504183, 4.12500003222, 0.00000000000, 0.00000000574, -0.00000000138
610, 50.00000000000, 860.44265088648, 161.77699451810, 4.12500003222, 0.00000000000, -0.00000000609, -0.00000002053
611, 50.00000000000, 877.41511177414, 149.34049226924, 4.12500003222, 0.00000000000, -0.00000000288, -0.00000000618
612, 50.00000000000, 878.86883926962, 170.16991361928, 4.12500003222, 0.00000000000, 0.00000000230, 0.00000003566
613, 50.00000000000, 912.65136934804, 67.47915480861, 4.12500003222, 0.00000000000, 0.00000000803, 0.00000002947
614, 50.00000000000, 897.25163598547, 200.09229634836, 4.12500003222, 0.00000000000, 0.00000000703, 0.00000000928
615, 50.00000000000, 958.52477789519, 98.65262196966, 4.12500003222, 0.00000000000, -0.00000000051, -0.00000002055
616, 50.00000000000, 968.62737187498, 51.64935017433, 4.12500003222, 0.00000000000, -0.00000002598, 0.00000001531
617, 50.00000000000, 974.46926965835, 109.81910628821, 4.12500003222, 0.00000000000, 0.00000000265, 0.00000000903
618, 50.00000000000, 992.27181412445, 97.93502868091, 4.12500003222, 0.00000000000, -0.00000000848, -0.00000000580
619, 50.00000000000, 1014.88416161318, 55.90675381003, 4.12500003222, 0.00000000000, -0.00000000754, -0.00000001370
620, 50.00000000000, 1030.48959505807, 74.18815350087, 4.12500003222, 0.00000000000, 0.00000000141, 0.00000001882
621, 50.00000000000, 1034.96054986858, 26.22722552952, 4.12500003222, 0.00000000000, -0.00000000929, -0.00000001541
622, 50.00000000000, 1048.92659403955, 116.01101652225, 4.12500003222, 0.00000000000, -0.00000000146, -0.00000000851
623, 50.00000000000, 1053.84539546842, 98.31353436341, 4.12500003222, 0.00000000000, -0.00000000124, 0.00000002134
624, 50.00000000000, 1086.34360019197, 44.83337209308, 4.12500003222, 0.00000000000, -0.00000000211, 0.00000001589
625, 50.00000000000, 1087.29514248994, 79.51646590961, 4.12500003222, 0.00000000000, -0.00000000560, -0.00000002711
626, 50.00000000000, 1119.42125529109, 93.05999307595, 4.12500003222, 0.00000000000, -0.00000000011, -0.00000000824
627, 50.00000000000, 1127.34042924771, 81.34853767399, 4.12500003222, 0.00000000000, -0.00000000215, 0.00000001599
628, 50.00000000000, 1150.98088875051, 61.10058259284, 4.12500003222, 0.00000000000, -0.00000000663, -0.00000001926
629, 50.00000000000, 1162.14222241742, 68.81959688204, 4.12500003222, 0.00000000000, 0.00000000707, 0.00000000451
630, 50.00000000000, 1187.07657339055, 43.60437359185, 4.12500003222, 0.00000000000, -0.00000000441, -0.00000002275
631, 50.00000000000, 1183.17685954107, 142.64844531407, 4.12500003222, 0.00000000000, 0.00000000051, 0.00000001234
632, 50.00000000000, 1195.06764129287, 84.17709114626, 4.12500003222, 0.00000000000, -0.00000000542, -0.00000003330
633, 50.00000000000, 1200.45330212097, 109.31120151371, 4.12500003222, 0.00000000000, -0.00000000168, 0.00000001964
634, 50.00000000000, 1236.90826143542, 157.50747551837, 4.12500003222, 0.00000000000, -0.00000000041, -0.00000000875
635, 50.00000000000, 1227.96091397747, 122.54986209456, 4.12500003222, 0.00000000000, 0.00000000359, -0.00000001177
636, 50.00000000000, 1249.79101558299, 73.49793458756, 4.12500003222, 0.00000000000, -0.00000000702, -0.00000002440
637, 50.00000000000, 1242.01181487374, 136.89471253192, 4.12500003222, 0.00000000000, 0.00000000656, 0.00000001542
638, 50.00000000000, 1284.39998659445, 20.44830902731, 4.12500003222, 0.00000000000, -0.00000000850, 0.00000001294
639, 50.00000000000, 1299.42239613614, 34.66739610740, 4.12500003222, 0.00000000000, -0.00000000066, -0.00000001737
