0, 50.00000000000, 60.52117527395, 65.55528486041, 4.12500003222, 0.00000000000, 0.00000000294, 0.00000000449
1, 50.00000000000, 31.17842742412, 197.72319977901, 4.12500003222, 0.00000000000, 0.00000000000, 0.00000000000
2, 50.00000000000, 101.73154844411, 8.90415431537, 4.12500003222, 0.00000000000, -0.00000000293, -0.00000003516
3, 50.00000000000, 118.38083371731, 61.88286585609, 4.12500003222, 0.00000000000, 0.00000000161, -0.00000000264
4, 50.00000000000, 131.28561301069, 28.68571150825, 4.12500003222, 0.00000000000, 0.00000000428, -0.00000000241
5, 50.00000000000, 145.30882219704, 42.98003219999, 4.12500003222, 0.00000000000, -0.00000000236, 0.00000002307
6, 50.00000000000, 163.16593911332, 26.31533908211, 4.12500003222, 0.00000000000, -0.00000001739, -0.00000000686
7, 50.00000000000, 167.21278713601, 13.75757002782, 4.12500003222, 0.00000000000, -0.00000001696, -0.00000000764
8, 50.00000000000, 191.39707491679, 8.97016912628, 4.12500003222, 0.00000000000, 0.00000000305, -0.00000001661
9, 50.00000000000, 194.64542083078, 51.23817868099, 4.12500003222, 0.00000000000, -0.00000000750, 0.00000001081
10, 50.00000000000, 212.09939371051, 5.27505402189, 4.12500003222, 0.00000000000, -0.00000000173, -0.00000002958
11, 50.00000000000, 248.73339949288, 21.35799065161, 4.12500003222, 0.00000000000, 0.00000000174, -0.00000002308
12, 50.00000000000, 246.76000153184, 8.68528458293, 4.12500003222, 0.00000000000, -0.00000000033, 0.00000000272
13, 50.00000000000, 283.08178128284, 24.50578641812, 4.12500003222, 0.00000000000, 0.00000000977, -0.00000000439
14, 50.00000000000, 294.34895087321, 29.23588078346, 4.12500003222, 0.00000000000, 0.00000001252, -0.00000000892
15, 50.00000000000, 312.99952777439, 38.09848979369, 4.12500003222, 0.00000000000, -0.00000001728, 0.00000007036
16, 50.00000000000, 315.78430434006, 4.20761947201, 4.12500003222, 0.00000000000, 0.00000001080, -0.00000001096
17, 50.00000000000, 333.53994854430, 42.03940054287, 4.12500003222, 0.00000000000, -0.00000000075, 0.00000001682
18, 50.00000000000, 320.77220573898, -30000000.00000000000, 0.00000000000, 0.00000000000, 0.00000086896, 0.66000001198
19, 50.00000000000, 386.73582178819, 86.07508147404, 4.12500003222, 0.00000000000, -0.00000000579, -0.00000001679
20, 50.00000000000, 354.78505746845, -30000000.00000000000, 0.00000000000, 0.00000000000, -0.00000024838, 0.66000001198
21, 50.00000000000, 408.36976248847, 34.61814790710, 4.12500003222, 0.00000000000, -0.00000000482, -0.00000000308
22, 50.00000000000, 424.89705290700, 116.06642829507, 4.12500003222, 0.00000000000, 0.00000000982, -0.00000001730
23, 50.00000000000, 430.30331861189, 57.60214039342, 4.12500003222, 0.00000000000, 0.00000000136, -0.00000001559
24, 50.00000000000, 432.27415748936, -30000000.00000000000, 0.00000000000, 0.00000000000, -0.00000154884, 0.66000001198
25, 50.00000000000, 454.39750666967, 65.65236568537, 4.12500003222, 0.00000000000, -0.00000000576, -0.00000005193
26, 50.00000000000, 480.82839767042, 46.41619053024, 4.12500003222, 0.00000000000, -0.00000000676, -0.00000001640
27, 50.00000000000, 497.37465700275, 43.33308681939, 4.12500003222, 0.00000000000, -0.00000000559, -0.00000001022
28, 50.00000000000, 490.80233750401, -30000000.00000000000, 0.00000000000, 0.00000000000, 0.00000049650, 0.66000001198
29, 50.00000000000, 544.70416467178, 137.44916225077, 4.12500003222, 0.00000000000, 0.00000000116, -0.00000001990
30, 50.00000000000, 551.52340857978, 60.28393267328, 4.12500003222, 0.00000000000, -0.00000000623, -0.00000001481
31, 50.00000000000, 543.19691392511, -30000000.00000000000, 0.00000000000, 0.00000000000, -0.00000031239, 0.66000001198
32, 50.00000000000, 553.51083804229, -30000000.00000000000, 0.00000000000, 0.00000000000, -0.00000083369, 0.66000001198
33, 50.00000000000, 579.37083240396, -30000000.00000000000, 0.00000000000, 0.00000000000, -0.00000082370, 0.66000001198
34, 50.00000000000, 605.85179578247, 68.22206561203, 4.12500003222, 0.00000000000, -0.00000000103, 0.00000000315
35, 50.00000000000, 629.85784740178, 105.47073359789, 4.12500003222, 0.00000000000, -0.00000000838, -0.00000002756
36, 50.00000000000, 634.34508717800, -30000000.00000000000, 0.00000000000, 0.00000000000, 0.00000103929, 0.66000001198
37, 50.00000000000, 652.04110327195, -30000000.00000000000, 0.00000000000, 0.00000000000, 0.00000034749, 0.66000001198
38, 50.00000000000, 665.81883992390, -30000000.00000000000, 0.00000000000, 0.00000000000, -0.00000046471, 0.66000001198
39, 50.00000000000, 689.62023614904, -30000000.00000000000, 0.00000000000, 0.00000000000, -0.00000146193, 0.66000001198
40, 50.00000000000, 700.00972289972, -30000000.00000000000, 0.00000000000, 0.00000000000, -0.00000081334, 0.66000001198
41, 50.00000000000, 719.85141430925, -30000000.00000000000, 0.00000000000, 0.00000000000, -0.00000036030, 0.66000001198
42, 50.00000000000, 733.59241226273, 69.77145866852, 4.12500003222, 0.00000000000, 0.00000000975, 0.00000002159
43, 50.00000000000, 749.59315784233, 99.07508630883, 4.12500003222, 0.00000000000, 0.00000000295, -0.00000000800
44, 50.00000000000, 767.41845651747, 99.13808870841, 4.12500003222, 0.00000000000, -0.00000000507, 0.00000000435
45, 50.00000000000, 785.39871402538, -30000000.00000000000, 0.00000000000, 0.00000000000, 0.00000067281, 0.66000001198
46, 50.00000000000, 802.72063867561, -30000000.00000000000, 0.00000000000, 0.00000000000, -0.00000020174, 0.66000001198
47, 50.00000000000, 821.86992796889, -30000000.00000000000, 0.00000000000, 0.00000000000, -0.00000056600, 0.66000001198
48, 50.00000000000, 835.05849387833, -30000000.00000000000, 0.00000000000, 0.00000000000, -0.00000162012, 0.66000001198
49, 50.00000000000, 839.57788533895, 84.93202332647, 4.12500003222, 0.00000000000, 0.00000000117, -0.00000002152
50, 50.00000000000, 877.38136137834, -30000000.00000000000, 0.00000000000, 0.00000000000, 0.00000194555, 0.66000001198
51, 50.00000000000, 893.77444871763, -30000000.00000000000, 0.00000000000, 0.00000000000, 0.00000027232, 0.66000001198
52, 50.00000000000, 862.50872611178, 189.24229500706, 4.12500003222, 0.00000000000, -0.00000000002, 0.00000000069
53, 50.00000000000, 929.93711020118, -30000000.00000000000, 0.00000000000, 0.00000000000, -0.00000148395, 0.66000001198
54, 50.00000000000, 942.00735429253, -30000000.00000000000, 0.00000000000, 0.00000000000, -0.00000026674, 0.66000001198
55, 50.00000000000, 956.53609056131, -30000000.00000000000, 0.00000000000, 0.00000000000, 0.00000118068, 0.66000001198
56, 50.00000000000, 977.98592740005, -30000000.00000000000, 0.00000000000, 0.00000000000, -0.00000065949, 0.66000001198
57, 50.00000000000, 974.13652954026, 37.43781632242, 4.12500003222, 0.00000000000, -0.00000000062, 0.00000000036
58, 50.00000000000, 1013.21777405636, -30000000.00000000000, 0.00000000000, 0.00000000000, 0.00000144585, 0.66000001198
59, 50.00000000000, 1014.76926383332, 37.85658410535, 4.12500003222, 0.00000000000, -0.00000000019, 0.00000001518
60, 50.00000000000, 1022.50001585764, 104.53063888596, 4.12500003222, 0.00000000000, -0.00000000595, 0.00000001279
61, 50.00000000000, 1061.90329918524, -30000000.00000000000, 0.00000000000, 0.00000000000, 0.00000017793, 0.66000001198
62, 50.00000000000, 1072.90617315572, -30000000.00000000000, 0.00000000000, 0.00000000000, 0.00000042735, 0.66000001198
63, 50.00000000000, 1102.95957461734, 95.32891177843, 4.12500003222, 0.00000000000, -0.00000000183, 0.00000000023
64, 50.00000000000, 1085.78921793466, 1.41996874780, 4.12500003222, 0.00000000000, -0.00000000025, 0.00000001055
65, 50.00000000000, 1113.38484338272, 72.64105847970, 4.12500003222, 0.00000000000, -0.00000000056, 0.00000001237
66, 50.00000000000, 1107.16032452094, 28.89291099521, 4.12500003222, 0.00000000000, 0.00000002242, -0.00000000956
67, 50.00000000000, 1145.26721411012, 66.32076218578, 4.12500003222, 0.00000000000, 0.00000000344, -0.00000000030
68, 50.00000000000, 1160.95860051302, 38.41979805244, 4.12500003222, 0.00000000000, -0.00000002545, 0.00000006730
69, 50.00000000000, 1168.22902716415, 5.39032288119, 4.12500003222, 0.00000000000, -0.00000000092, 0.00000000718
70, 50.00000000000, 1182.57743996671, 27.21801971231, 4.12500003222, 0.00000000000, 0.00000000067, -0.00000001366
71, 50.00000000000, 1197.56339600430, 26.54872042352, 4.12500003222, 0.00000000000, 0.00000000010, 0.00000004518
72, 50.00000000000, 1227.73969835332, 44.15906575298, 4.12500003222, 0.00000000000, -0.00000000161, 0.00000002924
73, 50.00000000000, 1191.42989163886, 99.80398736765, 4.12500003222, 0.00000000000, 0.00000000798, 0.00000001861
74, 50.00000000000, 1248.29598480927, 11.19178471687, 4.12500003222, 0.00000000000, 0.00000000273, 0.00000000658
75, 50.00000000000, 1259.45542898674, 6.38787572670, 4.12500003222, 0.00000000000, 0.00000000082, -0.00000001448
76, 50.00000000000, 1267.47572925419, 25.40040154564, 4.12500003222, 0.00000000000, 0.00000000250, -0.00000000217
77, 50.00000000000, 1272.67267719213, 37.44952945076, 4.12500003222, 0.00000000000, -0.00000000245, 0.00000001982
78, 50.00000000000, 1303.33636376795, 12.00814129205, 4.12500003222, 0.00000000000, -0.00000000491, 0.00000002063
79, 50.00000000000, 1284.70383013175, 84.08533548145, 4.12500003222, 0.00000000000, 0.00000000408, -0.00000003580
80, 50.00000000000, 66.70688299589, 12.16864198978, 4.12500003222, 0.00000000000, 0.00000000036, 0.00000000942
81, 50.00000000000, 88.06495659325, 25.60237011763, 4.12500003222, 0.00000000000, -0.00000000500, 0.00000000378
82, 50.00000000000, 109.74580671157, 22.13713138259, 4.12500003222, 0.00000000000, -0.00000000405, 0.00000003649
83, 50.00000000000, 123.42179496265, 13.52743055279, 4.12500003222, 0.00000000000, 0.00000001125, -0.00000001042
84, 50.00000000000, 122.36073203470, 35.29773257546, 4.12500003222, 0.00000000000, -0.00000000787, 0.00000006741
85, 50.00000000000, 144.95170686518, 11.01870003226, 4.12500003222, 0.00000000000, 0.00000000505, 0.00000000159
86, 50.00000000000, 155.36720575276, 8.46997620781, 4.12500003222, 0.00000000000, 0.00000000172, 0.00000005437
87, 50.00000000000, 178.55137070607, 31.82280750541, 4.12500003222, 0.00000000000, -0.00000000809, 0.00000000084
88, 50.00000000000, 173.35748038669, 54.71553443788, 4.12500003222, 0.00000000000, 0.00000001269, -0.00000003403
89, 50.00000000000, 195.84583130810, 32.39760913868, 4.12500003222, 0.00000000000, 0.00000000697, 0.00000000002
90, 50.00000000000, 231.31948311640, 15.30774163164, 4.12500003222, 0.00000000000, 0.00000000098, -0.00000000497
91, 50.00000000000, 228.11373466595, 26.13947956514, 4.12500003222, 0.00000000000, -0.00000000130, 0.00000001917
92, 50.00000000000, 269.13422342966, 31.51831420452, 4.12500003222, 0.00000000000, 0.00000000192, 0.00000000526
93, 50.00000000000, 263.88937595865, 21.16033454545, 4.12500003222, 0.00000000000, -0.00000000078, -0.00000002897
94, 50.00000000000, 289.97694348092, 44.47132158187, 4.12500003222, 0.00000000000, 0.00000000472, 0.00000000042
95, 50.00000000000, 309.23211992671, 61.23795469037, 4.12500003222, 0.00000000000, 0.00000000954, 0.00000001940
96, 50.00000000000, 332.17484933069, 9.61463537912, 4.12500003222, 0.00000000000, 0.00000000424, -0.00000000560
97, 50.00000000000, 331.41885627799, 64.72268196115, 4.12500003222, 0.00000000000, -0.00000000517, -0.00000000187
98, 50.00000000000, 356.41620586074, 39.97704489287, 4.12500003222, 0.00000000000, 0.00000000460, -0.00000000161
99, 50.00000000000, 378.56659718026, 66.50558736629, 4.12500003222, 0.00000000000, -0.00000000595, 0.00000002520
100, 50.00000000000, 354.50184675772, -30000000.00000000000, 0.00000000000, 0.00000000000, -0.00000022625, 0.66000001198
101, 50.00000000000, 373.64157133848, -30000000.00000000000, 0.00000000000, 0.00000000000, -0.00000009073, 0.66000001198
102, 50.00000000000, 392.21622457898, -30000000.00000000000, 0.00000000000, 0.00000000000, 0.00000085312, 0.66000001198
103, 50.00000000000, 426.89704093977, 91.65896460680, 4.12500003222, 0.00000000000, 0.00000000485, -0.00000003011
104, 50.00000000000, 446.89510368341, 41.65177652482, 4.12500003222, 0.00000000000, 0.00000000430, 0.00000000507
105, 50.00000000000, 462.56326135963, 49.76855591065, 4.12500003222, 0.00000000000, -0.00000000565, 0.00000000773
106, 50.00000000000, 488.13099339035, 101.44829982665, 4.12500003222, 0.00000000000, 0.00000000955, 0.00000000970
107, 50.00000000000, 478.68647748534, -30000000.00000000000, 0.00000000000, 0.00000000000, 0.00000090104, 0.66000001198
108, 50.00000000000, 525.74443656345, 93.22369394427, 4.12500003222, 0.00000000000, -0.00000000294, 0.00000001305
109, 50.00000000000, 532.37048275997, 84.25672580235, 4.12500003222, 0.00000000000, 0.00000000472, -0.00000001258
110, 50.00000000000, 539.05201668111, -30000000.00000000000, 0.00000000000, 0.00000000000, 0.00000041767, 0.66000001198
111, 50.00000000000, 545.77179603882, -30000000.00000000000, 0.00000000000, 0.00000000000, -0.00000076431, 0.66000001198
112, 50.00000000000, 583.81394202240, 97.03762486850, 4.12500003222, 0.00000000000, -0.00000001236, 0.00000000229
113, 50.00000000000, 594.63081169466, 114.79009481399, 4.12500003222, 0.00000000000, 0.00000000440, -0.00000004569
114, 50.00000000000, 619.35811341782, 121.14380070807, 4.12500003222, 0.00000000000, 0.00000000073, -0.00000002073
115, 50.00000000000, 617.08287733555, -30000000.00000000000, 0.00000000000, 0.00000000000, 0.00000207609, 0.66000001198
116, 50.00000000000, 621.15503974163, -30000000.00000000000, 0.00000000000, 0.00000000000, 0.00000135948, 0.66000001198
117, 50.00000000000, 643.59352930570, -30000000.00000000000, 0.00000000000, 0.00000000000, 0.00000028890, 0.66000001198
118, 50.00000000000, 661.93821782888, -30000000.00000000000, 0.00000000000, 0.00000000000, -0.00000066518, 0.66000001198
119, 50.00000000000, 677.80786175520, -30000000.00000000000, 0.00000000000, 0.00000000000, -0.00000008347, 0.66000001198
120, 50.00000000000, 731.28625599521, 115.04456866874, 4.12500003222, 0.00000000000, -0.00000000051, -0.00000000101
121, 50.00000000000, 720.30656405536, 64.22302367891, 4.12500003222, 0.00000000000, 0.00000000273, 0.00000000468
122, 50.00000000000, 738.27683699165, 79.58823996454, 4.12500003222, 0.00000000000, -0.00000000697, -0.00000004733
123, 50.00000000000, 752.22759272297, -30000000.00000000000, 0.00000000000, 0.00000000000, 0.00000049558, 0.66000001198
124, 50.00000000000, 778.95013524226, 45.50667702278, 4.12500003222, 0.00000000000, -0.00000000739, 0.00000000250
125, 50.00000000000, 800.63917618528, 54.69687229215, 4.12500003222, 0.00000000000, -0.00000000198, 0.00000002145
126, 50.00000000000, 796.92100672307, -30000000.00000000000, 0.00000000000, 0.00000000000, 0.00000094659, 0.66000001198
127, 50.00000000000, 822.03916367755, -30000000.00000000000, 0.00000000000, 0.00000000000, -0.00000059331, 0.66000001198
128, 50.00000000000, 849.42784602841, 67.80682900041, 4.12500003222, 0.00000000000, -0.00000000103, 0.00000001028
129, 50.00000000000, 844.19655883800, 103.85111717606, 4.12500003222, 0.00000000000, -0.00000000236, 0.00000002109
130, 50.00000000000, 892.50649713748, 66.16923973742, 4.12500003222, 0.00000000000, -0.00000000232, -0.00000003611
131, 50.00000000000, 881.29162901969, -30000000.00000000000, 0.00000000000, 0.00000000000, 0.00000181700, 0.66000001198
132, 50.00000000000, 901.95507911787, -30000000.00000000000, 0.00000000000, 0.00000000000, -0.00000031456, 0.66000001198
133, 50.00000000000, 898.32888402672, 186.62352606470, 4.12500003222, 0.00000000000, -0.00000000533, -0.00000000983
134, 50.00000000000, 941.40155723876, 58.78511314463, 4.12500003222, 0.00000000000, -0.00000000612, 0.00000002388
135, 50.00000000000, 957.01436384037, 41.97389509341, 4.12500003222, 0.00000000000, 0.00000000578, 0.00000001938
136, 50.00000000000, 972.40402886907, -30000000.00000000000, 0.00000000000, 0.00000000000, -0.00000035837, 0.66000001198
137, 50.00000000000, 992.33372902943, 51.06949457233, 4.12500003222, 0.00000000000, 0.00000000323, -0.00000000244
138, 50.00000000000, 990.34279982445, 92.05936284863, 4.12500003222, 0.00000000000, 0.00000000025, -0.00000001440
139, 50.00000000000, 1031.32907735432, -30000000.00000000000, 0.00000000000, 0.00000000000, -0.00000093901, 0.66000001198
140, 50.00000000000, 1040.42099259026, -30000000.00000000000, 0.00000000000, 0.00000000000, -0.00000085620, 0.66000001198
141, 50.00000000000, 1038.68456524333, 46.29076196549, 4.12500003222, 0.00000000000, -0.00000000389, 0.00000000500
142, 50.00000000000, 1080.47056507641, -30000000.00000000000, 0.00000000000, 0.00000000000, -0.00000023831, 0.66000001198
143, 50.00000000000, 1071.30672679145, 52.71154044212, 4.12500003222, 0.00000000000, 0.00000000895, 0.00000001323
144, 50.00000000000, 1069.17598263214, 14.54897639019, 4.12500003222, 0.00000000000, -0.00000000348, 0.00000000839
145, 50.00000000000, 1094.56458815603, 12.47711830224, 4.12500003222, 0.00000000000, -0.00000000817, 0.00000002080
146, 50.00000000000, 1125.13885763633, 35.59037939392, 4.12500003222, 0.00000000000, -0.00000000882, -0.00000001324
147, 50.00000000000, 1144.46734314497, 27.98205545201, 4.12500003222, 0.00000000000, -0.00000001277, 0.00000006624
148, 50.00000000000, 1153.80446276522, 117.78497683169, 4.12500003222, 0.00000000000, -0.00000000167, 0.00000000335
149, 50.00000000000, 1161.60127381530, 27.36683953716, 4.12500003222, 0.00000000000, -0.00000000688, 0.00000001621
150, 50.00000000000, 1177.96723553196, 36.09428044734, 4.12500003222, 0.00000000000, 0.00000001236, -0.00000005489
151, 50.00000000000, 1203.30216547661, 12.64918373966, 4.12500003222, 0.00000000000, 0.00000000579, -0.00000001280
152, 50.00000000000, 1189.80462260533, 121.71445497578, 4.12500003222, 0.00000000000, -0.00000000049, -0.00000000399
153, 50.00000000000, 1236.22323895890, 11.84896929870, 4.12500003222, 0.00000000000, -0.00000000721, 0.00000001343
154, 50.00000000000, 1252.84252491365, 27.98406185785, 4.12500003222, 0.00000000000, 0.00000000475, -0.00000003018
155, 50.00000000000, 1248.59312296428, 59.32087360611, 4.12500003222, 0.00000000000, -0.00000000800, 0.00000003776
156, 50.00000000000, 1253.63963157392, 98.07827625641, 4.12500003222, 0.00000000000, -0.00000000001, 0.00000003277
157, 50.00000000000, 1267.47847398512, 58.37777608325, 4.12500003222, 0.00000000000, 0.00000000075, -0.00000003733
158, 50.00000000000, 1269.32552918886, 112.34794675392, 4.12500003222, 0.00000000000, -0.00000000313, -0.00000002224
159, 50.00000000000, 1282.28780236370, 61.41079160053, 4.12500003222, 0.00000000000, 0.00000000422, 0.00000001851
160, 50.00000000000, 78.30073652486, 30.82227857725, 4.12500003222, 0.00000000000, -0.00000000236, -0.00000000981
161, 50.00000000000, 83.84386253817, 68.36087586100, 4.12500003222, 0.00000000000, -0.00000000117, -0.00000001682
162, 50.00000000000, 112.72736758556, 5.41191154090, 4.12500003222, 0.00000000000, -0.00000000171, -0.00000005728
163, 50.00000000000, 119.02869378975, 26.49212739227, 4.12500003222, 0.00000000000, -0.00000000105, 0.00000005493
164, 50.00000000000, 126.03134195341, 50.43484836258, 4.12500003222, 0.00000000000, 0.00000000467, -0.00000002558
165, 50.00000000000, 132.67618317623, 43.94637566240, 4.12500003222, 0.00000000000, -0.00000003093, -0.00000000231
166, 50.00000000000, 163.40760301544, 38.83847460154, 4.12500003222, 0.00000000000, 0.00000001406, 0.00000001819
167, 50.00000000000, 176.49338283509, 21.99133293789, 4.12500003222, 0.00000000000, -0.00000001144, 0.00000001576
168, 50.00000000000, 182.54079654813, 64.02843592624, 4.12500003222, 0.00000000000, 0.00000000716, -0.00000003872
169, 50.00000000000, 209.76349920058, 15.69694168116, 4.12500003222, 0.00000000000, 0.00000000119, -0.00000002125
170, 50.00000000000, 228.43781186271, 5.75425504688, 4.12500003222, 0.00000000000, 0.00000000257, -0.00000001490
171, 50.00000000000, 245.68661894391, 34.03848075878, 4.12500003222, 0.00000000000, 0.00000000079, 0.00000001042
172, 50.00000000000, 266.25090236312, 8.23293567392, 4.12500003222, 0.00000000000, -0.00000000015, 0.00000003637
173, 50.00000000000, 278.15952640918, 48.32831613778, 4.12500003222, 0.00000000000, -0.00000000078, -0.00000000546
174, 50.00000000000, 296.92816554465, 7.67129330143, 4.12500003222, 0.00000000000, -0.00000000911, 0.00000002213
175, 50.00000000000, 305.47832043766, 13.42882236802, 4.12500003222, 0.00000000000, -0.00000000036, 0.00000002347
176, 50.00000000000, 325.62698501023, 25.19523839509, 4.12500003222, 0.00000000000, -0.00000001195, -0.00000001304
177, 50.00000000000, 345.74661156746, 48.73079022099, 4.12500003222, 0.00000000000, 0.00000000883, 0.00000001455
178, 50.00000000000, 365.09966701782, 86.38678316298, 4.12500003222, 0.00000000000, 0.00000000021, 0.00000000054
179, 50.00000000000, 372.96597740851, 99.44786011928, 4.12500003222, 0.00000000000, -0.00000000443, -0.00000002929
180, 50.00000000000, 392.16278370021, 103.81787338061, 4.12500003222, 0.00000000000, -0.00000000212, -0.00000000753
181, 50.00000000000, 408.11643920709, 88.71697311482, 4.12500003222, 0.00000000000, -0.00000000670, 0.00000002437
182, 50.00000000000, 428.23203232245, 105.29300144309, 4.12500003222, 0.00000000000, -0.00000000317, 0.00000001528
183, 50.00000000000, 427.46450725267, 38.59289751094, 4.12500003222, 0.00000000000, 0.00000000093, 0.00000000607
184, 50.00000000000, 419.54036532895, -30000000.00000000000, 0.00000000000, 0.00000000000, 0.00000008439, 0.66000001198
185, 50.00000000000, 459.26913904185, 121.13459935070, 4.12500003222, 0.00000000000, 0.00000000245, -0.00000001036
186, 50.00000000000, 478.50619986393, 84.74333174747, 4.12500003222, 0.00000000000, 0.00000002009, -0.00000000823
187, 50.00000000000, 491.74761140691, 79.00658019073, 4.12500003222, 0.00000000000, 0.00000000167, 0.00000002186
188, 50.00000000000, 514.68720435195, 58.55813188695, 4.12500003222, 0.00000000000, 0.00000001217, 0.00000003849
189, 50.00000000000, 534.15461395157, 45.14537582052, 4.12500003222, 0.00000000000, -0.00000000125, 0.00000001739
190, 50.00000000000, 520.58267380689, -30000000.00000000000, 0.00000000000, 0.00000000000, 0.00000135806, 0.66000001198
191, 50.00000000000, 563.46174751496, 80.13057694754, 4.12500003222, 0.00000000000, 0.00000000257, 0.00000002851
192, 50.00000000000, 574.08011057829, 150.55111742957, 4.12500003222, 0.00000000000, -0.00000000616, 0.00000003664
193, 50.00000000000, 582.10944462633, 185.12293152599, 4.12500003222, 0.00000000000, -0.00000000323, -0.00000002064
194, 50.00000000000, 599.18650496474, 171.57922159250, 4.12500003222, 0.00000000000, -0.00000000965, -0.00000000022
195, 50.00000000000, 612.28101428985, -30000000.00000000000, 0.00000000000, 0.00000000000, 0.00000223237, 0.66000001198
196, 50.00000000000, 639.89820585641, -30000000.00000000000, 0.00000000000, 0.00000000000, 0.00000073799, 0.66000001198
197, 50.00000000000, 653.53228575771, -30000000.00000000000, 0.00000000000, 0.00000000000, -0.00000007266, 0.66000001198
198, 50.00000000000, 675.86724774642, 60.38919231179, 4.12500003222, 0.00000000000, -0.00000000021, -0.00000001679
199, 50.00000000000, 673.06020826581, -30000000.00000000000, 0.00000000000, 0.00000000000, 0.00000070719, 0.66000001198
200, 50.00000000000, 711.89167579029, 99.51899440915, 4.12500003222, 0.00000000000, 0.00000000248, -0.00000002556
201, 50.00000000000, 727.75592335530, 101.34402803969, 4.12500003222, 0.00000000000, -0.00000000697, 0.00000001517
202, 50.00000000000, 729.65105238297, 47.27101361921, 4.12500003222, 0.00000000000, -0.00000000234, 0.00000000455
203, 50.00000000000, 756.44150424276, -30000000.00000000000, 0.00000000000, 0.00000000000, -0.00000024601, 0.66000001198
204, 50.00000000000, 765.68247227427, -30000000.00000000000, 0.00000000000, 0.00000000000, -0.00000020833, 0.66000001198
205, 50.00000000000, 797.75811306912, 39.37915136917, 4.12500003222, 0.00000000000, 0.00000000166, 0.00000001854
206, 50.00000000000, 817.23366765087, 36.72966667127, 4.12500003222, 0.00000000000, 0.00000000911, 0.00000000310
207, 50.00000000000, 809.91206733389, 69.65954740130, 4.12500003222, 0.00000000000, -0.00000001064, 0.00000000508
208, 50.00000000000, 827.97723758889, 100.73371189008, 4.12500003222, 0.00000000000, -0.00000000257, 0.00000001076
209, 50.00000000000, 829.32561910198, 69.57312793336, 4.12500003222, 0.00000000000, 0.00000000183, -0.00000001767
210, 50.00000000000, 866.59283745094, -30000000.00000000000, 0.00000000000, 0.00000000000, 0.00000161984, 0.66000001198
211, 50.00000000000, 890.63605409679, -30000000.00000000000, 0.00000000000, 0.00000000000, 0.00000103109, 0.66000001198
212, 50.00000000000, 898.51205373701, 44.12311306422, 4.12500003222, 0.00000000000, 0.00000000089, 0.00000002458
213, 50.00000000000, 915.76837511254, -30000000.00000000000, 0.00000000000, 0.00000000000, -0.00000147500, 0.66000001198
214, 50.00000000000, 936.36562117527, 102.88682676313, 4.12500003222, 0.00000000000, 0.00000000082, 0.00000000311
215, 50.00000000000, 956.11065217397, 53.50009388581, 4.12500003222, 0.00000000000, 0.00000000669, -0.00000000766
216, 50.00000000000, 977.20912967662, 50.43705336974, 4.12500003222, 0.00000000000, 0.00000000440, -0.00000000509
217, 50.00000000000, 984.27381532761, -30000000.00000000000, 0.00000000000, 0.00000000000, -0.00000176700, 0.66000001198
218, 50.00000000000, 1003.32229807529, -30000000.00000000000, 0.00000000000, 0.00000000000, 0.00000034875, 0.66000001198
219, 50.00000000000, 1025.88273151686, -30000000.00000000000, 0.00000000000, 0.00000000000, -0.00000022594, 0.66000001198
220, 50.00000000000, 1001.12427320552, 130.58552067593, 4.12500003222, 0.00000000000, -0.00000000166, 0.00000000524
221, 50.00000000000, 1050.26901207034, 43.59383675891, 4.12500003222, 0.00000000000, 0.00000000825, -0.00000000728
222, 50.00000000000, 1061.52422702725, 55.00583133424, 4.12500003222, 0.00000000000, 0.00000001066, 0.00000000491
223, 50.00000000000, 1071.57984988054, 35.33110679311, 4.12500003222, 0.00000000000, -0.00000001349, 0.00000002229
224, 50.00000000000, 1080.52340684705, 13.43533861062, 4.12500003222, 0.00000000000, 0.00000000637, 0.00000001094
225, 50.00000000000, 1113.87135092559, 23.38244888172, 4.12500003222, 0.00000000000, -0.00000000124, 0.00000004269
226, 50.00000000000, 1109.31326638214, 80.51669046423, 4.12500003222, 0.00000000000, -0.00000000832, 0.00000000681
227, 50.00000000000, 1137.85123339306, 48.56407986341, 4.12500003222, 0.00000000000, 0.00000001763, -0.00000004646
228, 50.00000000000, 1146.98750261814, 9.78167350981, 4.12500003222, 0.00000000000, 0.00000000424, -0.00000002420
229, 50.00000000000, 1164.96895084950, 15.86611748000, 4.12500003222, 0.00000000000, 0.00000002138, -0.00000004934
230, 50.00000000000, 1181.30028262427, 14.91987777075, 4.12500003222, 0.00000000000, -0.00000001007, -0.00000002464
231, 50.00000000000, 1200.39550888193, 60.76500418576, 4.12500003222, 0.00000000000, 0.00000000458, 0.00000005110
232, 50.00000000000, 1220.50075620245, 30.57623980001, 4.12500003222, 0.00000000000, 0.00000000134, -0.00000003582
233, 50.00000000000, 1214.86123929482, 53.70597542093, 4.12500003222, 0.00000000000, 0.00000000111, -0.00000000382
234, 50.00000000000, 1223.90891025579, 60.97725505827, 4.12500003222, 0.00000000000, -0.00000000383, -0.00000001266
235, 50.00000000000, 1239.40919041692, 79.35130876265, 4.12500003222, 0.00000000000, 0.00000000179, -0.00000002551
236, 50.00000000000, 1282.46514770498, 6.41333003963, 4.12500003222, 0.00000000000, -0.00000000332, 0.00000002391
237, 50.00000000000, 1264.73080760892, 76.39655735831, 4.12500003222, 0.00000000000, -0.00000000305, 0.00000001162
238, 50.00000000000, 1271.49890267439, 90.39344584236, 4.12500003222, 0.00000000000, -0.00000001015, -0.00000000661
239, 50.00000000000, 1296.48533089970, 90.56098482687, 4.12500003222, 0.00000000000, 0.00000000734, -0.00000002413
240, 50.00000000000, 85.49925062916, 45.03689474224, 4.12500003222, 0.00000000000, 0.00000000068, 0.00000001654
241, 50.00000000000, 79.55646118954, 11.64204168733, 4.12500003222, 0.00000000000, -0.00000000550, 0.00000001615
242, 50.00000000000, 100.41197579716, 25.67355747653, 4.12500003222, 0.00000000000, -0.00000000392, 0.00000002045
243, 50.00000000000, 114.75748187744, 81.00821759644, 4.12500003222, 0.00000000000, -0.00000000056, -0.00000000900
244, 50.00000000000, 131.16028889777, 81.75824029068, 4.12500003222, 0.00000000000, 0.00000000093, 0.00000001945
245, 50.00000000000, 142.12998530772, 65.16580680158, 4.12500003222, 0.00000000000, 0.00000000809, -0.00000003202
246, 50.00000000000, 154.88599864396, 21.69829594001, 4.12500003222, 0.00000000000, -0.00000000509, 0.00000000962
247, 50.00000000000, 136.12373683343, 116.27590335792, 4.12500003222, 0.00000000000, -0.00000000697, -0.00000000263
248, 50.00000000000, 149.13152642787, 78.65457777969, 4.12500003222, 0.00000000000, 0.00000000612, -0.00000002345
249, 50.00000000000, 160.60356962105, 92.26775446499, 4.12500003222, 0.00000000000, -0.00000000275, 0.00000002982
250, 50.00000000000, 211.53784020199, 24.33429059396, 4.12500003222, 0.00000000000, 0.00000000865, 0.00000003553
251, 50.00000000000, 189.59364972765, 110.06742096977, 4.12500003222, 0.00000000000, -0.00000000698, -0.00000002039
252, 50.00000000000, 254.67906300594, 52.91078001017, 4.12500003222, 0.00000000000, 0.00000000093, -0.00000000563
253, 50.00000000000, 281.62846297129, 36.09107426529, 4.12500003222, 0.00000000000, 0.00000000630, 0.00000001398
254, 50.00000000000, 245.46744934391, 131.56296870617, 4.12500003222, 0.00000000000, -0.00000000048, -0.00000000526
255, 50.00000000000, 246.89851686271, 151.96234970395, 4.12500003222, 0.00000000000, 0.00000000352, 0.00000000680
256, 50.00000000000, 282.98439848498, 171.21074161509, 4.12500003222, 0.00000000000, 0.00000000099, 0.00000001054
257, 50.00000000000, 343.95580306458, 59.42916542934, 4.12500003222, 0.00000000000, 0.00000000931, 0.00000001788
258, 50.00000000000, 364.55611792840, 74.35806331810, 4.12500003222, 0.00000000000, 0.00000000787, -0.00000000647
259, 50.00000000000, 373.50509915961, 33.70251591553, 4.12500003222, 0.00000000000, 0.00000000166, 0.00000000568
260, 50.00000000000, 390.14381910304, 48.45080841557, 4.12500003222, 0.00000000000, 0.00000001027, -0.00000002863
261, 50.00000000000, 397.95185843862, 56.28693668737, 4.12500003222, 0.00000000000, 0.00000000250, -0.00000001820
262, 50.00000000000, 388.93887788843, -30000000.00000000000, 0.00000000000, 0.00000000000, 0.00000061209, 0.66000001198
263, 50.00000000000, 444.22614079442, 88.40807187419, 4.12500003222, 0.00000000000, -0.00000000193, -0.00000000808
264, 50.00000000000, 440.73478297843, 55.59296478763, 4.12500003222, 0.00000000000, -0.00000000255, 0.00000002371
265, 50.00000000000, 459.50613849802, 84.28834727792, 4.12500003222, 0.00000000000, -0.00000000212, 0.00000002478
266, 50.00000000000, 478.74356486954, 119.56346256260, 4.12500003222, 0.00000000000, 0.00000000199, 0.00000000478
267, 50.00000000000, 500.99512711573, 89.05346688767, 4.12500003222, 0.00000000000, -0.00000000887, 0.00000001685
268, 50.00000000000, 509.15968645419, 78.75764192543, 4.12500003222, 0.00000000000, 0.00000000100, -0.00000000767
269, 50.00000000000, 533.76382956298, 60.34827249698, 4.12500003222, 0.00000000000, -0.00000000062, 0.00000000486
270, 50.00000000000, 531.84524923006, -30000000.00000000000, 0.00000000000, 0.00000000000, -0.00000014633, 0.66000001198
271, 50.00000000000, 565.54729035734, 102.75471308913, 4.12500003222, 0.00000000000, 0.00000000679, -0.00000003747
272, 50.00000000000, 571.48272305556, 63.36276971872, 4.12500003222, 0.00000000000, -0.00000000109, -0.00000001426
273, 50.00000000000, 605.47751997860, 137.18706150548, 4.12500003222, 0.00000000000, 0.00000000705, 0.00000002472
274, 50.00000000000, 614.39496188125, 104.91364789911, 4.12500003222, 0.00000000000, 0.00000000087, 0.00000004132
275, 50.00000000000, 619.24757288160, 85.56320858101, 4.12500003222, 0.00000000000, 0.00000000417, 0.00000000130
276, 50.00000000000, 629.15038711257, -30000000.00000000000, 0.00000000000, 0.00000000000, 0.00000099221, 0.66000001198
277, 50.00000000000, 663.71719737691, 74.25866452157, 4.12500003222, 0.00000000000, -0.00000000595, 0.00000001016
278, 50.00000000000, 660.57065993030, -30000000.00000000000, 0.00000000000, 0.00000000000, -0.00000089032, 0.66000001198
279, 50.00000000000, 679.93142222471, 42.10578195401, 4.12500003222, 0.00000000000, -0.00000000779, 0.00000002582
280, 50.00000000000, 694.87787975621, -30000000.00000000000, 0.00000000000, 0.00000000000, -0.00000029079, 0.66000001198
281, 50.00000000000, 719.07263117196, 83.03223153965, 4.12500003222, 0.00000000000, 0.00000000556, 0.00000000342
282, 50.00000000000, 745.01697509145, -30000000.00000000000, 0.00000000000, 0.00000000000, -0.00000014535, 0.66000001198
283, 50.00000000000, 764.02335155301, 118.72601016669, 4.12500003222, 0.00000000000, -0.00000000133, 0.00000000008
284, 50.00000000000, 775.51857651872, 80.24473675573, 4.12500003222, 0.00000000000, 0.00000000212, -0.00000001244
285, 50.00000000000, 786.29845201467, -30000000.00000000000, 0.00000000000, 0.00000000000, 0.00000050588, 0.66000001198
286, 50.00000000000, 817.88193548861, 52.68986989558, 4.12500003222, 0.00000000000, 0.00000000011, -0.00000000086
287, 50.00000000000, 836.75533697281, 49.76787671283, 4.12500003222, 0.00000000000, -0.00000000247, -0.00000001815
288, 50.00000000000, 839.46921890601, -30000000.00000000000, 0.00000000000, 0.00000000000, -0.00000101373, 0.66000001198
289, 50.00000000000, 869.32241523367, 66.82896306535, 4.12500003222, 0.00000000000, 0.00000000300, 0.00000001372
290, 50.00000000000, 860.22037695227, 87.52458700046, 4.12500003222, 0.00000000000, 0.00000000349, 0.00000001697
291, 50.00000000000, 879.29438185705, 49.88633944033, 4.12500003222, 0.00000000000, 0.00000000652, -0.00000001520
292, 50.00000000000, 905.22338823391, -30000000.00000000000, 0.00000000000, 0.00000000000, -0.00000110819, 0.66000001198
293, 50.00000000000, 917.80929197256, 95.21184273192, 4.12500003222, 0.00000000000, 0.00000000106, -0.00000000561
294, 50.00000000000, 921.07447092313, 42.52600109430, 4.12500003222, 0.00000000000, -0.00000000453, 0.00000000116
295, 50.00000000000, 942.06141957897, 34.07829414075, 4.12500003222, 0.00000000000, 0.00000000348, -0.00000001413
296, 50.00000000000, 970.01954875349, 84.68575474975, 4.12500003222, 0.00000000000, 0.00000000435, 0.00000000296
297, 50.00000000000, 980.32570599605, 72.93096676652, 4.12500003222, 0.00000000000, 0.00000000168, -0.00000000991
298, 50.00000000000, 999.24983146724, 74.82448581908, 4.12500003222, 0.00000000000, 0.00000000067, 0.00000001790
299, 50.00000000000, 1030.85399897460, -30000000.00000000000, 0.00000000000, 0.00000000000, -0.00000088796, 0.66000001198
300, 50.00000000000, 1030.14774434834, 55.33832054584, 4.12500003222, 0.00000000000, 0.00000000107, 0.00000004064
301, 50.00000000000, 1046.94451750174, 86.13961530898, 4.12500003222, 0.00000000000, -0.00000000247, 0.00000000091
302, 50.00000000000, 1052.14519372393, 65.94661115326, 4.12500003222, 0.00000000000, -0.00000000440, -0.00000001067
303, 50.00000000000, 1095.76986868288, -30000000.00000000000, 0.00000000000, 0.00000000000, -0.00000083959, 0.66000001198
304, 50.00000000000, 1084.32365623588, 55.02716864792, 4.12500003222, 0.00000000000, 0.00000000471, -0.00000000532
305, 50.00000000000, 1113.40022987409, 49.33792542754, 4.12500003222, 0.00000000000, -0.00000001919, -0.00000002802
306, 50.00000000000, 1105.81393854540, 7.67082752982, 4.12500003222, 0.00000000000, 0.00000000202, -0.00000002465
307, 50.00000000000, 1126.50260672079, 68.54822253373, 4.12500003222, 0.00000000000, 0.00000000636, 0.00000001143
308, 50.00000000000, 1156.43456166952, 48.53678402521, 4.12500003222, 0.00000000000, 0.00000001126, -0.00000000416
309, 50.00000000000, 1176.05798392000, 57.93329107919, 4.12500003222, 0.00000000000, -0.00000001597, -0.00000003216
310, 50.00000000000, 1187.73438395420, 6.42867338920, 4.12500003222, 0.00000000000, -0.00000000837, -0.00000002633
311, 50.00000000000, 1184.79470517033, 67.15710068672, 4.12500003222, 0.00000000000, -0.00000000609, -0.00000003872
312, 50.00000000000, 1223.75691232203, 8.15517236823, 4.12500003222, 0.00000000000, 0.00000000230, 0.00000003257
313, 50.00000000000, 1216.72023243983, 22.25715026199, 4.12500003222, 0.00000000000, 0.00000001443, -0.00000000088
314, 50.00000000000, 1215.95431333517, 75.66281176801, 4.12500003222, 0.00000000000, 0.00000000957, -0.00000000074
315, 50.00000000000, 1236.15159005888, 46.07201837558, 4.12500003222, 0.00000000000, 0.00000000678, 0.00000000509
316, 50.00000000000, 1248.39092214616, 82.64525043664, 4.12500003222, 0.00000000000, 0.00000000422, -0.00000003983
317, 50.00000000000, 1267.09946571228, 45.90946546017, 4.12500003222, 0.00000000000, 0.00000000674, -0.00000002747
318, 50.00000000000, 1285.53986362029, 29.00080751964, 4.12500003222, 0.00000000000, -0.00000000252, 0.00000003669
319, 50.00000000000, 1305.10747614292, 53.83868280475, 4.12500003222, 0.00000000000, 0.00000000222, -0.00000001904
320, 50.00000000000, -15.81525601760, 121.61005155456, 4.12500003222, 0.00000000000, -0.00000000000, 0.00000000000
321, 50.00000000000, 90.16131638223, 9.22991656001, 4.12500003222, 0.00000000000, 0.00000000108, -0.00000002660
322, 50.00000000000, 95.88135345885, 57.98636064222, 4.12500003222, 0.00000000000, -0.00000001156, -0.00000000937
323, 50.00000000000, 108.08669345296, 41.11665519479, 4.12500003222, 0.00000000000, 0.00000001385, -0.00000000696
324, 50.00000000000, 73.44495054972, 195.54688994006, 4.12500003222, 0.00000000000, 0.00000000000, 0.00000000000
325, 50.00000000000, 143.55086752823, 24.67650372502, 4.12500003222, 0.00000000000, 0.00000001249, -0.00000001330
326, 50.00000000000, 157.49808810326, 46.25675409738, 4.12500003222, 0.00000000000, 0.00000001123, -0.00000000600
327, 50.00000000000, 177.96133934727, 43.52072550643, 4.12500003222, 0.00000000000, -0.00000000257, 0.00000001388
328, 50.00000000000, 191.84195483328, 16.60186618519, 4.12500003222, 0.00000000000, 0.00000000026, -0.00000001079
329, 50.00000000000, 183.31936987384, 87.58146700203, 4.12500003222, 0.00000000000, -0.00000000035, 0.00000000543
330, 50.00000000000, 191.06735139205, 126.96177919318, 4.12500003222, 0.00000000000, 0.00000000037, 0.00000001040
331, 50.00000000000, 197.40257785592, 95.28175483810, 4.12500003222, 0.00000000000, -0.00000000018, -0.00000000882
332, 50.00000000000, 270.74607454921, 55.41263902441, 4.12500003222, 0.00000000000, -0.00000000688, 0.00000000980
333, 50.00000000000, 282.44276341627, 83.39051775159, 4.12500003222, 0.00000000000, -0.00000000001, 0.00000000032
334, 50.00000000000, 301.53646639031, 79.69984227086, 4.12500003222, 0.00000000000, 0.00000000155, -0.00000001124
335, 50.00000000000, 264.79463573291, 162.35555317681, 4.12500003222, 0.00000000000, -0.00000000058, -0.00000000061
336, 50.00000000000, 323.46061006170, 48.41407713530, 4.12500003222, 0.00000000000, -0.00000000529, -0.00000002852
337, 50.00000000000, 353.86642491512, 90.78091845062, 4.12500003222, 0.00000000000, -0.00000000955, 0.00000001449
338, 50.00000000000, 357.26403381106, 64.08891328526, 4.12500003222, 0.00000000000, 0.00000000742, 0.00000000345
339, 50.00000000000, 340.00595498222, -30000000.00000000000, 0.00000000000, 0.00000000000, -0.00000017105, 0.66000001198
340, 50.00000000000, 377.17396917023, 53.08714712174, 4.12500003222, 0.00000000000, -0.00000001546, 0.00000004467
341, 50.00000000000, 409.15137872859, 48.75894312230, 4.12500003222, 0.00000000000, -0.00000000210, -0.00000000216
342, 50.00000000000, 414.38912824754, 71.72851511599, 4.12500003222, 0.00000000000, 0.00000000205, 0.00000001137
343, 50.00000000000, 411.95594727245, -30000000.00000000000, 0.00000000000, 0.00000000000, 0.00000040949, 0.66000001198
344, 50.00000000000, 421.63645327278, -30000000.00000000000, 0.00000000000, 0.00000000000, 0.00000031613, 0.66000001198
345, 50.00000000000, 463.30909607284, 99.85929861219, 4.12500003222, 0.00000000000, 0.00000000391, 0.00000000989
346, 50.00000000000, 473.43290456769, 68.48237182128, 4.12500003222, 0.00000000000, 0.00000000352, -0.00000002180
347, 50.00000000000, 494.93935110242, 66.32983551585, 4.12500003222, 0.00000000000, -0.00000000510, 0.00000001864
348, 50.00000000000, 514.95184018701, 48.59288077646, 4.12500003222, 0.00000000000, 0.00000000624, -0.00000003022
349, 50.00000000000, 508.76185780467, -30000000.00000000000, 0.00000000000, 0.00000000000, 0.00000080948, 0.66000001198
350, 50.00000000000, 564.06672260341, 134.40482094356, 4.12500003222, 0.00000000000, -0.00000000988, -0.00000002462
351, 50.00000000000, 573.54462335253, 86.70154922940, 4.12500003222, 0.00000000000, 0.00000000045, 0.00000000220
352, 50.00000000000, 576.62497252439, 117.97257801198, 4.12500003222, 0.00000000000, -0.00000000148, 0.00000000022
353, 50.00000000000, 586.52456538579, 74.68892641562, 4.12500003222, 0.00000000000, 0.00000000737, 0.00000001644
354, 50.00000000000, 604.34834928588, 103.42256458808, 4.12500003222, 0.00000000000, 0.00000000065, 0.00000004287
355, 50.00000000000, 621.32349675993, 96.67817546504, 4.12500003222, 0.00000000000, 0.00000001136, 0.00000005626
356, 50.00000000000, 620.49637219162, 173.67959702458, 4.12500003222, 0.00000000000, 0.00000000198, 0.00000002023
357, 50.00000000000, 650.93527623614, 107.17377427081, 4.12500003222, 0.00000000000, 0.00000000002, 0.00000001291
358, 50.00000000000, 640.99314829125, 175.61857125763, 4.12500003222, 0.00000000000, 0.00000000097, -0.00000000598
359, 50.00000000000, 683.79355610753, -30000000.00000000000, 0.00000000000, 0.00000000000, -0.00000056277, 0.66000001198
360, 50.00000000000, 712.72760361920, 119.39350123991, 4.12500003222, 0.00000000000, 0.00000000205, -0.00000000735
361, 50.00000000000, 727.00397751718, 30.64605682904, 4.12500003222, 0.00000000000, -0.00000000690, 0.00000000060
362, 50.00000000000, 747.52499565271, 112.05787877184, 4.12500003222, 0.00000000000, -0.00000000180, 0.00000000051
363, 50.00000000000, 745.05988569523, 35.66485742035, 4.12500003222, 0.00000000000, 0.00000000403, 0.00000000020
364, 50.00000000000, 755.17032007039, 80.45484373628, 4.12500003222, 0.00000000000, -0.00000000747, 0.00000001699
365, 50.00000000000, 795.67981608080, 237.28456285034, 4.12500003222, 0.00000000000, -0.00000000246, -0.00000001990
366, 50.00000000000, 807.98956735489, -30000000.00000000000, 0.00000000000, 0.00000000000, -0.00000008405, 0.66000001198
367, 50.00000000000, 811.47827788867, -30000000.00000000000, 0.00000000000, 0.00000000000, 0.00000036708, 0.66000001198
368, 50.00000000000, 833.69649444093, -30000000.00000000000, 0.00000000000, 0.00000000000, -0.00000141773, 0.66000001198
369, 50.00000000000, 829.15967439756, 123.22287248850, 4.12500003222, 0.00000000000, -0.00000000114, -0.00000001879
370, 50.00000000000, 861.82135976299, 109.35199237515, 4.12500003222, 0.00000000000, -0.00000001114, 0.00000000398
371, 50.00000000000, 890.63339669740, -30000000.00000000000, 0.00000000000, 0.00000000000, 0.00000103162, 0.66000001198
372, 50.00000000000, 897.14509146975, 88.73334704145, 4.12500003222, 0.00000000000, -0.00000000437, 0.00000003277
373, 50.00000000000, 911.25391772068, 57.64233252536, 4.12500003222, 0.00000000000, -0.00000000303, -0.00000002504
374, 50.00000000000, 934.49745811034, 47.86261785972, 4.12500003222, 0.00000000000, -0.00000001419, 0.00000001503
375, 50.00000000000, 963.24966930524, -30000000.00000000000, 0.00000000000, 0.00000000000, 0.00000058485, 0.66000001198
376, 50.00000000000, 975.56517072570, -30000000.00000000000, 0.00000000000, 0.00000000000, -0.00000023486, 0.66000001198
377, 50.00000000000, 982.22434434389, 20.04313014763, 4.12500003222, 0.00000000000, -0.00000000583, -0.00000000212
378, 50.00000000000, 995.14984243814, 37.48442346415, 4.12500003222, 0.00000000000, -0.00000000255, 0.00000002858
379, 50.00000000000, 1011.96026829064, 87.67202560916, 4.12500003222, 0.00000000000, -0.00000000889, -0.00000000274
380, 50.00000000000, 1029.65550949621, 70.65567556277, 4.12500003222, 0.00000000000, 0.00000000685, -0.00000003881
381, 50.00000000000, 1038.98769861041, 106.51740506332, 4.12500003222, 0.00000000000, 0.00000000664, -0.00000000457
382, 50.00000000000, 1061.38052801746, 74.38174436829, 4.12500003222, 0.00000000000, -0.00000000765, -0.00000000023
383, 50.00000000000, 1075.46694045811, 71.38160432308, 4.12500003222, 0.00000000000, -0.00000000175, -0.00000003174
384, 50.00000000000, 1082.58173852956, 32.43975724727, 4.12500003222, 0.00000000000, -0.00000001002, 0.00000000193
385, 50.00000000000, 1103.42370558466, 42.45503205548, 4.12500003222, 0.00000000000, 0.00000001060, 0.00000001795
386, 50.00000000000, 1123.83748013067, 43.62754822639, 4.12500003222, 0.00000000000, 0.00000000362, -0.00000006611
387, 50.00000000000, 1125.87755820701, 11.70726891758, 4.12500003222, 0.00000000000, -0.00000000264, -0.00000001082
388, 50.00000000000, 1143.43595348166, 42.22705254110, 4.12500003222, 0.00000000000, 0.00000000066, -0.00000001391
389, 50.00000000000, 1154.55804522559, 84.49610040182, 4.12500003222, 0.00000000000, -0.00000000048, -0.00000000223
390, 50.00000000000, 1176.95450755725, 89.12238818564, 4.12500003222, 0.00000000000, -0.00000000055, 0.00000000866
391, 50.00000000000, 1189.38432284511, 76.68960768213, 4.12500003222, 0.00000000000, 0.00000000497, -0.00000002476
392, 50.00000000000, 1211.54459772854, 44.21625790402, 4.12500003222, 0.00000000000, -0.00000000503, -0.00000000001
393, 50.00000000000, 1236.40981898497, 27.39776585123, 4.12500003222, 0.00000000000, -0.00000000978, -0.00000003943
394, 50.00000000000, 1224.35848333655, 83.93311981151, 4.12500003222, 0.00000000000, 0.00000001579, -0.00000001277
395, 50.00000000000, 1237.40166430559, 63.46917483820, 4.12500003222, 0.00000000000, 0.00000001047, 0.00000001011
396, 50.00000000000, 1251.21315904655, 42.87094216305, 4.12500003222, 0.00000000000, 0.00000000403, 0.00000003883
397, 50.00000000000, 1259.93563852960, 92.22850153720, 4.12500003222, 0.00000000000, 0.00000000398, -0.00000001025
398, 50.00000000000, 1289.46706950106, 106.52044807894, 4.12500003222, 0.00000000000, 0.00000000423, 0.00000003452
399, 50.00000000000, 1285.96606764310, 41.63787290261, 4.12500003222, 0.00000000000, -0.00000000406, 0.00000001773
400, 50.00000000000, 66.26546509969, 31.20513547099, 4.12500003222, 0.00000000000, -0.00000000269, 0.00000000171
401, 50.00000000000, 75.45579899023, 53.62268847069, 4.12500003222, 0.00000000000, 0.00000001162, -0.00000000106
402, 50.00000000000, 104.61127770565, 97.68045630661, 4.12500003222, 0.00000000000, -0.00000000206, 0.00000000166
403, 50.00000000000, 105.85907607688, 60.93139575581, 4.12500003222, 0.00000000000, -0.00000000591, 0.00000002181
404, 50.00000000000, 129.87343340829, 64.96639786886, 4.12500003222, 0.00000000000, 0.00000001330, 0.00000001738
405, 50.00000000000, 132.81362938920, 11.47990924654, 4.12500003222, 0.00000000000, 0.00000000252, 0.00000001931
406, 50.00000000000, 155.88678599878, 34.57512737688, 4.12500003222, 0.00000000000, 0.00000000982, -0.00000004147
407, 50.00000000000, 142.54028554323, 97.84929377823, 4.12500003222, 0.00000000000, 0.00000000258, -0.00000001996
408, 50.00000000000, 171.52939376728, 77.18136629365, 4.12500003222, 0.00000000000, -0.00000002095, 0.00000000103
409, 50.00000000000, 189.91915045586, 74.31369041784, 4.12500003222, 0.00000000000, 0.00000000797, -0.00000002084
410, 50.00000000000, 174.69012529749, 94.11066376616, 4.12500003222, 0.00000000000, -0.00000000631, 0.00000002779
411, 50.00000000000, 204.71418049420, 248.65745216871, 4.12500003222, 0.00000000000, 0.00000000000, 0.00000000000
412, 50.00000000000, 228.41936983339, 143.90019075227, 4.12500003222, 0.00000000000, -0.00000000222, -0.00000000782
413, 50.00000000000, 234.67611552191, 219.32581719916, 4.12500003222, 0.00000000000, 0.00000000000, 0.00000000000
414, 50.00000000000, 288.58745307018, 67.65471356921, 4.12500003222, 0.00000000000, -0.00000000421, 0.00000002514
415, 50.00000000000, 320.51285374888, 80.24680283980, 4.12500003222, 0.00000000000, -0.00000000285, -0.00000001649
416, 50.00000000000, 317.33451969323, 15.18696772803, 4.12500003222, 0.00000000000, -0.00000000092, 0.00000001677
417, 50.00000000000, 337.39959229401, 29.64726879631, 4.12500003222, 0.00000000000, 0.00000000147, -0.00000001821
418, 50.00000000000, 322.42956292726, -30000000.00000000000, 0.00000000000, 0.00000000000, 0.00000072823, 0.66000001198
419, 50.00000000000, 339.49563006144, -30000000.00000000000, 0.00000000000, 0.00000000000, -0.00000011559, 0.66000001198
420, 50.00000000000, 353.13639307633, 199.63526331527, 4.12500003222, 0.00000000000, 0.00000000000, 0.00000000000
421, 50.00000000000, 405.08075056242, 112.70055644469, 4.12500003222, 0.00000000000, 0.00000000734, 0.00000000281
422, 50.00000000000, 419.15207901169, 128.02705169103, 4.12500003222, 0.00000000000, -0.00000000168, 0.00000000750
423, 50.00000000000, 405.77340567594, -30000000.00000000000, 0.00000000000, 0.00000000000, 0.00000163363, 0.66000001198
424, 50.00000000000, 440.15083522836, 125.08035231892, 4.12500003222, 0.00000000000, -0.00000000025, -0.00000001272
425, 50.00000000000, 431.99413008865, -30000000.00000000000, 0.00000000000, 0.00000000000, -0.00000150851, 0.66000001198
426, 50.00000000000, 478.89700126064, 60.59164845716, 4.12500003222, 0.00000000000, -0.00000000864, 0.00000000771
427, 50.00000000000, 464.24818503432, 227.89497862629, 4.12500003222, 0.00000000000, 0.00000001077, -0.00000000460
428, 50.00000000000, 522.24962680313, 79.34144057608, 4.12500003222, 0.00000000000, -0.00000000250, -0.00000001240
429, 50.00000000000, 507.52694227155, -30000000.00000000000, 0.00000000000, 0.00000000000, 0.00000032952, 0.66000001198
430, 50.00000000000, 553.86708464218, 117.55351766862, 4.12500003222, 0.00000000000, -0.00000000625, 0.00000002926
431, 50.00000000000, 549.36113019734, 95.75063041909, 4.12500003222, 0.00000000000, 0.00000000587, 0.00000000772
432, 50.00000000000, 567.79009194951, -30000000.00000000000, 0.00000000000, 0.00000000000, -0.00000171706, 0.66000001198
433, 50.00000000000, 597.16780032251, 91.36360138259, 4.12500003222, 0.00000000000, -0.00000001538, -0.00000002093
434, 50.00000000000, 593.88802590325, 149.93708138263, 4.12500003222, 0.00000000000, 0.00000001319, 0.00000001890
435, 50.00000000000, 626.53266816392, 73.82532493958, 4.12500003222, 0.00000000000, 0.00000000186, -0.00000001663
436, 50.00000000000, 642.17446848612, 85.43179093932, 4.12500003222, 0.00000000000, -0.00000000135, 0.00000000850
437, 50.00000000000, 659.67423243625, 90.47033114938, 4.12500003222, 0.00000000000, 0.00000000074, -0.00000000930
438, 50.00000000000, 663.36204707750, 57.28529120002, 4.12500003222, 0.00000000000, 0.00000000704, 0.00000001143
439, 50.00000000000, 687.22546174354, 63.60455779048, 4.12500003222, 0.00000000000, 0.00000000542, -0.00000000491
440, 50.00000000000, 701.29006425814, 78.87174670491, 4.12500003222, 0.00000000000, 0.00000000048, 0.00000000937
441, 50.00000000000, 718.97314057585, -30000000.00000000000, 0.00000000000, 0.00000000000, -0.00000019778, 0.66000001198
442, 50.00000000000, 730.38082713688, -30000000.00000000000, 0.00000000000, 0.00000000000, 0.00000005238, 0.66000001198
443, 50.00000000000, 756.70194086394, 46.41652848797, 4.12500003222, 0.00000000000, 0.00000000516, -0.00000000092
444, 50.00000000000, 746.15054335043, 131.63101647782, 4.12500003222, 0.00000000000, 0.00000000489, -0.00000001690
445, 50.00000000000, 787.57269472818, 62.52802982228, 4.12500003222, 0.00000000000, 0.00000000494, 0.00000001195
446, 50.00000000000, 804.09865519874, 100.95927692461, 4.12500003222, 0.00000000000, 0.00000000529, 0.00000000162
447, 50.00000000000, 796.95234732953, 79.84508837715, 4.12500003222, 0.00000000000, -0.00000000027, -0.00000003579
448, 50.00000000000, 820.24772942232, 111.30155158505, 4.12500003222, 0.00000000000, 0.00000000228, 0.00000003171
449, 50.00000000000, 858.06621576284, 49.01909452892, 4.12500003222, 0.00000000000, -0.00000000039, 0.00000000349
450, 50.00000000000, 841.43360925861, 159.69068878735, 4.12500003222, 0.00000000000, 0.00000000212, 0.00000000529
451, 50.00000000000, 879.56571733242, 81.82167198458, 4.12500003222, 0.00000000000, -0.00000001172, 0.00000001325
452, 50.00000000000, 906.72404817217, -30000000.00000000000, 0.00000000000, 0.00000000000, -0.00000081974, 0.66000001198
453, 50.00000000000, 881.03598692995, 198.06895893342, 4.12500003222, 0.00000000000, -0.00000000280, -0.00000000369
454, 50.00000000000, 934.22530185834, 80.60523352623, 4.12500003222, 0.00000000000, 0.00000000225, 0.00000000301
455, 50.00000000000, 960.53549386189, -30000000.00000000000, 0.00000000000, 0.00000000000, 0.00000106156, 0.66000001198
456, 50.00000000000, 956.27764116527, 74.03712996594, 4.12500003222, 0.00000000000, -0.00000000232, -0.00000001488
457, 50.00000000000, 993.12444048294, 194.28714968576, 4.12500003222, 0.00000000000, 0.00000000000, 0.00000000000
458, 50.00000000000, 979.21417564985, 107.11799851579, 4.12500003222, 0.00000000000, -0.00000000400, -0.00000000104
459, 50.00000000000, 1003.45607916946, 106.19584210241, 4.12500003222, 0.00000000000, 0.00000000384, -0.00000000101
460, 50.00000000000, 1016.94707773006, 120.14059142793, 4.12500003222, 0.00000000000, -0.00000000126, -0.00000000112
461, 50.00000000000, 1040.56769689880, 67.72717078891, 4.12500003222, 0.00000000000, -0.00000000987, -0.00000001577
462, 50.00000000000, 1034.91445210197, 124.30258578635, 4.12500003222, 0.00000000000, -0.00000000280, 0.00000001066
463, 50.00000000000, 1069.28240212347, 133.73569187813, 4.12500003222, 0.00000000000, 0.00000000070, 0.00000000078
464, 50.00000000000, 1091.54825865782, 24.58210230898, 4.12500003222, 0.00000000000, 0.00000000768, -0.00000005889
465, 50.00000000000, 1106.93855762033, 60.20685091104, 4.12500003222, 0.00000000000, -0.00000001407, -0.00000003507
466, 50.00000000000, 1121.46494624922, 58.32620260243, 4.12500003222, 0.00000000000, 0.00000000012, 0.00000001688
467, 50.00000000000, 1133.53355012354, 59.56468678288, 4.12500003222, 0.00000000000, -0.00000000059, 0.00000002376
468, 50.00000000000, 1144.69104018140, 80.43073988072, 4.12500003222, 0.00000000000, 0.00000000862, -0.00000001744
469, 50.00000000000, 1159.50525357443, 99.09055479976, 4.12500003222, 0.00000000000, -0.00000000472, -0.00000001694
470, 50.00000000000, 1166.85714518046, 78.52141016642, 4.12500003222, 0.00000000000, -0.00000000749, 0.00000000552
471, 50.00000000000, 1203.29661944751, 36.56595312463, 4.12500003222, 0.00000000000, -0.00000001053, -0.00000002170
472, 50.00000000000, 1170.48780561871, 130.87084215953, 4.12500003222, 0.00000000000, 0.00000000405, -0.00000000531
473, 50.00000000000, 1206.16115904450, 92.45545135896, 4.12500003222, 0.00000000000, -0.00000000344, 0.00000003288
474, 50.00000000000, 1230.19171079337, 69.57232931790, 4.12500003222, 0.00000000000, 0.00000000170, -0.00000001331
475, 50.00000000000, 1270.39532049996, 13.59134630805, 4.12500003222, 0.00000000000, -0.00000000874, 0.00000000652
476, 50.00000000000, 1236.09642267328, 89.34087687882, 4.12500003222, 0.00000000000, -0.00000000281, -0.00000002080
477, 50.00000000000, 1266.75517555304, 132.08288372178, 4.12500003222, 0.00000000000, 0.00000000069, -0.00000000021
478, 50.00000000000, 1278.17403777889, 74.93262362152, 4.12500003222, 0.00000000000, 0.00000001254, 0.00000001946
479, 50.00000000000, 1299.19737753697, 70.78314256884, 4.12500003222, 0.00000000000, -0.00000000854, 0.00000001334
480, 50.00000000000, 61.02803035388, 46.04615361242, 4.12500003222, 0.00000000000, 0.00000000445, -0.00000002025
481, 50.00000000000, 85.48385298373, 92.14313030996, 4.12500003222, 0.00000000000, 0.00000000231, -0.00000001080
482, 50.00000000000, 97.75596489196, 40.78619356321, 4.12500003222, 0.00000000000, 0.00000000819, -0.00000004288
483, 50.00000000000, 115.19871143602, 45.40266354781, 4.12500003222, 0.00000000000, 0.00000001239, -0.00000001549
484, 50.00000000000, 114.10761306771, 117.82049499869, 4.12500003222, 0.00000000000, -0.00000000164, -0.00000000586
485, 50.00000000000, 139.51583763335, 49.57187826567, 4.12500003222, 0.00000000000, -0.00000000809, 0.00000002791
486, 50.00000000000, 160.89725172430, 58.64798906396, 4.12500003222, 0.00000000000, -0.00000000712, -0.00000002331
487, 50.00000000000, 174.59257040572, 7.05029065209, 4.12500003222, 0.00000000000, 0.00000001409, -0.00000003967
488, 50.00000000000, 150.39789643447, 130.08774336224, 4.12500003222, 0.00000000000, -0.00000000435, 0.00000000502
489, 50.00000000000, 164.44476858837, 71.74590838246, 4.12500003222, 0.00000000000, 0.00000001362, 0.00000003681
490, 50.00000000000, 213.50762715085, 40.77878202659, 4.12500003222, 0.00000000000, -0.00000000185, -0.00000000689
491, 50.00000000000, 210.32409848300, 133.82559486971, 4.12500003222, 0.00000000000, 0.00000000036, 0.00000000613
492, 50.00000000000, 208.38695539106, 114.30580709381, 4.12500003222, 0.00000000000, 0.00000000287, -0.00000000807
493, 50.00000000000, 268.95244493409, 69.92336439236, 4.12500003222, 0.00000000000, 0.00000000284, 0.00000000413
494, 50.00000000000, 282.73868954919, 11.90224679044, 4.12500003222, 0.00000000000, 0.00000000091, -0.00000001214
495, 50.00000000000, 300.84313909347, 45.50324255310, 4.12500003222, 0.00000000000, 0.00000000458, -0.00000003663
496, 50.00000000000, 315.48649040173, 27.53635838999, 4.12500003222, 0.00000000000, -0.00000001563, -0.00000005020
497, 50.00000000000, 352.47522248008, 72.06333408375, 4.12500003222, 0.00000000000, 0.00000000423, -0.00000000193
498, 50.00000000000, 365.65687863264, 54.46807489729, 4.12500003222, 0.00000000000, 0.00000000546, -0.00000002630
499, 50.00000000000, 375.07530186099, 76.69601405249, 4.12500003222, 0.00000000000, 0.00000000469, -0.00000002121
500, 50.00000000000, 391.48750371069, 33.88635347270, 4.12500003222, 0.00000000000, 0.00000000706, 0.00000000781
501, 50.00000000000, 412.33126455876, 104.84435672375, 4.12500003222, 0.00000000000, -0.00000000334, 0.00000001402
502, 50.00000000000, 415.83759901330, 56.49990520768, 4.12500003222, 0.00000000000, -0.00000000101, -0.00000001511
503, 50.00000000000, 439.48661110788, 73.81957832704, 4.12500003222, 0.00000000000, -0.00000000345, 0.00000002996
504, 50.00000000000, 421.88715905444, -30000000.00000000000, 0.00000000000, 0.00000000000, 0.00000027989, 0.66000001198
505, 50.00000000000, 450.39502337979, 213.21143736148, 4.12500003222, 0.00000000000, -0.00000000235, -0.00000000869
506, 50.00000000000, 470.58065286568, 207.78506357481, 4.12500003222, 0.00000000000, -0.00000000552, 0.00000002758
507, 50.00000000000, 496.71416266893, 58.08502245852, 4.12500003222, 0.00000000000, -0.00000000027, 0.00000000157
508, 50.00000000000, 510.66940026294, 96.19547377795, 4.12500003222, 0.00000000000, -0.00000000758, 0.00000000051
509, 50.00000000000, 490.41279684947, 204.37079122547, 4.12500003222, 0.00000000000, 0.00000000856, -0.00000000266
510, 50.00000000000, 529.65376166794, -30000000.00000000000, 0.00000000000, 0.00000000000, 0.00000028521, 0.66000001198
511, 50.00000000000, 557.40542293386, 154.49503328610, 4.12500003222, 0.00000000000, 0.00000000759, 0.00000002410
512, 50.00000000000, 580.02253887310, 165.89075404072, 4.12500003222, 0.00000000000, -0.00000000298, -0.00000001506
513, 50.00000000000, 599.82301169279, 126.10629618984, 4.12500003222, 0.00000000000, 0.00000000479, 0.00000001800
514, 50.00000000000, 612.26370043462, 118.28075496683, 4.12500003222, 0.00000000000, 0.00000000381, -0.00000002068
515, 50.00000000000, 623.13249850238, 137.03980088025, 4.12500003222, 0.00000000000, 0.00000000147, 0.00000002685
516, 50.00000000000, 633.52634916971, -30000000.00000000000, 0.00000000000, 0.00000000000, 0.00000124373, 0.66000001198
517, 50.00000000000, 646.34817177626, 71.25337478179, 4.12500003222, 0.00000000000, 0.00000000533, -0.00000002408
518, 50.00000000000, 661.28834365681, 179.04636548438, 4.12500003222, 0.00000000000, -0.00000000404, -0.00000001069
519, 50.00000000000, 678.87591122877, 79.52568317689, 4.12500003222, 0.00000000000, -0.00000000089, -0.00000001906
520, 50.00000000000, 701.66737116100, -30000000.00000000000, 0.00000000000, 0.00000000000, -0.00000054288, 0.66000001198
521, 50.00000000000, 735.40113059309, 92.84893733348, 4.12500003222, 0.00000000000, 0.00000000206, 0.00000001314
522, 50.00000000000, 747.25576341450, 61.16285923838, 4.12500003222, 0.00000000000, -0.00000000202, 0.00000000541
523, 50.00000000000, 747.66260697377, -30000000.00000000000, 0.00000000000, 0.00000000000, -0.00000066804, 0.66000001198
524, 50.00000000000, 776.82209270652, 229.33402845380, 4.12500003222, 0.00000000000, 0.00000000216, -0.00000000188
525, 50.00000000000, 780.60005647343, -30000000.00000000000, 0.00000000000, 0.00000000000, -0.00000020647, 0.66000001198
526, 50.00000000000, 785.07091300175, 113.45973187345, 4.12500003222, 0.00000000000, -0.00000000097, -0.00000001213
527, 50.00000000000, 817.51110031151, 87.26969613780, 4.12500003222, 0.00000000000, -0.00000000048, -0.00000000589
528, 50.00000000000, 817.18457476865, 135.37422139910, 4.12500003222, 0.00000000000, -0.00000000014, 0.00000000957
529, 50.00000000000, 838.07921074826, 140.09997523053, 4.12500003222, 0.00000000000, 0.00000000142, 0.00000000123
530, 50.00000000000, 857.85663085009, 146.93217116364, 4.12500003222, 0.00000000000, 0.00000000208, 0.00000002054
531, 50.00000000000, 879.03895795646, 100.94591606257, 4.12500003222, 0.00000000000, 0.00000000624, -0.00000003018
532, 50.00000000000, 913.89300562644, -30000000.00000000000, 0.00000000000, 0.00000000000, -0.00000106621, 0.66000001198
533, 50.00000000000, 925.62006018208, 64.48418237983, 4.12500003222, 0.00000000000, 0.00000000237, -0.00000000504
534, 50.00000000000, 916.79315647667, 196.70206111212, 4.12500003222, 0.00000000000, 0.00000000327, -0.00000000405
535, 50.00000000000, 950.15253019243, 90.42901100697, 4.12500003222, 0.00000000000, -0.00000000796, -0.00000000210
536, 50.00000000000, 969.00592084146, 93.98415657288, 4.12500003222, 0.00000000000, 0.00000000526, 0.00000000826
537, 50.00000000000, 960.65549986687, 22.97435558866, 4.12500003222, 0.00000000000, 0.00000000129, -0.00000002694
538, 50.00000000000, 993.50263350511, 62.31037946040, 4.12500003222, 0.00000000000, 0.00000000007, -0.00000001674
539, 50.00000000000, 1009.99906334649, 55.41728561996, 4.12500003222, 0.00000000000, -0.00000000263, -0.00000000182
540, 50.00000000000, 1025.75185839110, 48.32473641296, 4.12500003222, 0.00000000000, -0.00000000643, 0.00000000986
541, 50.00000000000, 1047.57686273213, 54.34117309395, 4.12500003222, 0.00000000000, -0.00000000537, 0.00000001698
542, 50.00000000000, 1057.65823006985, 33.07204989448, 4.12500003222, 0.00000000000, 0.00000000808, -0.00000003396
543, 50.00000000000, 1098.15561847898, 201.58551984729, 4.12500003222, 0.00000000000, 0.00000000000, 0.00000000000
544, 50.00000000000, 1095.67903951052, 62.58208720006, 4.12500003222, 0.00000000000, -0.00000000931, -0.00000004561
545, 50.00000000000, 1137.18687615141, 184.23443285886, 4.12500003222, 0.00000000000, -0.00000000036, -0.00000000121
546, 50.00000000000, 1142.99305298271, 203.13497381556, 4.12500003222, 0.00000000000, 0.00000000036, 0.00000000121
547, 50.00000000000, 1131.60856495693, 25.32089781836, 4.12500003222, 0.00000000000, -0.00000001011, 0.00000000983
548, 50.00000000000, 1140.59412203512, 100.75123517975, 4.12500003222, 0.00000000000, -0.00000000782, -0.00000000129
549, 50.00000000000, 1172.89700235054, 47.84049475742, 4.12500003222, 0.00000000000, -0.00000000995, 0.00000006873
550, 50.00000000000, 1192.61188411099, 51.75138044665, 4.12500003222, 0.00000000000, -0.00000000839, 0.00000000904
551, 50.00000000000, 1174.03849913398, 110.71489593200, 4.12500003222, 0.00000000000, 0.00000001142, 0.00000001267
552, 50.00000000000, 1207.08381011841, 69.48686260633, 4.12500003222, 0.00000000000, -0.00000000215, 0.00000000319
553, 50.00000000000, 1217.59197766397, 91.88253600029, 4.12500003222, 0.00000000000, -0.00000000986, 0.00000004976
554, 50.00000000000, 1222.61310439442, 106.88006745663, 4.12500003222, 0.00000000000, -0.00000001114, 0.00000000026
555, 50.00000000000, 1238.23804999262, 102.33908283869, 4.12500003222, 0.00000000000, -0.00000000310, 0.00000001454
556, 50.00000000000, 1251.85300909727, 116.33607523290, 4.12500003222, 0.00000000000, 0.00000000571, -0.00000000474
557, 50.00000000000, 1261.98161585747, 152.20944342987, 4.12500003222, 0.00000000000, -0.00000000365, -0.00000000405
558, 50.00000000000, 1276.73511678479, 98.66460690679, 4.12500003222, 0.00000000000, -0.00000000755, -0.00000000110
559, 50.00000000000, 1288.74873331636, 52.00983260930, 4.12500003222, 0.00000000000, 0.00000000024, -0.00000002315
560, 50.00000000000, 73.71205287668, 77.67151671308, 4.12500003222, 0.00000000000, -0.00000000425, 0.00000001219
561, 50.00000000000, 27.40234885013, 296.98018828001, 4.12500003222, 0.00000000000, 0.00000000000, 0.00000000000
562, 50.00000000000, 97.98528780110, 77.40245076944, 4.12500003222, 0.00000000000, 0.00000000026, -0.00000000477
563, 50.00000000000, 123.46962647655, 100.42194356845, 4.12500003222, 0.00000000000, 0.00000000228, -0.00000000319
564, 50.00000000000, 92.65493683354, 112.76839508938, 4.12500003222, 0.00000000000, 0.00000000228, 0.00000001475
565, 50.00000000000, 141.34897855949, 31.44818298667, 4.12500003222, 0.00000000000, 0.00000000257, -0.00000004047
566, 50.00000000000, 149.59063761143, 56.63727381004, 4.12500003222, 0.00000000000, -0.00000001517, 0.00000001726
567, 50.00000000000, 128.73960253542, 133.67976490485, 4.12500003222, 0.00000000000, 0.00000000188, 0.00000000704
568, 50.00000000000, 157.51332850719, 110.90701727335, 4.12500003222, 0.00000000000, 0.00000000792, 0.00000000188
569, 50.00000000000, 176.44063115187, 108.60668519731, 4.12500003222, 0.00000000000, -0.00000000485, -0.00000000236
570, 50.00000000000, 171.67819403509, 126.40544054441, 4.12500003222, 0.00000000000, 0.00000000077, 0.00000000589
571, 50.00000000000, 210.75660973638, 153.74762258767, 4.12500003222, 0.00000000000, -0.00000000089, 0.00000000850
572, 50.00000000000, 263.38382667696, 39.83911408541, 4.12500003222, 0.00000000000, -0.00000000513, -0.00000000058
573, 50.00000000000, 227.14804618365, 122.57685999304, 4.12500003222, 0.00000000000, 0.00000000271, 0.00000000417
574, 50.00000000000, 289.61310966563, 59.68192569351, 4.12500003222, 0.00000000000, -0.00000000475, 0.00000001572
575, 50.00000000000, 301.85387892426, 25.08643140568, 4.12500003222, 0.00000000000, 0.00000000953, -0.00000000948
576, 50.00000000000, 282.63309715992, 151.25128526989, 4.12500003222, 0.00000000000, -0.00000000045, -0.00000000995
577, 50.00000000000, 341.53561174902, 80.86721704889, 4.12500003222, 0.00000000000, -0.00000000087, 0.00000002303
578, 50.00000000000, 320.24312966861, 201.63882380280, 4.12500003222, 0.00000000000, 0.00000000000, 0.00000000000
579, 50.00000000000, 382.78653816583, 119.49785496517, 4.12500003222, 0.00000000000, 0.00000000266, -0.00000000682
580, 50.00000000000, 396.32149297541, 69.40357442099, 4.12500003222, 0.00000000000, -0.00000001130, 0.00000000376
581, 50.00000000000, 401.51651219455, 125.17494407723, 4.12500003222, 0.00000000000, 0.00000000725, 0.00000001007
582, 50.00000000000, 390.77758831900, 164.96568204567, 4.12500003222, 0.00000000000, 0.00000000000, 0.00000000000
583, 50.00000000000, 426.71032002577, 75.26529505672, 4.12500003222, 0.00000000000, 0.00000000187, -0.00000002149
584, 50.00000000000, 446.55554676408, 105.23204748781, 4.12500003222, 0.00000000000, 0.00000000563, 0.00000001327
585, 50.00000000000, 442.52616531724, -30000000.00000000000, 0.00000000000, 0.00000000000, -0.00000187657, 0.66000001198
586, 50.00000000000, 471.09864570614, 104.79137801325, 4.12500003222, 0.00000000000, -0.00000001584, -0.00000000511
587, 50.00000000000, 484.44091624515, 224.31546264456, 4.12500003222, 0.00000000000, -0.00000001146, -0.00000001163
588, 50.00000000000, 513.22554217594, 71.36677413096, 4.12500003222, 0.00000000000, 0.00000000850, -0.00000001206
589, 50.00000000000, 529.37049554537, 67.72196610179, 4.12500003222, 0.00000000000, 0.00000000287, 0.00000000905
590, 50.00000000000, 544.78653685271, 78.02928189059, 4.12500003222, 0.00000000000, -0.00000000304, -0.00000001938
591, 50.00000000000, 564.02451668167, 172.31804804931, 4.12500003222, 0.00000000000, 0.00000000358, 0.00000000690
592, 50.00000000000, 584.08952385049, 134.65329265502, 4.12500003222, 0.00000000000, 0.00000000329, -0.00000002404
593, 50.00000000000, 605.38783388415, 84.18653639214, 4.12500003222, 0.00000000000, -0.00000000647, -0.00000004172
594, 50.00000000000, 612.98463718908, 155.66206135339, 4.12500003222, 0.00000000000, -0.00000000987, -0.00000002882
595, 50.00000000000, 634.48603612067, 117.37919306487, 4.12500003222, 0.00000000000, 0.00000000000, 0.00000000543
596, 50.00000000000, 637.18821561488, 94.25276249572, 4.12500003222, 0.00000000000, 0.00000000097, -0.00000000218
597, 50.00000000000, 632.80975744603, 156.53849147243, 4.12500003222, 0.00000000000, 0.00000000225, -0.00000001390
598, 50.00000000000, 667.19049989530, -30000000.00000000000, 0.00000000000, 0.00000000000, -0.00000021048, 0.66000001198
599, 50.00000000000, 653.40756965990, 159.14089933588, 4.12500003222, 0.00000000000, 0.00000000167, 0.00000001391
600, 50.00000000000, 703.58707089712, -30000000.00000000000, 0.00000000000, 0.00000000000, -0.00000033473, 0.66000001198
601, 50.00000000000, 725.70322039236, 134.70051189283, 4.12500003222, 0.00000000000, -0.00000000007, 0.00000000571
602, 50.00000000000, 737.90113940623, 53.30284323483, 4.12500003222, 0.00000000000, 0.00000000290, 0.00000000833
603, 50.00000000000, 762.33613964542, -30000000.00000000000, 0.00000000000, 0.00000000000, 0.00000045388, 0.66000001198
604, 50.00000000000, 767.16929999172, 63.12599939597, 4.12500003222, 0.00000000000, 0.00000000182, -0.00000000949
605, 50.00000000000, 786.11681689254, 95.09018939285, 4.12500003222, 0.00000000000, -0.00000000122, 0.00000002328
606, 50.00000000000, 792.95948643991, 215.86258862487, 4.12500003222, 0.00000000000, 0.00000000030, 0.00000002178
607, 50.00000000000, 805.05560398977, 121.58530826506, 4.12500003222, 0.00000000000, -0.00000000337, -0.00000000745
608, 50.00000000000, 841.26430653170, 118.30040579818, 4.12500003222, 0.00000000000, -0.00000000728, -0.00000005447
609, 50.00000000000, 853.06578026940, 126.42315252763, 4.12500003222, 0.00000000000, 0.00000000904, 0.00000001795
610, 50.00000000000, 860.06564006348, 168.36639138694, 4.12500003222, 0.00000000000, 0.00000000156, -0.00000001820
611, 50.00000000000, 876.51522406479, 156.78721756527, 4.12500003222, 0.00000000000, -0.00000000214, -0.00000000256
612, 50.00000000000, 879.38475418164, 177.32301133400, 4.12500003222, 0.00000000000, 0.00000000193, 0.00000000297
613, 50.00000000000, 912.06633592903, 76.89808274649, 4.12500003222, 0.00000000000, 0.00000000657, -0.00000000566
614, 50.00000000000, 899.35987503690, 206.91775560252, 4.12500003222, 0.00000000000, -0.00000000226, 0.00000001171
615, 50.00000000000, 958.11364477926, 107.10529581145, 4.12500003222, 0.00000000000, -0.00000000373, 0.00000000570
616, 50.00000000000, 970.81522167736, 61.38847576968, 4.12500003222, 0.00000000000, 0.00000000327, -0.00000001045
617, 50.00000000000, 979.56786171822, 128.40933353344, 4.12500003222, 0.00000000000, -0.00000000002, 0.00000000541
618, 50.00000000000, 993.74060788900, 115.62381581338, 4.12500003222, 0.00000000000, -0.00000000074, 0.00000001837
619, 50.00000000000, 1016.29490683021, 69.42578409517, 4.12500003222, 0.00000000000, 0.00000000724, -0.00000001242
620, 50.00000000000, 1029.83410356456, 87.56446465193, 4.12500003222, 0.00000000000, 0.00000000670, -0.00000002313
621, 50.00000000000, 1035.64147939779, 31.96136828035, 4.12500003222, 0.00000000000, 0.00000000491, 0.00000001079
622, 50.00000000000, 1049.36973697691, 139.25964852592, 4.12500003222, 0.00000000000, -0.00000000068, -0.00000000032
623, 50.00000000000, 1054.62331182674, 119.40021331744, 4.12500003222, 0.00000000000, 0.00000000382, -0.00000000049
624, 50.00000000000, 1091.69863690322, 43.78350172010, 4.12500003222, 0.00000000000, 0.00000000177, 0.00000006514
625, 50.00000000000, 1091.99671337677, 77.72200455597, 4.12500003222, 0.00000000000, -0.00000000098, 0.00000003678
626, 50.00000000000, 1123.36434783392, 92.08133487827, 4.12500003222, 0.00000000000, 0.00000000174, 0.00000004677
627, 50.00000000000, 1131.48433767658, 80.44328095641, 4.12500003222, 0.00000000000, 0.00000000705, -0.00000001820
628, 50.00000000000, 1155.45536126944, 60.73913040508, 4.12500003222, 0.00000000000, 0.00000001507, 0.00000001386
629, 50.00000000000, 1166.30414672159, 69.07306266747, 4.12500003222, 0.00000000000, -0.00000000500, -0.00000004284
630, 50.00000000000, 1191.68568945131, 43.91228270097, 4.12500003222, 0.00000000000, 0.00000000489, 0.00000000128
631, 50.00000000000, 1187.39833236787, 141.81511977021, 4.12500003222, 0.00000000000, 0.00000000097, 0.00000000272
632, 50.00000000000, 1199.36840357622, 84.14561504438, 4.12500003222, 0.00000000000, -0.00000000180, 0.00000000681
633, 50.00000000000, 1205.10870215024, 109.67070403994, 4.12500003222, 0.00000000000, 0.00000000009, -0.00000000734
634, 50.00000000000, 1241.67607280386, 155.80539863210, 4.12500003222, 0.00000000000, -0.00000000041, 0.00000000153
635, 50.00000000000, 1233.22969036311, 122.65283048844, 4.12500003222, 0.00000000000, -0.00000000478, -0.00000000281
636, 50.00000000000, 1254.53391773084, 73.45394657339, 4.12500003222, 0.00000000000, -0.00000000473, 0.00000002873
637, 50.00000000000, 1247.70417249459, 136.53686019890, 4.12500003222, 0.00000000000, -0.00000000285, 0.00000001536
638, 50.00000000000, 1289.06246559064, 20.28552551028, 4.12500003222, 0.00000000000, 0.00000001335, -0.00000003192
639, 50.00000000000, 1304.01831032642, 34.53018301887, 4.12500003222, 0.00000000000, -0.00000000089, -0.00000000329
