0, 50.00000000000, 57.34948558210, 74.61602181802, 4.12500003222, 0.00000000000, 0.00000000448, -0.00000000632
1, 50.00000000000, 31.17842742412, 220.11765534284, 4.12500003222, 0.00000000000, 0.00000000000, 0.00000000000
2, 50.00000000000, 96.36467706670, 10.33187701915, 4.12500003222, 0.00000000000, 0.00000000520, 0.00000000058
3, 50.00000000000, 114.86576103691, 66.82526415387, 4.12500003222, 0.00000000000, -0.00000000989, -0.00000000032
4, 50.00000000000, 125.92924266646, 30.76076719706, 4.12500003222, 0.00000000000, 0.00000000611, 0.00000003997
5, 50.00000000000, 141.13141310744, 42.89576947425, 4.12500003222, 0.00000000000, -0.00000000370, -0.00000004269
6, 50.00000000000, 157.77738996102, 26.07681319792, 4.12500003222, 0.00000000000, -0.00000000487, 0.00000007690
7, 50.00000000000, 161.58756520268, 13.82713417306, 4.12500003222, 0.00000000000, 0.00000001490, -0.00000002144
8, 50.00000000000, 185.96281140902, 8.60888629711, 4.12500003222, 0.00000000000, 0.00000000143, 0.00000004255
9, 50.00000000000, 190.28087487298, 50.32245199386, 4.12500003222, 0.00000000000, 0.00000000060, 0.00000000428
10, 50.00000000000, 206.87492759728, 5.32256641380, 4.12500003222, 0.00000000000, 0.00000000276, 0.00000000962
11, 50.00000000000, 243.66997940489, 21.50276043671, 4.12500003222, 0.00000000000, 0.00000001115, -0.00000002012
12, 50.00000000000, 241.76494050628, 9.07655374428, 4.12500003222, 0.00000000000, -0.00000000419, -0.00000000388
13, 50.00000000000, 278.03409639460, 24.64824119883, 4.12500003222, 0.00000000000, -0.00000000148, 0.00000001952
14, 50.00000000000, 289.41499200255, 29.80886192555, 4.12500003222, 0.00000000000, 0.00000000393, -0.00000000496
15, 50.00000000000, 307.97935583008, 38.35617715465, 4.12500003222, 0.00000000000, 0.00000000458, -0.00000002138
16, 50.00000000000, 310.43178701656, 4.09695738452, 4.12500003222, 0.00000000000, 0.00000000252, -0.00000000640
17, 50.00000000000, 328.72268610747, 42.62125930617, 4.12500003222, 0.00000000000, 0.00000000468, 0.00000000586
18, 50.00000000000, 320.77220573898, -30000000.00000000000, 0.00000000000, 0.00000000000, 0.00000086896, 0.66000001198
19, 50.00000000000, 382.37021231020, 84.96829633245, 4.12500003222, 0.00000000000, 0.00000000215, -0.00000001104
20, 50.00000000000, 354.78505746845, -30000000.00000000000, 0.00000000000, 0.00000000000, -0.00000024838, 0.66000001198
21, 50.00000000000, 404.00197273789, 33.96299442664, 4.12500003222, 0.00000000000, 0.00000000494, -0.00000000541
22, 50.00000000000, 420.08450259500, 116.09561742090, 4.12500003222, 0.00000000000, -0.00000000773, -0.00000002814
23, 50.00000000000, 426.23439808528, 56.70107488850, 4.12500003222, 0.00000000000, -0.00000000539, 0.00000000681
24, 50.00000000000, 432.27415748936, -30000000.00000000000, 0.00000000000, 0.00000000000, -0.00000154884, 0.66000001198
25, 50.00000000000, 450.97760923413, 62.82779969197, 4.12500003222, 0.00000000000, 0.00000000636, -0.00000001513
26, 50.00000000000, 478.03005823645, 46.53365284904, 4.12500003222, 0.00000000000, -0.00000000388, -0.00000001531
27, 50.00000000000, 494.72945829809, 44.15138730427, 4.12500003222, 0.00000000000, 0.00000000103, -0.00000001989
28, 50.00000000000, 490.80233750401, -30000000.00000000000, 0.00000000000, 0.00000000000, 0.00000049650, 0.66000001198
29, 50.00000000000, 544.25780470983, 137.90064426748, 4.12500003222, 0.00000000000, 0.00000000026, 0.00000001550
30, 50.00000000000, 548.28198421744, 63.08900444649, 4.12500003222, 0.00000000000, -0.00000000164, -0.00000000716
31, 50.00000000000, 543.19691392511, -30000000.00000000000, 0.00000000000, 0.00000000000, -0.00000031239, 0.66000001198
32, 50.00000000000, 553.51083804229, -30000000.00000000000, 0.00000000000, 0.00000000000, -0.00000083369, 0.66000001198
33, 50.00000000000, 579.37083240396, -30000000.00000000000, 0.00000000000, 0.00000000000, -0.00000082370, 0.66000001198
34, 50.00000000000, 605.20735269931, 68.47761105496, 4.12500003222, 0.00000000000, -0.00000000311, 0.00000002125
35, 50.00000000000, 628.89918470986, 106.21699325585, 4.12500003222, 0.00000000000, -0.00000000751, 0.00000001904
36, 50.00000000000, 634.34508717800, -30000000.00000000000, 0.00000000000, 0.00000000000, 0.00000103929, 0.66000001198
37, 50.00000000000, 652.04110327195, -30000000.00000000000, 0.00000000000, 0.00000000000, 0.00000034749, 0.66000001198
38, 50.00000000000, 665.81883992390, -30000000.00000000000, 0.00000000000, 0.00000000000, -0.00000046471, 0.66000001198
39, 50.00000000000, 689.62023614904, -30000000.00000000000, 0.00000000000, 0.00000000000, -0.00000146193, 0.66000001198
40, 50.00000000000, 700.00972289972, -30000000.00000000000, 0.00000000000, 0.00000000000, -0.00000081334, 0.66000001198
41, 50.00000000000, 719.85141430925, -30000000.00000000000, 0.00000000000, 0.00000000000, -0.00000036030, 0.66000001198
42, 50.00000000000, 734.90061893577, 73.22897233946, 4.12500003222, 0.00000000000, -0.00000000611, -0.00000000067
43, 50.00000000000, 750.04651192280, 102.31564537788, 4.12500003222, 0.00000000000, -0.00000000327, -0.00000002992
44, 50.00000000000, 768.05090283274, 103.62634355886, 4.12500003222, 0.00000000000, 0.00000000801, -0.00000000766
45, 50.00000000000, 785.39871402538, -30000000.00000000000, 0.00000000000, 0.00000000000, 0.00000067281, 0.66000001198
46, 50.00000000000, 802.72063867561, -30000000.00000000000, 0.00000000000, 0.00000000000, -0.00000020174, 0.66000001198
47, 50.00000000000, 821.86992796889, -30000000.00000000000, 0.00000000000, 0.00000000000, -0.00000056600, 0.66000001198
48, 50.00000000000, 835.05849387833, -30000000.00000000000, 0.00000000000, 0.00000000000, -0.00000162012, 0.66000001198
49, 50.00000000000, 840.23037181451, 89.30619396419, 4.12500003222, 0.00000000000, 0.00000000042, 0.00000002639
50, 50.00000000000, 877.38136137834, -30000000.00000000000, 0.00000000000, 0.00000000000, 0.00000194555, 0.66000001198
51, 50.00000000000, 893.77444871763, -30000000.00000000000, 0.00000000000, 0.00000000000, 0.00000027232, 0.66000001198
52, 50.00000000000, 864.59967872533, 193.97339650236, 4.12500003222, 0.00000000000, 0.00000000082, 0.00000000235
53, 50.00000000000, 929.93711020118, -30000000.00000000000, 0.00000000000, 0.00000000000, -0.00000148395, 0.66000001198
54, 50.00000000000, 942.00735429253, -30000000.00000000000, 0.00000000000, 0.00000000000, -0.00000026674, 0.66000001198
55, 50.00000000000, 956.53609056131, -30000000.00000000000, 0.00000000000, 0.00000000000, 0.00000118068, 0.66000001198
56, 50.00000000000, 977.98592740005, -30000000.00000000000, 0.00000000000, 0.00000000000, -0.00000065949, 0.66000001198
57, 50.00000000000, 975.17478155479, 44.19209978153, 4.12500003222, 0.00000000000, -0.00000000089, 0.00000001014
58, 50.00000000000, 1013.21777405636, -30000000.00000000000, 0.00000000000, 0.00000000000, 0.00000144585, 0.66000001198
59, 50.00000000000, 1014.84247526110, 44.23456508135, 4.12500003222, 0.00000000000, -0.00000000419, 0.00000001863
60, 50.00000000000, 1023.99509971303, 110.55183963461, 4.12500003222, 0.00000000000, -0.00000000404, -0.00000000219
61, 50.00000000000, 1061.90329918524, -30000000.00000000000, 0.00000000000, 0.00000000000, 0.00000017793, 0.66000001198
62, 50.00000000000, 1072.90617315572, -30000000.00000000000, 0.00000000000, 0.00000000000, 0.00000042735, 0.66000001198
63, 50.00000000000, 1104.34584670375, 99.84739945045, 4.12500003222, 0.00000000000, 0.00000002690, -0.00000001161
64, 50.00000000000, 1089.86647180849, 2.24707626711, 4.12500003222, 0.00000000000, -0.00000000659, -0.00000003891
65, 50.00000000000, 1118.32662533538, 71.91533090888, 4.12500003222, 0.00000000000, 0.00000000578, 0.00000001426
66, 50.00000000000, 1112.31385832006, 29.19744769206, 4.12500003222, 0.00000000000, 0.00000000577, 0.00000000496
67, 50.00000000000, 1151.18923749671, 66.37698778185, 4.12500003222, 0.00000000000, -0.00000000822, -0.00000000387
68, 50.00000000000, 1166.82938533676, 38.61751459379, 4.12500003222, 0.00000000000, -0.00000000070, 0.00000001619
69, 50.00000000000, 1172.85543998823, 4.88612779109, 4.12500003222, 0.00000000000, -0.00000000463, -0.00000003029
70, 50.00000000000, 1187.03847930028, 26.03412822787, 4.12500003222, 0.00000000000, 0.00000000003, 0.00000004080
71, 50.00000000000, 1202.56925857490, 27.56555166115, 4.12500003222, 0.00000000000, 0.00000000291, -0.00000000082
72, 50.00000000000, 1233.52046870182, 44.57148801620, 4.12500003222, 0.00000000000, 0.00000001410, 0.00000002964
73, 50.00000000000, 1197.32944563873, 100.31090793724, 4.12500003222, 0.00000000000, -0.00000000362, 0.00000000287
74, 50.00000000000, 1256.74054974899, 11.27017940020, 4.12500003222, 0.00000000000, -0.00000000534, -0.00000002397
75, 50.00000000000, 1269.38460889866, 4.94951570516, 4.12500003222, 0.00000000000, -0.00000000679, -0.00000000725
76, 50.00000000000, 1274.69369650769, 25.44096082821, 4.12500003222, 0.00000000000, 0.00000000983, 0.00000004337
77, 50.00000000000, 1279.08657900069, 37.53022912705, 4.12500003222, 0.00000000000, 0.00000000283, -0.00000004317
78, 50.00000000000, 1310.99553179741, 12.67126266530, 4.12500003222, 0.00000000000, -0.00000000048, 0.00000000818
79, 50.00000000000, 1290.69220106277, 84.27593088664, 4.12500003222, 0.00000000000, -0.00000001306, 0.00000000724
80, 50.00000000000, 60.04416772801, 11.85084967181, 4.12500003222, 0.00000000000, -0.00000000249, -0.00000002135
81, 50.00000000000, 79.96355677518, 26.73930421116, 4.12500003222, 0.00000000000, 0.00000000473, 0.00000000473
82, 50.00000000000, 103.52403492727, 25.47794437788, 4.12500003222, 0.00000000000, -0.00000000413, 0.00000000008
83, 50.00000000000, 117.19772815068, 14.65520761330, 4.12500003222, 0.00000000000, -0.00000000754, 0.00000000932
84, 50.00000000000, 117.32067218436, 35.98846704516, 4.12500003222, 0.00000000000, 0.00000002204, 0.00000003836
85, 50.00000000000, 138.71655968206, 11.81069004672, 4.12500003222, 0.00000000000, -0.00000000556, -0.00000005798
86, 50.00000000000, 149.28323064771, 9.27839142592, 4.12500003222, 0.00000000000, -0.00000000227, -0.00000002316
87, 50.00000000000, 173.24558241681, 31.79790367094, 4.12500003222, 0.00000000000, -0.00000000416, -0.00000008175
88, 50.00000000000, 170.20213437431, 55.87312445447, 4.12500003222, 0.00000000000, 0.00000000787, 0.00000002009
89, 50.00000000000, 190.60446766352, 31.50059420678, 4.12500003222, 0.00000000000, 0.00000000134, -0.00000002263
90, 50.00000000000, 226.22879902786, 15.06759509997, 4.12500003222, 0.00000000000, -0.00000001388, -0.00000000722
91, 50.00000000000, 222.94345233457, 25.78198057585, 4.12500003222, 0.00000000000, -0.00000000776, 0.00000000654
92, 50.00000000000, 264.13942514916, 31.93549679925, 4.12500003222, 0.00000000000, 0.00000000168, -0.00000002172
93, 50.00000000000, 258.96296885495, 21.30703882420, 4.12500003222, 0.00000000000, 0.00000000727, -0.00000000672
94, 50.00000000000, 284.98031549868, 45.30724149113, 4.12500003222, 0.00000000000, -0.00000000017, -0.00000000520
95, 50.00000000000, 304.41667393225, 61.34468188885, 4.12500003222, 0.00000000000, -0.00000000255, -0.00000003107
96, 50.00000000000, 326.86686092294, 9.49361573803, 4.12500003222, 0.00000000000, -0.00000000728, 0.00000004273
97, 50.00000000000, 326.87104740619, 64.47973854565, 4.12500003222, 0.00000000000, 0.00000000068, -0.00000001466
98, 50.00000000000, 351.66923824914, 39.87808656761, 4.12500003222, 0.00000000000, 0.00000000308, -0.00000002906
99, 50.00000000000, 374.28995434019, 66.04047356541, 4.12500003222, 0.00000000000, 0.00000001056, -0.00000000333
100, 50.00000000000, 354.50184675772, -30000000.00000000000, 0.00000000000, 0.00000000000, -0.00000022625, 0.66000001198
101, 50.00000000000, 373.64157133848, -30000000.00000000000, 0.00000000000, 0.00000000000, -0.00000009073, 0.66000001198
102, 50.00000000000, 392.21622457898, -30000000.00000000000, 0.00000000000, 0.00000000000, 0.00000085312, 0.66000001198
103, 50.00000000000, 422.02200330400, 91.70001152104, 4.12500003222, 0.00000000000, -0.00000000279, 0.00000000034
104, 50.00000000000, 442.73021786857, 40.56522307196, 4.12500003222, 0.00000000000, -0.00000000310, -0.00000001712
105, 50.00000000000, 459.21231706871, 48.34151544594, 4.12500003222, 0.00000000000, 0.00000000365, 0.00000000796
106, 50.00000000000, 482.99054568223, 102.25707582301, 4.12500003222, 0.00000000000, 0.00000000527, -0.00000000426
107, 50.00000000000, 478.68647748534, -30000000.00000000000, 0.00000000000, 0.00000000000, 0.00000090104, 0.66000001198
108, 50.00000000000, 519.30534282366, 95.37091360141, 4.12500003222, 0.00000000000, -0.00000000415, -0.00000000606
109, 50.00000000000, 528.55416436084, 88.36995386521, 4.12500003222, 0.00000000000, -0.00000000729, 0.00000001283
110, 50.00000000000, 539.05201668111, -30000000.00000000000, 0.00000000000, 0.00000000000, 0.00000041767, 0.66000001198
111, 50.00000000000, 545.77179603882, -30000000.00000000000, 0.00000000000, 0.00000000000, -0.00000076431, 0.66000001198
112, 50.00000000000, 583.02193693023, 97.91484124961, 4.12500003222, 0.00000000000, -0.00000000148, -0.00000001376
113, 50.00000000000, 593.99482708275, 115.08439303059, 4.12500003222, 0.00000000000, -0.00000000626, 0.00000003846
114, 50.00000000000, 618.89055335995, 121.55051668255, 4.12500003222, 0.00000000000, 0.00000000895, 0.00000002394
115, 50.00000000000, 617.08287733555, -30000000.00000000000, 0.00000000000, 0.00000000000, 0.00000207609, 0.66000001198
116, 50.00000000000, 621.15503974163, -30000000.00000000000, 0.00000000000, 0.00000000000, 0.00000135948, 0.66000001198
117, 50.00000000000, 643.59352930570, -30000000.00000000000, 0.00000000000, 0.00000000000, 0.00000028890, 0.66000001198
118, 50.00000000000, 661.93821782888, -30000000.00000000000, 0.00000000000, 0.00000000000, -0.00000066518, 0.66000001198
119, 50.00000000000, 677.80786175520, -30000000.00000000000, 0.00000000000, 0.00000000000, -0.00000008347, 0.66000001198
120, 50.00000000000, 731.32816657430, 118.57483368980, 4.12500003222, 0.00000000000, 0.00000000498, 0.00000001031
121, 50.00000000000, 721.70726984676, 66.12243701823, 4.12500003222, 0.00000000000, -0.00000000865, 0.00000005985
122, 50.00000000000, 739.22781034596, 82.33198578521, 4.12500003222, 0.00000000000, -0.00000000296, -0.00000000524
123, 50.00000000000, 752.22759272297, -30000000.00000000000, 0.00000000000, 0.00000000000, 0.00000049558, 0.66000001198
124, 50.00000000000, 780.14320583592, 50.05599591391, 4.12500003222, 0.00000000000, -0.00000000447, -0.00000001683
125, 50.00000000000, 801.76216684016, 58.97104312569, 4.12500003222, 0.00000000000, 0.00000000098, 0.00000002300
126, 50.00000000000, 796.92100672307, -30000000.00000000000, 0.00000000000, 0.00000000000, 0.00000094659, 0.66000001198
127, 50.00000000000, 822.03916367755, -30000000.00000000000, 0.00000000000, 0.00000000000, -0.00000059331, 0.66000001198
128, 50.00000000000, 850.47059956136, 72.16457337016, 4.12500003222, 0.00000000000, 0.00000000365, 0.00000000509
129, 50.00000000000, 844.35762648237, 109.45466172312, 4.12500003222, 0.00000000000, 0.00000000201, -0.00000002695
130, 50.00000000000, 893.34014078286, 72.27696662461, 4.12500003222, 0.00000000000, 0.00000000359, 0.00000001555
131, 50.00000000000, 881.29162901969, -30000000.00000000000, 0.00000000000, 0.00000000000, 0.00000181700, 0.66000001198
132, 50.00000000000, 901.95507911787, -30000000.00000000000, 0.00000000000, 0.00000000000, -0.00000031456, 0.66000001198
133, 50.00000000000, 900.03481482855, 187.74961019429, 4.12500003222, 0.00000000000, -0.00000000436, 0.00000001262
134, 50.00000000000, 942.66838804688, 65.72330384405, 4.12500003222, 0.00000000000, -0.00000000873, 0.00000001564
135, 50.00000000000, 958.13406938450, 48.70293830162, 4.12500003222, 0.00000000000, 0.00000000729, -0.00000003049
136, 50.00000000000, 972.40402886907, -30000000.00000000000, 0.00000000000, 0.00000000000, -0.00000035837, 0.66000001198
137, 50.00000000000, 993.48469373186, 58.43053965509, 4.12500003222, 0.00000000000, 0.00000000227, -0.00000004186
138, 50.00000000000, 992.03175014312, 98.79113798932, 4.12500003222, 0.00000000000, 0.00000000572, -0.00000001412
139, 50.00000000000, 1031.32907735432, -30000000.00000000000, 0.00000000000, 0.00000000000, -0.00000093901, 0.66000001198
140, 50.00000000000, 1040.42099259026, -30000000.00000000000, 0.00000000000, 0.00000000000, -0.00000085620, 0.66000001198
141, 50.00000000000, 1043.29035943899, 53.34330683935, 4.12500003222, 0.00000000000, 0.00000000247, 0.00000000346
142, 50.00000000000, 1080.47056507641, -30000000.00000000000, 0.00000000000, 0.00000000000, -0.00000023831, 0.66000001198
143, 50.00000000000, 1075.68339791666, 51.08611017104, 4.12500003222, 0.00000000000, 0.00000000605, 0.00000000694
144, 50.00000000000, 1073.59190582217, 16.61159668734, 4.12500003222, 0.00000000000, -0.00000001016, 0.00000000755
145, 50.00000000000, 1099.42884743661, 13.36323103628, 4.12500003222, 0.00000000000, 0.00000000101, 0.00000002140
146, 50.00000000000, 1130.80246090507, 35.35642382765, 4.12500003222, 0.00000000000, -0.00000000527, -0.00000003148
147, 50.00000000000, 1149.90102623769, 27.90138096205, 4.12500003222, 0.00000000000, 0.00000000051, 0.00000000239
148, 50.00000000000, 1158.91185340243, 116.90846332255, 4.12500003222, 0.00000000000, -0.00000000523, 0.00000000384
149, 50.00000000000, 1167.09179645116, 27.00892243459, 4.12500003222, 0.00000000000, -0.00000000387, 0.00000003477
150, 50.00000000000, 1184.02514180530, 36.01592794327, 4.12500003222, 0.00000000000, -0.00000000580, -0.00000003691
151, 50.00000000000, 1207.96244328214, 13.58508313637, 4.12500003222, 0.00000000000, 0.00000000154, 0.00000000731
152, 50.00000000000, 1195.30359393672, 122.40056316308, 4.12500003222, 0.00000000000, 0.00000000558, -0.00000000433
153, 50.00000000000, 1240.68642176196, 11.68554925793, 4.12500003222, 0.00000000000, -0.00000000218, 0.00000000118
154, 50.00000000000, 1259.32459857736, 26.89123741756, 4.12500003222, 0.00000000000, 0.00000000014, 0.00000002116
155, 50.00000000000, 1254.58251015131, 59.71859230142, 4.12500003222, 0.00000000000, -0.00000000721, -0.00000002883
156, 50.00000000000, 1259.70490291438, 98.62903293219, 4.12500003222, 0.00000000000, 0.00000000092, -0.00000000700
157, 50.00000000000, 1273.43414026029, 58.29174204345, 4.12500003222, 0.00000000000, -0.00000000306, -0.00000001022
158, 50.00000000000, 1275.51626207984, 112.84134572847, 4.12500003222, 0.00000000000, -0.00000000005, 0.00000001580
159, 50.00000000000, 1288.33981446500, 61.42782395538, 4.12500003222, 0.00000000000, 0.00000000310, 0.00000000059
160, 50.00000000000, 69.33798817524, 25.49237454622, 4.12500003222, 0.00000000000, 0.00000000814, 0.00000000304
161, 50.00000000000, 81.57183401833, 75.45523865063, 4.12500003222, 0.00000000000, -0.00000000852, 0.00000000165
162, 50.00000000000, 106.92174670717, 6.60190814483, 4.12500003222, 0.00000000000, 0.00000000698, -0.00000002330
163, 50.00000000000, 113.19202684763, 27.96931532389, 4.12500003222, 0.00000000000, -0.00000000097, -0.00000000081
164, 50.00000000000, 121.98852196005, 52.41678404346, 4.12500003222, 0.00000000000, -0.00000001433, 0.00000000434
165, 50.00000000000, 128.19385651259, 46.07701234895, 4.12500003222, 0.00000000000, 0.00000001091, -0.00000005058
166, 50.00000000000, 158.23990486355, 39.02156606142, 4.12500003222, 0.00000000000, -0.00000001969, -0.00000002570
167, 50.00000000000, 170.97092280199, 21.93504445067, 4.12500003222, 0.00000000000, 0.00000000651, 0.00000001148
168, 50.00000000000, 178.97969748767, 63.48934701912, 4.12500003222, 0.00000000000, 0.00000000428, 0.00000001894
169, 50.00000000000, 204.55898528140, 15.06885814052, 4.12500003222, 0.00000000000, -0.00000000085, 0.00000000622
170, 50.00000000000, 223.29893163387, 6.14829394523, 4.12500003222, 0.00000000000, -0.00000000121, -0.00000001960
171, 50.00000000000, 240.63846175665, 33.55316008030, 4.12500003222, 0.00000000000, 0.00000001249, 0.00000005625
172, 50.00000000000, 261.22409719077, 7.88312317261, 4.12500003222, 0.00000000000, 0.00000000195, 0.00000000554
173, 50.00000000000, 273.19033737171, 48.37371717346, 4.12500003222, 0.00000000000, -0.00000000050, 0.00000000326
174, 50.00000000000, 291.54368312101, 8.22885437750, 4.12500003222, 0.00000000000, -0.00000001620, -0.00000004327
175, 50.00000000000, 300.38088141166, 13.58539783077, 4.12500003222, 0.00000000000, 0.00000001430, 0.00000004854
176, 50.00000000000, 320.38472471587, 25.00357046668, 4.12500003222, 0.00000000000, -0.00000001297, -0.00000002806
177, 50.00000000000, 341.09713766591, 48.31958897964, 4.12500003222, 0.00000000000, -0.00000001892, 0.00000000739
178, 50.00000000000, 360.59249974894, 85.21984528489, 4.12500003222, 0.00000000000, 0.00000000049, 0.00000001794
179, 50.00000000000, 368.50951314284, 98.58879956434, 4.12500003222, 0.00000000000, -0.00000000286, -0.00000000106
180, 50.00000000000, 387.50835171820, 102.50646584879, 4.12500003222, 0.00000000000, 0.00000000271, 0.00000001040
181, 50.00000000000, 403.62274203330, 88.05700500594, 4.12500003222, 0.00000000000, -0.00000000116, -0.00000000279
182, 50.00000000000, 422.80702118722, 105.66023063816, 4.12500003222, 0.00000000000, -0.00000000766, -0.00000000860
183, 50.00000000000, 423.38026000443, 37.60636724549, 4.12500003222, 0.00000000000, 0.00000000519, 0.00000000771
184, 50.00000000000, 419.54036532895, -30000000.00000000000, 0.00000000000, 0.00000000000, 0.00000008439, 0.66000001198
185, 50.00000000000, 454.29618176235, 121.23573851066, 4.12500003222, 0.00000000000, 0.00000000149, 0.00000001465
186, 50.00000000000, 473.56285432681, 84.96070100193, 4.12500003222, 0.00000000000, 0.00000000528, -0.00000002538
187, 50.00000000000, 487.08431404292, 80.14204656262, 4.12500003222, 0.00000000000, -0.00000000219, 0.00000000269
188, 50.00000000000, 511.31070944532, 60.49263583485, 4.12500003222, 0.00000000000, 0.00000000651, 0.00000004960
189, 50.00000000000, 531.27567841414, 48.45689478048, 4.12500003222, 0.00000000000, 0.00000000870, -0.00000004751
190, 50.00000000000, 520.58267380689, -30000000.00000000000, 0.00000000000, 0.00000000000, 0.00000135806, 0.66000001198
191, 50.00000000000, 561.78594410900, 81.50198363081, 4.12500003222, 0.00000000000, 0.00000000386, 0.00000004506
192, 50.00000000000, 573.19979967406, 151.41398889986, 4.12500003222, 0.00000000000, -0.00000000443, 0.00000001524
193, 50.00000000000, 581.64586202285, 186.08690783966, 4.12500003222, 0.00000000000, 0.00000000460, -0.00000001563
194, 50.00000000000, 598.59338493233, 171.50578785936, 4.12500003222, 0.00000000000, -0.00000000587, 0.00000000120
195, 50.00000000000, 612.28101428985, -30000000.00000000000, 0.00000000000, 0.00000000000, 0.00000223237, 0.66000001198
196, 50.00000000000, 639.89820585641, -30000000.00000000000, 0.00000000000, 0.00000000000, 0.00000073799, 0.66000001198
197, 50.00000000000, 653.53228575771, -30000000.00000000000, 0.00000000000, 0.00000000000, -0.00000007266, 0.66000001198
198, 50.00000000000, 678.45778925261, 57.69739833174, 4.12500003222, 0.00000000000, -0.00000000083, 0.00000001532
199, 50.00000000000, 673.06020826581, -30000000.00000000000, 0.00000000000, 0.00000000000, 0.00000070719, 0.66000001198
200, 50.00000000000, 712.50750981166, 101.45393649025, 4.12500003222, 0.00000000000, -0.00000000461, -0.00000002318
201, 50.00000000000, 728.19694366736, 104.30190878214, 4.12500003222, 0.00000000000, 0.00000000278, -0.00000000774
202, 50.00000000000, 731.56879856154, 50.42604790978, 4.12500003222, 0.00000000000, -0.00000000840, -0.00000002220
203, 50.00000000000, 756.44150424276, -30000000.00000000000, 0.00000000000, 0.00000000000, -0.00000024601, 0.66000001198
204, 50.00000000000, 765.68247227427, -30000000.00000000000, 0.00000000000, 0.00000000000, -0.00000020833, 0.66000001198
205, 50.00000000000, 798.93108655378, 44.33162034163, 4.12500003222, 0.00000000000, -0.00000000769, -0.00000000587
206, 50.00000000000, 818.27385993214, 40.63820377021, 4.12500003222, 0.00000000000, 0.00000000128, 0.00000000177
207, 50.00000000000, 810.94107729347, 73.60777045903, 4.12500003222, 0.00000000000, -0.00000000051, 0.00000000577
208, 50.00000000000, 828.51082719724, 104.85731539337, 4.12500003222, 0.00000000000, 0.00000000815, -0.00000000727
209, 50.00000000000, 830.53961815986, 72.60845374834, 4.12500003222, 0.00000000000, -0.00000000870, -0.00000000470
210, 50.00000000000, 866.59283745094, -30000000.00000000000, 0.00000000000, 0.00000000000, 0.00000161984, 0.66000001198
211, 50.00000000000, 890.63605409679, -30000000.00000000000, 0.00000000000, 0.00000000000, 0.00000103109, 0.66000001198
212, 50.00000000000, 899.88762084120, 50.01827099420, 4.12500003222, 0.00000000000, -0.00000000122, -0.00000000214
213, 50.00000000000, 915.76837511254, -30000000.00000000000, 0.00000000000, 0.00000000000, -0.00000147500, 0.66000001198
214, 50.00000000000, 937.44264129268, 110.08792297402, 4.12500003222, 0.00000000000, 0.00000000473, -0.00000002396
215, 50.00000000000, 957.45739001665, 60.44408581714, 4.12500003222, 0.00000000000, 0.00000000412, -0.00000000289
216, 50.00000000000, 978.42171770562, 57.08656365306, 4.12500003222, 0.00000000000, -0.00000000445, 0.00000002130
217, 50.00000000000, 984.27381532761, -30000000.00000000000, 0.00000000000, 0.00000000000, -0.00000176700, 0.66000001198
218, 50.00000000000, 1003.32229807529, -30000000.00000000000, 0.00000000000, 0.00000000000, 0.00000034875, 0.66000001198
219, 50.00000000000, 1025.88273151686, -30000000.00000000000, 0.00000000000, 0.00000000000, -0.00000022594, 0.66000001198
220, 50.00000000000, 1002.83502213241, 137.79155632458, 4.12500003222, 0.00000000000, -0.00000000289, -0.00000001252
221, 50.00000000000, 1053.64902043631, 49.03169094256, 4.12500003222, 0.00000000000, -0.00000000151, -0.00000003211
222, 50.00000000000, 1065.97260393242, 58.98939097868, 4.12500003222, 0.00000000000, -0.00000000200, 0.00000002203
223, 50.00000000000, 1075.41977933148, 36.40163882793, 4.12500003222, 0.00000000000, 0.00000000085, 0.00000000323
224, 50.00000000000, 1084.95170684884, 13.71130190465, 4.12500003222, 0.00000000000, -0.00000001249, 0.00000003875
225, 50.00000000000, 1118.79819057128, 23.85374118035, 4.12500003222, 0.00000000000, 0.00000000364, 0.00000000604
226, 50.00000000000, 1112.72490437341, 83.58343230247, 4.12500003222, 0.00000000000, 0.00000000331, -0.00000003296
227, 50.00000000000, 1143.67708661280, 48.19262467372, 4.12500003222, 0.00000000000, 0.00000000288, -0.00000001111
228, 50.00000000000, 1152.02236190877, 9.12198696641, 4.12500003222, 0.00000000000, -0.00000000279, 0.00000003759
229, 50.00000000000, 1170.14460370941, 15.74000668669, 4.12500003222, 0.00000000000, -0.00000000361, -0.00000001194
230, 50.00000000000, 1186.27014802714, 13.66812683289, 4.12500003222, 0.00000000000, 0.00000000392, 0.00000002437
231, 50.00000000000, 1206.54043586806, 61.25110852539, 4.12500003222, 0.00000000000, -0.00000001315, -0.00000002340
232, 50.00000000000, 1225.91057470001, 30.34309543547, 4.12500003222, 0.00000000000, -0.00000000522, 0.00000002303
233, 50.00000000000, 1220.92119903265, 54.21375455653, 4.12500003222, 0.00000000000, 0.00000001279, 0.00000000629
234, 50.00000000000, 1230.03948926462, 61.24546355165, 4.12500003222, 0.00000000000, 0.00000001090, 0.00000001142
235, 50.00000000000, 1245.42301868477, 79.91130096616, 4.12500003222, 0.00000000000, 0.00000000024, -0.00000001770
236, 50.00000000000, 1290.97496204618, 7.07894024405, 4.12500003222, 0.00000000000, 0.00000000173, -0.00000000586
237, 50.00000000000, 1270.75964616491, 76.88971482521, 4.12500003222, 0.00000000000, 0.00000000071, 0.00000002392
238, 50.00000000000, 1277.50328282213, 90.98232469899, 4.12500003222, 0.00000000000, 0.00000000236, -0.00000002993
239, 50.00000000000, 1302.54645772073, 90.17481773305, 4.12500003222, 0.00000000000, -0.00000000405, 0.00000002865
240, 50.00000000000, 75.29096587003, 44.71189178144, 4.12500003222, 0.00000000000, 0.00000000651, -0.00000000786
241, 50.00000000000, 74.91354539329, 7.44624851751, 4.12500003222, 0.00000000000, -0.00000001182, 0.00000000138
242, 50.00000000000, 93.11527303157, 26.24647069093, 4.12500003222, 0.00000000000, -0.00000000534, -0.00000000088
243, 50.00000000000, 112.33737577157, 85.73812083020, 4.12500003222, 0.00000000000, 0.00000000580, -0.00000001749
244, 50.00000000000, 129.28935185837, 85.27775850158, 4.12500003222, 0.00000000000, -0.00000000357, -0.00000002442
245, 50.00000000000, 138.69744400944, 66.50483742550, 4.12500003222, 0.00000000000, 0.00000000380, 0.00000001015
246, 50.00000000000, 149.33025643774, 22.59022638500, 4.12500003222, 0.00000000000, 0.00000001798, 0.00000003706
247, 50.00000000000, 136.35726180804, 119.23886876226, 4.12500003222, 0.00000000000, -0.00000000111, -0.00000002064
248, 50.00000000000, 146.46628504108, 79.55604639523, 4.12500003222, 0.00000000000, 0.00000000196, -0.00000002708
249, 50.00000000000, 158.87065375859, 93.86048892225, 4.12500003222, 0.00000000000, 0.00000000473, 0.00000001006
250, 50.00000000000, 206.31514678943, 23.99559760781, 4.12500003222, 0.00000000000, -0.00000000811, -0.00000000971
251, 50.00000000000, 193.58588975646, 116.05287697154, 4.12500003222, 0.00000000000, 0.00000000044, -0.00000001655
252, 50.00000000000, 249.72484710528, 52.88713696477, 4.12500003222, 0.00000000000, -0.00000000431, -0.00000001004
253, 50.00000000000, 276.61719000400, 36.05709324231, 4.12500003222, 0.00000000000, 0.00000000474, -0.00000000482
254, 50.00000000000, 234.75801041994, 159.87056884221, 4.12500003222, 0.00000000000, 0.00000000755, 0.00000001015
255, 50.00000000000, 255.06414611558, 161.88674545631, 4.12500003222, 0.00000000000, -0.00000000048, 0.00000000047
256, 50.00000000000, 293.95176856793, 160.23895020861, 4.12500003222, 0.00000000000, 0.00000000564, 0.00000001317
257, 50.00000000000, 339.31281811584, 58.88867509277, 4.12500003222, 0.00000000000, -0.00000000962, -0.00000000502
258, 50.00000000000, 360.02025034657, 73.76943094404, 4.12500003222, 0.00000000000, -0.00000000260, -0.00000001057
259, 50.00000000000, 368.93773855557, 33.61434029063, 4.12500003222, 0.00000000000, -0.00000000444, 0.00000000592
260, 50.00000000000, 385.66641613998, 47.20956664478, 4.12500003222, 0.00000000000, -0.00000000415, -0.00000001691
261, 50.00000000000, 393.68428258352, 54.58945288432, 4.12500003222, 0.00000000000, -0.00000000231, 0.00000002241
262, 50.00000000000, 388.93887788843, -30000000.00000000000, 0.00000000000, 0.00000000000, 0.00000061209, 0.66000001198
263, 50.00000000000, 438.52014959408, 90.61467201543, 4.12500003222, 0.00000000000, -0.00000000018, 0.00000000200
264, 50.00000000000, 436.70736862119, 55.23464896386, 4.12500003222, 0.00000000000, -0.00000000159, -0.00000000075
265, 50.00000000000, 454.48906264376, 83.92177561821, 4.12500003222, 0.00000000000, 0.00000000118, 0.00000002012
266, 50.00000000000, 473.28508823539, 120.55547760197, 4.12500003222, 0.00000000000, -0.00000000018, -0.00000001513
267, 50.00000000000, 495.74154644649, 89.87174442733, 4.12500003222, 0.00000000000, 0.00000000420, 0.00000000626
268, 50.00000000000, 505.00072430417, 80.59262733299, 4.12500003222, 0.00000000000, -0.00000000011, -0.00000001830
269, 50.00000000000, 530.60457012349, 63.75425523618, 4.12500003222, 0.00000000000, 0.00000000277, -0.00000000022
270, 50.00000000000, 531.84524923006, -30000000.00000000000, 0.00000000000, 0.00000000000, -0.00000014633, 0.66000001198
271, 50.00000000000, 565.12445672939, 103.55712709187, 4.12500003222, 0.00000000000, -0.00000000396, -0.00000001199
272, 50.00000000000, 569.45269638082, 64.52633846509, 4.12500003222, 0.00000000000, 0.00000001053, 0.00000001453
273, 50.00000000000, 605.06775134097, 137.93343905031, 4.12500003222, 0.00000000000, 0.00000000723, -0.00000000487
274, 50.00000000000, 613.58092467048, 105.59055669892, 4.12500003222, 0.00000000000, 0.00000000347, -0.00000002718
275, 50.00000000000, 618.10904408089, 86.24240195295, 4.12500003222, 0.00000000000, -0.00000000099, 0.00000003024
276, 50.00000000000, 629.15038711257, -30000000.00000000000, 0.00000000000, 0.00000000000, 0.00000099221, 0.66000001198
277, 50.00000000000, 666.73881529413, 73.15632589847, 4.12500003222, 0.00000000000, 0.00000000221, -0.00000000188
278, 50.00000000000, 660.57065993030, -30000000.00000000000, 0.00000000000, 0.00000000000, -0.00000089032, 0.66000001198
279, 50.00000000000, 681.55901800844, 41.49995344182, 4.12500003222, 0.00000000000, 0.00000000580, 0.00000000042
280, 50.00000000000, 694.87787975621, -30000000.00000000000, 0.00000000000, 0.00000000000, -0.00000029079, 0.66000001198
281, 50.00000000000, 720.08024110090, 85.19675122172, 4.12500003222, 0.00000000000, 0.00000000031, -0.00000000253
282, 50.00000000000, 745.01697509145, -30000000.00000000000, 0.00000000000, 0.00000000000, -0.00000014535, 0.66000001198
283, 50.00000000000, 764.30000472639, 121.95311782004, 4.12500003222, 0.00000000000, -0.00000000227, 0.00000002563
284, 50.00000000000, 776.37296901960, 83.62992079916, 4.12500003222, 0.00000000000, -0.00000000461, 0.00000000386
285, 50.00000000000, 786.29845201467, -30000000.00000000000, 0.00000000000, 0.00000000000, 0.00000050588, 0.66000001198
286, 50.00000000000, 819.09761994634, 57.26092156614, 4.12500003222, 0.00000000000, 0.00000000868, -0.00000000879
287, 50.00000000000, 838.13953772789, 52.81377740736, 4.12500003222, 0.00000000000, 0.00000000032, 0.00000001414
288, 50.00000000000, 839.46921890601, -30000000.00000000000, 0.00000000000, 0.00000000000, -0.00000101373, 0.66000001198
289, 50.00000000000, 870.44816707179, 72.46757396457, 4.12500003222, 0.00000000000, 0.00000000142, -0.00000000989
290, 50.00000000000, 860.36595585614, 92.63679369336, 4.12500003222, 0.00000000000, -0.00000000350, 0.00000001404
291, 50.00000000000, 880.47898906948, 54.78363221675, 4.12500003222, 0.00000000000, -0.00000000146, 0.00000001156
292, 50.00000000000, 905.22338823391, -30000000.00000000000, 0.00000000000, 0.00000000000, -0.00000110819, 0.66000001198
293, 50.00000000000, 918.59709802849, 101.88835471698, 4.12500003222, 0.00000000000, 0.00000000608, 0.00000000119
294, 50.00000000000, 922.57049562006, 49.05309270538, 4.12500003222, 0.00000000000, -0.00000000086, -0.00000000813
295, 50.00000000000, 943.31790924507, 41.62055589934, 4.12500003222, 0.00000000000, 0.00000001082, -0.00000000757
296, 50.00000000000, 971.41569614038, 91.67351610281, 4.12500003222, 0.00000000000, 0.00000000885, -0.00000001590
297, 50.00000000000, 981.91380019487, 80.05506120909, 4.12500003222, 0.00000000000, 0.00000000231, -0.00000001693
298, 50.00000000000, 1001.21845147093, 81.64270597043, 4.12500003222, 0.00000000000, 0.00000000215, 0.00000000484
299, 50.00000000000, 1030.85399897460, -30000000.00000000000, 0.00000000000, 0.00000000000, -0.00000088796, 0.66000001198
300, 50.00000000000, 1032.78551643981, 61.17947740325, 4.12500003222, 0.00000000000, 0.00000000248, 0.00000000283
301, 50.00000000000, 1049.10237603102, 91.94574281049, 4.12500003222, 0.00000000000, -0.00000000111, 0.00000002785
302, 50.00000000000, 1055.14190671089, 71.65641795427, 4.12500003222, 0.00000000000, 0.00000000127, -0.00000000353
303, 50.00000000000, 1095.76986868288, -30000000.00000000000, 0.00000000000, 0.00000000000, -0.00000083959, 0.66000001198
304, 50.00000000000, 1088.66829581813, 56.25518099000, 4.12500003222, 0.00000000000, 0.00000000189, 0.00000001577
305, 50.00000000000, 1118.48482902125, 49.70557089975, 4.12500003222, 0.00000000000, -0.00000001665, 0.00000000548
306, 50.00000000000, 1110.41708652744, 7.66167894294, 4.12500003222, 0.00000000000, -0.00000000266, 0.00000001754
307, 50.00000000000, 1130.61389571768, 68.92620264958, 4.12500003222, 0.00000000000, -0.00000000179, 0.00000003603
308, 50.00000000000, 1162.29671249552, 49.22057913444, 4.12500003222, 0.00000000000, 0.00000000040, -0.00000002265
309, 50.00000000000, 1182.00797318531, 58.41353961883, 4.12500003222, 0.00000000000, -0.00000000260, -0.00000003102
310, 50.00000000000, 1193.13358547411, 5.56880475481, 4.12500003222, 0.00000000000, 0.00000000049, 0.00000000378
311, 50.00000000000, 1190.45445688128, 67.87235748815, 4.12500003222, 0.00000000000, -0.00000000136, -0.00000001312
312, 50.00000000000, 1226.17607727778, 7.98094506902, 4.12500003222, 0.00000000000, -0.00000000066, -0.00000000039
313, 50.00000000000, 1221.69154423727, 22.78046318017, 4.12500003222, 0.00000000000, -0.00000001028, -0.00000001055
314, 50.00000000000, 1222.15535337650, 75.51545403383, 4.12500003222, 0.00000000000, 0.00000000335, 0.00000002022
315, 50.00000000000, 1242.16705887522, 45.35883448039, 4.12500003222, 0.00000000000, 0.00000000221, 0.00000004469
316, 50.00000000000, 1254.43723045273, 82.95883033221, 4.12500003222, 0.00000000000, 0.00000000330, -0.00000003249
317, 50.00000000000, 1273.04804997653, 45.29341591601, 4.12500003222, 0.00000000000, -0.00000001099, 0.00000001121
318, 50.00000000000, 1292.65872682321, 29.16271836600, 4.12500003222, 0.00000000000, 0.00000000273, -0.00000001150
319, 50.00000000000, 1311.43994335875, 53.67794116925, 4.12500003222, 0.00000000000, -0.00000000242, 0.00000003478
320, 50.00000000000, -15.81525601760, 118.09059650339, 4.12500003222, 0.00000000000, -0.00000000000, 0.00000000000
321, 50.00000000000, 84.87212532904, 10.18084433490, 4.12500003222, 0.00000000000, 0.00000000210, -0.00000000088
322, 50.00000000000, 90.80007318015, 59.59139747367, 4.12500003222, 0.00000000000, 0.00000001530, 0.00000000735
323, 50.00000000000, 105.01107497958, 44.68143672223, 4.12500003222, 0.00000000000, 0.00000000429, -0.00000000505
324, 50.00000000000, 73.44495054972, 220.32951377840, 4.12500003222, 0.00000000000, 0.00000000000, 0.00000000000
325, 50.00000000000, 137.89812820084, 25.49961136218, 4.12500003222, 0.00000000000, 0.00000000159, 0.00000002201
326, 50.00000000000, 153.01860636379, 46.51534087178, 4.12500003222, 0.00000000000, -0.00000000802, -0.00000007562
327, 50.00000000000, 172.70537480816, 43.14218909482, 4.12500003222, 0.00000000000, 0.00000000156, 0.00000003338
328, 50.00000000000, 186.38047329948, 16.15100435534, 4.12500003222, 0.00000000000, 0.00000000088, -0.00000002011
329, 50.00000000000, 180.41056637208, 86.62600592063, 4.12500003222, 0.00000000000, 0.00000000694, -0.00000005701
330, 50.00000000000, 188.37069668804, 132.29504259413, 4.12500003222, 0.00000000000, 0.00000000405, 0.00000001016
331, 50.00000000000, 194.46846540168, 95.79378492402, 4.12500003222, 0.00000000000, -0.00000000107, -0.00000000852
332, 50.00000000000, 265.73779534455, 55.36716750804, 4.12500003222, 0.00000000000, -0.00000000829, 0.00000003184
333, 50.00000000000, 277.80701378273, 83.90764568238, 4.12500003222, 0.00000000000, 0.00000000571, -0.00000001120
334, 50.00000000000, 296.92737007548, 79.84435953905, 4.12500003222, 0.00000000000, -0.00000000287, 0.00000000249
335, 50.00000000000, 274.37811210311, 154.97256516886, 4.12500003222, 0.00000000000, -0.00000000045, -0.00000000249
336, 50.00000000000, 318.63427543032, 48.60293112623, 4.12500003222, 0.00000000000, 0.00000000909, 0.00000000943
337, 50.00000000000, 349.57942143578, 90.49037569832, 4.12500003222, 0.00000000000, -0.00000000298, -0.00000000730
338, 50.00000000000, 352.79260495529, 63.38623064824, 4.12500003222, 0.00000000000, 0.00000000711, 0.00000003494
339, 50.00000000000, 340.00595498222, -30000000.00000000000, 0.00000000000, 0.00000000000, -0.00000017105, 0.66000001198
340, 50.00000000000, 372.82561918151, 52.38219306687, 4.12500003222, 0.00000000000, 0.00000001111, -0.00000002949
341, 50.00000000000, 404.93295965441, 47.43789254385, 4.12500003222, 0.00000000000, -0.00000000062, 0.00000001267
342, 50.00000000000, 410.19203351929, 70.77557260153, 4.12500003222, 0.00000000000, -0.00000000186, -0.00000001010
343, 50.00000000000, 411.95594727245, -30000000.00000000000, 0.00000000000, 0.00000000000, 0.00000040949, 0.66000001198
344, 50.00000000000, 421.63645327278, -30000000.00000000000, 0.00000000000, 0.00000000000, 0.00000031613, 0.66000001198
345, 50.00000000000, 457.97709719135, 100.65266449154, 4.12500003222, 0.00000000000, 0.00000001036, 0.00000000262
346, 50.00000000000, 469.26702720348, 68.60385262407, 4.12500003222, 0.00000000000, 0.00000000749, 0.00000000403
347, 50.00000000000, 490.88673053967, 67.55500180981, 4.12500003222, 0.00000000000, -0.00000001090, 0.00000004482
348, 50.00000000000, 512.05845779948, 50.82814318551, 4.12500003222, 0.00000000000, 0.00000000782, -0.00000003157
349, 50.00000000000, 508.76185780467, -30000000.00000000000, 0.00000000000, 0.00000000000, 0.00000080948, 0.66000001198
350, 50.00000000000, 563.54212084141, 134.84771467368, 4.12500003222, 0.00000000000, -0.00000000323, 0.00000002053
351, 50.00000000000, 572.76231773214, 87.33223270296, 4.12500003222, 0.00000000000, -0.00000000434, -0.00000000884
352, 50.00000000000, 576.14047192567, 118.64556543510, 4.12500003222, 0.00000000000, -0.00000000063, 0.00000001817
353, 50.00000000000, 585.16324882564, 75.65232552960, 4.12500003222, 0.00000000000, -0.00000000143, -0.00000003478
354, 50.00000000000, 603.48914752483, 104.33620661574, 4.12500003222, 0.00000000000, 0.00000000222, -0.00000002243
355, 50.00000000000, 620.30698816765, 97.13562818180, 4.12500003222, 0.00000000000, -0.00000001713, 0.00000000311
356, 50.00000000000, 619.84970942826, 175.21319156383, 4.12500003222, 0.00000000000, -0.00000000414, -0.00000000926
357, 50.00000000000, 650.55945484502, 107.83917859865, 4.12500003222, 0.00000000000, -0.00000000207, -0.00000000181
358, 50.00000000000, 639.99588243219, 177.05091076687, 4.12500003222, 0.00000000000, 0.00000000097, 0.00000000108
359, 50.00000000000, 683.79355610753, -30000000.00000000000, 0.00000000000, 0.00000000000, -0.00000056277, 0.66000001198
360, 50.00000000000, 712.50547975681, 120.44457488789, 4.12500003222, 0.00000000000, 0.00000000237, 0.00000001967
361, 50.00000000000, 727.38047265000, 34.60083755924, 4.12500003222, 0.00000000000, -0.00000000098, -0.00000001028
362, 50.00000000000, 747.76598898584, 115.48440061063, 4.12500003222, 0.00000000000, -0.00000000331, 0.00000002788
363, 50.00000000000, 746.29348816049, 39.14706155010, 4.12500003222, 0.00000000000, -0.00000000218, -0.00000000447
364, 50.00000000000, 756.08570932413, 84.41807418073, 4.12500003222, 0.00000000000, -0.00000000218, 0.00000000594
365, 50.00000000000, 800.33052822737, 223.07143335207, 4.12500003222, 0.00000000000, 0.00000000228, -0.00000000411
366, 50.00000000000, 807.98956735489, -30000000.00000000000, 0.00000000000, 0.00000000000, -0.00000008405, 0.66000001198
367, 50.00000000000, 811.47827788867, -30000000.00000000000, 0.00000000000, 0.00000000000, 0.00000036708, 0.66000001198
368, 50.00000000000, 833.69649444093, -30000000.00000000000, 0.00000000000, 0.00000000000, -0.00000141773, 0.66000001198
369, 50.00000000000, 828.22535570261, 128.73474847626, 4.12500003222, 0.00000000000, -0.00000000387, 0.00000000430
370, 50.00000000000, 861.70552485155, 115.05142739518, 4.12500003222, 0.00000000000, 0.00000000138, -0.00000001186
371, 50.00000000000, 890.63339669740, -30000000.00000000000, 0.00000000000, 0.00000000000, 0.00000103162, 0.66000001198
372, 50.00000000000, 897.59950333620, 95.05165826436, 4.12500003222, 0.00000000000, -0.00000000301, 0.00000001029
373, 50.00000000000, 912.24343894975, 63.56811061926, 4.12500003222, 0.00000000000, 0.00000000340, 0.00000002411
374, 50.00000000000, 935.68557123363, 55.06934029647, 4.12500003222, 0.00000000000, -0.00000000107, -0.00000000692
375, 50.00000000000, 963.24966930524, -30000000.00000000000, 0.00000000000, 0.00000000000, 0.00000058485, 0.66000001198
376, 50.00000000000, 975.56517072570, -30000000.00000000000, 0.00000000000, 0.00000000000, -0.00000023486, 0.66000001198
377, 50.00000000000, 983.21422204407, 26.09164097200, 4.12500003222, 0.00000000000, 0.00000000284, 0.00000002184
378, 50.00000000000, 995.91347609669, 44.67707177387, 4.12500003222, 0.00000000000, -0.00000000170, -0.00000002981
379, 50.00000000000, 1014.11435295212, 93.80495292908, 4.12500003222, 0.00000000000, 0.00000000047, 0.00000000693
380, 50.00000000000, 1032.54955263987, 75.88820910131, 4.12500003222, 0.00000000000, -0.00000000710, -0.00000000069
381, 50.00000000000, 1040.57244734164, 112.35215694854, 4.12500003222, 0.00000000000, 0.00000000551, 0.00000000677
382, 50.00000000000, 1064.53110810383, 81.30604511879, 4.12500003222, 0.00000000000, 0.00000000786, 0.00000000243
383, 50.00000000000, 1078.85010767137, 72.03807806916, 4.12500003222, 0.00000000000, 0.00000000312, -0.00000000116
384, 50.00000000000, 1088.93096643900, 33.09108682552, 4.12500003222, 0.00000000000, -0.00000000623, -0.00000002107
385, 50.00000000000, 1108.83323752661, 43.25215211300, 4.12500003222, 0.00000000000, -0.00000000548, -0.00000000874
386, 50.00000000000, 1128.81694218228, 43.65581946118, 4.12500003222, 0.00000000000, -0.00000001148, -0.00000000933
387, 50.00000000000, 1130.93651134661, 11.99513621445, 4.12500003222, 0.00000000000, -0.00000000068, 0.00000002544
388, 50.00000000000, 1149.47237252535, 42.00409038083, 4.12500003222, 0.00000000000, 0.00000000428, 0.00000001434
389, 50.00000000000, 1159.78072214949, 84.10103306222, 4.12500003222, 0.00000000000, -0.00000001070, -0.00000000232
390, 50.00000000000, 1182.68756135861, 89.82053771836, 4.12500003222, 0.00000000000, -0.00000000258, 0.00000000127
391, 50.00000000000, 1195.31541832432, 77.52113205188, 4.12500003222, 0.00000000000, 0.00000000501, 0.00000001853
392, 50.00000000000, 1217.09508443673, 45.02152409730, 4.12500003222, 0.00000000000, 0.00000000661, -0.00000000693
393, 50.00000000000, 1242.10787196225, 26.92857756142, 4.12500003222, 0.00000000000, -0.00000000331, -0.00000001035
394, 50.00000000000, 1230.39932194130, 84.24658945581, 4.12500003222, 0.00000000000, -0.00000000335, 0.00000000011
395, 50.00000000000, 1243.51888581335, 63.81658526100, 4.12500003222, 0.00000000000, -0.00000001031, -0.00000002978
396, 50.00000000000, 1257.20905115575, 42.52263148448, 4.12500003222, 0.00000000000, -0.00000000212, 0.00000002465
397, 50.00000000000, 1265.98417309812, 93.04103818508, 4.12500003222, 0.00000000000, -0.00000000600, -0.00000003578
398, 50.00000000000, 1295.47891903339, 107.30120647059, 4.12500003222, 0.00000000000, 0.00000000877, -0.00000000525
399, 50.00000000000, 1292.23223643654, 42.39451987276, 4.12500003222, 0.00000000000, -0.00000000415, -0.00000002696
400, 50.00000000000, 56.52771756364, 33.71736148301, 4.12500003222, 0.00000000000, -0.00000000473, 0.00000001148
401, 50.00000000000, 71.27692132145, 62.92152922643, 4.12500003222, 0.00000000000, -0.00000000463, 0.00000001627
402, 50.00000000000, 103.68136302092, 102.95900751168, 4.12500003222, 0.00000000000, -0.00000000899, -0.00000000526
403, 50.00000000000, 102.56055919364, 65.64356188110, 4.12500003222, 0.00000000000, 0.00000000074, -0.00000001363
404, 50.00000000000, 126.10943794239, 68.52366377359, 4.12500003222, 0.00000000000, -0.00000000245, 0.00000005204
405, 50.00000000000, 126.66517018536, 12.51458072296, 4.12500003222, 0.00000000000, -0.00000001130, -0.00000002402
406, 50.00000000000, 150.11399510817, 33.94449443721, 4.12500003222, 0.00000000000, -0.00000000905, 0.00000001945
407, 50.00000000000, 141.61863554157, 100.07992833759, 4.12500003222, 0.00000000000, 0.00000000002, 0.00000001619
408, 50.00000000000, 168.12980760617, 77.34421190722, 4.12500003222, 0.00000000000, 0.00000001045, 0.00000000017
409, 50.00000000000, 186.82435096009, 73.67986080574, 4.12500003222, 0.00000000000, -0.00000000726, 0.00000002702
410, 50.00000000000, 172.30897918558, 94.31332026709, 4.12500003222, 0.00000000000, -0.00000001071, 0.00000001936
411, 50.00000000000, 204.71418049420, 260.85901642127, 4.12500003222, 0.00000000000, 0.00000000000, 0.00000000000
412, 50.00000000000, 214.11945348174, 162.58864251527, 4.12500003222, 0.00000000000, -0.00000000250, 0.00000003619
413, 50.00000000000, 234.67611552191, 221.59668952066, 4.12500003222, 0.00000000000, 0.00000000000, 0.00000000000
414, 50.00000000000, 283.66357598766, 67.56879560960, 4.12500003222, 0.00000000000, -0.00000000724, 0.00000000821
415, 50.00000000000, 316.09300893598, 79.97735228954, 4.12500003222, 0.00000000000, -0.00000000162, 0.00000000521
416, 50.00000000000, 312.22633253725, 15.12063983227, 4.12500003222, 0.00000000000, 0.00000000853, 0.00000004878
417, 50.00000000000, 332.28257912465, 28.99979930934, 4.12500003222, 0.00000000000, 0.00000000311, -0.00000000994
418, 50.00000000000, 322.42956292726, -30000000.00000000000, 0.00000000000, 0.00000000000, 0.00000072823, 0.66000001198
419, 50.00000000000, 339.49563006144, -30000000.00000000000, 0.00000000000, 0.00000000000, -0.00000011559, 0.66000001198
420, 50.00000000000, 353.13639307633, 207.51979926181, 4.12500003222, 0.00000000000, 0.00000000000, 0.00000000000
421, 50.00000000000, 399.91832930878, 111.52122534340, 4.12500003222, 0.00000000000, -0.00000000160, 0.00000001836
422, 50.00000000000, 413.87501348476, 127.90342344715, 4.12500003222, 0.00000000000, -0.00000000160, 0.00000000226
423, 50.00000000000, 405.77340567594, -30000000.00000000000, 0.00000000000, 0.00000000000, 0.00000163363, 0.66000001198
424, 50.00000000000, 435.14535684351, 124.69350501370, 4.12500003222, 0.00000000000, 0.00000000549, 0.00000003204
425, 50.00000000000, 431.99413008865, -30000000.00000000000, 0.00000000000, 0.00000000000, -0.00000150851, 0.66000001198
426, 50.00000000000, 475.34676264775, 60.27653760900, 4.12500003222, 0.00000000000, -0.00000001183, 0.00000003780
427, 50.00000000000, 462.80701047193, 222.61235380161, 4.12500003222, 0.00000000000, 0.00000000881, 0.00000002396
428, 50.00000000000, 518.21423957510, 81.61079962332, 4.12500003222, 0.00000000000, -0.00000000345, -0.00000000343
429, 50.00000000000, 507.52694227155, -30000000.00000000000, 0.00000000000, 0.00000000000, 0.00000032952, 0.66000001198
430, 50.00000000000, 553.41984529819, 119.12913870307, 4.12500003222, 0.00000000000, 0.00000000501, -0.00000002570
431, 50.00000000000, 549.57016856192, 96.69932233862, 4.12500003222, 0.00000000000, 0.00000000688, -0.00000000045
432, 50.00000000000, 567.79009194951, -30000000.00000000000, 0.00000000000, 0.00000000000, -0.00000171706, 0.66000001198
433, 50.00000000000, 596.47981091342, 91.03869022836, 4.12500003222, 0.00000000000, 0.00000000696, 0.00000002187
434, 50.00000000000, 593.23490379966, 151.18762439083, 4.12500003222, 0.00000000000, 0.00000000001, 0.00000005420
435, 50.00000000000, 626.10458141270, 74.90048879530, 4.12500003222, 0.00000000000, 0.00000000648, -0.00000000652
436, 50.00000000000, 640.04003013220, 86.52008301596, 4.12500003222, 0.00000000000, 0.00000001067, -0.00000002818
437, 50.00000000000, 659.55743642760, 90.30828293262, 4.12500003222, 0.00000000000, 0.00000000169, -0.00000001707
438, 50.00000000000, 664.97963380284, 57.37144402258, 4.12500003222, 0.00000000000, -0.00000000294, 0.00000003875
439, 50.00000000000, 689.23432487850, 63.42584086287, 4.12500003222, 0.00000000000, -0.00000001058, -0.00000001255
440, 50.00000000000, 702.45700942131, 80.37958620625, 4.12500003222, 0.00000000000, 0.00000000446, 0.00000000163
441, 50.00000000000, 718.97314057585, -30000000.00000000000, 0.00000000000, 0.00000000000, -0.00000019778, 0.66000001198
442, 50.00000000000, 730.38082713688, -30000000.00000000000, 0.00000000000, 0.00000000000, 0.00000005238, 0.66000001198
443, 50.00000000000, 758.18097412579, 49.40767145549, 4.12500003222, 0.00000000000, 0.00000000488, 0.00000001141
444, 50.00000000000, 746.15150627154, 134.49548435619, 4.12500003222, 0.00000000000, 0.00000000251, -0.00000003091
445, 50.00000000000, 788.54634116229, 67.34531643742, 4.12500003222, 0.00000000000, 0.00000000733, 0.00000000121
446, 50.00000000000, 804.56301033086, 104.97332677918, 4.12500003222, 0.00000000000, -0.00000000331, 0.00000001110
447, 50.00000000000, 797.82828390588, 83.76280679684, 4.12500003222, 0.00000000000, 0.00000000782, -0.00000001606
448, 50.00000000000, 820.41077751801, 114.00303723004, 4.12500003222, 0.00000000000, -0.00000000479, 0.00000000492
449, 50.00000000000, 859.49682866281, 54.04768256234, 4.12500003222, 0.00000000000, 0.00000000084, 0.00000000739
450, 50.00000000000, 841.27748934181, 165.88429703734, 4.12500003222, 0.00000000000, 0.00000000229, 0.00000000135
451, 50.00000000000, 880.01274542031, 87.79186234065, 4.12500003222, 0.00000000000, -0.00000000149, -0.00000002244
452, 50.00000000000, 906.72404817217, -30000000.00000000000, 0.00000000000, 0.00000000000, -0.00000081974, 0.66000001198
453, 50.00000000000, 884.10733282253, 201.89473193870, 4.12500003222, 0.00000000000, 0.00000000389, -0.00000001374
454, 50.00000000000, 935.29005368514, 87.48221213986, 4.12500003222, 0.00000000000, 0.00000000247, 0.00000003074
455, 50.00000000000, 960.53549386189, -30000000.00000000000, 0.00000000000, 0.00000000000, 0.00000106156, 0.66000001198
456, 50.00000000000, 957.71212379846, 80.48130930121, 4.12500003222, 0.00000000000, -0.00000000136, -0.00000001174
457, 50.00000000000, 993.12444048294, 185.38547625942, 4.12500003222, 0.00000000000, 0.00000000000, 0.00000000000
458, 50.00000000000, 980.55443190863, 113.62309545613, 4.12500003222, 0.00000000000, -0.00000000664, -0.00000000622
459, 50.00000000000, 1004.84719913937, 112.83626178653, 4.12500003222, 0.00000000000, 0.00000000819, -0.00000003216
460, 50.00000000000, 1018.46962860585, 126.13895441915, 4.12500003222, 0.00000000000, 0.00000000738, 0.00000001068
461, 50.00000000000, 1043.79815225083, 72.97470854909, 4.12500003222, 0.00000000000, 0.00000000059, -0.00000003695
462, 50.00000000000, 1036.40325382042, 130.43656543022, 4.12500003222, 0.00000000000, 0.00000000027, -0.00000000850
463, 50.00000000000, 1070.74116053566, 140.89988602979, 4.12500003222, 0.00000000000, -0.00000000170, -0.00000000178
464, 50.00000000000, 1096.36841074262, 25.08754133949, 4.12500003222, 0.00000000000, -0.00000000434, -0.00000000664
465, 50.00000000000, 1112.08894830459, 61.58243971583, 4.12500003222, 0.00000000000, -0.00000000345, -0.00000004555
466, 50.00000000000, 1129.42845518247, 56.82474844609, 4.12500003222, 0.00000000000, -0.00000000571, 0.00000001075
467, 50.00000000000, 1139.24940995446, 59.66292772596, 4.12500003222, 0.00000000000, 0.00000000509, 0.00000002277
468, 50.00000000000, 1149.58394893495, 79.92789517198, 4.12500003222, 0.00000000000, -0.00000001237, 0.00000001923
469, 50.00000000000, 1164.59253502394, 98.81058116492, 4.12500003222, 0.00000000000, -0.00000000361, 0.00000001101
470, 50.00000000000, 1172.51803053528, 79.29440134168, 4.12500003222, 0.00000000000, -0.00000001591, -0.00000002734
471, 50.00000000000, 1208.54430424217, 36.92476046538, 4.12500003222, 0.00000000000, -0.00000000321, -0.00000002363
472, 50.00000000000, 1175.78161885397, 129.92235809590, 4.12500003222, 0.00000000000, -0.00000000083, 0.00000001802
473, 50.00000000000, 1212.13462466422, 93.25843162335, 4.12500003222, 0.00000000000, 0.00000000398, -0.00000000683
474, 50.00000000000, 1236.18588975999, 69.61299639720, 4.12500003222, 0.00000000000, -0.00000000794, -0.00000001905
475, 50.00000000000, 1278.14588360306, 14.22882202549, 4.12500003222, 0.00000000000, 0.00000000946, 0.00000000641
476, 50.00000000000, 1242.12888595591, 90.23390869189, 4.12500003222, 0.00000000000, -0.00000000044, -0.00000001062
477, 50.00000000000, 1272.67203649907, 132.35795892386, 4.12500003222, 0.00000000000, -0.00000000084, 0.00000000109
478, 50.00000000000, 1284.12068995399, 75.02817720557, 4.12500003222, 0.00000000000, -0.00000001204, 0.00000002705
479, 50.00000000000, 1305.33507577478, 71.05378403482, 4.12500003222, 0.00000000000, 0.00000000882, -0.00000002959
480, 50.00000000000, 55.14519694954, 53.11065388259, 4.12500003222, 0.00000000000, -0.00000000757, -0.00000001050
481, 50.00000000000, 85.09506182379, 98.74833150245, 4.12500003222, 0.00000000000, 0.00000000481, 0.00000003205
482, 50.00000000000, 93.78666203930, 42.40008279046, 4.12500003222, 0.00000000000, 0.00000000097, 0.00000001715
483, 50.00000000000, 111.36576441989, 50.24262181276, 4.12500003222, 0.00000000000, -0.00000001704, -0.00000003941
484, 50.00000000000, 114.82428141486, 122.02764580385, 4.12500003222, 0.00000000000, 0.00000000685, 0.00000001494
485, 50.00000000000, 135.11224565516, 50.63873433081, 4.12500003222, 0.00000000000, 0.00000001638, -0.00000003934
486, 50.00000000000, 157.00232633416, 58.80554422064, 4.12500003222, 0.00000000000, 0.00000000804, 0.00000000330
487, 50.00000000000, 168.97581330009, 6.49324249736, 4.12500003222, 0.00000000000, -0.00000000446, -0.00000000157
488, 50.00000000000, 150.92003202304, 132.37188509763, 4.12500003222, 0.00000000000, -0.00000000133, 0.00000001573
489, 50.00000000000, 161.23869825916, 71.84467833397, 4.12500003222, 0.00000000000, 0.00000001776, 0.00000005163
490, 50.00000000000, 208.54684967379, 39.98075662289, 4.12500003222, 0.00000000000, 0.00000000347, 0.00000001325
491, 50.00000000000, 201.84563327976, 146.92710128469, 4.12500003222, 0.00000000000, -0.00000000866, -0.00000001903
492, 50.00000000000, 209.25156934832, 128.43141140427, 4.12500003222, 0.00000000000, 0.00000000428, 0.00000000766
493, 50.00000000000, 264.11293355219, 70.73863349453, 4.12500003222, 0.00000000000, 0.00000000584, -0.00000001859
494, 50.00000000000, 277.52217612317, 12.42399278142, 4.12500003222, 0.00000000000, -0.00000000356, -0.00000000780
495, 50.00000000000, 295.86334056249, 45.45945464523, 4.12500003222, 0.00000000000, -0.00000000254, -0.00000000070
496, 50.00000000000, 310.36270197274, 27.73023617114, 4.12500003222, 0.00000000000, 0.00000000279, -0.00000002048
497, 50.00000000000, 348.08973019949, 71.41957599233, 4.12500003222, 0.00000000000, 0.00000000109, 0.00000001398
498, 50.00000000000, 361.18664625418, 53.23346135756, 4.12500003222, 0.00000000000, 0.00000000672, -0.00000001008
499, 50.00000000000, 370.62798153485, 75.84059982337, 4.12500003222, 0.00000000000, 0.00000000231, -0.00000001658
500, 50.00000000000, 386.93129578872, 32.67143230099, 4.12500003222, 0.00000000000, 0.00000000063, 0.00000003777
501, 50.00000000000, 407.54197997161, 104.30289738488, 4.12500003222, 0.00000000000, 0.00000000676, 0.00000000522
502, 50.00000000000, 411.60510220411, 55.52524658578, 4.12500003222, 0.00000000000, -0.00000000167, 0.00000001510
503, 50.00000000000, 435.67999296913, 74.15121335490, 4.12500003222, 0.00000000000, -0.00000000274, -0.00000001195
504, 50.00000000000, 421.88715905444, -30000000.00000000000, 0.00000000000, 0.00000000000, 0.00000027989, 0.66000001198
505, 50.00000000000, 450.45761952624, 207.53528950356, 4.12500003222, 0.00000000000, -0.00000000327, -0.00000001730
506, 50.00000000000, 471.61932674629, 204.53104508396, 4.12500003222, 0.00000000000, -0.00000000505, -0.00000000206
507, 50.00000000000, 493.45095399789, 59.75128264793, 4.12500003222, 0.00000000000, 0.00000000108, -0.00000003192
508, 50.00000000000, 505.19152502477, 97.89648835369, 4.12500003222, 0.00000000000, -0.00000000195, 0.00000000374
509, 50.00000000000, 491.93612206582, 203.47069972849, 4.12500003222, 0.00000000000, 0.00000000222, -0.00000000019
510, 50.00000000000, 529.65376166794, -30000000.00000000000, 0.00000000000, 0.00000000000, 0.00000028521, 0.66000001198
511, 50.00000000000, 556.64077160893, 156.21739770560, 4.12500003222, 0.00000000000, -0.00000000377, -0.00000003008
512, 50.00000000000, 579.45677613397, 166.38298630668, 4.12500003222, 0.00000000000, 0.00000000112, 0.00000000309
513, 50.00000000000, 599.09168125971, 126.91898101504, 4.12500003222, 0.00000000000, -0.00000000630, -0.00000004164
514, 50.00000000000, 611.48530734640, 120.07444886193, 4.12500003222, 0.00000000000, 0.00000000358, -0.00000000263
515, 50.00000000000, 622.55983886441, 137.94854259732, 4.12500003222, 0.00000000000, -0.00000000025, -0.00000000822
516, 50.00000000000, 633.52634916971, -30000000.00000000000, 0.00000000000, 0.00000000000, 0.00000124373, 0.66000001198
517, 50.00000000000, 647.65131839220, 72.35487380034, 4.12500003222, 0.00000000000, 0.00000000481, -0.00000000982
518, 50.00000000000, 660.21851177689, 180.23490080133, 4.12500003222, 0.00000000000, 0.00000000129, 0.00000000230
519, 50.00000000000, 680.03715190775, 79.67050898467, 4.12500003222, 0.00000000000, -0.00000000537, -0.00000000387
520, 50.00000000000, 701.66737116100, -30000000.00000000000, 0.00000000000, 0.00000000000, -0.00000054288, 0.66000001198
521, 50.00000000000, 736.07456759943, 96.13111778244, 4.12500003222, 0.00000000000, 0.00000000200, -0.00000001359
522, 50.00000000000, 748.68632236765, 64.33885962975, 4.12500003222, 0.00000000000, 0.00000000077, -0.00000000669
523, 50.00000000000, 747.66260697377, -30000000.00000000000, 0.00000000000, 0.00000000000, -0.00000066804, 0.66000001198
524, 50.00000000000, 783.87030565618, 234.60393831418, 4.12500003222, 0.00000000000, -0.00000000436, 0.00000000369
525, 50.00000000000, 780.60005647343, -30000000.00000000000, 0.00000000000, 0.00000000000, -0.00000020647, 0.66000001198
526, 50.00000000000, 785.71955867356, 117.87267797259, 4.12500003222, 0.00000000000, 0.00000000131, -0.00000002905
527, 50.00000000000, 818.40326842005, 91.04715431146, 4.12500003222, 0.00000000000, -0.00000000162, -0.00000001365
528, 50.00000000000, 816.51942709703, 144.85660876581, 4.12500003222, 0.00000000000, 0.00000000151, 0.00000000190
529, 50.00000000000, 837.63603171585, 145.20108444371, 4.12500003222, 0.00000000000, -0.00000000329, -0.00000001600
530, 50.00000000000, 857.13507144958, 153.10645173384, 4.12500003222, 0.00000000000, 0.00000000800, 0.00000000874
531, 50.00000000000, 878.89400970057, 106.06194728006, 4.12500003222, 0.00000000000, 0.00000000011, -0.00000000012
532, 50.00000000000, 913.89300562644, -30000000.00000000000, 0.00000000000, 0.00000000000, -0.00000106621, 0.66000001198
533, 50.00000000000, 926.36524324807, 71.15315071603, 4.12500003222, 0.00000000000, -0.00000000839, -0.00000000917
534, 50.00000000000, 919.59345945793, 195.50238254207, 4.12500003222, 0.00000000000, -0.00000000211, -0.00000000627
535, 50.00000000000, 951.33539583479, 97.31479780152, 4.12500003222, 0.00000000000, -0.00000001289, 0.00000001550
536, 50.00000000000, 970.38584687450, 100.40319802382, 4.12500003222, 0.00000000000, -0.00000000099, 0.00000004877
537, 50.00000000000, 961.41459840122, 28.99298701220, 4.12500003222, 0.00000000000, -0.00000000035, 0.00000001447
538, 50.00000000000, 995.49163887391, 69.00109547107, 4.12500003222, 0.00000000000, 0.00000000577, 0.00000001134
539, 50.00000000000, 1012.04641940917, 61.89581434799, 4.12500003222, 0.00000000000, 0.00000000383, -0.00000001835
540, 50.00000000000, 1028.80748439259, 53.95155101206, 4.12500003222, 0.00000000000, 0.00000001090, 0.00000001268
541, 50.00000000000, 1051.83709184670, 60.00656544093, 4.12500003222, 0.00000000000, -0.00000000356, 0.00000000147
542, 50.00000000000, 1058.80957509478, 36.79239933969, 4.12500003222, 0.00000000000, -0.00000000341, -0.00000003467
543, 50.00000000000, 1098.15561847898, 205.69569266897, 4.12500003222, 0.00000000000, 0.00000000000, 0.00000000000
544, 50.00000000000, 1098.93313814745, 63.22565630399, 4.12500003222, 0.00000000000, 0.00000000134, 0.00000001823
545, 50.00000000000, 1135.44157890117, 180.27148088952, 4.12500003222, 0.00000000000, -0.00000000097, -0.00000000188
546, 50.00000000000, 1144.73835023295, 198.65523433049, 4.12500003222, 0.00000000000, 0.00000000097, 0.00000000188
547, 50.00000000000, 1136.86610178074, 25.49248361701, 4.12500003222, 0.00000000000, -0.00000000400, -0.00000002874
548, 50.00000000000, 1145.26264041509, 100.05400923546, 4.12500003222, 0.00000000000, 0.00000000951, 0.00000001923
549, 50.00000000000, 1178.74871327254, 48.15738824411, 4.12500003222, 0.00000000000, 0.00000000053, 0.00000001181
550, 50.00000000000, 1199.21854220636, 53.27618570124, 4.12500003222, 0.00000000000, -0.00000000304, 0.00000002236
551, 50.00000000000, 1179.52272729490, 110.52498742820, 4.12500003222, 0.00000000000, 0.00000000124, -0.00000000635
552, 50.00000000000, 1213.21136518389, 70.71210030898, 4.12500003222, 0.00000000000, 0.00000000981, -0.00000000146
553, 50.00000000000, 1223.68952773703, 92.54287609459, 4.12500003222, 0.00000000000, -0.00000000318, 0.00000001596
554, 50.00000000000, 1228.64231856147, 107.77442602993, 4.12500003222, 0.00000000000, -0.00000000393, -0.00000002942
555, 50.00000000000, 1244.29828826967, 102.65090427073, 4.12500003222, 0.00000000000, -0.00000000722, 0.00000000931
556, 50.00000000000, 1257.98669973134, 116.79548834142, 4.12500003222, 0.00000000000, -0.00000000219, 0.00000000879
557, 50.00000000000, 1267.64807554980, 152.33331885672, 4.12500003222, 0.00000000000, 0.00000000139, -0.00000000105
558, 50.00000000000, 1283.04487830115, 98.48868721760, 4.12500003222, 0.00000000000, 0.00000001104, -0.00000001111
559, 50.00000000000, 1295.07115546890, 52.97107579965, 4.12500003222, 0.00000000000, 0.00000000006, 0.00000001850
560, 50.00000000000, 71.19991078143, 86.77718890764, 4.12500003222, 0.00000000000, 0.00000000484, -0.00000000218
561, 50.00000000000, 27.40234885013, 284.95685714972, 4.12500003222, 0.00000000000, 0.00000000000, 0.00000000000
562, 50.00000000000, 95.52338722281, 82.60311639709, 4.12500003222, 0.00000000000, 0.00000000337, -0.00000000057
563, 50.00000000000, 122.69735760084, 103.62298689606, 4.12500003222, 0.00000000000, 0.00000000457, 0.00000001794
564, 50.00000000000, 93.19070500255, 119.47848118567, 4.12500003222, 0.00000000000, -0.00000000621, -0.00000002049
565, 50.00000000000, 135.90960278371, 32.52774229964, 4.12500003222, 0.00000000000, 0.00000000791, 0.00000002316
566, 50.00000000000, 145.50023656111, 56.83865925050, 4.12500003222, 0.00000000000, -0.00000000611, 0.00000000855
567, 50.00000000000, 129.78647084197, 137.82983439433, 4.12500003222, 0.00000000000, -0.00000000132, -0.00000002110
568, 50.00000000000, 157.57935680469, 112.13151414236, 4.12500003222, 0.00000000000, 0.00000000065, 0.00000000411
569, 50.00000000000, 177.32048439385, 109.95062642383, 4.12500003222, 0.00000000000, -0.00000001064, -0.00000001749
570, 50.00000000000, 171.50923041660, 127.19316004901, 4.12500003222, 0.00000000000, -0.00000000542, -0.00000001539
571, 50.00000000000, 193.18632206156, 165.21253474102, 4.12500003222, 0.00000000000, -0.00000000016, 0.00000000926
572, 50.00000000000, 258.22839229735, 39.66856552531, 4.12500003222, 0.00000000000, -0.00000000838, 0.00000000058
573, 50.00000000000, 221.98141283328, 144.51793587929, 4.12500003222, 0.00000000000, 0.00000000377, -0.00000003285
574, 50.00000000000, 284.70180890180, 60.23622513199, 4.12500003222, 0.00000000000, -0.00000000221, 0.00000002530
575, 50.00000000000, 296.77861157607, 25.17407946366, 4.12500003222, 0.00000000000, 0.00000001800, -0.00000000037
576, 50.00000000000, 289.81725251047, 141.36447054400, 4.12500003222, 0.00000000000, -0.00000000401, -0.00000001107
577, 50.00000000000, 337.18607852823, 80.19525946843, 4.12500003222, 0.00000000000, 0.00000000183, 0.00000001349
578, 50.00000000000, 320.24312966861, 203.45423202539, 4.12500003222, 0.00000000000, 0.00000000000, 0.00000000000
579, 50.00000000000, 377.92098770197, 118.22588778419, 4.12500003222, 0.00000000000, -0.00000000041, 0.00000000515
580, 50.00000000000, 392.10190990811, 68.33152622348, 4.12500003222, 0.00000000000, 0.00000000592, -0.00000000250
581, 50.00000000000, 396.50250923710, 124.58299143326, 4.12500003222, 0.00000000000, -0.00000000538, -0.00000000499
582, 50.00000000000, 390.77758831900, 176.76084202292, 4.12500003222, 0.00000000000, 0.00000000000, 0.00000000000
583, 50.00000000000, 422.55679773115, 74.44682561328, 4.12500003222, 0.00000000000, -0.00000000354, -0.00000001438
584, 50.00000000000, 441.61626292981, 106.07870146902, 4.12500003222, 0.00000000000, 0.00000000166, -0.00000003824
585, 50.00000000000, 442.52616531724, -30000000.00000000000, 0.00000000000, 0.00000000000, -0.00000187657, 0.66000001198
586, 50.00000000000, 466.50173281106, 104.19298513326, 4.12500003222, 0.00000000000, -0.00000000797, -0.00000000360
587, 50.00000000000, 483.25749556415, 222.23804946931, 4.12500003222, 0.00000000000, -0.00000000270, -0.00000000440
588, 50.00000000000, 509.08344161825, 72.94655589591, 4.12500003222, 0.00000000000, -0.00000000875, 0.00000003751
589, 50.00000000000, 525.36712896456, 70.72368106940, 4.12500003222, 0.00000000000, 0.00000000397, 0.00000001624
590, 50.00000000000, 540.76647391244, 81.41153116689, 4.12500003222, 0.00000000000, -0.00000000522, -0.00000000690
591, 50.00000000000, 563.43860316985, 173.80142265038, 4.12500003222, 0.00000000000, 0.00000000777, 0.00000000300
592, 50.00000000000, 583.42377059583, 135.05833959564, 4.12500003222, 0.00000000000, 0.00000000246, -0.00000003764
593, 50.00000000000, 604.59142690148, 84.34946613879, 4.12500003222, 0.00000000000, 0.00000000204, 0.00000000757
594, 50.00000000000, 612.40177681800, 156.48444801365, 4.12500003222, 0.00000000000, -0.00000000478, -0.00000000519
595, 50.00000000000, 633.93806233893, 118.63751912832, 4.12500003222, 0.00000000000, -0.00000000931, 0.00000000434
596, 50.00000000000, 637.23385389637, 95.51420306566, 4.12500003222, 0.00000000000, 0.00000000219, -0.00000002260
597, 50.00000000000, 632.22016244448, 157.37528432874, 4.12500003222, 0.00000000000, -0.00000000186, 0.00000000465
598, 50.00000000000, 667.19049989530, -30000000.00000000000, 0.00000000000, 0.00000000000, -0.00000021048, 0.66000001198
599, 50.00000000000, 652.84689398730, 161.61742566283, 4.12500003222, 0.00000000000, -0.00000000134, -0.00000000509
600, 50.00000000000, 703.58707089712, -30000000.00000000000, 0.00000000000, 0.00000000000, -0.00000033473, 0.66000001198
601, 50.00000000000, 725.20501350822, 138.13042470860, 4.12500003222, 0.00000000000, -0.00000000202, -0.00000001112
602, 50.00000000000, 739.37768435006, 57.08425588750, 4.12500003222, 0.00000000000, 0.00000001880, 0.00000001756
603, 50.00000000000, 762.33613964542, -30000000.00000000000, 0.00000000000, 0.00000000000, 0.00000045388, 0.66000001198
604, 50.00000000000, 768.14631843135, 66.82218358937, 4.12500003222, 0.00000000000, -0.00000000204, -0.00000001073
605, 50.00000000000, 786.62748288672, 98.63691324822, 4.12500003222, 0.00000000000, 0.00000000070, 0.00000003906
606, 50.00000000000, 781.26056134368, 214.91810359515, 4.12500003222, 0.00000000000, 0.00000000208, 0.00000000042
607, 50.00000000000, 805.77618794523, 126.70681929412, 4.12500003222, 0.00000000000, 0.00000000226, -0.00000000716
608, 50.00000000000, 840.62783657691, 122.75156767551, 4.12500003222, 0.00000000000, -0.00000000202, 0.00000001733
609, 50.00000000000, 852.18193061791, 132.98713766168, 4.12500003222, 0.00000000000, -0.00000000308, -0.00000000223
610, 50.00000000000, 860.66839040432, 173.67368111940, 4.12500003222, 0.00000000000, -0.00000000253, -0.00000000300
611, 50.00000000000, 876.51730887206, 161.45314717243, 4.12500003222, 0.00000000000, -0.00000000295, -0.00000000738
612, 50.00000000000, 880.39263511506, 181.48770923699, 4.12500003222, 0.00000000000, -0.00000000361, -0.00000000216
613, 50.00000000000, 912.70268291546, 83.98921077320, 4.12500003222, 0.00000000000, 0.00000000112, -0.00000004246
614, 50.00000000000, 903.42840338971, 207.63079490987, 4.12500003222, 0.00000000000, -0.00000000057, 0.00000000495
615, 50.00000000000, 959.31237500707, 114.13541125440, 4.12500003222, 0.00000000000, 0.00000000884, -0.00000001730
616, 50.00000000000, 972.39959287340, 68.08167729496, 4.12500003222, 0.00000000000, 0.00000000232, 0.00000000629
617, 50.00000000000, 981.09466616547, 135.01166884123, 4.12500003222, 0.00000000000, -0.00000000382, 0.00000002132
618, 50.00000000000, 995.13784133710, 122.43907853084, 4.12500003222, 0.00000000000, 0.00000000569, 0.00000000977
619, 50.00000000000, 1018.91506871963, 75.73348667275, 4.12500003222, 0.00000000000, 0.00000001089, -0.00000000190
620, 50.00000000000, 1032.08250222553, 93.37399746272, 4.12500003222, 0.00000000000, 0.00000000103, -0.00000002999
621, 50.00000000000, 1037.19817716386, 38.36497413971, 4.12500003222, 0.00000000000, 0.00000000735, 0.00000000988
622, 50.00000000000, 1050.58102800170, 145.29396478711, 4.12500003222, 0.00000000000, 0.00000000165, 0.00000000184
623, 50.00000000000, 1056.39894569684, 125.50860884897, 4.12500003222, 0.00000000000, 0.00000000171, 0.00000000166
624, 50.00000000000, 1096.75339343127, 44.71530397877, 4.12500003222, 0.00000000000, -0.00000000137, 0.00000000984
625, 50.00000000000, 1096.52292253598, 78.76018049074, 4.12500003222, 0.00000000000, 0.00000000322, -0.00000000243
626, 50.00000000000, 1126.79238243717, 92.69823383499, 4.12500003222, 0.00000000000, 0.00000003000, 0.00000000321
627, 50.00000000000, 1136.05418216043, 81.15602475269, 4.12500003222, 0.00000000000, -0.00000000535, -0.00000004591
628, 50.00000000000, 1161.32284751096, 61.04823591836, 4.12500003222, 0.00000000000, -0.00000000576, 0.00000002218
629, 50.00000000000, 1172.10911063754, 69.30708929005, 4.12500003222, 0.00000000000, -0.00000001030, -0.00000003147
630, 50.00000000000, 1196.97194141107, 44.80278696221, 4.12500003222, 0.00000000000, -0.00000000919, -0.00000000829
631, 50.00000000000, 1192.20680113519, 143.31249277831, 4.12500003222, 0.00000000000, -0.00000000424, -0.00000000748
632, 50.00000000000, 1205.36601773248, 84.72671583942, 4.12500003222, 0.00000000000, 0.00000000528, 0.00000001685
633, 50.00000000000, 1211.01774995539, 110.14259635680, 4.12500003222, 0.00000000000, -0.00000000546, 0.00000000690
634, 50.00000000000, 1247.68086717862, 156.44547420694, 4.12500003222, 0.00000000000, -0.00000000288, 0.00000000575
635, 50.00000000000, 1239.37148244235, 123.93766013763, 4.12500003222, 0.00000000000, 0.00000000187, 0.00000000256
636, 50.00000000000, 1260.56648816320, 74.17894702183, 4.12500003222, 0.00000000000, 0.00000000641, 0.00000002979
637, 50.00000000000, 1253.49517558866, 137.42232055419, 4.12500003222, 0.00000000000, 0.00000000552, -0.00000000006
638, 50.00000000000, 1296.37363030138, 21.13119825842, 4.12500003222, 0.00000000000, -0.00000000493, 0.00000001293
639, 50.00000000000, 1310.91512949953, 34.88239981154, 4.12500003222, 0.00000000000, -0.00000000605, -0.00000001418
