0, 50.00000000000, 11.25000258939, 31.28754533849, 4.50000015917, 0.00000000000, 0.00000000000, 0.00000000000
1, 50.00000000000, 25.64637188515, 66.25175441769, 4.50000015917, 0.00000000000, 0.00000000000, 0.00000000000
2, 50.00000000000, 33.64688827559, 25.59401159544, 4.50000015917, 0.00000000000, 0.00000000000, 0.00000000000
3, 50.00000000000, 45.38576918606, 51.97619367250, 4.50000015917, 0.00000000000, 0.00000000000, 0.00000000000
4, 50.00000000000, 60.09216136743, 33.41458212588, 4.50000015917, 0.00000000000, 0.00000000000, 0.00000000000
5, 50.00000000000, 67.42818044707, 67.73273632575, 4.50000015917, 0.00000000000, 0.00000000000, 0.00000000000
6, 50.00000000000, 79.96728199660, 46.35965415569, 4.50000015917, 0.00000000000, 0.00000000000, 0.00000000000
7, 50.00000000000, 101.62859086037, 36.57239360057, 4.50000015917, 0.00000000000, 0.00000000000, 0.00000000000
8, 50.00000000000, 98.91071182079, 12.93039879260, 4.50000015917, 0.00000000000, 0.00000000000, 0.00000000000
9, 50.00000000000, 121.61969341951, 23.23327056485, 4.50000015917, 0.00000000000, 0.00000000000, 0.00000000000
10, 50.00000000000, 132.33701834846, 50.16781147618, 4.50000015917, 0.00000000000, 0.00000000000, 0.00000000000
11, 50.00000000000, 145.76374331909, 29.79798260702, 4.50000015917, 0.00000000000, 0.00000000000, 0.00000000000
12, 50.00000000000, 156.06788689264, 55.58380125660, 4.50000015917, 0.00000000000, 0.00000000000, 0.00000000000
13, 50.00000000000, 168.31188231904, 30.93200890988, 4.50000015917, 0.00000000000, -0.00000000161, 0.00000000055
14, 50.00000000000, 189.35087898182, 23.49738800011, 4.50000015917, 0.00000000000, 0.00000000161, -0.00000000055
15, 50.00000000000, 186.67018141230, 47.77057764400, 4.50000015917, 0.00000000000, 0.00000000000, 0.00000000000
16, 50.00000000000, 208.90241066595, 42.51970579603, 4.50000015917, 0.00000000000, 0.00000000000, 0.00000000000
17, 50.00000000000, 220.07329058953, 12.84403587027, 4.50000015917, 0.00000000000, -0.00000000084, -0.00000000064
18, 50.00000000000, 237.87423525636, 26.45168552549, 4.50000015917, 0.00000000000, 0.00000000084, 0.00000000064
19, 50.00000000000, 255.15881202177, 12.03944978950, 4.50000015917, 0.00000000000, 0.00000000000, 0.00000000000
20, 50.00000000000, 261.69234992473, 34.03916539150, 4.50000015917, 0.00000000000, -0.00000000155, 0.00000000161
21, 50.00000000000, 277.08230299578, 18.00612734418, 4.50000015917, 0.00000000000, 0.00000000127, -0.00000000163
22, 50.00000000000, 284.96074699207, 39.52281660082, 4.50000015917, 0.00000000000, 0.00000000000, 0.00000000000
23, 50.00000000000, 299.42358402573, 19.33137582795, 4.50000015917, 0.00000000000, 0.00000000028, 0.00000000002
24, 50.00000000000, 308.96432199126, 46.69613348178, 4.50000015917, 0.00000000000, 0.00000000000, 0.00000000000
25, 50.00000000000, 322.01547311037, 21.61450100533, 4.50000015917, 0.00000000000, 0.00000000000, 0.00000000000
26, 50.00000000000, 331.66901341763, 48.73602647340, 4.50000015917, 0.00000000000, 0.00000000000, 0.00000000000
27, 50.00000000000, 344.73535274743, 13.27854513701, 4.50000015917, 0.00000000000, 0.00000000000, 0.00000000000
28, 50.00000000000, 354.12750482859, 38.85102565092, 4.50000015917, 0.00000000000, 0.00000000000, 0.00000000000
29, 50.00000000000, 367.67630399120, 17.91815711932, 4.50000015917, 0.00000000000, 0.00000000000, 0.00000000000
30, 50.00000000000, 390.16119172756, 16.43294977129, 4.50000015917, 0.00000000000, 0.00000000000, 0.00000000000
31, 50.00000000000, 395.51001096108, 41.66726389714, 4.50000015917, 0.00000000000, 0.00000000000, 0.00000000000
32, 50.00000000000, 411.48741098659, 24.75049248755, 4.50000015917, 0.00000000000, 0.00000000000, 0.00000000000
33, 50.00000000000, 435.14686021611, 12.40674882540, 4.50000015917, 0.00000000000, 0.00000000000, 0.00000000000
34, 50.00000000000, 428.58252383054, 41.01899760270, 4.50000015917, 0.00000000000, -0.00000000038, -0.00000000002
35, 50.00000000000, 450.91531288792, 42.31454038016, 4.50000015917, 0.00000000000, 0.00000000038, 0.00000000002
36, 50.00000000000, 463.06549222888, 12.17727435671, 4.50000015917, 0.00000000000, 0.00000000000, 0.00000000000
37, 50.00000000000, 474.82464516490, 57.36852526763, 4.50000015917, 0.00000000000, 0.00000000000, 0.00000000000
38, 50.00000000000, 485.27251890700, 26.79832451685, 4.50000015917, 0.00000000000, 0.00000000000, 0.00000000000
39, 50.00000000000, 498.28312677991, 51.15540102977, 4.50000015917, 0.00000000000, 0.00000000000, 0.00000000000
40, 50.00000000000, 508.25635162454, 22.09560228459, 4.50000015917, 0.00000000000, 0.00000000000, 0.00000000000
41, 50.00000000000, 522.66234056310, 45.38683753575, 4.50000015917, 0.00000000000, -0.00000000000, 0.00000000000
42, 50.00000000000, 530.66224454349, 18.45715000204, 4.50000015917, 0.00000000000, 0.00000000000, 0.00000000000
43, 50.00000000000, 545.12807906545, 44.44732016569, 4.50000015917, 0.00000000000, 0.00000000000, -0.00000000000
44, 50.00000000000, 554.48903415606, 15.82917112981, 4.50000015917, 0.00000000000, 0.00000000000, 0.00000000000
45, 50.00000000000, 576.51952364448, 21.41457483260, 4.50000015917, 0.00000000000, 0.00000000000, 0.00000000000
46, 50.00000000000, 584.95984894427, 51.75198305415, 4.50000015917, 0.00000000000, 0.00000000000, 0.00000000000
47, 50.00000000000, 598.21751282842, 27.88392744540, 4.50000015917, 0.00000000000, 0.00000000000, 0.00000000000
48, 50.00000000000, 607.71297955841, 53.78249466119, 4.50000015917, 0.00000000000, 0.00000000000, 0.00000000000
49, 50.00000000000, 623.39550194846, 36.88001750671, 4.50000015917, 0.00000000000, -0.00000000054, -0.00000000117
50, 50.00000000000, 632.74144775449, 57.18490081782, 4.50000015917, 0.00000000000, 0.00000000054, 0.00000000117
51, 50.00000000000, 643.10129305032, 20.91195840611, 4.50000015917, 0.00000000000, 0.00000000000, 0.00000000000
52, 50.00000000000, 655.18755852205, 54.08229158561, 4.50000015917, 0.00000000000, 0.00000000000, 0.00000000000
53, 50.00000000000, 664.94861499790, 12.90590891935, 4.50000015917, 0.00000000000, 0.00000000000, 0.00000000000
54, 50.00000000000, 681.54184382108, 40.25960375225, 4.50000015917, 0.00000000000, 0.00000000000, 0.00000000000
55, 50.00000000000, 704.89431264670, 46.18249596271, 4.50000015917, 0.00000000000, -0.00000000003, -0.00000000000
56, 50.00000000000, 693.42885919176, 18.82719552008, 4.50000015917, 0.00000000000, 0.00000000000, 0.00000000000
57, 50.00000000000, 715.87759253356, 14.76485954080, 4.50000015917, 0.00000000000, 0.00000000000, 0.00000000000
58, 50.00000000000, 727.35435379355, 46.66766120668, 4.50000015917, 0.00000000000, 0.00000000003, 0.00000000000
59, 50.00000000000, 744.29507244702, 16.63204281101, 4.50000015917, 0.00000000000, 0.00000000000, 0.00000000000
60, 50.00000000000, 749.82009942338, 50.06056958886, 4.50000015917, 0.00000000000, 0.00000000000, 0.00000000000
61, 50.00000000000, 769.97633428197, 36.40654139818, 4.50000015917, 0.00000000000, 0.00000000000, 0.00000000000
62, 50.00000000000, 785.86032744709, 20.55615456773, 4.50000015917, 0.00000000000, 0.00000000000, 0.00000000000
63, 50.00000000000, 810.73869739553, 21.12449580667, 4.50000015917, 0.00000000000, 0.00000000000, 0.00000000000
64, 50.00000000000, 795.89005234199, 44.72724377875, 4.50000015917, 0.00000000000, 0.00000000000, 0.00000000000
65, 50.00000000000, 819.55459482005, 61.35419564621, 4.50000015917, 0.00000000000, 0.00000000000, 0.00000000000
66, 50.00000000000, 836.89640069663, 33.94653987092, 4.50000015917, 0.00000000000, 0.00000000000, 0.00000000000
67, 50.00000000000, 849.23574016856, 53.73291284260, 4.50000015917, 0.00000000000, 0.00000000000, 0.00000000000
68, 50.00000000000, 858.50859560591, 15.27577855420, 4.50000015917, 0.00000000000, 0.00000000000, 0.00000000000
69, 50.00000000000, 871.43556999001, 47.35619597357, 4.50000015917, 0.00000000000, 0.00000000000, 0.00000000000
70, 50.00000000000, 880.99536428015, 12.52122867694, 4.50000015917, 0.00000000000, 0.00000000000, 0.00000000000
71, 50.00000000000, 895.01970574586, 49.91297830603, 4.50000015917, 0.00000000000, 0.00000000000, 0.00000000000
72, 50.00000000000, 907.31997282349, 16.06063555034, 4.50000015917, 0.00000000000, 0.00000000000, 0.00000000000
73, 50.00000000000, 916.99736749356, 67.97217470261, 4.50000015917, 0.00000000000, 0.00000000000, 0.00000000000
74, 50.00000000000, 929.79709675892, 17.75602872229, 4.50000015917, 0.00000000000, 0.00000000000, 0.00000000000
75, 50.00000000000, 939.48525916164, 56.52952222282, 4.50000015917, 0.00000000000, 0.00000000000, 0.00000000000
76, 50.00000000000, 953.66088915917, 16.99896647774, 4.50000015917, 0.00000000000, 0.00000000000, 0.00000000000
77, 50.00000000000, 976.54352876807, 23.39195197272, 4.50000015917, 0.00000000000, 0.00000000000, 0.00000000000
78, 50.00000000000, 974.10001791527, 47.00357776757, 4.50000015917, 0.00000000000, 0.00000000000, 0.00000000000
79, 50.00000000000, 997.75278936493, 38.60996542760, 4.50000015917, 0.00000000000, 0.00000000000, 0.00000000000
80, 50.00000000000, 1010.94111715271, 16.33002598449, 4.50000015917, 0.00000000000, 0.00000000000, 0.00000000000
81, 50.00000000000, 1023.98812586397, 44.72954686352, 4.50000015917, 0.00000000000, 0.00000000000, 0.00000000000
82, 50.00000000000, 1033.43134791805, 14.14302558312, 4.50000015917, 0.00000000000, 0.00000000000, 0.00000000000
83, 50.00000000000, 1046.70652308347, 37.44643327716, 4.50000015917, 0.00000000000, 0.00000000000, 0.00000000000
84, 50.00000000000, 1062.47538905665, 12.96658635739, 4.50000015917, 0.00000000000, 0.00000000000, 0.00000000000
85, 50.00000000000, 1070.23486856443, 44.44570385417, 4.50000015917, 0.00000000000, 0.00000000000, 0.00000000000
86, 50.00000000000, 1084.47651390369, 19.90117675522, 4.50000015917, 0.00000000000, -0.00000000093, 0.00000000010
87, 50.00000000000, 1092.91351728656, 54.58088156831, 4.50000015917, 0.00000000000, 0.00000000000, 0.00000000000
88, 50.00000000000, 1106.64094718117, 17.48701939730, 4.50000015917, 0.00000000000, 0.00000000017, -0.00000000020
89, 50.00000000000, 1116.60858314118, 58.79088672639, 4.50000015917, 0.00000000000, 0.00000000000, 0.00000000000
90, 50.00000000000, 1128.75587309729, 20.31489735115, 4.50000015917, 0.00000000000, 0.00000000033, 0.00000000007
91, 50.00000000000, 1137.90159120488, 47.24683600773, 4.50000015917, 0.00000000000, 0.00000000000, 0.00000000000
92, 50.00000000000, 1151.04935909374, 22.09375233881, 4.50000015917, 0.00000000000, 0.00000000043, 0.00000000003
93, 50.00000000000, 1165.94434284509, 40.58334643856, 4.50000015917, 0.00000000000, 0.00000000000, 0.00000000000
94, 50.00000000000, 1174.26398248660, 16.60969965057, 4.50000015917, 0.00000000000, 0.00000000000, 0.00000000000
95, 50.00000000000, 1188.41347035076, 36.83120595710, 4.50000015917, 0.00000000000, 0.00000000000, 0.00000000000
96, 50.00000000000, 1197.64731247633, 11.56355972427, 4.50000015917, 0.00000000000, 0.00000000000, 0.00000000000
97, 50.00000000000, 1213.95197147543, 58.05978993368, 4.50000015917, 0.00000000000, 0.00000000000, 0.00000000000
98, 50.00000000000, 1220.11539713823, 23.20272874550, 4.50000015917, 0.00000000000, 0.00000000000, 0.00000000000
99, 50.00000000000, 1236.39788727801, 70.64310313946, 4.50000015917, 0.00000000000, 0.00000000000, 0.00000000000
100, 50.00000000000, 1260.07679159471, 62.72179647839, 4.50000015917, 0.00000000000, 0.00000000000, 0.00000000000
101, 50.00000000000, 1253.53389655153, 31.39350830599, 4.50000015917, 0.00000000000, 0.00000000000, 0.00000000000
102, 50.00000000000, 1276.24540458494, 22.71207574853, 4.50000015917, 0.00000000000, 0.00000000000, 0.00000000000
103, 50.00000000000, 1289.98920180987, 61.51869351223, 4.50000015917, 0.00000000000, 0.00000000000, 0.00000000000
104, 50.00000000000, 1298.73949633680, 23.52713994763, 4.50000015917, 0.00000000000, 0.00000000000, 0.00000000000
105, 50.00000000000, 1312.54011405557, 55.71351210043, 4.50000015917, 0.00000000000, 0.00000000000, 0.00000000000
106, 50.00000000000, 1321.50097615221, 20.14938611215, 4.50000015917, 0.00000000000, 0.00000000000, 0.00000000000
107, 50.00000000000, 1343.97057729120, 28.50942817208, 4.50000015917, 0.00000000000, 0.00000000000, 0.00000000000
108, 50.00000000000, 1358.70946481071, 56.46792746486, 4.50000015917, 0.00000000000, -0.00000000000, -0.00000000000
109, 50.00000000000, 1367.85884467173, 13.19778468583, 4.50000015917, 0.00000000000, 0.00000000000, 0.00000000000
110, 50.00000000000, 1381.19542493554, 57.20825567160, 4.50000015917, 0.00000000000, 0.00000000000, 0.00000000000
111, 50.00000000000, 1390.33552802588, 16.37502464685, 4.50000015917, 0.00000000000, 0.00000000000, 0.00000000000
112, 50.00000000000, 1403.60888213510, 65.25747837706, 4.50000015917, 0.00000000000, -0.00000000004, -0.00000000000
113, 50.00000000000, 1426.06777701388, 65.06151519487, 4.50000015917, 0.00000000000, 0.00000000004, 0.00000000000
114, 50.00000000000, 1414.90919863982, 22.33487862632, 4.50000015917, 0.00000000000, 0.00000000000, 0.00000000000
115, 50.00000000000, 1437.38446517901, 18.77894857778, 4.50000015917, 0.00000000000, 0.00000000000, 0.00000000000
116, 50.00000000000, 1458.02437504684, 44.99990948853, 4.50000015917, 0.00000000000, 0.00000000000, 0.00000000000
117, 50.00000000000, 1459.73148908423, 12.40203720727, 4.50000015917, 0.00000000000, 0.00000000000, 0.00000000000
118, 50.00000000000, 1479.52725990191, 29.00163249242, 4.50000015917, 0.00000000000, 0.00000000000, 0.00000000000
119, 50.00000000000, 1489.57310475905, 69.41592691415, 4.50000015917, 0.00000000000, 0.00000000000, 0.00000000000
120, 50.00000000000, 1502.60939316045, 33.30427260111, 4.50000015917, 0.00000000000, 0.00000000000, 0.00000000000
121, 50.00000000000, 1522.53193876129, 19.75597915768, 4.50000015917, 0.00000000000, 0.00000000000, 0.00000000000
122, 50.00000000000, 1518.92946798165, 56.29904508049, 4.50000015917, 0.00000000000, 0.00000000000, 0.00000000000
123, 50.00000000000, 1545.12291493173, 18.83974889797, 4.50000015917, 0.00000000000, 0.00000000000, 0.00000000000
124, 50.00000000000, 1541.41198975662, 57.97810896096, 4.50000015917, 0.00000000000, 0.00000000000, 0.00000000000
125, 50.00000000000, 1562.30904032645, 47.70726812309, 4.50000015917, 0.00000000000, 0.00000000000, 0.00000000000
126, 50.00000000000, 1584.78986283181, 45.64263379704, 4.50000015917, 0.00000000000, 0.00000000000, 0.00000000000
127, 50.00000000000, 1574.05488585624, 12.72950867982, 4.50000015917, 0.00000000000, 0.00000000000, 0.00000000000
128, 50.00000000000, 1599.70138532390, 13.08233430458, 4.50000015917, 0.00000000000, 0.00000000000, 0.00000000000
129, 50.00000000000, 1607.06469186173, 39.17585491458, 4.50000015917, 0.00000000000, 0.00000000000, 0.00000000000
130, 50.00000000000, 1628.24268980149, 28.18665764646, 4.50000015917, 0.00000000000, 0.00000000000, 0.00000000000
131, 50.00000000000, 1644.11690216527, 46.47039553412, 4.50000015917, 0.00000000000, -0.00000000001, -0.00000000000
132, 50.00000000000, 1652.04736813233, 21.91222100869, 4.50000015917, 0.00000000000, 0.00000000000, 0.00000000000
133, 50.00000000000, 1665.51759007635, 53.34819253974, 4.50000015917, 0.00000000000, 0.00000000001, 0.00000000000
134, 50.00000000000, 1687.83278205046, 48.64984640835, 4.50000015917, 0.00000000000, 0.00000000000, 0.00000000000
135, 50.00000000000, 1681.13275715735, 11.70854011597, 4.50000015917, 0.00000000000, 0.00000000000, 0.00000000000
136, 50.00000000000, 1705.97862082619, 30.06140557510, 4.50000015917, 0.00000000000, -0.00000000004, 0.00000000002
137, 50.00000000000, 1716.88843408380, 54.23944472552, 4.50000015917, 0.00000000000, 0.00000000000, 0.00000000000
138, 50.00000000000, 1726.26888261836, 20.45062979541, 4.50000015917, 0.00000000000, 0.00000000004, -0.00000000002
139, 50.00000000000, 1739.37079139074, 56.23739180681, 4.50000015917, 0.00000000000, 0.00000000000, 0.00000000000
140, 50.00000000000, 1748.63507381530, 17.50637738371, 4.50000015917, 0.00000000000, 0.00000000000, 0.00000000000
141, 50.00000000000, 1764.35890718368, 47.07267785496, 4.50000015917, 0.00000000000, 0.00000000000, 0.00000000000
142, 50.00000000000, 1771.40927985481, 18.87291370600, 4.50000015917, 0.00000000000, 0.00000000000, 0.00000000000
143, 50.00000000000, 1790.16585881372, 35.39694254196, 4.50000015917, 0.00000000000, -0.00000000000, 0.00000000000
144, 50.00000000000, 1798.13632761207, 58.97276942139, 4.50000015917, 0.00000000000, 0.00000000000, 0.00000000000
145, 50.00000000000, 1812.64551161949, 34.62795198049, 4.50000015917, 0.00000000000, 0.00000000000, -0.00000000000
146, 50.00000000000, 1834.97474496825, 40.60480819612, 4.50000015917, 0.00000000000, 0.00000000000, 0.00000000000
147, 50.00000000000, 1836.59688158657, 13.25088135856, 4.50000015917, 0.00000000000, 0.00000000000, 0.00000000000
148, 50.00000000000, 1855.30255097419, 55.83931542591, 4.50000015917, 0.00000000000, -0.00000000012, 0.00000000000
149, 50.00000000000, 1858.84511448796, 17.95144941585, 4.50000015917, 0.00000000000, 0.00000000000, 0.00000000000
150, 50.00000000000, 1877.72343070329, 55.15248729766, 4.50000015917, 0.00000000000, -0.00000000001, 0.00000000071
151, 50.00000000000, 1881.79485827389, 33.25596923611, 4.50000015917, 0.00000000000, 0.00000000013, -0.00000000071
152, 50.00000000000, 1900.79033724213, 47.28901531437, 4.50000015917, 0.00000000000, 0.00000000000, 0.00000000000
153, 50.00000000000, 1903.41740030778, 23.63643854560, 4.50000015917, 0.00000000000, 0.00000000000, 0.00000000000
154, 50.00000000000, 1923.27880888968, 49.00657298904, 4.50000015917, 0.00000000000, 0.00000000000, 0.00000000000
155, 50.00000000000, 1926.05657471041, 21.30645984759, 4.50000015917, 0.00000000000, 0.00000000000, 0.00000000000
156, 50.00000000000, 1945.82581724841, 43.82868583842, 4.50000015917, 0.00000000000, 0.00000000000, 0.00000000000
157, 50.00000000000, 1964.99036741905, 73.28046518779, 4.50000015917, 0.00000000000, 0.00000000000, 0.00000000000
158, 50.00000000000, 1966.26290148519, 17.42105869997, 4.50000015917, 0.00000000000, 0.00000000000, 0.00000000000
159, 50.00000000000, 1988.74998668736, 11.48246326769, 4.50000015917, 0.00000000000, 0.00000000000, 0.00000000000
