0, 50.00000000000, 11.25014991271, 20.66486125718, 4.50000015917, 0.00000000000, 0.00000000000, 0.00000000000
1, 50.00000000000, 25.32637196796, 49.02380363108, 4.50000015917, 0.00000000000, 0.00000000000, 0.00000000000
2, 50.00000000000, 33.99631684079, 18.78953777295, 4.50000015917, 0.00000000000, 0.00000000000, 0.00000000000
3, 50.00000000000, 47.73193485578, 38.56257829179, 4.50000015917, 0.00000000000, 0.00000000000, 0.00000000000
4, 50.00000000000, 57.98324785623, 11.46241863613, 4.50000015917, 0.00000000000, 0.00000000000, 0.00000000000
5, 50.00000000000, 70.69738301656, 58.83725680844, 4.50000015917, 0.00000000000, 0.00000000000, 0.00000000000
6, 50.00000000000, 77.52319622724, 35.35643117948, 4.50000015917, 0.00000000000, 0.00000000000, 0.00000000000
7, 50.00000000000, 99.88672808824, 40.46322004392, 4.50000015917, 0.00000000000, 0.00000000000, 0.00000000000
8, 50.00000000000, 99.43112197169, 13.06218156841, 4.50000015917, 0.00000000000, 0.00000000000, 0.00000000000
9, 50.00000000000, 120.88755514510, 26.71646874728, 4.50000015917, 0.00000000000, 0.00000000000, 0.00000000000
10, 50.00000000000, 134.43182953118, 47.37995376738, 4.50000015917, 0.00000000000, -0.00000000010, -0.00000000001
11, 50.00000000000, 143.79612870841, 16.75042181629, 4.50000015917, 0.00000000000, 0.00000000000, 0.00000000000
12, 50.00000000000, 156.75066655188, 49.46774255006, 4.50000015917, 0.00000000000, 0.00000000010, 0.00000000001
13, 50.00000000000, 166.17261991862, 23.56221470313, 4.50000015917, 0.00000000000, 0.00000000000, 0.00000000000
14, 50.00000000000, 188.61917252301, 13.67267344786, 4.50000015917, 0.00000000000, 0.00000000000, 0.00000000000
15, 50.00000000000, 190.06664537736, 52.45870749872, 4.50000015917, 0.00000000000, 0.00000000000, 0.00000000000
16, 50.00000000000, 209.50680328038, 33.52914358860, 4.50000015917, 0.00000000000, -0.00000000578, 0.00000000364
17, 50.00000000000, 228.10697717126, 21.83181395670, 4.50000015917, 0.00000000000, 0.00000000578, -0.00000000364
18, 50.00000000000, 240.54903507268, 40.76699724296, 4.50000015917, 0.00000000000, 0.00000000000, 0.00000000000
19, 50.00000000000, 250.24970032575, 15.54324430826, 4.50000015917, 0.00000000000, 0.00000000000, 0.00000000000
20, 50.00000000000, 264.47959964120, 35.70174740510, 4.50000015917, 0.00000000000, 0.00000000000, 0.00000000000
21, 50.00000000000, 274.80391676035, 14.10176498632, 4.50000015917, 0.00000000000, -0.00000000001, -0.00000000000
22, 50.00000000000, 286.94226091266, 37.91019968600, 4.50000015917, 0.00000000000, 0.00000000000, 0.00000000000
23, 50.00000000000, 297.27750117101, 14.55068907233, 4.50000015917, 0.00000000000, 0.00000000001, 0.00000000000
24, 50.00000000000, 309.57678950194, 33.59053317528, 4.50000015917, 0.00000000000, 0.00000000000, 0.00000000000
25, 50.00000000000, 320.02158248186, 13.05686020967, 4.50000015917, 0.00000000000, 0.00000000000, 0.00000000000
26, 50.00000000000, 332.97416111209, 32.57245492186, 4.50000015917, 0.00000000000, -0.00000000403, -0.00000000122
27, 50.00000000000, 345.05825482806, 12.78674401278, 4.50000015917, 0.00000000000, 0.00000000000, 0.00000000000
28, 50.00000000000, 354.09083406029, 38.85217414574, 4.50000015917, 0.00000000000, -0.00000000234, 0.00000001037
29, 50.00000000000, 366.53173506442, 20.86320809812, 4.50000015917, 0.00000000000, 0.00000000514, -0.00000000898
30, 50.00000000000, 388.56446923374, 18.26873130049, 4.50000015917, 0.00000000000, 0.00000000076, -0.00000000015
31, 50.00000000000, 393.50671083509, 42.52730486408, 4.50000015917, 0.00000000000, 0.00000000000, 0.00000000000
32, 50.00000000000, 410.89795200272, 17.22415789021, 4.50000015917, 0.00000000000, -0.00000000013, 0.00000000008
33, 50.00000000000, 432.95939948270, 13.83320360011, 4.50000015917, 0.00000000000, 0.00000000060, -0.00000000009
34, 50.00000000000, 425.58363324178, 44.12246540693, 4.50000015917, 0.00000000000, 0.00000000000, 0.00000000000
35, 50.00000000000, 449.24609170123, 41.73918583795, 4.50000015917, 0.00000000000, 0.00000000000, 0.00000000000
36, 50.00000000000, 463.06549222888, 13.36071157908, 4.50000015917, 0.00000000000, 0.00000000000, 0.00000000000
37, 50.00000000000, 474.82464516490, 42.01372746976, 4.50000015917, 0.00000000000, 0.00000000000, 0.00000000000
38, 50.00000000000, 486.23118219670, 15.96081005208, 4.50000015917, 0.00000000000, -0.00000000000, -0.00000000000
39, 50.00000000000, 500.07021005575, 37.99653403879, 4.50000015917, 0.00000000000, -0.00000000143, 0.00000000340
40, 50.00000000000, 508.66301545691, 17.73609318680, 4.50000015917, 0.00000000000, 0.00000000142, -0.00000000341
41, 50.00000000000, 523.12808116299, 34.71228439541, 4.50000015917, 0.00000000000, -0.00000000229, 0.00000000508
42, 50.00000000000, 532.26004411408, 14.76689696434, 4.50000015917, 0.00000000000, 0.00000000199, -0.00000000506
43, 50.00000000000, 545.79889192618, 44.10189611620, 4.50000015917, 0.00000000000, 0.00000000000, 0.00000000000
44, 50.00000000000, 554.61560698071, 13.88101694701, 4.50000015917, 0.00000000000, -0.00000000001, -0.00000000007
45, 50.00000000000, 576.58270455430, 18.29338531650, 4.50000015917, 0.00000000000, 0.00000000032, 0.00000000006
46, 50.00000000000, 583.38691792566, 40.15697822328, 4.50000015917, 0.00000000000, 0.00000000000, 0.00000000000
47, 50.00000000000, 598.86577653369, 11.67813235560, 4.50000015917, 0.00000000000, 0.00000000000, 0.00000000000
48, 50.00000000000, 610.50981835042, 57.68686955461, 4.50000015917, 0.00000000000, 0.00000000000, 0.00000000000
49, 50.00000000000, 621.15237443677, 15.22197403684, 4.50000015917, 0.00000000000, 0.00000000000, 0.00000000000
50, 50.00000000000, 632.10413383975, 43.53830738588, 4.50000015917, 0.00000000000, 0.00000000000, 0.00000000000
51, 50.00000000000, 643.14510718099, 20.62152485720, 4.50000015917, 0.00000000000, -0.00000000001, 0.00000000000
52, 50.00000000000, 656.59376158089, 41.71905480499, 4.50000015917, 0.00000000000, 0.00000000000, 0.00000000000
53, 50.00000000000, 665.59144513748, 19.57455773221, 4.50000015917, 0.00000000000, 0.00000000001, -0.00000000000
54, 50.00000000000, 680.41868661998, 41.48210962639, 4.50000015917, 0.00000000000, 0.00000000000, 0.00000000000
55, 50.00000000000, 702.89712638716, 35.43639174016, 4.50000015917, 0.00000000000, 0.00000000000, 0.00000000000
56, 50.00000000000, 693.28135741589, 12.24400396816, 4.50000015917, 0.00000000000, 0.00000000000, 0.00000000000
57, 50.00000000000, 715.75190575401, 14.18480605213, 4.50000015917, 0.00000000000, 0.00000000000, 0.00000000000
58, 50.00000000000, 728.23068642566, 34.84605465157, 4.50000015917, 0.00000000000, 0.00000000000, 0.00000000000
59, 50.00000000000, 744.20810965867, 17.23850487609, 4.50000015917, 0.00000000000, 0.00000000000, 0.00000000000
60, 50.00000000000, 752.03474905299, 56.79141740079, 4.50000015917, 0.00000000000, 0.00000000000, 0.00000000000
61, 50.00000000000, 764.33999983393, 30.28542608236, 4.50000015917, 0.00000000000, 0.00000000000, 0.00000000000
62, 50.00000000000, 785.33923822981, 21.61414395081, 4.50000015917, 0.00000000000, -0.00000000008, -0.00000000001
63, 50.00000000000, 807.71684346227, 23.30331900910, 4.50000015917, 0.00000000000, 0.00000000008, 0.00000000001
64, 50.00000000000, 800.25053963859, 62.74181128210, 4.50000015917, 0.00000000000, 0.00000000000, 0.00000000000
65, 50.00000000000, 823.55744962564, 46.91862780549, 4.50000015917, 0.00000000000, 0.00000000000, 0.00000000000
66, 50.00000000000, 833.59103165745, 16.65954886304, 4.50000015917, 0.00000000000, 0.00000000000, 0.00000000000
67, 50.00000000000, 846.58546270188, 36.95762853117, 4.50000015917, 0.00000000000, 0.00000000000, 0.00000000000
68, 50.00000000000, 860.71137083368, 16.93762876329, 4.50000015917, 0.00000000000, 0.00000000000, 0.00000000000
69, 50.00000000000, 871.25876622559, 42.29143818934, 4.50000015917, 0.00000000000, 0.00000000000, 0.00000000000
70, 50.00000000000, 883.34721067103, 12.30759806551, 4.50000015917, 0.00000000000, 0.00000000000, 0.00000000000
71, 50.00000000000, 894.38710974611, 38.52105679603, 4.50000015917, 0.00000000000, 0.00000000000, 0.00000000000
72, 50.00000000000, 906.33356048070, 15.26067175393, 4.50000015917, 0.00000000000, 0.00000000000, 0.00000000000
73, 50.00000000000, 917.71260706753, 53.80979095227, 4.50000015917, 0.00000000000, 0.00000000000, 0.00000000000
74, 50.00000000000, 927.55286480163, 26.06939360675, 4.50000015917, 0.00000000000, 0.00000000000, 0.00000000000
75, 50.00000000000, 939.78906449423, 45.74846960236, 4.50000015917, 0.00000000000, 0.00000000000, 0.00000000000
76, 50.00000000000, 952.85946916146, 16.37820795386, 4.50000015917, 0.00000000000, 0.00000000000, 0.00000000000
77, 50.00000000000, 975.33631230114, 18.05589678655, 4.50000015917, 0.00000000000, 0.00000000000, 0.00000000000
78, 50.00000000000, 975.47646870088, 45.70326374063, 4.50000015917, 0.00000000000, 0.00000000000, 0.00000000000
79, 50.00000000000, 996.85135258301, 33.05377011107, 4.50000015917, 0.00000000000, 0.00000000000, 0.00000000000
80, 50.00000000000, 1015.06371988734, 14.79775893338, 4.50000015917, 0.00000000000, 0.00000000000, 0.00000000000
81, 50.00000000000, 1024.43889532062, 40.74004419080, 4.50000015917, 0.00000000000, 0.00000000000, 0.00000000000
82, 50.00000000000, 1037.93600860586, 11.40500998316, 4.50000015917, 0.00000000000, 0.00000000000, 0.00000000000
83, 50.00000000000, 1046.92024419155, 45.75562157676, 4.50000015917, 0.00000000000, 0.00000000000, 0.00000000000
84, 50.00000000000, 1060.30928159857, 14.75547518890, 4.50000015917, 0.00000000000, -0.00000000034, -0.00000000003
85, 50.00000000000, 1070.94283177123, 40.18823820184, 4.50000015917, 0.00000000000, 0.00000000000, 0.00000000000
86, 50.00000000000, 1082.58369401157, 16.85908736490, 4.50000015917, 0.00000000000, 0.00000000024, 0.00000000003
87, 50.00000000000, 1095.07564955303, 42.08346701541, 4.50000015917, 0.00000000000, 0.00000000000, 0.00000000000
88, 50.00000000000, 1105.00453218459, 17.73590836962, 4.50000015917, 0.00000000000, 0.00000000010, 0.00000000000
89, 50.00000000000, 1117.83907652125, 36.99230191067, 4.50000015917, 0.00000000000, 0.00000000000, 0.00000000000
90, 50.00000000000, 1128.55316633327, 14.88978453475, 4.50000015917, 0.00000000000, 0.00000000000, 0.00000000000
91, 50.00000000000, 1140.04731982834, 41.89533880106, 4.50000015917, 0.00000000000, 0.00000000000, 0.00000000000
92, 50.00000000000, 1151.55044433667, 12.91328242457, 4.50000015917, 0.00000000000, 0.00000000000, 0.00000000000
93, 50.00000000000, 1164.19733863976, 44.52525706389, 4.50000015917, 0.00000000000, -0.00000000006, 0.00000000000
94, 50.00000000000, 1173.76062744130, 19.94076275341, 4.50000015917, 0.00000000000, 0.00000000000, 0.00000000000
95, 50.00000000000, 1186.62680816986, 43.83921323316, 4.50000015917, 0.00000000000, -0.00000000249, 0.00000000539
96, 50.00000000000, 1196.03235445289, 24.16863042164, 4.50000015917, 0.00000000000, 0.00000000255, -0.00000000539
97, 50.00000000000, 1213.42248543020, 40.36451181726, 4.50000015917, 0.00000000000, 0.00000000000, 0.00000000000
98, 50.00000000000, 1219.06596128810, 13.92259000137, 4.50000015917, 0.00000000000, 0.00000000000, 0.00000000000
99, 50.00000000000, 1235.73331056937, 34.66532428257, 4.50000015917, 0.00000000000, 0.00000000000, 0.00000000000
100, 50.00000000000, 1257.87957823988, 44.23113259237, 4.50000015917, 0.00000000000, 0.00000000000, 0.00000000000
101, 50.00000000000, 1254.99135931176, 18.37676688122, 4.50000015917, 0.00000000000, 0.00000000000, 0.00000000000
102, 50.00000000000, 1277.31703969966, 22.81897860917, 4.50000015917, 0.00000000000, 0.00000000000, 0.00000000000
103, 50.00000000000, 1289.57813452355, 42.43554793383, 4.50000015917, 0.00000000000, -0.00000000000, 0.00000000000
104, 50.00000000000, 1299.16407876367, 12.38215452569, 4.50000015917, 0.00000000000, 0.00000000000, 0.00000000000
105, 50.00000000000, 1311.72052263598, 38.50878807002, 4.50000015917, 0.00000000000, 0.00000000000, -0.00000000000
106, 50.00000000000, 1321.23017574394, 17.22125520748, 4.50000015917, 0.00000000000, 0.00000000000, 0.00000000000
107, 50.00000000000, 1342.99854672345, 23.08195794754, 4.50000015917, 0.00000000000, 0.00000000000, 0.00000000000
108, 50.00000000000, 1361.59920330882, 38.90328513321, 4.50000015917, 0.00000000000, 0.00000000000, 0.00000000000
109, 50.00000000000, 1367.45704159424, 13.89071848128, 4.50000015917, 0.00000000000, 0.00000000000, 0.00000000000
110, 50.00000000000, 1382.22442334437, 49.01988718775, 4.50000015917, 0.00000000000, 0.00000000000, 0.00000000000
111, 50.00000000000, 1389.83459603007, 16.88557105529, 4.50000015917, 0.00000000000, 0.00000000000, 0.00000000000
112, 50.00000000000, 1404.05634829488, 40.95197299022, 4.50000015917, 0.00000000000, 0.00000000000, 0.00000000000
113, 50.00000000000, 1422.53631446026, 62.48774580332, 4.50000015917, 0.00000000000, 0.00000000000, 0.00000000000
114, 50.00000000000, 1419.88709344574, 13.49585903553, 4.50000015917, 0.00000000000, 0.00000000000, 0.00000000000
115, 50.00000000000, 1435.98707105798, 38.29210935409, 4.50000015917, 0.00000000000, 0.00000000000, 0.00000000000
116, 50.00000000000, 1458.41300755323, 42.40613621531, 4.50000015917, 0.00000000000, 0.00000000000, 0.00000000000
117, 50.00000000000, 1458.06784083174, 11.32829942986, 4.50000015917, 0.00000000000, 0.00000000000, 0.00000000000
118, 50.00000000000, 1480.16307097701, 33.28452191733, 4.50000015917, 0.00000000000, 0.00000000000, 0.00000000000
119, 50.00000000000, 1490.88716040172, 56.85721682490, 4.50000015917, 0.00000000000, 0.00000000000, 0.00000000000
120, 50.00000000000, 1502.71607940611, 32.58792823719, 4.50000015917, 0.00000000000, 0.00000000000, 0.00000000000
121, 50.00000000000, 1523.27452921936, 12.93156599838, 4.50000015917, 0.00000000000, 0.00000000000, 0.00000000000
122, 50.00000000000, 1519.89813738194, 52.02123337071, 4.50000015917, 0.00000000000, 0.00000000000, 0.00000000000
123, 50.00000000000, 1545.75983907090, 16.26420443466, 4.50000015917, 0.00000000000, 0.00000000000, 0.00000000000
124, 50.00000000000, 1540.74930285919, 40.12903767911, 4.50000015917, 0.00000000000, -0.00000000010, 0.00000000001
125, 50.00000000000, 1562.95864494024, 37.27285487673, 4.50000015917, 0.00000000000, 0.00000000010, -0.00000000001
126, 50.00000000000, 1584.86295157746, 42.47040069003, 4.50000015917, 0.00000000000, 0.00000000000, 0.00000000000
127, 50.00000000000, 1579.44042796303, 15.45367448403, 4.50000015917, 0.00000000000, -0.00000000051, -0.00000000008
128, 50.00000000000, 1601.54316734187, 18.88663342948, 4.50000015917, 0.00000000000, -0.00000000034, -0.00000000260
129, 50.00000000000, 1608.26911620496, 40.05979665776, 4.50000015917, 0.00000000000, 0.00000000085, 0.00000000267
130, 50.00000000000, 1624.07975816616, 16.87800893214, 4.50000015917, 0.00000000000, -0.00000000029, 0.00000000001
131, 50.00000000000, 1642.56386837569, 40.66288451752, 4.50000015917, 0.00000000000, 0.00000000000, 0.00000000000
132, 50.00000000000, 1646.43964792641, 16.00743091367, 4.50000015917, 0.00000000000, -0.00000000034, -0.00000000046
133, 50.00000000000, 1664.75276025600, 28.33738424029, 4.50000015917, 0.00000000000, 0.00000000064, 0.00000000044
134, 50.00000000000, 1685.78450229182, 37.31643953407, 4.50000015917, 0.00000000000, 0.00000000000, 0.00000000000
135, 50.00000000000, 1682.92064108787, 12.54000074419, 4.50000015917, 0.00000000000, 0.00000000000, 0.00000000000
136, 50.00000000000, 1705.47766136308, 13.05419506352, 4.50000015917, 0.00000000000, 0.00000000000, 0.00000000000
137, 50.00000000000, 1716.57671434068, 52.18609790701, 4.50000015917, 0.00000000000, 0.00000000000, 0.00000000000
138, 50.00000000000, 1727.71900362240, 16.86740599675, 4.50000015917, 0.00000000000, 0.00000000000, 0.00000000000
139, 50.00000000000, 1739.42277908205, 47.37922941111, 4.50000015917, 0.00000000000, 0.00000000000, 0.00000000000
140, 50.00000000000, 1749.39255773060, 25.09210681926, 4.50000015917, 0.00000000000, 0.00000000000, 0.00000000000
141, 50.00000000000, 1765.71800401872, 41.29296789240, 4.50000015917, 0.00000000000, 0.00000000000, 0.00000000000
142, 50.00000000000, 1770.87313399971, 16.10877476018, 4.50000015917, 0.00000000000, -0.00000000043, -0.00000000021
143, 50.00000000000, 1791.05582616044, 25.58390437013, 4.50000015917, 0.00000000000, 0.00000000043, 0.00000000021
144, 50.00000000000, 1798.08794208655, 55.44558089259, 4.50000015917, 0.00000000000, 0.00000000000, 0.00000000000
145, 50.00000000000, 1812.58378191351, 33.52571550321, 4.50000015917, 0.00000000000, -0.00000000147, -0.00000000038
146, 50.00000000000, 1834.11463704464, 38.78693899109, 4.50000015917, 0.00000000000, 0.00000000147, 0.00000000038
147, 50.00000000000, 1835.88124043772, 13.81063533016, 4.50000015917, 0.00000000000, 0.00000000000, 0.00000000000
148, 50.00000000000, 1855.95024995849, 44.27569756700, 4.50000015917, 0.00000000000, 0.00000000000, 0.00000000000
149, 50.00000000000, 1858.04586006648, 18.19004849371, 4.50000015917, 0.00000000000, -0.00000000013, -0.00000000000
150, 50.00000000000, 1877.46476483850, 52.56021453172, 4.50000015917, 0.00000000000, 0.00000000000, 0.00000000000
151, 50.00000000000, 1880.46934732713, 17.87309907755, 4.50000015917, 0.00000000000, 0.00000000013, 0.00000000000
152, 50.00000000000, 1899.80088550859, 47.13001069816, 4.50000015917, 0.00000000000, 0.00000000000, 0.00000000000
153, 50.00000000000, 1902.33876858467, 12.68252561767, 4.50000015917, 0.00000000000, -0.00000000000, -0.00000000000
154, 50.00000000000, 1924.57532716111, 43.13510105347, 4.50000015917, 0.00000000000, 0.00000000000, 0.00000000000
155, 50.00000000000, 1924.50091432987, 16.42079364845, 4.50000015917, 0.00000000000, 0.00000000000, 0.00000000000
156, 50.00000000000, 1946.46628364754, 23.25140846087, 4.50000015917, 0.00000000000, 0.00000000000, 0.00000000000
157, 50.00000000000, 1963.62526397509, 46.29361673363, 4.50000015917, 0.00000000000, 0.00000000000, 0.00000000000
158, 50.00000000000, 1967.77494236722, 13.86990543249, 4.50000015917, 0.00000000000, 0.00000000000, 0.00000000000
159, 50.00000000000, 1988.74988180907, 23.24825110914, 4.50000015917, 0.00000000000, 0.00000000000, 0.00000000000
