0, 50.00000000000, 11.25143900621, 15.59871792474, 4.50000015917, 0.00000000000, 0.00000000028, 0.00000000003
1, 50.00000000000, 23.45668468703, 35.72020390095, 4.50000015917, 0.00000000000, 0.00000000000, 0.00000000000
2, 50.00000000000, 33.52520068738, 13.31868769127, 4.50000015917, 0.00000000000, 0.00000000011, -0.00000000002
3, 50.00000000000, 48.65201213457, 41.97661120815, 4.50000015917, 0.00000000000, 0.00000000000, 0.00000000000
4, 50.00000000000, 55.91136023699, 12.47315849172, 4.50000015917, 0.00000000000, 0.00000000017, -0.00000000001
5, 50.00000000000, 71.45153300074, 45.66765639833, 4.50000015917, 0.00000000000, 0.00000000000, 0.00000000000
6, 50.00000000000, 77.22856223116, 20.27139964132, 4.50000015917, 0.00000000000, 0.00000000000, 0.00000000000
7, 50.00000000000, 94.75811356475, 35.58238617244, 4.50000015917, 0.00000000000, -0.00000000037, 0.00000000164
8, 50.00000000000, 99.64649552378, 13.60975097560, 4.50000015917, 0.00000000000, 0.00000000037, -0.00000000164
9, 50.00000000000, 121.97629279037, 18.51952399693, 4.50000015917, 0.00000000000, 0.00000000000, 0.00000000000
10, 50.00000000000, 134.12900931378, 39.07997817466, 4.50000015917, 0.00000000000, 0.00000000000, 0.00000000000
11, 50.00000000000, 144.37652254292, 13.75981034420, 4.50000015917, 0.00000000000, 0.00000000000, 0.00000000000
12, 50.00000000000, 156.21389251522, 33.81030524781, 4.50000015917, 0.00000000000, 0.00000000000, 0.00000000000
13, 50.00000000000, 167.23946793992, 12.29865969896, 4.50000015917, 0.00000000000, 0.00000000000, 0.00000000000
14, 50.00000000000, 189.33949301659, 20.88095813870, 4.50000015917, 0.00000000000, -0.00000000154, -0.00000000039
15, 50.00000000000, 191.69281841875, 47.17149148762, 4.50000015917, 0.00000000000, 0.00000000000, 0.00000000000
16, 50.00000000000, 210.90741353265, 26.23503336574, 4.50000015917, 0.00000000000, 0.00000000154, 0.00000000039
17, 50.00000000000, 230.13852296804, 13.30531364324, 4.50000015917, 0.00000000000, -0.00000000008, -0.00000000001
18, 50.00000000000, 237.81873348329, 36.04372061153, 4.50000015917, 0.00000000000, 0.00000000000, 0.00000000000
19, 50.00000000000, 252.53420403838, 14.37735403969, 4.50000015917, 0.00000000000, 0.00000000008, 0.00000000001
20, 50.00000000000, 263.77499077854, 34.94179062149, 4.50000015917, 0.00000000000, -0.00000000012, 0.00000000021
21, 50.00000000000, 275.13905974103, 15.65880311874, 4.50000015917, 0.00000000000, 0.00000000010, -0.00000000025
22, 50.00000000000, 287.08163142374, 34.76906369020, 4.50000015917, 0.00000000000, 0.00000000002, 0.00000000004
23, 50.00000000000, 297.94527474033, 12.35760892138, 4.50000015917, 0.00000000000, -0.00000000006, -0.00000000000
24, 50.00000000000, 309.59286938817, 34.00673950525, 4.50000015917, 0.00000000000, 0.00000000000, 0.00000000000
25, 50.00000000000, 320.38433713382, 12.90023988988, 4.50000015917, 0.00000000000, 0.00000000004, 0.00000000000
26, 50.00000000000, 332.10066270755, 34.45119288524, 4.50000015917, 0.00000000000, 0.00000000000, 0.00000000000
27, 50.00000000000, 342.79513062181, 11.07373868707, 4.50000015917, 0.00000000000, 0.00000000003, -0.00000000000
28, 50.00000000000, 357.56895657820, 44.86713069811, 4.50000015917, 0.00000000000, 0.00000000000, 0.00000000000
29, 50.00000000000, 363.88440914538, 19.97126795076, 4.50000015917, 0.00000000000, 0.00000000000, 0.00000000000
30, 50.00000000000, 385.02494248678, 11.26136298907, 4.50000015917, 0.00000000000, 0.00000000000, 0.00000000000
31, 50.00000000000, 395.69666305206, 39.72275530268, 4.50000015917, 0.00000000000, 0.00000000000, 0.00000000000
32, 50.00000000000, 407.84336327011, 13.08946871007, 4.50000015917, 0.00000000000, 0.00000000000, 0.00000000000
33, 50.00000000000, 430.97137569424, 13.28108380560, 4.50000015917, 0.00000000000, 0.00000000000, 0.00000000000
34, 50.00000000000, 425.58363324178, 40.54711446596, 4.50000015917, 0.00000000000, 0.00000000000, 0.00000000000
35, 50.00000000000, 449.29612583549, 39.35562624056, 4.50000015917, 0.00000000000, 0.00000000000, 0.00000000000
36, 50.00000000000, 465.69799296028, 16.41409082127, 4.50000015917, 0.00000000000, 0.00000000000, 0.00000000000
37, 50.00000000000, 472.78551819768, 39.21551829425, 4.50000015917, 0.00000000000, 0.00000000000, 0.00000000000
38, 50.00000000000, 488.33615596279, 20.53413567890, 4.50000015917, 0.00000000000, 0.00000000000, 0.00000000000
39, 50.00000000000, 499.45860792930, 42.24244810577, 4.50000015917, 0.00000000000, 0.00000000000, 0.00000000000
40, 50.00000000000, 510.43312243156, 15.01208936897, 4.50000015917, 0.00000000000, -0.00000000023, -0.00000000029
41, 50.00000000000, 522.86632125513, 33.63270392228, 4.50000015917, 0.00000000000, 0.00000000019, 0.00000000029
42, 50.00000000000, 532.81360861922, 13.32476126731, 4.50000015917, 0.00000000000, -0.00000000016, 0.00000000000
43, 50.00000000000, 545.31190793361, 40.11506380657, 4.50000015917, 0.00000000000, 0.00000000000, 0.00000000000
44, 50.00000000000, 555.21601263021, 13.08090439021, 4.50000015917, 0.00000000000, 0.00000000010, -0.00000000002
45, 50.00000000000, 577.40963171561, 16.08420522819, 4.50000015917, 0.00000000000, 0.00000000010, 0.00000000001
46, 50.00000000000, 583.33284154496, 50.34544685231, 4.50000015917, 0.00000000000, 0.00000000000, 0.00000000000
47, 50.00000000000, 599.59042476985, 19.57300471779, 4.50000015917, 0.00000000000, 0.00000000000, 0.00000000000
48, 50.00000000000, 611.10622193019, 52.22462115568, 4.50000015917, 0.00000000000, 0.00000000000, 0.00000000000
49, 50.00000000000, 621.67400747898, 13.67941541028, 4.50000015917, 0.00000000000, 0.00000000000, 0.00000000000
50, 50.00000000000, 631.50773025998, 37.37990409298, 4.50000015917, 0.00000000000, 0.00000000000, 0.00000000000
51, 50.00000000000, 644.30553268601, 17.26070101085, 4.50000015917, 0.00000000000, 0.00000000000, 0.00000000000
52, 50.00000000000, 656.59376158089, 48.49497146158, 4.50000015917, 0.00000000000, 0.00000000000, 0.00000000000
53, 50.00000000000, 666.07123448788, 11.27140939583, 4.50000015917, 0.00000000000, 0.00000000000, 0.00000000000
54, 50.00000000000, 678.10653866921, 31.69258799786, 4.50000015917, 0.00000000000, 0.00000000000, 0.00000000000
55, 50.00000000000, 700.88954809078, 46.91675680460, 4.50000015917, 0.00000000000, 0.00000000000, 0.00000000000
56, 50.00000000000, 694.54869289613, 12.21407470455, 4.50000015917, 0.00000000000, -0.00000000002, -0.00000000000
57, 50.00000000000, 717.01488463739, 12.46575227421, 4.50000015917, 0.00000000000, 0.00000000002, 0.00000000000
58, 50.00000000000, 728.21074524563, 32.70525107089, 4.50000015917, 0.00000000000, 0.00000000000, 0.00000000000
59, 50.00000000000, 739.87824092517, 12.57525710961, 4.50000015917, 0.00000000000, -0.00000000003, -0.00000000000
60, 50.00000000000, 754.18065265865, 41.52319224464, 4.50000015917, 0.00000000000, 0.00000000000, 0.00000000000
61, 50.00000000000, 762.27397379948, 14.22430607427, 4.50000015917, 0.00000000000, -0.00000000024, -0.00000000004
62, 50.00000000000, 784.42395730308, 17.66504786262, 4.50000015917, 0.00000000000, 0.00000000027, 0.00000000004
63, 50.00000000000, 806.72000893350, 13.69094821556, 4.50000015917, 0.00000000000, 0.00000000000, 0.00000000000
64, 50.00000000000, 800.25053963859, 53.45724197350, 4.50000015917, 0.00000000000, 0.00000000000, 0.00000000000
65, 50.00000000000, 823.55744962564, 36.77956119133, 4.50000015917, 0.00000000000, 0.00000000000, 0.00000000000
66, 50.00000000000, 834.58682296346, 13.72198746146, 4.50000015917, 0.00000000000, 0.00000000000, 0.00000000000
67, 50.00000000000, 846.62998493138, 33.77779358437, 4.50000015917, 0.00000000000, 0.00000000000, 0.00000000000
68, 50.00000000000, 860.86589586808, 14.19034016394, 4.50000015917, 0.00000000000, 0.00000000000, 0.00000000000
69, 50.00000000000, 870.64443574953, 36.26412296159, 4.50000015917, 0.00000000000, 0.00000000000, 0.00000000000
70, 50.00000000000, 883.25226928149, 11.45215482464, 4.50000015917, 0.00000000000, -0.00000000000, -0.00000000000
71, 50.00000000000, 895.17314593256, 36.60998548283, 4.50000015917, 0.00000000000, 0.00000000000, 0.00000000000
72, 50.00000000000, 905.68712760455, 13.23750594762, 4.50000015917, 0.00000000000, 0.00000000000, 0.00000000000
73, 50.00000000000, 918.55993322097, 52.44098414071, 4.50000015917, 0.00000000000, 0.00000000000, 0.00000000000
74, 50.00000000000, 928.13195643804, 11.48368841426, 4.50000015917, 0.00000000000, 0.00000000000, 0.00000000000
75, 50.00000000000, 939.76936212753, 38.56157771240, 4.50000015917, 0.00000000000, 0.00000000000, 0.00000000000
76, 50.00000000000, 952.04325188993, 15.99218758505, 4.50000015917, 0.00000000000, 0.00000000000, 0.00000000000
77, 50.00000000000, 974.12811323595, 11.66053312968, 4.50000015917, 0.00000000000, 0.00000000000, 0.00000000000
78, 50.00000000000, 979.32836349983, 48.41736389264, 4.50000015917, 0.00000000000, 0.00000000000, 0.00000000000
79, 50.00000000000, 995.10477871523, 31.81483873155, 4.50000015917, 0.00000000000, 0.00000000000, 0.00000000000
80, 50.00000000000, 1015.42059636234, 21.76416997977, 4.50000015917, 0.00000000000, 0.00000000000, 0.00000000000
81, 50.00000000000, 1023.63759383908, 42.82193079815, 4.50000015917, 0.00000000000, 0.00000000000, 0.00000000000
82, 50.00000000000, 1038.17388468630, 17.97929387700, 4.50000015917, 0.00000000000, -0.00000000002, 0.00000000000
83, 50.00000000000, 1045.28515738865, 49.24092375305, 4.50000015917, 0.00000000000, 0.00000000000, 0.00000000000
84, 50.00000000000, 1060.56497784841, 16.17082222790, 4.50000015917, 0.00000000000, 0.00000000002, -0.00000000000
85, 50.00000000000, 1072.93251943283, 36.18359615417, 4.50000015917, 0.00000000000, 0.00000000000, 0.00000000000
86, 50.00000000000, 1083.32909054914, 13.63637570978, 4.50000015917, 0.00000000000, -0.00000000000, 0.00000000000
87, 50.00000000000, 1095.75457723569, 38.61611522879, 4.50000015917, 0.00000000000, 0.00000000000, 0.00000000000
88, 50.00000000000, 1105.74110536364, 11.56863622105, 4.50000015917, 0.00000000000, -0.00000000012, -0.00000000000
89, 50.00000000000, 1118.21805998329, 34.94234080554, 4.50000015917, 0.00000000000, 0.00000000000, 0.00000000000
90, 50.00000000000, 1128.16709830112, 11.63962683267, 4.50000015917, 0.00000000000, 0.00000000002, 0.00000000000
91, 50.00000000000, 1140.70732286534, 36.72112133251, 4.50000015917, 0.00000000000, 0.00000000000, 0.00000000000
92, 50.00000000000, 1150.59809392918, 11.75592367668, 4.50000015917, 0.00000000000, 0.00000000011, 0.00000000000
93, 50.00000000000, 1164.80363124099, 41.69091117936, 4.50000015917, 0.00000000000, 0.00000000000, 0.00000000000
94, 50.00000000000, 1172.83352764236, 15.79342176006, 4.50000015917, 0.00000000000, 0.00000000000, 0.00000000000
95, 50.00000000000, 1190.28648571048, 41.72160561854, 4.50000015917, 0.00000000000, 0.00000000000, 0.00000000000
96, 50.00000000000, 1195.20935229342, 19.35738997325, 4.50000015917, 0.00000000000, 0.00000000000, 0.00000000000
97, 50.00000000000, 1213.85622586098, 38.97534436952, 4.50000015917, 0.00000000000, 0.00000000000, 0.00000000000
98, 50.00000000000, 1216.47043046113, 11.80601581778, 4.50000015917, 0.00000000000, 0.00000000000, 0.00000000000
99, 50.00000000000, 1234.43025405718, 25.90670403130, 4.50000015917, 0.00000000000, 0.00000000000, 0.00000000000
100, 50.00000000000, 1257.16062596012, 43.29166370202, 4.50000015917, 0.00000000000, 0.00000000000, 0.00000000000
101, 50.00000000000, 1255.11922440511, 16.72939359247, 4.50000015917, 0.00000000000, -0.00000000000, 0.00000000000
102, 50.00000000000, 1277.07408138883, 11.95275573200, 4.50000015917, 0.00000000000, 0.00000000000, -0.00000000000
103, 50.00000000000, 1291.52450049194, 35.36861137577, 4.50000015917, 0.00000000000, 0.00000000000, 0.00000000000
104, 50.00000000000, 1299.50420822454, 13.93324940876, 4.50000015917, 0.00000000000, -0.00000000027, 0.00000000002
105, 50.00000000000, 1314.49023253082, 36.14462937355, 4.50000015917, 0.00000000000, 0.00000000000, 0.00000000000
106, 50.00000000000, 1321.80649020594, 12.28190201522, 4.50000015917, 0.00000000000, 0.00000000020, -0.00000000005
107, 50.00000000000, 1343.28580536408, 18.76554549021, 4.50000015917, 0.00000000000, 0.00000000007, 0.00000000002
108, 50.00000000000, 1358.48168515257, 38.78989693956, 4.50000015917, 0.00000000000, -0.00000000029, 0.00000000005
109, 50.00000000000, 1365.49748196452, 14.09041174522, 4.50000015917, 0.00000000000, 0.00000000000, 0.00000000000
110, 50.00000000000, 1380.47819058947, 34.40548129676, 4.50000015917, 0.00000000000, 0.00000000029, -0.00000000005
111, 50.00000000000, 1388.95025704930, 13.24529380923, 4.50000015917, 0.00000000000, 0.00000000000, 0.00000000000
112, 50.00000000000, 1403.24923993863, 33.88488657014, 4.50000015917, 0.00000000000, 0.00000000000, 0.00000000000
113, 50.00000000000, 1422.53634109609, 49.48312635365, 4.50000015917, 0.00000000000, 0.00000000000, 0.00000000000
114, 50.00000000000, 1419.91233131600, 15.23712048734, 4.50000015917, 0.00000000000, 0.00000000000, 0.00000000000
115, 50.00000000000, 1438.34496135088, 32.69860248570, 4.50000015917, 0.00000000000, 0.00000000000, 0.00000000000
116, 50.00000000000, 1459.28005474753, 41.80962588383, 4.50000015917, 0.00000000000, 0.00000000000, 0.00000000000
117, 50.00000000000, 1458.87349335119, 16.13957251280, 4.50000015917, 0.00000000000, 0.00000000000, 0.00000000000
118, 50.00000000000, 1479.66043092523, 25.28825908693, 4.50000015917, 0.00000000000, 0.00000000000, 0.00000000000
119, 50.00000000000, 1488.50984151563, 48.56757983229, 4.50000015917, 0.00000000000, 0.00000000000, 0.00000000000
120, 50.00000000000, 1502.08410306519, 17.80491129516, 4.50000015917, 0.00000000000, 0.00000000000, 0.00000000000
121, 50.00000000000, 1524.51385023598, 14.63950690467, 4.50000015917, 0.00000000000, -0.00000000026, 0.00000000003
122, 50.00000000000, 1520.15437635356, 42.68358920713, 4.50000015917, 0.00000000000, 0.00000000000, 0.00000000000
123, 50.00000000000, 1546.74456059457, 12.13999902890, 4.50000015917, 0.00000000000, 0.00000000026, -0.00000000003
124, 50.00000000000, 1541.88438332966, 33.87160033371, 4.50000015917, 0.00000000000, -0.00000000011, 0.00000000003
125, 50.00000000000, 1563.70814025867, 28.68832809064, 4.50000015917, 0.00000000000, 0.00000000011, -0.00000000003
126, 50.00000000000, 1584.82557214723, 38.02778457129, 4.50000015917, 0.00000000000, -0.00000000014, 0.00000000000
127, 50.00000000000, 1582.08328280614, 11.29780477164, 4.50000015917, 0.00000000000, -0.00000000010, -0.00000000001
128, 50.00000000000, 1604.47839861876, 12.74041238385, 4.50000015917, 0.00000000000, 0.00000000010, 0.00000000001
129, 50.00000000000, 1607.23312230693, 37.43448319852, 4.50000015917, 0.00000000000, 0.00000000014, -0.00000000000
130, 50.00000000000, 1625.45729816219, 21.82460484093, 4.50000015917, 0.00000000000, -0.00000000005, 0.00000000002
131, 50.00000000000, 1642.67014926381, 38.86907884414, 4.50000015917, 0.00000000000, 0.00000000000, 0.00000000000
132, 50.00000000000, 1645.78292925367, 12.25427506118, 4.50000015917, 0.00000000000, 0.00000000005, -0.00000000002
133, 50.00000000000, 1663.61981086337, 26.19157447224, 4.50000015917, 0.00000000000, 0.00000000000, 0.00000000000
134, 50.00000000000, 1683.20823501911, 47.83837366253, 4.50000015917, 0.00000000000, 0.00000000000, 0.00000000000
135, 50.00000000000, 1683.56976349267, 15.37910733996, 4.50000015917, 0.00000000000, -0.00000000032, 0.00000000002
136, 50.00000000000, 1705.90745677386, 14.04850852068, 4.50000015917, 0.00000000000, 0.00000000012, -0.00000000003
137, 50.00000000000, 1716.91908176310, 39.18092243976, 4.50000015917, 0.00000000000, 0.00000000000, 0.00000000000
138, 50.00000000000, 1728.30115198465, 14.48825105846, 4.50000015917, 0.00000000000, 0.00000000020, 0.00000000001
139, 50.00000000000, 1740.57989464030, 35.27999836393, 4.50000015917, 0.00000000000, 0.00000000000, 0.00000000000
140, 50.00000000000, 1750.87352779276, 13.56933831768, 4.50000015917, 0.00000000000, -0.00000000000, -0.00000000000
141, 50.00000000000, 1763.05302248564, 40.86802735308, 4.50000015917, 0.00000000000, 0.00000000000, 0.00000000000
142, 50.00000000000, 1773.31276595593, 15.24527304126, 4.50000015917, 0.00000000000, 0.00000000000, 0.00000000000
143, 50.00000000000, 1795.69925005267, 12.87545003906, 4.50000015917, 0.00000000000, 0.00000000000, 0.00000000000
144, 50.00000000000, 1798.99405679835, 44.07563742848, 4.50000015917, 0.00000000000, 0.00000000000, 0.00000000000
145, 50.00000000000, 1815.87737553267, 28.28122873586, 4.50000015917, 0.00000000000, 0.00000000000, 0.00000000000
146, 50.00000000000, 1830.55112406077, 45.62422910525, 4.50000015917, 0.00000000000, 0.00000000000, 0.00000000000
147, 50.00000000000, 1836.56531461442, 17.91739154531, 4.50000015917, 0.00000000000, -0.00000000029, 0.00000000008
148, 50.00000000000, 1851.99144855312, 35.67973750723, 4.50000015917, 0.00000000000, -0.00000000004, -0.00000000000
149, 50.00000000000, 1858.16451032210, 12.04596307911, 4.50000015917, 0.00000000000, 0.00000000024, -0.00000000008
150, 50.00000000000, 1874.43168126754, 36.60752518891, 4.50000015917, 0.00000000000, 0.00000000004, 0.00000000000
151, 50.00000000000, 1880.61156495545, 11.62780552813, 4.50000015917, 0.00000000000, 0.00000000003, -0.00000000000
152, 50.00000000000, 1896.91285104310, 35.44831853439, 4.50000015917, 0.00000000000, 0.00000000000, 0.00000000000
153, 50.00000000000, 1902.99171224779, 13.29456591805, 4.50000015917, 0.00000000000, -0.00000000030, 0.00000000000
154, 50.00000000000, 1924.61438616170, 37.40804768185, 4.50000015917, 0.00000000000, 0.00000000000, 0.00000000000
155, 50.00000000000, 1925.36697170142, 13.37128492093, 4.50000015917, 0.00000000000, -0.00000000128, -0.00000000054
156, 50.00000000000, 1946.41850577399, 20.56818982144, 4.50000015917, 0.00000000000, 0.00000000159, 0.00000000054
157, 50.00000000000, 1963.58145815561, 36.55702467833, 4.50000015917, 0.00000000000, 0.00000000000, 0.00000000000
158, 50.00000000000, 1967.91643263065, 13.91891999310, 4.50000015917, 0.00000000000, 0.00000000000, 0.00000000000
159, 50.00000000000, 1988.74776036312, 23.15507883187, 4.50000015917, 0.00000000000, 0.00000000000, 0.00000000000
