0, 50.00000000000, 75.61104522296, 24.60014701690, 4.12500003222, 0.00000000000, 0.00000000135, 0.00000000068
1, 50.00000000000, 79.69981272142, 10.72701381589, 4.12500003222, 0.00000000000, 0.00000000007, 0.00000000919
2, 50.00000000000, 98.01437136134, 46.47414021323, 4.12500003222, 0.00000000000, -0.00000000582, 0.00000000662
3, 50.00000000000, 115.29568366073, 12.60420674575, 4.12500003222, 0.00000000000, 0.00000000255, -0.00000000551
4, 50.00000000000, 136.31587671623, 3.51296290453, 4.12500003222, 0.00000000000, -0.00000000636, 0.00000002242
5, 50.00000000000, 152.66801163783, 11.45216016887, 4.12500003222, 0.00000000000, 0.00000000314, -0.00000002526
6, 50.00000000000, 167.03802514380, 12.46004601117, 4.12500003222, 0.00000000000, 0.00000000396, 0.00000000194
7, 50.00000000000, 183.11618927324, 7.47223188840, 4.12500003222, 0.00000000000, -0.00000000181, -0.00000004317
8, 50.00000000000, 202.81280529718, 5.09896846026, 4.12500003222, 0.00000000000, 0.00000000266, -0.00000001222
9, 50.00000000000, 221.27722558095, 11.18091067584, 4.12500003222, 0.00000000000, -0.00000000377, -0.00000001345
10, 50.00000000000, 206.61733946636, -30000000.00000000000, 0.00000000000, 0.00000000000, 0.00000118924, 0.66000001198
11, 50.00000000000, 228.80667295857, -30000000.00000000000, 0.00000000000, 0.00000000000, -0.00000014657, 0.66000001198
12, 50.00000000000, 247.83424767056, -30000000.00000000000, 0.00000000000, 0.00000000000, -0.00000088452, 0.66000001198
13, 50.00000000000, 291.45535438129, 44.99818004450, 4.12500003222, 0.00000000000, -0.00000000325, -0.00000002516
14, 50.00000000000, 286.13228018174, -30000000.00000000000, 0.00000000000, 0.00000000000, -0.00000014140, 0.66000001198
15, 50.00000000000, 303.42353755728, -30000000.00000000000, 0.00000000000, 0.00000000000, 0.00000061270, 0.66000001198
16, 50.00000000000, 323.59744548703, -30000000.00000000000, 0.00000000000, 0.00000000000, 0.00000004321, 0.66000001198
17, 50.00000000000, 340.47207938337, -30000000.00000000000, 0.00000000000, 0.00000000000, 0.00000047967, 0.66000001198
18, 50.00000000000, 363.04494036244, -30000000.00000000000, 0.00000000000, 0.00000000000, -0.00000005065, 0.66000001198
19, 50.00000000000, 384.03668296329, -30000000.00000000000, 0.00000000000, 0.00000000000, -0.00000114722, 0.66000001198
20, 50.00000000000, 419.00661693964, 45.55074407209, 4.12500003222, 0.00000000000, -0.00000000516, -0.00000000749
21, 50.00000000000, 423.24912732981, -30000000.00000000000, 0.00000000000, 0.00000000000, 0.00000029416, 0.66000001198
22, 50.00000000000, 445.65472486041, -30000000.00000000000, 0.00000000000, 0.00000000000, -0.00000047619, 0.66000001198
23, 50.00000000000, 459.61323870140, -30000000.00000000000, 0.00000000000, 0.00000000000, 0.00000033825, 0.66000001198
24, 50.00000000000, 478.77037293199, -30000000.00000000000, 0.00000000000, 0.00000000000, -0.00000015733, 0.66000001198
25, 50.00000000000, 499.25836901401, -30000000.00000000000, 0.00000000000, 0.00000000000, 0.00000055928, 0.66000001198
26, 50.00000000000, 519.83089706424, -30000000.00000000000, 0.00000000000, 0.00000000000, 0.00000077868, 0.66000001198
27, 50.00000000000, 539.95500995752, -30000000.00000000000, 0.00000000000, 0.00000000000, -0.00000063235, 0.66000001198
28, 50.00000000000, 558.84808860501, -30000000.00000000000, 0.00000000000, 0.00000000000, -0.00000010571, 0.66000001198
29, 50.00000000000, 566.32637752381, 26.26274646123, 4.12500003222, 0.00000000000, -0.00000000397, 0.00000000468
30, 50.00000000000, 597.23162349900, -30000000.00000000000, 0.00000000000, 0.00000000000, 0.00000002654, 0.66000001198
31, 50.00000000000, 618.23892472634, -30000000.00000000000, 0.00000000000, 0.00000000000, 0.00000038299, 0.66000001198
32, 50.00000000000, 638.19624188440, -30000000.00000000000, 0.00000000000, 0.00000000000, -0.00000057392, 0.66000001198
33, 50.00000000000, 659.67344476441, -30000000.00000000000, 0.00000000000, 0.00000000000, -0.00000043632, 0.66000001198
34, 50.00000000000, 676.38244716116, -30000000.00000000000, 0.00000000000, 0.00000000000, 0.00000028378, 0.66000001198
35, 50.00000000000, 689.01491712432, -30000000.00000000000, 0.00000000000, 0.00000000000, 0.00000033751, 0.66000001198
36, 50.00000000000, 713.96382053077, -30000000.00000000000, 0.00000000000, 0.00000000000, -0.00000028086, 0.66000001198
37, 50.00000000000, 729.51702513903, -30000000.00000000000, 0.00000000000, 0.00000000000, 0.00000062359, 0.66000001198
38, 50.00000000000, 723.26752726986, 10.41717324283, 4.12500003222, 0.00000000000, -0.00000000236, -0.00000001637
39, 50.00000000000, 776.30856629545, -30000000.00000000000, 0.00000000000, 0.00000000000, 0.00000014019, 0.66000001198
40, 50.00000000000, 793.43561098269, -30000000.00000000000, 0.00000000000, 0.00000000000, -0.00000072272, 0.66000001198
41, 50.00000000000, 760.85418532874, 9.03780805514, 4.12500003222, 0.00000000000, 0.00000001265, 0.00000002561
42, 50.00000000000, 783.34867684742, 7.64617654749, 4.12500003222, 0.00000000000, -0.00000000218, 0.00000000233
43, 50.00000000000, 808.45402167724, 7.49344027438, 4.12500003222, 0.00000000000, -0.00000000187, 0.00000002868
44, 50.00000000000, 828.84773538479, 31.90137762615, 4.12500003222, 0.00000000000, 0.00000000600, 0.00000001355
45, 50.00000000000, 839.94211322969, 29.90596279553, 4.12500003222, 0.00000000000, 0.00000000345, 0.00000002226
46, 50.00000000000, 864.70693148676, 11.10228697655, 4.12500003222, 0.00000000000, -0.00000000332, 0.00000003215
47, 50.00000000000, 878.33806139435, 15.15758651638, 4.12500003222, 0.00000000000, -0.00000000598, -0.00000002202
48, 50.00000000000, 910.34446119933, 8.81275398988, 4.12500003222, 0.00000000000, 0.00000000759, 0.00000000459
49, 50.00000000000, 931.17202831768, 9.80246412332, 4.12500003222, 0.00000000000, -0.00000000171, 0.00000000575
50, 50.00000000000, 60.27451124163, 8.83827124158, 4.12500003222, 0.00000000000, -0.00000000882, 0.00000000580
51, 50.00000000000, 79.21477845620, 42.51484962685, 4.12500003222, 0.00000000000, 0.00000001596, -0.00000000389
52, 50.00000000000, 96.22984451777, 12.72740630840, 4.12500003222, 0.00000000000, 0.00000000638, -0.00000001774
53, 50.00000000000, 114.09701707766, 43.54759851397, 4.12500003222, 0.00000000000, 0.00000000068, 0.00000001546
54, 50.00000000000, 128.26999036133, 33.15216846962, 4.12500003222, 0.00000000000, 0.00000001171, -0.00000000380
55, 50.00000000000, 148.38285506497, 22.32085300170, 4.12500003222, 0.00000000000, -0.00000000760, 0.00000002905
56, 50.00000000000, 164.85174540528, 34.37534946234, 4.12500003222, 0.00000000000, 0.00000000106, -0.00000003127
57, 50.00000000000, 186.85417644530, 20.41251287933, 4.12500003222, 0.00000000000, -0.00000000369, 0.00000002812
58, 50.00000000000, 201.04944020186, 17.35413666825, 4.12500003222, 0.00000000000, -0.00000000268, 0.00000002806
59, 50.00000000000, 221.17740716866, 30.24979096965, 4.12500003222, 0.00000000000, 0.00000000432, 0.00000001404
60, 50.00000000000, 240.65171596786, 41.16819772060, 4.12500003222, 0.00000000000, -0.00000001012, 0.00000000330
61, 50.00000000000, 221.57541063833, -30000000.00000000000, 0.00000000000, 0.00000000000, 0.00000112567, 0.66000001198
62, 50.00000000000, 245.59968821445, -30000000.00000000000, 0.00000000000, 0.00000000000, -0.00000049258, 0.66000001198
63, 50.00000000000, 265.37796765786, -30000000.00000000000, 0.00000000000, 0.00000000000, -0.00000042699, 0.66000001198
64, 50.00000000000, 285.88134886885, -30000000.00000000000, 0.00000000000, 0.00000000000, -0.00000011660, 0.66000001198
65, 50.00000000000, 327.54957977565, 49.96174268002, 4.12500003222, 0.00000000000, -0.00000000905, -0.00000000989
66, 50.00000000000, 325.16594129052, -30000000.00000000000, 0.00000000000, 0.00000000000, -0.00000019633, 0.66000001198
67, 50.00000000000, 346.73370231404, -30000000.00000000000, 0.00000000000, 0.00000000000, -0.00000062238, 0.66000001198
68, 50.00000000000, 365.08697008615, -30000000.00000000000, 0.00000000000, 0.00000000000, -0.00000036222, 0.66000001198
69, 50.00000000000, 380.57119893922, -30000000.00000000000, 0.00000000000, 0.00000000000, -0.00000069007, 0.66000001198
70, 50.00000000000, 400.19604101210, -30000000.00000000000, 0.00000000000, 0.00000000000, 0.00000016728, 0.66000001198
71, 50.00000000000, 420.53076961336, -30000000.00000000000, 0.00000000000, 0.00000000000, 0.00000059214, 0.66000001198
72, 50.00000000000, 439.96243034513, -30000000.00000000000, 0.00000000000, 0.00000000000, 0.00000027518, 0.66000001198
73, 50.00000000000, 479.57480058888, 25.26458220290, 4.12500003222, 0.00000000000, -0.00000000005, -0.00000000322
74, 50.00000000000, 493.49025966288, 10.41782125367, 4.12500003222, 0.00000000000, 0.00000000049, 0.00000001386
75, 50.00000000000, 515.38024000982, 9.10051367670, 4.12500003222, 0.00000000000, 0.00000000267, 0.00000001635
76, 50.00000000000, 517.16575416509, -30000000.00000000000, 0.00000000000, 0.00000000000, 0.00000119260, 0.66000001198
77, 50.00000000000, 537.45103121759, -30000000.00000000000, 0.00000000000, 0.00000000000, -0.00000018725, 0.66000001198
78, 50.00000000000, 557.14258385624, -30000000.00000000000, 0.00000000000, 0.00000000000, 0.00000018966, 0.66000001198
79, 50.00000000000, 577.48187229434, -30000000.00000000000, 0.00000000000, 0.00000000000, -0.00000043423, 0.66000001198
80, 50.00000000000, 578.85817247730, 23.78099699923, 4.12500003222, 0.00000000000, 0.00000000615, -0.00000001826
81, 50.00000000000, 616.38209439551, -30000000.00000000000, 0.00000000000, 0.00000000000, 0.00000061901, 0.66000001198
82, 50.00000000000, 638.48843691888, -30000000.00000000000, 0.00000000000, 0.00000000000, -0.00000060972, 0.66000001198
83, 50.00000000000, 652.42718411292, -30000000.00000000000, 0.00000000000, 0.00000000000, 0.00000052019, 0.66000001198
84, 50.00000000000, 653.64649805602, 8.05270944151, 4.12500003222, 0.00000000000, 0.00000000368, -0.00000000972
85, 50.00000000000, 699.45105871025, -30000000.00000000000, 0.00000000000, 0.00000000000, -0.00000060012, 0.66000001198
86, 50.00000000000, 719.36195850177, -30000000.00000000000, 0.00000000000, 0.00000000000, -0.00000044453, 0.66000001198
87, 50.00000000000, 736.09359109568, -30000000.00000000000, 0.00000000000, 0.00000000000, -0.00000024452, 0.66000001198
88, 50.00000000000, 757.80470467224, -30000000.00000000000, 0.00000000000, 0.00000000000, -0.00000047411, 0.66000001198
89, 50.00000000000, 776.84769241845, -30000000.00000000000, 0.00000000000, 0.00000000000, 0.00000006921, 0.66000001198
90, 50.00000000000, 791.09480496037, -30000000.00000000000, 0.00000000000, 0.00000000000, -0.00000046688, 0.66000001198
91, 50.00000000000, 772.46043810987, 14.07417806385, 4.12500003222, 0.00000000000, -0.00000000241, 0.00000001644
92, 50.00000000000, 795.28977128355, 12.44424502432, 4.12500003222, 0.00000000000, -0.00000000002, 0.00000004556
93, 50.00000000000, 811.33582878255, 23.48628891592, 4.12500003222, 0.00000000000, -0.00000000417, -0.00000000140
94, 50.00000000000, 826.23624718992, 10.84477810090, 4.12500003222, 0.00000000000, -0.00000000708, 0.00000000411
95, 50.00000000000, 842.86650270408, 42.30608878591, 4.12500003222, 0.00000000000, -0.00000001048, -0.00000003166
96, 50.00000000000, 861.69065819460, 25.04113030343, 4.12500003222, 0.00000000000, -0.00000000526, -0.00000004034
97, 50.00000000000, 890.16242915073, 7.22000172050, 4.12500003222, 0.00000000000, -0.00000000540, 0.00000001280
98, 50.00000000000, 899.47156013852, 25.27599086840, 4.12500003222, 0.00000000000, 0.00000000424, 0.00000001052
99, 50.00000000000, 919.11951542962, 26.56343107654, 4.12500003222, 0.00000000000, 0.00000000909, -0.00000003624
100, 50.00000000000, 62.62610630044, 27.51986424111, 4.12500003222, 0.00000000000, -0.00000000281, -0.00000002335
101, 50.00000000000, 84.00013721626, 33.06875846515, 4.12500003222, 0.00000000000, -0.00000000506, 0.00000001455
102, 50.00000000000, 97.19696024962, 28.88438320875, 4.12500003222, 0.00000000000, 0.00000000111, -0.00000001304
103, 50.00000000000, 113.43508329591, 28.77278586928, 4.12500003222, 0.00000000000, 0.00000000109, -0.00000000982
104, 50.00000000000, 131.42566514583, 14.33800646573, 4.12500003222, 0.00000000000, -0.00000000240, -0.00000002147
105, 50.00000000000, 149.83251710442, 32.43066921705, 4.12500003222, 0.00000000000, -0.00000000029, 0.00000002452
106, 50.00000000000, 170.08940969323, 25.68550861270, 4.12500003222, 0.00000000000, -0.00000000232, -0.00000000076
107, 50.00000000000, 188.77854006543, 39.36896936259, 4.12500003222, 0.00000000000, 0.00000000314, -0.00000000261
108, 50.00000000000, 209.57042050721, 49.10034401643, 4.12500003222, 0.00000000000, 0.00000000347, 0.00000000941
109, 50.00000000000, 206.19817910094, 27.12937573677, 4.12500003222, 0.00000000000, -0.00000000459, -0.00000002004
110, 50.00000000000, 204.13019430052, -30000000.00000000000, 0.00000000000, 0.00000000000, 0.00000146132, 0.66000001198
111, 50.00000000000, 225.97911160098, -30000000.00000000000, 0.00000000000, 0.00000000000, 0.00000035024, 0.66000001198
112, 50.00000000000, 243.22866825318, -30000000.00000000000, 0.00000000000, 0.00000000000, -0.00000007599, 0.66000001198
113, 50.00000000000, 264.01523328468, -30000000.00000000000, 0.00000000000, 0.00000000000, -0.00000022451, 0.66000001198
114, 50.00000000000, 298.00773902176, 63.80062629983, 4.12500003222, 0.00000000000, 0.00000000270, 0.00000000377
115, 50.00000000000, 326.86340614680, 40.60308186438, 4.12500003222, 0.00000000000, 0.00000000080, 0.00000002022
116, 50.00000000000, 344.32354540797, 38.52357087214, 4.12500003222, 0.00000000000, 0.00000000398, -0.00000000784
117, 50.00000000000, 362.91560209022, 31.61057746612, 4.12500003222, 0.00000000000, -0.00000000381, 0.00000001978
118, 50.00000000000, 380.93210026904, 62.80559475912, 4.12500003222, 0.00000000000, -0.00000000237, -0.00000000573
119, 50.00000000000, 399.40279393952, 55.31713880674, 4.12500003222, 0.00000000000, -0.00000000277, 0.00000001403
120, 50.00000000000, 417.15752866664, 70.43384694972, 4.12500003222, 0.00000000000, 0.00000000292, 0.00000002435
121, 50.00000000000, 428.15685785485, 28.92502475524, 4.12500003222, 0.00000000000, 0.00000000629, -0.00000003491
122, 50.00000000000, 454.66408431888, 50.30113744611, 4.12500003222, 0.00000000000, -0.00000000179, 0.00000000783
123, 50.00000000000, 463.27277056720, -30000000.00000000000, 0.00000000000, 0.00000000000, -0.00000014459, 0.66000001198
124, 50.00000000000, 485.17495156218, 34.18120890378, 4.12500003222, 0.00000000000, 0.00000000975, 0.00000000080
125, 50.00000000000, 500.23507632200, 26.11133661193, 4.12500003222, 0.00000000000, 0.00000000578, 0.00000003665
126, 50.00000000000, 533.02927996335, 11.51939637135, 4.12500003222, 0.00000000000, -0.00000000210, 0.00000003639
127, 50.00000000000, 533.57614883098, 25.43032157189, 4.12500003222, 0.00000000000, -0.00000000316, -0.00000003246
128, 50.00000000000, 567.34542963302, 7.82300853286, 4.12500003222, 0.00000000000, 0.00000000781, -0.00000002294
129, 50.00000000000, 576.61646019143, -30000000.00000000000, 0.00000000000, 0.00000000000, -0.00000033124, 0.66000001198
130, 50.00000000000, 584.99295707801, 10.73175237292, 4.12500003222, 0.00000000000, 0.00000000006, 0.00000001806
131, 50.00000000000, 618.08911256773, -30000000.00000000000, 0.00000000000, 0.00000000000, 0.00000039761, 0.66000001198
132, 50.00000000000, 617.19784317415, 11.31311164610, 4.12500003222, 0.00000000000, 0.00000000222, 0.00000000211
133, 50.00000000000, 635.04522598499, 8.39321691491, 4.12500003222, 0.00000000000, -0.00000000112, 0.00000001303
134, 50.00000000000, 673.04033556423, -30000000.00000000000, 0.00000000000, 0.00000000000, 0.00000079810, 0.66000001198
135, 50.00000000000, 671.54914821811, 10.93104375140, 4.12500003222, 0.00000000000, -0.00000000197, 0.00000001453
136, 50.00000000000, 690.92645703910, 23.62280882132, 4.12500003222, 0.00000000000, 0.00000000045, -0.00000002510
137, 50.00000000000, 703.83677704342, 24.77923131962, 4.12500003222, 0.00000000000, -0.00000000950, -0.00000000148
138, 50.00000000000, 748.70604574178, -30000000.00000000000, 0.00000000000, 0.00000000000, 0.00000072691, 0.66000001198
139, 50.00000000000, 735.16696403282, 23.84166299004, 4.12500003222, 0.00000000000, 0.00000000430, 0.00000000987
140, 50.00000000000, 796.60859583786, -30000000.00000000000, 0.00000000000, 0.00000000000, -0.00000107220, 0.66000001198
141, 50.00000000000, 777.06395229504, 25.14141882173, 4.12500003222, 0.00000000000, -0.00000001404, -0.00000004710
142, 50.00000000000, 792.85855954411, 23.46215043305, 4.12500003222, 0.00000000000, 0.00000001507, -0.00000003588
143, 50.00000000000, 806.18864598802, 56.22840761395, 4.12500003222, 0.00000000000, -0.00000000628, 0.00000003023
144, 50.00000000000, 826.20171248155, 23.82553537507, 4.12500003222, 0.00000000000, -0.00000000810, -0.00000000855
145, 50.00000000000, 843.18388634422, 10.35883616353, 4.12500003222, 0.00000000000, 0.00000000351, 0.00000002997
146, 50.00000000000, 858.45172926860, 43.86240342070, 4.12500003222, 0.00000000000, -0.00000000749, 0.00000001704
147, 50.00000000000, 883.37698932580, 26.95716909219, 4.12500003222, 0.00000000000, -0.00000000249, -0.00000001954
148, 50.00000000000, 893.12583508326, 47.66417513009, 4.12500003222, 0.00000000000, -0.00000000258, 0.00000008008
149, 50.00000000000, 916.13832012930, 44.24063009484, 4.12500003222, 0.00000000000, -0.00000000602, 0.00000001692
150, 50.00000000000, 60.80405919995, 41.96270531031, 4.12500003222, 0.00000000000, -0.00000000583, -0.00000000483
151, 50.00000000000, 72.17897870437, 49.04630066685, 4.12500003222, 0.00000000000, -0.00000000071, 0.00000003052
152, 50.00000000000, 94.34407646797, 52.14566415973, 4.12500003222, 0.00000000000, 0.00000000578, -0.00000000039
153, 50.00000000000, 116.35329592611, 61.54052809511, 4.12500003222, 0.00000000000, 0.00000000036, -0.00000002511
154, 50.00000000000, 133.07158892416, 25.69866390182, 4.12500003222, 0.00000000000, -0.00000001007, -0.00000000164
155, 50.00000000000, 145.57306559544, 44.34324446298, 4.12500003222, 0.00000000000, 0.00000000199, -0.00000000054
156, 50.00000000000, 178.58151885169, 50.26076534982, 4.12500003222, 0.00000000000, 0.00000000443, 0.00000000211
157, 50.00000000000, 183.18942288914, 31.21182633034, 4.12500003222, 0.00000000000, 0.00000000966, -0.00000000279
158, 50.00000000000, 201.61334876068, 57.93071739985, 4.12500003222, 0.00000000000, 0.00000000539, -0.00000001030
159, 50.00000000000, 220.79153936090, 42.33173488096, 4.12500003222, 0.00000000000, 0.00000000683, 0.00000000535
160, 50.00000000000, 237.26316310212, 24.88621965196, 4.12500003222, 0.00000000000, 0.00000000074, 0.00000002576
161, 50.00000000000, 255.47603488284, 52.41736120885, 4.12500003222, 0.00000000000, -0.00000000291, -0.00000001353
162, 50.00000000000, 276.07339851484, 26.70540881019, 4.12500003222, 0.00000000000, 0.00000000134, -0.00000000992
163, 50.00000000000, 295.51339438931, 26.94079984190, 4.12500003222, 0.00000000000, -0.00000000071, 0.00000002391
164, 50.00000000000, 308.66623080982, 56.71577746700, 4.12500003222, 0.00000000000, 0.00000000730, -0.00000000124
165, 50.00000000000, 305.34692811772, -30000000.00000000000, 0.00000000000, 0.00000000000, 0.00000032003, 0.66000001198
166, 50.00000000000, 343.72544506607, 61.65661310656, 4.12500003222, 0.00000000000, -0.00000000255, 0.00000002217
167, 50.00000000000, 362.83366017347, 45.08395199751, 4.12500003222, 0.00000000000, 0.00000000474, 0.00000001511
168, 50.00000000000, 381.32217637083, 37.81561973414, 4.12500003222, 0.00000000000, -0.00000000171, -0.00000000390
169, 50.00000000000, 395.83130785074, 35.10607219336, 4.12500003222, 0.00000000000, -0.00000001378, 0.00000001826
170, 50.00000000000, 414.94862315953, 35.92021026388, 4.12500003222, 0.00000000000, 0.00000000577, 0.00000003543
171, 50.00000000000, 435.05360568726, 62.25826222981, 4.12500003222, 0.00000000000, -0.00000000054, 0.00000000746
172, 50.00000000000, 447.85551115019, 39.18349786415, 4.12500003222, 0.00000000000, 0.00000000600, -0.00000000052
173, 50.00000000000, 473.48437751078, 11.30086399885, 4.12500003222, 0.00000000000, -0.00000000984, -0.00000001295
174, 50.00000000000, 485.78582677257, -30000000.00000000000, 0.00000000000, 0.00000000000, -0.00000092903, 0.66000001198
175, 50.00000000000, 513.16405989086, 21.19683890512, 4.12500003222, 0.00000000000, 0.00000000562, 0.00000000753
176, 50.00000000000, 520.16067831043, -30000000.00000000000, 0.00000000000, 0.00000000000, 0.00000073755, 0.66000001198
177, 50.00000000000, 540.58807165255, -30000000.00000000000, 0.00000000000, 0.00000000000, -0.00000073199, 0.66000001198
178, 50.00000000000, 554.30790230928, 22.53441450042, 4.12500003222, 0.00000000000, -0.00000001147, 0.00000000199
179, 50.00000000000, 565.65929053125, 40.60565320932, 4.12500003222, 0.00000000000, -0.00000000160, 0.00000003642
180, 50.00000000000, 588.28197069915, 32.93123218187, 4.12500003222, 0.00000000000, 0.00000000635, -0.00000002743
181, 50.00000000000, 599.12704938537, 50.15451330791, 4.12500003222, 0.00000000000, -0.00000000038, -0.00000000074
182, 50.00000000000, 619.62338143681, 24.84504180485, 4.12500003222, 0.00000000000, 0.00000000696, -0.00000001399
183, 50.00000000000, 631.17109790771, 31.56691322307, 4.12500003222, 0.00000000000, 0.00000000261, -0.00000000548
184, 50.00000000000, 651.81119521204, 25.37992983102, 4.12500003222, 0.00000000000, -0.00000000274, -0.00000000082
185, 50.00000000000, 697.57836627702, -30000000.00000000000, 0.00000000000, 0.00000000000, -0.00000031553, 0.66000001198
186, 50.00000000000, 687.25790834340, 9.93941571666, 4.12500003222, 0.00000000000, 0.00000000363, 0.00000001581
187, 50.00000000000, 698.10590328554, 43.06076304789, 4.12500003222, 0.00000000000, -0.00000000122, 0.00000000313
188, 50.00000000000, 722.86911249341, 24.00699328845, 4.12500003222, 0.00000000000, 0.00000000322, -0.00000003119
189, 50.00000000000, 742.35190025308, 11.03913713158, 4.12500003222, 0.00000000000, 0.00000000017, -0.00000000004
190, 50.00000000000, 753.78814599623, 24.38465760792, 4.12500003222, 0.00000000000, 0.00000000922, -0.00000000243
191, 50.00000000000, 772.45955335599, 38.76214726467, 4.12500003222, 0.00000000000, -0.00000000808, -0.00000003045
192, 50.00000000000, 788.27694116299, 30.54603873657, 4.12500003222, 0.00000000000, 0.00000000754, -0.00000001429
193, 50.00000000000, 808.53943779533, 30.90767060600, 4.12500003222, 0.00000000000, 0.00000000502, -0.00000002004
194, 50.00000000000, 826.73148136921, 44.12740847704, 4.12500003222, 0.00000000000, 0.00000000934, -0.00000004217
195, 50.00000000000, 848.72368402537, 32.99885430935, 4.12500003222, 0.00000000000, -0.00000001594, -0.00000001802
196, 50.00000000000, 864.89624439187, 34.58502944992, 4.12500003222, 0.00000000000, -0.00000000154, -0.00000004042
197, 50.00000000000, 873.08907651075, 54.98199559290, 4.12500003222, 0.00000000000, 0.00000001901, 0.00000002140
198, 50.00000000000, 902.01255840212, 41.06210572383, 4.12500003222, 0.00000000000, 0.00000000526, 0.00000001579
199, 50.00000000000, 911.83179610616, 62.15000360363, 4.12500003222, 0.00000000000, -0.00000000796, -0.00000002813
200, 50.00000000000, 67.64324519619, 74.69699174290, 4.12500003222, 0.00000000000, -0.00000000099, -0.00000000462
201, 50.00000000000, 80.83151099544, 57.15211900999, 4.12500003222, 0.00000000000, 0.00000000139, 0.00000000846
202, 50.00000000000, 104.24049477000, 63.80541368019, 4.12500003222, 0.00000000000, 0.00000000194, 0.00000001991
203, 50.00000000000, 121.59398848146, 78.05250644609, 4.12500003222, 0.00000000000, -0.00000000239, -0.00000001337
204, 50.00000000000, 137.35920532291, 65.25257235716, 4.12500003222, 0.00000000000, -0.00000000226, -0.00000000156
205, 50.00000000000, 154.64618266347, 55.42729148051, 4.12500003222, 0.00000000000, -0.00000000342, -0.00000001174
206, 50.00000000000, 167.39460393208, 46.40839324819, 4.12500003222, 0.00000000000, -0.00000000224, 0.00000002185
207, 50.00000000000, 188.48879132535, 56.60418879573, 4.12500003222, 0.00000000000, -0.00000000667, -0.00000002030
208, 50.00000000000, 200.99670174418, 39.47622131505, 4.12500003222, 0.00000000000, 0.00000000172, 0.00000002369
209, 50.00000000000, 221.46690764666, 54.89350137096, 4.12500003222, 0.00000000000, -0.00000000109, -0.00000000393
210, 50.00000000000, 234.97023498811, 48.83423248344, 4.12500003222, 0.00000000000, 0.00000000762, -0.00000003914
211, 50.00000000000, 256.32778701271, 33.88366972337, 4.12500003222, 0.00000000000, -0.00000000706, 0.00000003123
212, 50.00000000000, 276.13340995815, 40.74913895116, 4.12500003222, 0.00000000000, 0.00000000204, 0.00000000129
213, 50.00000000000, 284.32631146389, 62.16369982906, 4.12500003222, 0.00000000000, 0.00000000251, 0.00000002038
214, 50.00000000000, 310.11981384723, 43.69790928756, 4.12500003222, 0.00000000000, 0.00000000374, 0.00000000096
215, 50.00000000000, 319.71342325577, 66.96323995758, 4.12500003222, 0.00000000000, 0.00000000243, -0.00000002539
216, 50.00000000000, 322.34755010605, -30000000.00000000000, 0.00000000000, 0.00000000000, 0.00000022978, 0.66000001198
217, 50.00000000000, 362.29841135280, 68.15154676017, 4.12500003222, 0.00000000000, -0.00000000100, -0.00000000488
218, 50.00000000000, 359.13112409815, -30000000.00000000000, 0.00000000000, 0.00000000000, 0.00000055342, 0.66000001198
219, 50.00000000000, 404.56855366344, 28.87727504823, 4.12500003222, 0.00000000000, 0.00000000444, -0.00000001101
220, 50.00000000000, 416.88257952028, 59.96036102681, 4.12500003222, 0.00000000000, -0.00000000619, -0.00000004922
221, 50.00000000000, 432.45561447390, 51.87165395444, 4.12500003222, 0.00000000000, -0.00000000422, 0.00000003868
222, 50.00000000000, 470.29365918337, 66.04863027980, 4.12500003222, 0.00000000000, 0.00000000566, 0.00000001103
223, 50.00000000000, 470.55053975037, 46.42880366918, 4.12500003222, 0.00000000000, 0.00000000977, 0.00000001136
224, 50.00000000000, 488.70373424634, 57.82704821084, 4.12500003222, 0.00000000000, -0.00000000183, 0.00000002187
225, 50.00000000000, 509.69429032807, 60.41653092698, 4.12500003222, 0.00000000000, -0.00000000300, -0.00000000304
226, 50.00000000000, 528.73189214469, 47.72483230380, 4.12500003222, 0.00000000000, 0.00000000205, -0.00000000348
227, 50.00000000000, 544.27373111204, 31.82450327617, 4.12500003222, 0.00000000000, -0.00000000173, -0.00000002026
228, 50.00000000000, 549.29841087095, 8.82552445441, 4.12500003222, 0.00000000000, -0.00000000557, 0.00000005194
229, 50.00000000000, 577.78764605067, -30000000.00000000000, 0.00000000000, 0.00000000000, -0.00000046634, 0.66000001198
230, 50.00000000000, 581.05659843489, 45.14978816400, 4.12500003222, 0.00000000000, -0.00000000383, -0.00000000272
231, 50.00000000000, 600.03686432837, 29.43356550213, 4.12500003222, 0.00000000000, 0.00000000454, 0.00000002269
232, 50.00000000000, 617.06053275744, 48.15031234591, 4.12500003222, 0.00000000000, -0.00000000410, -0.00000002404
233, 50.00000000000, 636.45545433480, 22.05250991911, 4.12500003222, 0.00000000000, -0.00000000707, -0.00000000835
234, 50.00000000000, 650.83982249619, 38.72931145050, 4.12500003222, 0.00000000000, -0.00000000281, 0.00000003023
235, 50.00000000000, 668.77018225894, 24.74250996668, 4.12500003222, 0.00000000000, 0.00000000158, -0.00000002127
236, 50.00000000000, 682.47474862566, 33.05411084764, 4.12500003222, 0.00000000000, -0.00000000276, 0.00000000471
237, 50.00000000000, 706.36702305558, 9.04241520128, 4.12500003222, 0.00000000000, -0.00000000175, 0.00000000089
238, 50.00000000000, 718.33655368090, 44.24879823369, 4.12500003222, 0.00000000000, 0.00000000174, 0.00000002689
239, 50.00000000000, 736.23895995830, 43.14708578683, 4.12500003222, 0.00000000000, -0.00000000204, -0.00000000616
240, 50.00000000000, 754.46245260033, 46.83262986184, 4.12500003222, 0.00000000000, -0.00000000829, 0.00000001298
241, 50.00000000000, 770.92180581632, 29.69236771367, 4.12500003222, 0.00000000000, -0.00000001551, -0.00000003109
242, 50.00000000000, 794.50763838007, 38.26426292952, 4.12500003222, 0.00000000000, 0.00000001448, 0.00000000428
243, 50.00000000000, 808.00035685744, 41.70478744206, 4.12500003222, 0.00000000000, -0.00000000076, -0.00000004013
244, 50.00000000000, 819.34347848776, 45.00618895912, 4.12500003222, 0.00000000000, 0.00000001073, -0.00000002471
245, 50.00000000000, 838.82243605842, 53.41216431735, 4.12500003222, 0.00000000000, 0.00000000046, -0.00000004141
246, 50.00000000000, 854.59742869031, 57.09676622524, 4.12500003222, 0.00000000000, 0.00000001496, 0.00000001776
247, 50.00000000000, 880.12149772059, 38.91361300103, 4.12500003222, 0.00000000000, 0.00000000350, 0.00000002707
248, 50.00000000000, 888.25974705275, 60.10528032044, 4.12500003222, 0.00000000000, 0.00000000469, -0.00000001988
249, 50.00000000000, 902.51900814618, 61.21233719118, 4.12500003222, 0.00000000000, -0.00000000999, -0.00000004387
250, 50.00000000000, 60.79554362897, 59.93664452944, 4.12500003222, 0.00000000000, 0.00000000220, -0.00000001646
251, 50.00000000000, 82.76507870070, 66.80970650426, 4.12500003222, 0.00000000000, 0.00000000734, -0.00000001293
252, 50.00000000000, 97.44033603498, 72.41583462651, 4.12500003222, 0.00000000000, 0.00000000140, 0.00000001062
253, 50.00000000000, 107.75108859535, 85.87178102995, 4.12500003222, 0.00000000000, -0.00000000992, -0.00000000929
254, 50.00000000000, 131.37105350946, 47.49240637602, 4.12500003222, 0.00000000000, 0.00000000867, -0.00000000682
255, 50.00000000000, 152.71584897766, 77.06270191682, 4.12500003222, 0.00000000000, -0.00000000235, 0.00000000712
256, 50.00000000000, 169.60102471273, 67.52905375928, 4.12500003222, 0.00000000000, 0.00000000028, -0.00000001322
257, 50.00000000000, 186.68760619191, 73.68625301119, 4.12500003222, 0.00000000000, -0.00000000009, 0.00000000755
258, 50.00000000000, 205.91438536889, 72.34225210078, 4.12500003222, 0.00000000000, 0.00000000149, 0.00000000046
259, 50.00000000000, 222.78587620007, 67.11886264175, 4.12500003222, 0.00000000000, -0.00000000231, -0.00000002495
260, 50.00000000000, 242.08600640675, 64.66128734801, 4.12500003222, 0.00000000000, -0.00000000453, 0.00000000241
261, 50.00000000000, 263.89950058713, 70.10276800412, 4.12500003222, 0.00000000000, 0.00000000372, 0.00000000363
262, 50.00000000000, 270.54344198126, 51.28908091590, 4.12500003222, 0.00000000000, -0.00000000387, -0.00000001663
263, 50.00000000000, 282.73184364300, 80.45727556271, 4.12500003222, 0.00000000000, -0.00000000131, 0.00000001183
264, 50.00000000000, 302.36240313418, 79.03462309878, 4.12500003222, 0.00000000000, -0.00000000203, -0.00000000557
265, 50.00000000000, 330.23106345362, 59.44483092997, 4.12500003222, 0.00000000000, -0.00000000762, 0.00000000377
266, 50.00000000000, 347.36528893247, 49.43889832379, 4.12500003222, 0.00000000000, 0.00000000716, -0.00000002871
267, 50.00000000000, 362.90989671926, 53.92178194622, 4.12500003222, 0.00000000000, 0.00000000402, -0.00000000447
268, 50.00000000000, 378.64005699789, 50.08517301337, 4.12500003222, 0.00000000000, 0.00000000323, 0.00000000267
269, 50.00000000000, 397.09036381456, 47.21380611135, 4.12500003222, 0.00000000000, -0.00000000249, -0.00000002514
270, 50.00000000000, 413.27544566516, 49.32743837843, 4.12500003222, 0.00000000000, -0.00000000864, 0.00000001479
271, 50.00000000000, 435.13509176252, 43.10751706116, 4.12500003222, 0.00000000000, 0.00000000749, -0.00000001320
272, 50.00000000000, 451.49935190719, 61.81258255695, 4.12500003222, 0.00000000000, -0.00000000458, -0.00000002295
273, 50.00000000000, 462.69610883213, 29.61774305281, 4.12500003222, 0.00000000000, 0.00000000367, -0.00000002401
274, 50.00000000000, 492.23596393180, 45.03027467196, 4.12500003222, 0.00000000000, 0.00000000060, -0.00000002377
275, 50.00000000000, 507.30358825723, 42.32832335863, 4.12500003222, 0.00000000000, -0.00000000264, -0.00000002717
276, 50.00000000000, 521.64147662713, 31.44554699133, 4.12500003222, 0.00000000000, -0.00000000948, -0.00000002280
277, 50.00000000000, 549.33972306578, 44.30728898675, 4.12500003222, 0.00000000000, 0.00000000581, 0.00000001411
278, 50.00000000000, 558.05942854432, 145.55681202537, 4.12500003222, 0.00000000000, 0.00000000000, 0.00000000000
279, 50.00000000000, 564.86433333107, 59.03519382296, 4.12500003222, 0.00000000000, -0.00000000536, 0.00000001368
280, 50.00000000000, 584.96152885100, 65.48281995839, 4.12500003222, 0.00000000000, -0.00000000224, 0.00000000303
281, 50.00000000000, 600.40676461009, 13.96734459017, 4.12500003222, 0.00000000000, -0.00000000141, -0.00000003400
282, 50.00000000000, 612.89467876284, 33.89036850238, 4.12500003222, 0.00000000000, -0.00000000043, 0.00000003273
283, 50.00000000000, 635.35604425161, 44.22571358367, 4.12500003222, 0.00000000000, 0.00000000020, 0.00000000869
284, 50.00000000000, 655.75910504015, 57.18606549973, 4.12500003222, 0.00000000000, -0.00000000073, -0.00000000046
285, 50.00000000000, 666.81656051409, 42.24959424880, 4.12500003222, 0.00000000000, 0.00000000287, 0.00000001147
286, 50.00000000000, 680.37380879848, 55.75378393019, 4.12500003222, 0.00000000000, 0.00000000232, -0.00000000846
287, 50.00000000000, 702.69271355621, 61.10302891834, 4.12500003222, 0.00000000000, 0.00000000306, -0.00000000456
288, 50.00000000000, 714.61814066550, 30.53320668891, 4.12500003222, 0.00000000000, -0.00000000215, 0.00000002648
289, 50.00000000000, 736.82499623328, 32.41068282749, 4.12500003222, 0.00000000000, 0.00000000521, 0.00000000602
290, 50.00000000000, 755.77171366921, 31.82823776281, 4.12500003222, 0.00000000000, -0.00000000091, -0.00000000918
291, 50.00000000000, 773.37737512536, 49.36575713107, 4.12500003222, 0.00000000000, 0.00000000169, 0.00000002460
292, 50.00000000000, 788.72352510987, 46.63810851723, 4.12500003222, 0.00000000000, 0.00000000330, 0.00000004845
293, 50.00000000000, 817.63186325377, 64.20231345320, 4.12500003222, 0.00000000000, 0.00000000089, 0.00000000936
294, 50.00000000000, 831.32721598272, 63.04140177585, 4.12500003222, 0.00000000000, -0.00000001343, 0.00000003032
295, 50.00000000000, 847.76853114967, 20.43896084993, 4.12500003222, 0.00000000000, 0.00000000581, 0.00000001543
296, 50.00000000000, 847.27809770799, 74.27060726679, 4.12500003222, 0.00000000000, 0.00000000383, 0.00000003142
297, 50.00000000000, 868.78074663577, 73.09173815412, 4.12500003222, 0.00000000000, -0.00000000103, 0.00000000051
298, 50.00000000000, 888.32323259331, 72.56367445687, 4.12500003222, 0.00000000000, -0.00000000267, -0.00000001513
299, 50.00000000000, 903.87754222531, 80.10290563485, 4.12500003222, 0.00000000000, 0.00000000098, 0.00000002479
