0, 50.00000000000, 69.32647660997, 23.70377555668, 4.12500003222, 0.00000000000, -0.00000000657, 0.00000002211
1, 50.00000000000, 73.12644392821, 10.53566108760, 4.12500003222, 0.00000000000, 0.00000000023, -0.00000000796
2, 50.00000000000, 91.74533510901, 46.53604738871, 4.12500003222, 0.00000000000, -0.00000000214, -0.00000001031
3, 50.00000000000, 108.90289455227, 12.39546823502, 4.12500003222, 0.00000000000, 0.00000000706, 0.00000002476
4, 50.00000000000, 129.74389221032, 3.82991264268, 4.12500003222, 0.00000000000, 0.00000000662, -0.00000000077
5, 50.00000000000, 146.03636086649, 10.79322472232, 4.12500003222, 0.00000000000, -0.00000000310, -0.00000001792
6, 50.00000000000, 160.88546325064, 12.38750886865, 4.12500003222, 0.00000000000, -0.00000000062, -0.00000001927
7, 50.00000000000, 177.20373267702, 6.63061969556, 4.12500003222, 0.00000000000, -0.00000000652, -0.00000001593
8, 50.00000000000, 198.57626050406, 5.26846060728, 4.12500003222, 0.00000000000, 0.00000000419, -0.00000002847
9, 50.00000000000, 216.47068260682, 12.28378373219, 4.12500003222, 0.00000000000, 0.00000000237, 0.00000000900
10, 50.00000000000, 206.61733946636, -30000000.00000000000, 0.00000000000, 0.00000000000, 0.00000118924, 0.66000001198
11, 50.00000000000, 228.80667295857, -30000000.00000000000, 0.00000000000, 0.00000000000, -0.00000014657, 0.66000001198
12, 50.00000000000, 247.83424767056, -30000000.00000000000, 0.00000000000, 0.00000000000, -0.00000088452, 0.66000001198
13, 50.00000000000, 290.66206810505, 41.69310495901, 4.12500003222, 0.00000000000, 0.00000001291, -0.00000002257
14, 50.00000000000, 286.13228018174, -30000000.00000000000, 0.00000000000, 0.00000000000, -0.00000014140, 0.66000001198
15, 50.00000000000, 303.42353755728, -30000000.00000000000, 0.00000000000, 0.00000000000, 0.00000061270, 0.66000001198
16, 50.00000000000, 323.59744548703, -30000000.00000000000, 0.00000000000, 0.00000000000, 0.00000004321, 0.66000001198
17, 50.00000000000, 340.47207938337, -30000000.00000000000, 0.00000000000, 0.00000000000, 0.00000047967, 0.66000001198
18, 50.00000000000, 363.04494036244, -30000000.00000000000, 0.00000000000, 0.00000000000, -0.00000005065, 0.66000001198
19, 50.00000000000, 384.03668296329, -30000000.00000000000, 0.00000000000, 0.00000000000, -0.00000114722, 0.66000001198
20, 50.00000000000, 419.77028470645, 44.18658009028, 4.12500003222, 0.00000000000, 0.00000000876, -0.00000000417
21, 50.00000000000, 423.24912732981, -30000000.00000000000, 0.00000000000, 0.00000000000, 0.00000029416, 0.66000001198
22, 50.00000000000, 445.65472486041, -30000000.00000000000, 0.00000000000, 0.00000000000, -0.00000047619, 0.66000001198
23, 50.00000000000, 459.61323870140, -30000000.00000000000, 0.00000000000, 0.00000000000, 0.00000033825, 0.66000001198
24, 50.00000000000, 478.77037293199, -30000000.00000000000, 0.00000000000, 0.00000000000, -0.00000015733, 0.66000001198
25, 50.00000000000, 499.25836901401, -30000000.00000000000, 0.00000000000, 0.00000000000, 0.00000055928, 0.66000001198
26, 50.00000000000, 519.83089706424, -30000000.00000000000, 0.00000000000, 0.00000000000, 0.00000077868, 0.66000001198
27, 50.00000000000, 539.95500995752, -30000000.00000000000, 0.00000000000, 0.00000000000, -0.00000063235, 0.66000001198
28, 50.00000000000, 558.84808860501, -30000000.00000000000, 0.00000000000, 0.00000000000, -0.00000010571, 0.66000001198
29, 50.00000000000, 570.44705404581, 25.60220434754, 4.12500003222, 0.00000000000, -0.00000000848, 0.00000001665
30, 50.00000000000, 597.23162349900, -30000000.00000000000, 0.00000000000, 0.00000000000, 0.00000002654, 0.66000001198
31, 50.00000000000, 618.23892472634, -30000000.00000000000, 0.00000000000, 0.00000000000, 0.00000038299, 0.66000001198
32, 50.00000000000, 638.19624188440, -30000000.00000000000, 0.00000000000, 0.00000000000, -0.00000057392, 0.66000001198
33, 50.00000000000, 659.67344476441, -30000000.00000000000, 0.00000000000, 0.00000000000, -0.00000043632, 0.66000001198
34, 50.00000000000, 676.38244716116, -30000000.00000000000, 0.00000000000, 0.00000000000, 0.00000028378, 0.66000001198
35, 50.00000000000, 689.01491712432, -30000000.00000000000, 0.00000000000, 0.00000000000, 0.00000033751, 0.66000001198
36, 50.00000000000, 713.96382053077, -30000000.00000000000, 0.00000000000, 0.00000000000, -0.00000028086, 0.66000001198
37, 50.00000000000, 729.51702513903, -30000000.00000000000, 0.00000000000, 0.00000000000, 0.00000062359, 0.66000001198
38, 50.00000000000, 726.67090149061, 9.55852721196, 4.12500003222, 0.00000000000, 0.00000000573, 0.00000000576
39, 50.00000000000, 776.30856629545, -30000000.00000000000, 0.00000000000, 0.00000000000, 0.00000014019, 0.66000001198
40, 50.00000000000, 793.43561098269, -30000000.00000000000, 0.00000000000, 0.00000000000, -0.00000072272, 0.66000001198
41, 50.00000000000, 764.45822749436, 9.14072442523, 4.12500003222, 0.00000000000, 0.00000000224, -0.00000000385
42, 50.00000000000, 786.93152000791, 7.26380611015, 4.12500003222, 0.00000000000, -0.00000001028, -0.00000000037
43, 50.00000000000, 812.06245488046, 8.00985355416, 4.12500003222, 0.00000000000, 0.00000000941, 0.00000000223
44, 50.00000000000, 832.45405186209, 31.27954348551, 4.12500003222, 0.00000000000, 0.00000000465, 0.00000000007
45, 50.00000000000, 843.63420583507, 30.32814321863, 4.12500003222, 0.00000000000, 0.00000001644, -0.00000001113
46, 50.00000000000, 868.50056005297, 11.34187861448, 4.12500003222, 0.00000000000, 0.00000000015, -0.00000001764
47, 50.00000000000, 882.18443976867, 15.64237436305, 4.12500003222, 0.00000000000, -0.00000000286, -0.00000000307
48, 50.00000000000, 914.00486532660, 8.78967488435, 4.12500003222, 0.00000000000, -0.00000000231, -0.00000000003
49, 50.00000000000, 935.02203269434, 9.57404558105, 4.12500003222, 0.00000000000, -0.00000000385, 0.00000000787
50, 50.00000000000, 53.31063326071, 8.39763157736, 4.12500003222, 0.00000000000, 0.00000000729, 0.00000002043
51, 50.00000000000, 72.89508790944, 42.60505561257, 4.12500003222, 0.00000000000, -0.00000000434, 0.00000001041
52, 50.00000000000, 89.89723093675, 12.35698261062, 4.12500003222, 0.00000000000, 0.00000000127, -0.00000000040
53, 50.00000000000, 107.71627902397, 43.82446888503, 4.12500003222, 0.00000000000, -0.00000000630, -0.00000000052
54, 50.00000000000, 122.20234609728, 33.10452532178, 4.12500003222, 0.00000000000, -0.00000000557, -0.00000003937
55, 50.00000000000, 141.88739230549, 21.59059578786, 4.12500003222, 0.00000000000, -0.00000001111, -0.00000000642
56, 50.00000000000, 159.12332977836, 33.81278267054, 4.12500003222, 0.00000000000, -0.00000000184, 0.00000004230
57, 50.00000000000, 180.89520555161, 20.47932728958, 4.12500003222, 0.00000000000, 0.00000000122, 0.00000003068
58, 50.00000000000, 193.44882313632, 16.20948643447, 4.12500003222, 0.00000000000, -0.00000000746, 0.00000001946
59, 50.00000000000, 218.45808548887, 32.57636035026, 4.12500003222, 0.00000000000, -0.00000000138, 0.00000002887
60, 50.00000000000, 237.46626073199, 43.05719017550, 4.12500003222, 0.00000000000, -0.00000000366, -0.00000001401
61, 50.00000000000, 221.57541063833, -30000000.00000000000, 0.00000000000, 0.00000000000, 0.00000112567, 0.66000001198
62, 50.00000000000, 245.59968821445, -30000000.00000000000, 0.00000000000, 0.00000000000, -0.00000049258, 0.66000001198
63, 50.00000000000, 265.37796765786, -30000000.00000000000, 0.00000000000, 0.00000000000, -0.00000042699, 0.66000001198
64, 50.00000000000, 285.88134886885, -30000000.00000000000, 0.00000000000, 0.00000000000, -0.00000011660, 0.66000001198
65, 50.00000000000, 326.56097791351, 44.87411816817, 4.12500003222, 0.00000000000, 0.00000000715, -0.00000001106
66, 50.00000000000, 325.16594129052, -30000000.00000000000, 0.00000000000, 0.00000000000, -0.00000019633, 0.66000001198
67, 50.00000000000, 346.73370231404, -30000000.00000000000, 0.00000000000, 0.00000000000, -0.00000062238, 0.66000001198
68, 50.00000000000, 365.08697008615, -30000000.00000000000, 0.00000000000, 0.00000000000, -0.00000036222, 0.66000001198
69, 50.00000000000, 380.57119893922, -30000000.00000000000, 0.00000000000, 0.00000000000, -0.00000069007, 0.66000001198
70, 50.00000000000, 400.19604101210, -30000000.00000000000, 0.00000000000, 0.00000000000, 0.00000016728, 0.66000001198
71, 50.00000000000, 420.53076961336, -30000000.00000000000, 0.00000000000, 0.00000000000, 0.00000059214, 0.66000001198
72, 50.00000000000, 439.96243034513, -30000000.00000000000, 0.00000000000, 0.00000000000, 0.00000027518, 0.66000001198
73, 50.00000000000, 480.48670589696, 25.27454423970, 4.12500003222, 0.00000000000, 0.00000000040, -0.00000003202
74, 50.00000000000, 494.09010456105, 10.76958294227, 4.12500003222, 0.00000000000, 0.00000000250, 0.00000004290
75, 50.00000000000, 513.65732625076, 7.97215242955, 4.12500003222, 0.00000000000, -0.00000000214, 0.00000000830
76, 50.00000000000, 517.16575416509, -30000000.00000000000, 0.00000000000, 0.00000000000, 0.00000119260, 0.66000001198
77, 50.00000000000, 537.45103121759, -30000000.00000000000, 0.00000000000, 0.00000000000, -0.00000018725, 0.66000001198
78, 50.00000000000, 557.14258385624, -30000000.00000000000, 0.00000000000, 0.00000000000, 0.00000018966, 0.66000001198
79, 50.00000000000, 577.48187229434, -30000000.00000000000, 0.00000000000, 0.00000000000, -0.00000043423, 0.66000001198
80, 50.00000000000, 582.35105597477, 24.27288197295, 4.12500003222, 0.00000000000, -0.00000001108, 0.00000001128
81, 50.00000000000, 616.38209439551, -30000000.00000000000, 0.00000000000, 0.00000000000, 0.00000061901, 0.66000001198
82, 50.00000000000, 638.48843691888, -30000000.00000000000, 0.00000000000, 0.00000000000, -0.00000060972, 0.66000001198
83, 50.00000000000, 652.42718411292, -30000000.00000000000, 0.00000000000, 0.00000000000, 0.00000052019, 0.66000001198
84, 50.00000000000, 656.85016062761, 8.30821807362, 4.12500003222, 0.00000000000, -0.00000000600, -0.00000001479
85, 50.00000000000, 699.45105871025, -30000000.00000000000, 0.00000000000, 0.00000000000, -0.00000060012, 0.66000001198
86, 50.00000000000, 719.36195850177, -30000000.00000000000, 0.00000000000, 0.00000000000, -0.00000044453, 0.66000001198
87, 50.00000000000, 736.09359109568, -30000000.00000000000, 0.00000000000, 0.00000000000, -0.00000024452, 0.66000001198
88, 50.00000000000, 757.80470467224, -30000000.00000000000, 0.00000000000, 0.00000000000, -0.00000047411, 0.66000001198
89, 50.00000000000, 776.84769241845, -30000000.00000000000, 0.00000000000, 0.00000000000, 0.00000006921, 0.66000001198
90, 50.00000000000, 791.09480496037, -30000000.00000000000, 0.00000000000, 0.00000000000, -0.00000046688, 0.66000001198
91, 50.00000000000, 776.04229512521, 13.96372028411, 4.12500003222, 0.00000000000, -0.00000000800, -0.00000003005
92, 50.00000000000, 798.86102829999, 12.22982918356, 4.12500003222, 0.00000000000, 0.00000000243, 0.00000002491
93, 50.00000000000, 814.91247202753, 23.22260603977, 4.12500003222, 0.00000000000, -0.00000000165, -0.00000001068
94, 50.00000000000, 829.93341290738, 10.74446836070, 4.12500003222, 0.00000000000, -0.00000000526, -0.00000002603
95, 50.00000000000, 846.38313442358, 42.38734449816, 4.12500003222, 0.00000000000, 0.00000000477, 0.00000003400
96, 50.00000000000, 865.35202060457, 24.17962095577, 4.12500003222, 0.00000000000, -0.00000000285, 0.00000001368
97, 50.00000000000, 893.92056377530, 7.64197774711, 4.12500003222, 0.00000000000, 0.00000000231, 0.00000000882
98, 50.00000000000, 903.03567238982, 26.58060020930, 4.12500003222, 0.00000000000, 0.00000000092, -0.00000003073
99, 50.00000000000, 922.73098579478, 26.39671507608, 4.12500003222, 0.00000000000, 0.00000000352, -0.00000001320
100, 50.00000000000, 56.35621437051, 27.33709108446, 4.12500003222, 0.00000000000, -0.00000000681, -0.00000003346
101, 50.00000000000, 77.67801670204, 32.78083850728, 4.12500003222, 0.00000000000, 0.00000000046, -0.00000001499
102, 50.00000000000, 90.87654849448, 28.32764473874, 4.12500003222, 0.00000000000, 0.00000000165, -0.00000000421
103, 50.00000000000, 107.09215278854, 28.72383571212, 4.12500003222, 0.00000000000, 0.00000000604, -0.00000002349
104, 50.00000000000, 124.97987819289, 13.70818831852, 4.12500003222, 0.00000000000, -0.00000000230, 0.00000004034
105, 50.00000000000, 143.77669912530, 31.94489563123, 4.12500003222, 0.00000000000, 0.00000000484, 0.00000001713
106, 50.00000000000, 163.60521544513, 23.43624294873, 4.12500003222, 0.00000000000, 0.00000000846, 0.00000000574
107, 50.00000000000, 182.62952268323, 39.25675596949, 4.12500003222, 0.00000000000, -0.00000000003, -0.00000002899
108, 50.00000000000, 202.49484949680, 48.37858865201, 4.12500003222, 0.00000000000, 0.00000001807, -0.00000000328
109, 50.00000000000, 201.61993166999, 26.57689978771, 4.12500003222, 0.00000000000, -0.00000000997, 0.00000002201
110, 50.00000000000, 204.13019430052, -30000000.00000000000, 0.00000000000, 0.00000000000, 0.00000146132, 0.66000001198
111, 50.00000000000, 225.97911160098, -30000000.00000000000, 0.00000000000, 0.00000000000, 0.00000035024, 0.66000001198
112, 50.00000000000, 243.22866825318, -30000000.00000000000, 0.00000000000, 0.00000000000, -0.00000007599, 0.66000001198
113, 50.00000000000, 264.01523328468, -30000000.00000000000, 0.00000000000, 0.00000000000, -0.00000022451, 0.66000001198
114, 50.00000000000, 299.06257955650, 60.19771722044, 4.12500003222, 0.00000000000, 0.00000001736, -0.00000001087
115, 50.00000000000, 327.95838115179, 36.51264285074, 4.12500003222, 0.00000000000, 0.00000000097, -0.00000003815
116, 50.00000000000, 345.38254100099, 33.66425985248, 4.12500003222, 0.00000000000, -0.00000001286, 0.00000002404
117, 50.00000000000, 364.61409918396, 28.51261609788, 4.12500003222, 0.00000000000, 0.00000000501, 0.00000000077
118, 50.00000000000, 380.96498617447, 61.33886917247, 4.12500003222, 0.00000000000, -0.00000000192, -0.00000003058
119, 50.00000000000, 399.96573543668, 54.56749742900, 4.12500003222, 0.00000000000, 0.00000000509, 0.00000003040
120, 50.00000000000, 417.60762237995, 69.86918429213, 4.12500003222, 0.00000000000, -0.00000000060, -0.00000001573
121, 50.00000000000, 429.14691526532, 27.64812776680, 4.12500003222, 0.00000000000, -0.00000000111, 0.00000000876
122, 50.00000000000, 455.51147886737, 50.78533833531, 4.12500003222, 0.00000000000, -0.00000000275, -0.00000004821
123, 50.00000000000, 463.27277056720, -30000000.00000000000, 0.00000000000, 0.00000000000, -0.00000014459, 0.66000001198
124, 50.00000000000, 485.98767187484, 33.58182267401, 4.12500003222, 0.00000000000, -0.00000000489, -0.00000002538
125, 50.00000000000, 501.41699001525, 26.29599828854, 4.12500003222, 0.00000000000, 0.00000000464, -0.00000001467
126, 50.00000000000, 532.94239835598, 11.75531998892, 4.12500003222, 0.00000000000, 0.00000000376, 0.00000000658
127, 50.00000000000, 536.92641678647, 28.44493724645, 4.12500003222, 0.00000000000, 0.00000001122, 0.00000000022
128, 50.00000000000, 569.33600691805, 7.89825172121, 4.12500003222, 0.00000000000, 0.00000000279, -0.00000000132
129, 50.00000000000, 576.61646019143, -30000000.00000000000, 0.00000000000, 0.00000000000, -0.00000033124, 0.66000001198
130, 50.00000000000, 588.11584452956, 10.69283884064, 4.12500003222, 0.00000000000, 0.00000000242, -0.00000001770
131, 50.00000000000, 618.08911256773, -30000000.00000000000, 0.00000000000, 0.00000000000, 0.00000039761, 0.66000001198
132, 50.00000000000, 620.56590174767, 11.59127448590, 4.12500003222, 0.00000000000, -0.00000000715, -0.00000001197
133, 50.00000000000, 638.47064966151, 9.02869040427, 4.12500003222, 0.00000000000, -0.00000000021, -0.00000004054
134, 50.00000000000, 673.04033556423, -30000000.00000000000, 0.00000000000, 0.00000000000, 0.00000079810, 0.66000001198
135, 50.00000000000, 674.71180422259, 10.74603974232, 4.12500003222, 0.00000000000, 0.00000000267, 0.00000000295
136, 50.00000000000, 694.37331454071, 22.95786047142, 4.12500003222, 0.00000000000, 0.00000001552, 0.00000001036
137, 50.00000000000, 707.31237070546, 24.54153229390, 4.12500003222, 0.00000000000, -0.00000000036, -0.00000000954
138, 50.00000000000, 748.70604574178, -30000000.00000000000, 0.00000000000, 0.00000000000, 0.00000072691, 0.66000001198
139, 50.00000000000, 738.67079598152, 23.49000069622, 4.12500003222, 0.00000000000, 0.00000000424, -0.00000002936
140, 50.00000000000, 796.60859583786, -30000000.00000000000, 0.00000000000, 0.00000000000, -0.00000107220, 0.66000001198
141, 50.00000000000, 780.70378041702, 24.72043567856, 4.12500003222, 0.00000000000, 0.00000000796, 0.00000000938
142, 50.00000000000, 796.37608501218, 23.15546399752, 4.12500003222, 0.00000000000, 0.00000000106, 0.00000001935
143, 50.00000000000, 809.79971255745, 55.64206512422, 4.12500003222, 0.00000000000, 0.00000000217, 0.00000000912
144, 50.00000000000, 829.80992180498, 23.35639461752, 4.12500003222, 0.00000000000, -0.00000000021, -0.00000002579
145, 50.00000000000, 846.86687010346, 10.57108062875, 4.12500003222, 0.00000000000, -0.00000000489, -0.00000000415
146, 50.00000000000, 861.97451900406, 44.03038121414, 4.12500003222, 0.00000000000, -0.00000000600, -0.00000001415
147, 50.00000000000, 886.98924277215, 27.26084946608, 4.12500003222, 0.00000000000, 0.00000000093, 0.00000000645
148, 50.00000000000, 896.52662166721, 48.04653580062, 4.12500003222, 0.00000000000, 0.00000000272, 0.00000002977
149, 50.00000000000, 919.74272311608, 44.23800258920, 4.12500003222, 0.00000000000, 0.00000000025, 0.00000002230
150, 50.00000000000, 54.52549545235, 40.88740494426, 4.12500003222, 0.00000000000, 0.00000000158, 0.00000000178
151, 50.00000000000, 65.89901912217, 48.47501798687, 4.12500003222, 0.00000000000, 0.00000000053, -0.00000000248
152, 50.00000000000, 87.84648871763, 52.02784940903, 4.12500003222, 0.00000000000, 0.00000000267, 0.00000002474
153, 50.00000000000, 109.73169534802, 60.89378703426, 4.12500003222, 0.00000000000, -0.00000000918, -0.00000001010
154, 50.00000000000, 126.50557591282, 25.64204788935, 4.12500003222, 0.00000000000, -0.00000000681, -0.00000003870
155, 50.00000000000, 139.59273987567, 44.07266828835, 4.12500003222, 0.00000000000, 0.00000001254, -0.00000000382
156, 50.00000000000, 170.04679850953, 53.33226999430, 4.12500003222, 0.00000000000, -0.00000000807, -0.00000000513
157, 50.00000000000, 177.10252776750, 31.15831880440, 4.12500003222, 0.00000000000, 0.00000001758, -0.00000000524
158, 50.00000000000, 199.02530992716, 58.85504888971, 4.12500003222, 0.00000000000, 0.00000000904, -0.00000002453
159, 50.00000000000, 216.52428964925, 43.00094494324, 4.12500003222, 0.00000000000, -0.00000000061, 0.00000001493
160, 50.00000000000, 234.13386078249, 26.21728953073, 4.12500003222, 0.00000000000, 0.00000000421, 0.00000001263
161, 50.00000000000, 251.90609303849, 57.07647369647, 4.12500003222, 0.00000000000, -0.00000000095, 0.00000001905
162, 50.00000000000, 272.42010543008, 25.99440167380, 4.12500003222, 0.00000000000, 0.00000000193, -0.00000001408
163, 50.00000000000, 293.43761923440, 23.31043695083, 4.12500003222, 0.00000000000, -0.00000000520, 0.00000002418
164, 50.00000000000, 308.86246525153, 52.41099114353, 4.12500003222, 0.00000000000, -0.00000001191, 0.00000003375
165, 50.00000000000, 305.34692811772, -30000000.00000000000, 0.00000000000, 0.00000000000, 0.00000032003, 0.66000001198
166, 50.00000000000, 343.85239973700, 56.55263469006, 4.12500003222, 0.00000000000, 0.00000001076, 0.00000002495
167, 50.00000000000, 363.90342092064, 43.08457090320, 4.12500003222, 0.00000000000, 0.00000000779, -0.00000000891
168, 50.00000000000, 382.37055505138, 36.04725831033, 4.12500003222, 0.00000000000, -0.00000000148, -0.00000000226
169, 50.00000000000, 396.87746365093, 34.67435400795, 4.12500003222, 0.00000000000, -0.00000000293, 0.00000000339
170, 50.00000000000, 415.74824725882, 34.78774677774, 4.12500003222, 0.00000000000, 0.00000001319, 0.00000002809
171, 50.00000000000, 435.55594226143, 61.90820682474, 4.12500003222, 0.00000000000, 0.00000000112, 0.00000000595
172, 50.00000000000, 448.83785230498, 38.67893068877, 4.12500003222, 0.00000000000, 0.00000000005, 0.00000002577
173, 50.00000000000, 474.05583612418, 11.41037536112, 4.12500003222, 0.00000000000, 0.00000000253, -0.00000000668
174, 50.00000000000, 485.78582677257, -30000000.00000000000, 0.00000000000, 0.00000000000, -0.00000092903, 0.66000001198
175, 50.00000000000, 515.15657591641, 21.62960008522, 4.12500003222, 0.00000000000, -0.00000001406, -0.00000002969
176, 50.00000000000, 520.16067831043, -30000000.00000000000, 0.00000000000, 0.00000000000, 0.00000073755, 0.66000001198
177, 50.00000000000, 540.58807165255, -30000000.00000000000, 0.00000000000, 0.00000000000, -0.00000073199, 0.66000001198
178, 50.00000000000, 558.60616975850, 26.73620197368, 4.12500003222, 0.00000000000, -0.00000000722, 0.00000000459
179, 50.00000000000, 568.46066072196, 41.85128556691, 4.12500003222, 0.00000000000, 0.00000000262, -0.00000001931
180, 50.00000000000, 591.53995949957, 33.28051371845, 4.12500003222, 0.00000000000, -0.00000000507, 0.00000001792
181, 50.00000000000, 602.27206029812, 50.13927795552, 4.12500003222, 0.00000000000, -0.00000000430, 0.00000001151
182, 50.00000000000, 622.94135918450, 25.05053599959, 4.12500003222, 0.00000000000, -0.00000000989, 0.00000001837
183, 50.00000000000, 634.53048396050, 31.57807588036, 4.12500003222, 0.00000000000, -0.00000000543, 0.00000002505
184, 50.00000000000, 655.17444821775, 25.05846571577, 4.12500003222, 0.00000000000, 0.00000000610, 0.00000004690
185, 50.00000000000, 697.57836627702, -30000000.00000000000, 0.00000000000, 0.00000000000, -0.00000031553, 0.66000001198
186, 50.00000000000, 690.49375103891, 9.43002579066, 4.12500003222, 0.00000000000, 0.00000000337, -0.00000002479
187, 50.00000000000, 701.70851064055, 42.89293346632, 4.12500003222, 0.00000000000, -0.00000000562, -0.00000001846
188, 50.00000000000, 726.24914055143, 22.69971712872, 4.12500003222, 0.00000000000, -0.00000000126, -0.00000002983
189, 50.00000000000, 745.94791251382, 10.32222247994, 4.12500003222, 0.00000000000, -0.00000000490, 0.00000000402
190, 50.00000000000, 757.33324471268, 23.88612396916, 4.12500003222, 0.00000000000, -0.00000000702, -0.00000001794
191, 50.00000000000, 776.08057465114, 38.15218524647, 4.12500003222, 0.00000000000, 0.00000001095, 0.00000002165
192, 50.00000000000, 791.88256114540, 30.28897893533, 4.12500003222, 0.00000000000, 0.00000001165, 0.00000000948
193, 50.00000000000, 812.05049650366, 30.28506632179, 4.12500003222, 0.00000000000, -0.00000001835, 0.00000002718
194, 50.00000000000, 830.26489719427, 44.26560837775, 4.12500003222, 0.00000000000, -0.00000000135, -0.00000001034
195, 50.00000000000, 852.50760585833, 33.05963369493, 4.12500003222, 0.00000000000, 0.00000000673, -0.00000002249
196, 50.00000000000, 868.48842754882, 34.96413596916, 4.12500003222, 0.00000000000, -0.00000001168, -0.00000003840
197, 50.00000000000, 876.48036732836, 55.30158512978, 4.12500003222, 0.00000000000, 0.00000001015, 0.00000003324
198, 50.00000000000, 905.52236691090, 41.31785493164, 4.12500003222, 0.00000000000, 0.00000000586, -0.00000000262
199, 50.00000000000, 915.29199127563, 62.32449920603, 4.12500003222, 0.00000000000, 0.00000000072, -0.00000002428
200, 50.00000000000, 60.87154451867, 73.52367207549, 4.12500003222, 0.00000000000, -0.00000000389, 0.00000000411
201, 50.00000000000, 74.41247420483, 57.02977130362, 4.12500003222, 0.00000000000, 0.00000000210, 0.00000000346
202, 50.00000000000, 97.56587889848, 63.49434506248, 4.12500003222, 0.00000000000, -0.00000001003, 0.00000001823
203, 50.00000000000, 115.00008640605, 76.37017758109, 4.12500003222, 0.00000000000, 0.00000000241, 0.00000002030
204, 50.00000000000, 130.67298619534, 64.11118160668, 4.12500003222, 0.00000000000, -0.00000000002, 0.00000000916
205, 50.00000000000, 147.98618339120, 55.30112284135, 4.12500003222, 0.00000000000, -0.00000000383, -0.00000000878
206, 50.00000000000, 161.49249417484, 45.80377959492, 4.12500003222, 0.00000000000, -0.00000000833, -0.00000003380
207, 50.00000000000, 183.10309860942, 54.81067460134, 4.12500003222, 0.00000000000, -0.00000000078, 0.00000002086
208, 50.00000000000, 195.99763518511, 37.24043272152, 4.12500003222, 0.00000000000, -0.00000000169, -0.00000004301
209, 50.00000000000, 218.57271719384, 58.30178826536, 4.12500003222, 0.00000000000, 0.00000000689, -0.00000003884
210, 50.00000000000, 233.54985446616, 49.89611228375, 4.12500003222, 0.00000000000, -0.00000001419, -0.00000000084
211, 50.00000000000, 254.06306046358, 36.86374955534, 4.12500003222, 0.00000000000, -0.00000000665, -0.00000000670
212, 50.00000000000, 276.85913481072, 38.74570231620, 4.12500003222, 0.00000000000, 0.00000000791, -0.00000001270
213, 50.00000000000, 285.28960184534, 59.61371303432, 4.12500003222, 0.00000000000, 0.00000000526, 0.00000000642
214, 50.00000000000, 309.77978336160, 39.25794864661, 4.12500003222, 0.00000000000, 0.00000000569, 0.00000001480
215, 50.00000000000, 320.40492717700, 62.10993483273, 4.12500003222, 0.00000000000, -0.00000001650, -0.00000000481
216, 50.00000000000, 322.34755010605, -30000000.00000000000, 0.00000000000, 0.00000000000, 0.00000022978, 0.66000001198
217, 50.00000000000, 361.69925503244, 65.05501659942, 4.12500003222, 0.00000000000, -0.00000000734, 0.00000001220
218, 50.00000000000, 359.13112409815, -30000000.00000000000, 0.00000000000, 0.00000000000, 0.00000055342, 0.66000001198
219, 50.00000000000, 405.52905122697, 27.89702709960, 4.12500003222, 0.00000000000, -0.00000000116, -0.00000000170
220, 50.00000000000, 417.43440000476, 58.76485914089, 4.12500003222, 0.00000000000, -0.00000000385, -0.00000000955
221, 50.00000000000, 433.18010595137, 51.54728250098, 4.12500003222, 0.00000000000, 0.00000000094, -0.00000000117
222, 50.00000000000, 470.95294776939, 66.37036170838, 4.12500003222, 0.00000000000, 0.00000000889, 0.00000000287
223, 50.00000000000, 471.47945439571, 46.50612373799, 4.12500003222, 0.00000000000, -0.00000000645, 0.00000003813
224, 50.00000000000, 489.71965515289, 57.92760058776, 4.12500003222, 0.00000000000, -0.00000000479, -0.00000001064
225, 50.00000000000, 510.40731757606, 60.41585060058, 4.12500003222, 0.00000000000, -0.00000000391, 0.00000000201
226, 50.00000000000, 529.71852471694, 48.86590108226, 4.12500003222, 0.00000000000, -0.00000000113, -0.00000000825
227, 50.00000000000, 546.90018944981, 32.83040858150, 4.12500003222, 0.00000000000, 0.00000000217, -0.00000003550
228, 50.00000000000, 551.26835602569, 11.63707788501, 4.12500003222, 0.00000000000, -0.00000000527, -0.00000000215
229, 50.00000000000, 577.78764605067, -30000000.00000000000, 0.00000000000, 0.00000000000, -0.00000046634, 0.66000001198
230, 50.00000000000, 584.09938374536, 45.94311046128, 4.12500003222, 0.00000000000, 0.00000000147, -0.00000001292
231, 50.00000000000, 603.37210524062, 30.14190067695, 4.12500003222, 0.00000000000, 0.00000000764, -0.00000001559
232, 50.00000000000, 620.27609320454, 47.74380956969, 4.12500003222, 0.00000000000, 0.00000000658, 0.00000000691
233, 50.00000000000, 639.89921333890, 22.89674156392, 4.12500003222, 0.00000000000, 0.00000000612, -0.00000002215
234, 50.00000000000, 654.18079013759, 39.54689602257, 4.12500003222, 0.00000000000, 0.00000001072, 0.00000000746
235, 50.00000000000, 671.98210835437, 24.63729549196, 4.12500003222, 0.00000000000, -0.00000000496, 0.00000001773
236, 50.00000000000, 685.91289757636, 32.79354554066, 4.12500003222, 0.00000000000, -0.00000000849, 0.00000002694
237, 50.00000000000, 709.65876709114, 9.11267920919, 4.12500003222, 0.00000000000, 0.00000000079, 0.00000001709
238, 50.00000000000, 722.00581598213, 43.62767423168, 4.12500003222, 0.00000000000, -0.00000001227, 0.00000005269
239, 50.00000000000, 739.75226582198, 42.53679978391, 4.12500003222, 0.00000000000, 0.00000000177, 0.00000002744
240, 50.00000000000, 757.91045295716, 46.50336882292, 4.12500003222, 0.00000000000, -0.00000000167, 0.00000000613
241, 50.00000000000, 774.52690777776, 29.93179771551, 4.12500003222, 0.00000000000, 0.00000001019, 0.00000000236
242, 50.00000000000, 797.99407520115, 38.13246409079, 4.12500003222, 0.00000000000, -0.00000001134, -0.00000001167
243, 50.00000000000, 811.61151675952, 41.20768379059, 4.12500003222, 0.00000000000, -0.00000001555, -0.00000001107
244, 50.00000000000, 822.88582414331, 44.10840148573, 4.12500003222, 0.00000000000, 0.00000000020, 0.00000000921
245, 50.00000000000, 842.42516223833, 53.30184060457, 4.12500003222, 0.00000000000, -0.00000000705, 0.00000001541
246, 50.00000000000, 858.07083682312, 57.43550812079, 4.12500003222, 0.00000000000, -0.00000000603, 0.00000001653
247, 50.00000000000, 883.57061092013, 38.87319092157, 4.12500003222, 0.00000000000, 0.00000000458, -0.00000002231
248, 50.00000000000, 891.64387733172, 60.30879511324, 4.12500003222, 0.00000000000, 0.00000000034, -0.00000000256
249, 50.00000000000, 906.03263403680, 60.66296564814, 4.12500003222, 0.00000000000, 0.00000000254, -0.00000001939
250, 50.00000000000, 54.22896726309, 58.74674820539, 4.12500003222, 0.00000000000, 0.00000000001, 0.00000000321
251, 50.00000000000, 76.26363075259, 66.77371359640, 4.12500003222, 0.00000000000, 0.00000000350, -0.00000000448
252, 50.00000000000, 90.81954098562, 72.55583241376, 4.12500003222, 0.00000000000, -0.00000000093, -0.00000002645
253, 50.00000000000, 101.13586406814, 85.07813025792, 4.12500003222, 0.00000000000, 0.00000001244, -0.00000000405
254, 50.00000000000, 125.08050691458, 47.26555397468, 4.12500003222, 0.00000000000, 0.00000000966, 0.00000001504
255, 50.00000000000, 145.91854547312, 76.06028471126, 4.12500003222, 0.00000000000, -0.00000000078, 0.00000002070
256, 50.00000000000, 163.34824768234, 67.81329397858, 4.12500003222, 0.00000000000, -0.00000000213, 0.00000002154
257, 50.00000000000, 181.21805304999, 73.20798397142, 4.12500003222, 0.00000000000, 0.00000000327, -0.00000001785
258, 50.00000000000, 199.60469235015, 71.34368395398, 4.12500003222, 0.00000000000, 0.00000000153, 0.00000005009
259, 50.00000000000, 216.45567927073, 76.83319034133, 4.12500003222, 0.00000000000, -0.00000000769, 0.00000000018
260, 50.00000000000, 235.72265163314, 67.75136532745, 4.12500003222, 0.00000000000, 0.00000000717, -0.00000000702
261, 50.00000000000, 253.39586400201, 77.65689413246, 4.12500003222, 0.00000000000, 0.00000000092, -0.00000000110
262, 50.00000000000, 268.89943892627, 49.97489300441, 4.12500003222, 0.00000000000, -0.00000000808, 0.00000002195
263, 50.00000000000, 286.54397916430, 79.25983870220, 4.12500003222, 0.00000000000, -0.00000001213, 0.00000001521
264, 50.00000000000, 305.22942975594, 74.97467926464, 4.12500003222, 0.00000000000, 0.00000000097, -0.00000002478
265, 50.00000000000, 330.80838315254, 54.29994302989, 4.12500003222, 0.00000000000, 0.00000000297, -0.00000001590
266, 50.00000000000, 347.88621349792, 44.82705924031, 4.12500003222, 0.00000000000, -0.00000000128, 0.00000001251
267, 50.00000000000, 362.99065031647, 51.89953486531, 4.12500003222, 0.00000000000, -0.00000000394, -0.00000001647
268, 50.00000000000, 379.24716963458, 48.47991376809, 4.12500003222, 0.00000000000, 0.00000000129, 0.00000001217
269, 50.00000000000, 397.72644192057, 46.47859546786, 4.12500003222, 0.00000000000, -0.00000000707, -0.00000003090
270, 50.00000000000, 414.17140170342, 48.35727650866, 4.12500003222, 0.00000000000, -0.00000001006, 0.00000000315
271, 50.00000000000, 435.94847344675, 42.24295478440, 4.12500003222, 0.00000000000, 0.00000000477, -0.00000000019
272, 50.00000000000, 452.05159441823, 61.49591394241, 4.12500003222, 0.00000000000, -0.00000000305, -0.00000000767
273, 50.00000000000, 463.61019238325, 28.94241726063, 4.12500003222, 0.00000000000, -0.00000000380, 0.00000000104
274, 50.00000000000, 493.43036878837, 44.44579464472, 4.12500003222, 0.00000000000, 0.00000000424, 0.00000004338
275, 50.00000000000, 508.57634718906, 43.37503928299, 4.12500003222, 0.00000000000, 0.00000000712, -0.00000000316
276, 50.00000000000, 523.19357097731, 30.91317049250, 4.12500003222, 0.00000000000, 0.00000000420, 0.00000001416
277, 50.00000000000, 550.16328574273, 48.55804602085, 4.12500003222, 0.00000000000, -0.00000000011, 0.00000000970
278, 50.00000000000, 558.05942854432, 142.22559461256, 4.12500003222, 0.00000000000, 0.00000000000, 0.00000000000
279, 50.00000000000, 568.10899730271, 60.69120217359, 4.12500003222, 0.00000000000, 0.00000000070, 0.00000000841
280, 50.00000000000, 588.39228230410, 65.96305198063, 4.12500003222, 0.00000000000, 0.00000000004, -0.00000000048
281, 50.00000000000, 603.73249621609, 14.06131095290, 4.12500003222, 0.00000000000, 0.00000000341, -0.00000001415
282, 50.00000000000, 616.28895020853, 33.63925346854, 4.12500003222, 0.00000000000, 0.00000000615, 0.00000000586
283, 50.00000000000, 638.64448653053, 44.15167237737, 4.12500003222, 0.00000000000, 0.00000000353, -0.00000001362
284, 50.00000000000, 659.50498306983, 57.85010564405, 4.12500003222, 0.00000000000, -0.00000000544, -0.00000000639
285, 50.00000000000, 670.24765829647, 42.72788874125, 4.12500003222, 0.00000000000, -0.00000000485, -0.00000002643
286, 50.00000000000, 684.12153722327, 55.34229068163, 4.12500003222, 0.00000000000, 0.00000000239, 0.00000002027
287, 50.00000000000, 706.35558670832, 60.83139098730, 4.12500003222, 0.00000000000, 0.00000000663, -0.00000000302
288, 50.00000000000, 718.14564843057, 30.23547802027, 4.12500003222, 0.00000000000, -0.00000001562, -0.00000000754
289, 50.00000000000, 740.34845580445, 31.97177393032, 4.12500003222, 0.00000000000, 0.00000001361, 0.00000001489
290, 50.00000000000, 759.30144898516, 32.04183018998, 4.12500003222, 0.00000000000, -0.00000000180, 0.00000000005
291, 50.00000000000, 776.87226336613, 49.66670980732, 4.12500003222, 0.00000000000, 0.00000000516, -0.00000003032
292, 50.00000000000, 792.28248968747, 46.77848809573, 4.12500003222, 0.00000000000, -0.00000000605, -0.00000000900
293, 50.00000000000, 821.21417852239, 63.23491070728, 4.12500003222, 0.00000000000, 0.00000000414, -0.00000000496
294, 50.00000000000, 834.89629439718, 62.78238551805, 4.12500003222, 0.00000000000, 0.00000000647, 0.00000000916
295, 50.00000000000, 851.41576247469, 20.09521882001, 4.12500003222, 0.00000000000, 0.00000000882, 0.00000003729
296, 50.00000000000, 850.63426187797, 74.58445004763, 4.12500003222, 0.00000000000, -0.00000000410, -0.00000000404
297, 50.00000000000, 872.25472934482, 73.49241012834, 4.12500003222, 0.00000000000, -0.00000000065, -0.00000000983
298, 50.00000000000, 891.85876288042, 72.61033452585, 4.12500003222, 0.00000000000, -0.00000000643, 0.00000001564
299, 50.00000000000, 907.41910480707, 79.50862118409, 4.12500003222, 0.00000000000, -0.00000000499, 0.00000002352
