0, 50.00000000000, 75.18069835145, 24.11013215983, 4.12500003222, 0.00000000000, 0.00000001162, 0.00000002032
1, 50.00000000000, 79.12630554650, 10.52121145195, 4.12500003222, 0.00000000000, 0.00000000517, -0.00000000783
2, 50.00000000000, 97.65623801952, 46.62456975022, 4.12500003222, 0.00000000000, 0.00000001172, -0.00000003928
3, 50.00000000000, 114.67940660513, 12.27751689089, 4.12500003222, 0.00000000000, -0.00000000530, -0.00000002420
4, 50.00000000000, 135.25284159120, 3.80979323606, 4.12500003222, 0.00000000000, -0.00000000547, -0.00000000275
5, 50.00000000000, 151.65484466238, 10.54210275954, 4.12500003222, 0.00000000000, 0.00000000830, 0.00000003138
6, 50.00000000000, 166.36595583566, 11.76337861414, 4.12500003222, 0.00000000000, -0.00000000158, 0.00000000479
7, 50.00000000000, 182.77218550106, 7.05126118749, 4.12500003222, 0.00000000000, 0.00000000455, -0.00000002475
8, 50.00000000000, 202.31351327764, 4.64073177050, 4.12500003222, 0.00000000000, 0.00000000181, 0.00000000640
9, 50.00000000000, 220.53411558559, 11.19187861525, 4.12500003222, 0.00000000000, 0.00000000046, -0.00000001263
10, 50.00000000000, 206.61733946636, -30000000.00000000000, 0.00000000000, 0.00000000000, 0.00000118924, 0.66000001198
11, 50.00000000000, 228.80667295857, -30000000.00000000000, 0.00000000000, 0.00000000000, -0.00000014657, 0.66000001198
12, 50.00000000000, 247.83424767056, -30000000.00000000000, 0.00000000000, 0.00000000000, -0.00000088452, 0.66000001198
13, 50.00000000000, 290.93961825243, 44.93746159487, 4.12500003222, 0.00000000000, -0.00000000163, -0.00000001680
14, 50.00000000000, 286.13228018174, -30000000.00000000000, 0.00000000000, 0.00000000000, -0.00000014140, 0.66000001198
15, 50.00000000000, 303.42353755728, -30000000.00000000000, 0.00000000000, 0.00000000000, 0.00000061270, 0.66000001198
16, 50.00000000000, 323.59744548703, -30000000.00000000000, 0.00000000000, 0.00000000000, 0.00000004321, 0.66000001198
17, 50.00000000000, 340.47207938337, -30000000.00000000000, 0.00000000000, 0.00000000000, 0.00000047967, 0.66000001198
18, 50.00000000000, 363.04494036244, -30000000.00000000000, 0.00000000000, 0.00000000000, -0.00000005065, 0.66000001198
19, 50.00000000000, 384.03668296329, -30000000.00000000000, 0.00000000000, 0.00000000000, -0.00000114722, 0.66000001198
20, 50.00000000000, 418.78845760195, 43.98274780197, 4.12500003222, 0.00000000000, -0.00000000785, 0.00000000783
21, 50.00000000000, 423.24912732981, -30000000.00000000000, 0.00000000000, 0.00000000000, 0.00000029416, 0.66000001198
22, 50.00000000000, 445.65472486041, -30000000.00000000000, 0.00000000000, 0.00000000000, -0.00000047619, 0.66000001198
23, 50.00000000000, 459.61323870140, -30000000.00000000000, 0.00000000000, 0.00000000000, 0.00000033825, 0.66000001198
24, 50.00000000000, 478.77037293199, -30000000.00000000000, 0.00000000000, 0.00000000000, -0.00000015733, 0.66000001198
25, 50.00000000000, 499.25836901401, -30000000.00000000000, 0.00000000000, 0.00000000000, 0.00000055928, 0.66000001198
26, 50.00000000000, 519.83089706424, -30000000.00000000000, 0.00000000000, 0.00000000000, 0.00000077868, 0.66000001198
27, 50.00000000000, 539.95500995752, -30000000.00000000000, 0.00000000000, 0.00000000000, -0.00000063235, 0.66000001198
28, 50.00000000000, 558.84808860501, -30000000.00000000000, 0.00000000000, 0.00000000000, -0.00000010571, 0.66000001198
29, 50.00000000000, 566.70354569129, 27.03663731089, 4.12500003222, 0.00000000000, -0.00000000672, -0.00000000070
30, 50.00000000000, 597.23162349900, -30000000.00000000000, 0.00000000000, 0.00000000000, 0.00000002654, 0.66000001198
31, 50.00000000000, 618.23892472634, -30000000.00000000000, 0.00000000000, 0.00000000000, 0.00000038299, 0.66000001198
32, 50.00000000000, 638.19624188440, -30000000.00000000000, 0.00000000000, 0.00000000000, -0.00000057392, 0.66000001198
33, 50.00000000000, 659.67344476441, -30000000.00000000000, 0.00000000000, 0.00000000000, -0.00000043632, 0.66000001198
34, 50.00000000000, 676.38244716116, -30000000.00000000000, 0.00000000000, 0.00000000000, 0.00000028378, 0.66000001198
35, 50.00000000000, 689.01491712432, -30000000.00000000000, 0.00000000000, 0.00000000000, 0.00000033751, 0.66000001198
36, 50.00000000000, 713.96382053077, -30000000.00000000000, 0.00000000000, 0.00000000000, -0.00000028086, 0.66000001198
37, 50.00000000000, 729.51702513903, -30000000.00000000000, 0.00000000000, 0.00000000000, 0.00000062359, 0.66000001198
38, 50.00000000000, 723.64882377392, 10.68029519701, 4.12500003222, 0.00000000000, 0.00000000085, -0.00000003958
39, 50.00000000000, 776.30856629545, -30000000.00000000000, 0.00000000000, 0.00000000000, 0.00000014019, 0.66000001198
40, 50.00000000000, 793.43561098269, -30000000.00000000000, 0.00000000000, 0.00000000000, -0.00000072272, 0.66000001198
41, 50.00000000000, 761.11428833167, 9.79406601692, 4.12500003222, 0.00000000000, 0.00000000158, -0.00000000467
42, 50.00000000000, 783.72122609462, 7.17408744831, 4.12500003222, 0.00000000000, 0.00000000180, -0.00000000415
43, 50.00000000000, 808.84724054996, 7.71560453881, 4.12500003222, 0.00000000000, -0.00000000736, 0.00000001456
44, 50.00000000000, 829.35901193252, 31.69356903069, 4.12500003222, 0.00000000000, 0.00000000351, -0.00000003699
45, 50.00000000000, 840.47326459513, 30.22225341956, 4.12500003222, 0.00000000000, 0.00000000172, -0.00000001342
46, 50.00000000000, 865.27326587157, 11.31772636911, 4.12500003222, 0.00000000000, 0.00000000936, -0.00000002046
47, 50.00000000000, 878.93493295952, 15.25376906928, 4.12500003222, 0.00000000000, 0.00000000280, -0.00000003439
48, 50.00000000000, 910.96909258513, 9.13854520729, 4.12500003222, 0.00000000000, 0.00000000375, 0.00000000218
49, 50.00000000000, 931.70880676254, 9.66567348582, 4.12500003222, 0.00000000000, -0.00000000094, 0.00000000357
50, 50.00000000000, 59.33993648321, 8.45702407876, 4.12500003222, 0.00000000000, -0.00000000431, -0.00000000770
51, 50.00000000000, 78.77374693074, 42.21693587888, 4.12500003222, 0.00000000000, -0.00000000888, 0.00000000181
52, 50.00000000000, 95.74972179770, 12.43827937856, 4.12500003222, 0.00000000000, -0.00000000364, -0.00000000794
53, 50.00000000000, 113.58707683492, 43.50788867590, 4.12500003222, 0.00000000000, 0.00000000580, -0.00000002283
54, 50.00000000000, 127.74204478490, 33.07261737437, 4.12500003222, 0.00000000000, 0.00000000293, 0.00000001623
55, 50.00000000000, 147.54491665359, 21.81746994103, 4.12500003222, 0.00000000000, 0.00000000866, 0.00000000038
56, 50.00000000000, 164.77274974414, 33.59264073181, 4.12500003222, 0.00000000000, -0.00000000158, -0.00000001716
57, 50.00000000000, 186.22671767356, 20.45374299442, 4.12500003222, 0.00000000000, 0.00000000079, 0.00000002116
58, 50.00000000000, 200.24818759297, 16.81536769000, 4.12500003222, 0.00000000000, 0.00000000472, 0.00000000877
59, 50.00000000000, 220.42636099452, 29.75841744910, 4.12500003222, 0.00000000000, 0.00000000210, -0.00000000756
60, 50.00000000000, 240.18729697322, 40.55662354629, 4.12500003222, 0.00000000000, 0.00000000565, 0.00000002253
61, 50.00000000000, 221.57541063833, -30000000.00000000000, 0.00000000000, 0.00000000000, 0.00000112567, 0.66000001198
62, 50.00000000000, 245.59968821445, -30000000.00000000000, 0.00000000000, 0.00000000000, -0.00000049258, 0.66000001198
63, 50.00000000000, 265.37796765786, -30000000.00000000000, 0.00000000000, 0.00000000000, -0.00000042699, 0.66000001198
64, 50.00000000000, 285.88134886885, -30000000.00000000000, 0.00000000000, 0.00000000000, -0.00000011660, 0.66000001198
65, 50.00000000000, 327.49770438487, 48.88767323759, 4.12500003222, 0.00000000000, -0.00000000276, -0.00000000459
66, 50.00000000000, 325.16594129052, -30000000.00000000000, 0.00000000000, 0.00000000000, -0.00000019633, 0.66000001198
67, 50.00000000000, 346.73370231404, -30000000.00000000000, 0.00000000000, 0.00000000000, -0.00000062238, 0.66000001198
68, 50.00000000000, 365.08697008615, -30000000.00000000000, 0.00000000000, 0.00000000000, -0.00000036222, 0.66000001198
69, 50.00000000000, 380.57119893922, -30000000.00000000000, 0.00000000000, 0.00000000000, -0.00000069007, 0.66000001198
70, 50.00000000000, 400.19604101210, -30000000.00000000000, 0.00000000000, 0.00000000000, 0.00000016728, 0.66000001198
71, 50.00000000000, 420.53076961336, -30000000.00000000000, 0.00000000000, 0.00000000000, 0.00000059214, 0.66000001198
72, 50.00000000000, 439.96243034513, -30000000.00000000000, 0.00000000000, 0.00000000000, 0.00000027518, 0.66000001198
73, 50.00000000000, 479.86237705444, 24.34796036251, 4.12500003222, 0.00000000000, -0.00000000038, -0.00000002711
74, 50.00000000000, 494.13592732210, 9.99756848151, 4.12500003222, 0.00000000000, 0.00000000190, 0.00000000894
75, 50.00000000000, 516.03185757220, 9.16884800640, 4.12500003222, 0.00000000000, -0.00000000119, -0.00000002303
76, 50.00000000000, 517.16575416509, -30000000.00000000000, 0.00000000000, 0.00000000000, 0.00000119260, 0.66000001198
77, 50.00000000000, 537.45103121759, -30000000.00000000000, 0.00000000000, 0.00000000000, -0.00000018725, 0.66000001198
78, 50.00000000000, 557.14258385624, -30000000.00000000000, 0.00000000000, 0.00000000000, 0.00000018966, 0.66000001198
79, 50.00000000000, 577.48187229434, -30000000.00000000000, 0.00000000000, 0.00000000000, -0.00000043423, 0.66000001198
80, 50.00000000000, 579.10033017291, 23.75383993118, 4.12500003222, 0.00000000000, -0.00000000363, 0.00000000610
81, 50.00000000000, 616.38209439551, -30000000.00000000000, 0.00000000000, 0.00000000000, 0.00000061901, 0.66000001198
82, 50.00000000000, 638.48843691888, -30000000.00000000000, 0.00000000000, 0.00000000000, -0.00000060972, 0.66000001198
83, 50.00000000000, 652.42718411292, -30000000.00000000000, 0.00000000000, 0.00000000000, 0.00000052019, 0.66000001198
84, 50.00000000000, 654.19356901172, 8.17747594274, 4.12500003222, 0.00000000000, -0.00000000394, -0.00000000374
85, 50.00000000000, 699.45105871025, -30000000.00000000000, 0.00000000000, 0.00000000000, -0.00000060012, 0.66000001198
86, 50.00000000000, 719.36195850177, -30000000.00000000000, 0.00000000000, 0.00000000000, -0.00000044453, 0.66000001198
87, 50.00000000000, 736.09359109568, -30000000.00000000000, 0.00000000000, 0.00000000000, -0.00000024452, 0.66000001198
88, 50.00000000000, 757.80470467224, -30000000.00000000000, 0.00000000000, 0.00000000000, -0.00000047411, 0.66000001198
89, 50.00000000000, 776.84769241845, -30000000.00000000000, 0.00000000000, 0.00000000000, 0.00000006921, 0.66000001198
90, 50.00000000000, 791.09480496037, -30000000.00000000000, 0.00000000000, 0.00000000000, -0.00000046688, 0.66000001198
91, 50.00000000000, 772.81732014072, 13.78918237316, 4.12500003222, 0.00000000000, 0.00000000102, 0.00000000569
92, 50.00000000000, 795.70387890790, 12.50834630352, 4.12500003222, 0.00000000000, 0.00000000430, -0.00000001523
93, 50.00000000000, 811.81380603854, 24.06655404200, 4.12500003222, 0.00000000000, 0.00000000104, 0.00000000817
94, 50.00000000000, 826.69447389227, 11.13152186422, 4.12500003222, 0.00000000000, -0.00000000187, 0.00000001602
95, 50.00000000000, 843.39299129645, 42.85835130516, 4.12500003222, 0.00000000000, 0.00000000381, -0.00000001714
96, 50.00000000000, 862.09423018284, 24.59928857666, 4.12500003222, 0.00000000000, -0.00000000903, 0.00000001772
97, 50.00000000000, 890.83158997189, 7.46891891023, 4.12500003222, 0.00000000000, -0.00000000818, 0.00000000706
98, 50.00000000000, 899.95997708868, 25.87505920230, 4.12500003222, 0.00000000000, 0.00000000767, 0.00000002235
99, 50.00000000000, 919.72901361997, 26.97426274552, 4.12500003222, 0.00000000000, -0.00000000552, -0.00000001837
100, 50.00000000000, 62.15017327002, 26.57605858399, 4.12500003222, 0.00000000000, 0.00000000643, 0.00000000649
101, 50.00000000000, 83.54171297699, 32.79656149299, 4.12500003222, 0.00000000000, -0.00000000308, 0.00000000391
102, 50.00000000000, 96.75308268958, 28.64547904768, 4.12500003222, 0.00000000000, -0.00000000137, -0.00000000920
103, 50.00000000000, 112.87681513434, 28.36092315625, 4.12500003222, 0.00000000000, -0.00000000206, 0.00000004686
104, 50.00000000000, 130.81111815900, 13.89547786579, 4.12500003222, 0.00000000000, 0.00000000251, -0.00000002530
105, 50.00000000000, 149.52542477637, 31.85026017508, 4.12500003222, 0.00000000000, -0.00000000511, 0.00000000877
106, 50.00000000000, 168.90812697463, 23.72306201714, 4.12500003222, 0.00000000000, -0.00000000904, 0.00000000713
107, 50.00000000000, 187.87149040358, 39.19320129094, 4.12500003222, 0.00000000000, -0.00000000498, -0.00000002134
108, 50.00000000000, 209.03216093262, 49.29703447773, 4.12500003222, 0.00000000000, 0.00000000208, 0.00000004261
109, 50.00000000000, 205.36639493437, 26.98045543695, 4.12500003222, 0.00000000000, -0.00000000146, -0.00000003221
110, 50.00000000000, 204.13019430052, -30000000.00000000000, 0.00000000000, 0.00000000000, 0.00000146132, 0.66000001198
111, 50.00000000000, 225.97911160098, -30000000.00000000000, 0.00000000000, 0.00000000000, 0.00000035024, 0.66000001198
112, 50.00000000000, 243.22866825318, -30000000.00000000000, 0.00000000000, 0.00000000000, -0.00000007599, 0.66000001198
113, 50.00000000000, 264.01523328468, -30000000.00000000000, 0.00000000000, 0.00000000000, -0.00000022451, 0.66000001198
114, 50.00000000000, 297.68035688688, 63.65383260968, 4.12500003222, 0.00000000000, -0.00000000671, -0.00000000625
115, 50.00000000000, 326.46135453000, 39.61735645849, 4.12500003222, 0.00000000000, -0.00000000744, 0.00000000529
116, 50.00000000000, 344.12092957557, 37.84825553380, 4.12500003222, 0.00000000000, 0.00000000531, -0.00000003398
117, 50.00000000000, 362.67785216268, 30.88225707268, 4.12500003222, 0.00000000000, -0.00000000398, 0.00000000215
118, 50.00000000000, 380.91890298150, 61.82324455827, 4.12500003222, 0.00000000000, 0.00000000080, -0.00000003352
119, 50.00000000000, 399.23038725246, 54.79900493146, 4.12500003222, 0.00000000000, 0.00000000382, -0.00000000415
120, 50.00000000000, 417.42113766128, 69.08379446275, 4.12500003222, 0.00000000000, -0.00000000591, -0.00000000775
121, 50.00000000000, 427.76922348027, 27.39829131086, 4.12500003222, 0.00000000000, 0.00000001120, -0.00000002435
122, 50.00000000000, 454.74449201601, 48.40709455465, 4.12500003222, 0.00000000000, -0.00000000072, 0.00000003066
123, 50.00000000000, 463.27277056720, -30000000.00000000000, 0.00000000000, 0.00000000000, -0.00000014459, 0.66000001198
124, 50.00000000000, 485.05792745273, 32.69702439521, 4.12500003222, 0.00000000000, 0.00000001554, 0.00000000346
125, 50.00000000000, 500.58801841166, 25.63503947573, 4.12500003222, 0.00000000000, -0.00000000755, 0.00000000913
126, 50.00000000000, 533.65452142991, 11.70651079175, 4.12500003222, 0.00000000000, -0.00000000735, -0.00000000849
127, 50.00000000000, 534.11076943826, 25.99332860167, 4.12500003222, 0.00000000000, 0.00000000064, 0.00000000111
128, 50.00000000000, 567.70943368182, 7.98010619770, 4.12500003222, 0.00000000000, 0.00000000124, -0.00000002283
129, 50.00000000000, 576.61646019143, -30000000.00000000000, 0.00000000000, 0.00000000000, -0.00000033124, 0.66000001198
130, 50.00000000000, 585.18841261580, 11.09502202546, 4.12500003222, 0.00000000000, -0.00000000318, -0.00000000158
131, 50.00000000000, 618.08911256773, -30000000.00000000000, 0.00000000000, 0.00000000000, 0.00000039761, 0.66000001198
132, 50.00000000000, 617.64324720793, 11.47343620726, 4.12500003222, 0.00000000000, -0.00000000636, -0.00000003003
133, 50.00000000000, 635.71963348392, 8.50804377990, 4.12500003222, 0.00000000000, 0.00000000125, 0.00000000754
134, 50.00000000000, 673.04033556423, -30000000.00000000000, 0.00000000000, 0.00000000000, 0.00000079810, 0.66000001198
135, 50.00000000000, 672.01941564035, 11.28992003316, 4.12500003222, 0.00000000000, 0.00000000130, 0.00000000815
136, 50.00000000000, 691.38497829263, 23.28258152723, 4.12500003222, 0.00000000000, -0.00000000253, 0.00000000301
137, 50.00000000000, 704.33261839260, 25.32204156703, 4.12500003222, 0.00000000000, -0.00000000779, 0.00000000272
138, 50.00000000000, 748.70604574178, -30000000.00000000000, 0.00000000000, 0.00000000000, 0.00000072691, 0.66000001198
139, 50.00000000000, 735.48767926638, 24.10055569761, 4.12500003222, 0.00000000000, 0.00000000404, -0.00000000442
140, 50.00000000000, 796.60859583786, -30000000.00000000000, 0.00000000000, 0.00000000000, -0.00000107220, 0.66000001198
141, 50.00000000000, 777.53490152903, 25.33372976046, 4.12500003222, 0.00000000000, 0.00000000436, -0.00000004874
142, 50.00000000000, 793.17146325296, 23.14962189093, 4.12500003222, 0.00000000000, 0.00000000742, 0.00000000156
143, 50.00000000000, 806.60245064274, 56.07257198891, 4.12500003222, 0.00000000000, 0.00000000190, 0.00000001955
144, 50.00000000000, 826.65980425020, 23.80074365111, 4.12500003222, 0.00000000000, 0.00000000983, -0.00000000027
145, 50.00000000000, 843.56449932802, 10.15971073213, 4.12500003222, 0.00000000000, -0.00000000848, -0.00000000748
146, 50.00000000000, 858.94470440475, 43.79518377767, 4.12500003222, 0.00000000000, -0.00000000009, -0.00000001736
147, 50.00000000000, 883.83151706173, 27.22582532754, 4.12500003222, 0.00000000000, 0.00000001728, 0.00000001872
148, 50.00000000000, 893.34506642276, 48.15488998969, 4.12500003222, 0.00000000000, -0.00000001597, -0.00000002060
149, 50.00000000000, 916.51451860858, 44.75818741780, 4.12500003222, 0.00000000000, 0.00000000367, -0.00000002259
150, 50.00000000000, 60.42168121855, 40.75186233947, 4.12500003222, 0.00000000000, 0.00000000454, 0.00000001757
151, 50.00000000000, 71.70694013691, 48.17762458030, 4.12500003222, 0.00000000000, -0.00000001209, 0.00000000436
152, 50.00000000000, 93.69470917439, 52.28817660021, 4.12500003222, 0.00000000000, -0.00000000909, 0.00000003997
153, 50.00000000000, 115.65445920273, 61.02646104118, 4.12500003222, 0.00000000000, 0.00000000711, 0.00000002659
154, 50.00000000000, 132.40537773881, 25.76599169494, 4.12500003222, 0.00000000000, 0.00000000643, 0.00000001459
155, 50.00000000000, 145.32623019297, 44.13647750676, 4.12500003222, 0.00000000000, -0.00000000666, -0.00000000842
156, 50.00000000000, 178.36439240154, 52.00024704841, 4.12500003222, 0.00000000000, -0.00000000339, 0.00000002889
157, 50.00000000000, 182.39103451858, 31.16049163652, 4.12500003222, 0.00000000000, 0.00000000257, -0.00000000005
158, 50.00000000000, 201.34479133152, 58.20201124444, 4.12500003222, 0.00000000000, 0.00000001745, -0.00000001109
159, 50.00000000000, 220.22886035540, 41.98708851923, 4.12500003222, 0.00000000000, 0.00000000031, 0.00000000540
160, 50.00000000000, 236.74670651671, 24.87253070374, 4.12500003222, 0.00000000000, 0.00000000671, -0.00000000812
161, 50.00000000000, 255.00750794020, 52.79717520711, 4.12500003222, 0.00000000000, -0.00000000100, -0.00000001732
162, 50.00000000000, 275.43541529414, 27.10688670559, 4.12500003222, 0.00000000000, -0.00000000143, -0.00000000725
163, 50.00000000000, 294.88341432391, 26.97291849581, 4.12500003222, 0.00000000000, 0.00000000147, 0.00000001406
164, 50.00000000000, 308.04879341961, 55.80218799773, 4.12500003222, 0.00000000000, 0.00000000223, -0.00000000325
165, 50.00000000000, 305.34692811772, -30000000.00000000000, 0.00000000000, 0.00000000000, 0.00000032003, 0.66000001198
166, 50.00000000000, 343.39923508590, 60.33044511593, 4.12500003222, 0.00000000000, -0.00000000400, 0.00000002620
167, 50.00000000000, 362.74798842354, 44.70671503168, 4.12500003222, 0.00000000000, 0.00000000926, -0.00000001437
168, 50.00000000000, 380.96618950229, 36.84336542338, 4.12500003222, 0.00000000000, 0.00000000149, -0.00000000116
169, 50.00000000000, 395.48841766175, 34.37646924190, 4.12500003222, 0.00000000000, 0.00000001084, -0.00000000529
170, 50.00000000000, 414.58654886454, 34.81556099017, 4.12500003222, 0.00000000000, -0.00000000250, 0.00000003737
171, 50.00000000000, 435.12118772538, 61.14418941103, 4.12500003222, 0.00000000000, -0.00000000170, -0.00000001870
172, 50.00000000000, 447.69304849618, 37.21211255342, 4.12500003222, 0.00000000000, -0.00000000306, -0.00000000131
173, 50.00000000000, 473.86544559008, 9.53921528441, 4.12500003222, 0.00000000000, 0.00000000439, 0.00000000708
174, 50.00000000000, 485.78582677257, -30000000.00000000000, 0.00000000000, 0.00000000000, -0.00000092903, 0.66000001198
175, 50.00000000000, 513.51207156557, 21.62931471362, 4.12500003222, 0.00000000000, 0.00000000139, -0.00000001887
176, 50.00000000000, 520.16067831043, -30000000.00000000000, 0.00000000000, 0.00000000000, 0.00000073755, 0.66000001198
177, 50.00000000000, 540.58807165255, -30000000.00000000000, 0.00000000000, 0.00000000000, -0.00000073199, 0.66000001198
178, 50.00000000000, 554.90399279389, 22.99154219835, 4.12500003222, 0.00000000000, 0.00000000243, 0.00000002420
179, 50.00000000000, 566.02343358985, 41.17914838582, 4.12500003222, 0.00000000000, -0.00000000323, -0.00000002444
180, 50.00000000000, 588.62107394630, 32.84311680642, 4.12500003222, 0.00000000000, -0.00000000058, -0.00000001582
181, 50.00000000000, 599.60040929940, 49.59523011387, 4.12500003222, 0.00000000000, -0.00000000581, 0.00000002735
182, 50.00000000000, 620.18285532403, 24.34396992306, 4.12500003222, 0.00000000000, -0.00000000537, 0.00000003780
183, 50.00000000000, 631.64703554373, 31.81757218515, 4.12500003222, 0.00000000000, -0.00000000192, -0.00000002122
184, 50.00000000000, 652.19242420331, 25.04168741460, 4.12500003222, 0.00000000000, 0.00000000312, 0.00000000108
185, 50.00000000000, 697.57836627702, -30000000.00000000000, 0.00000000000, 0.00000000000, -0.00000031553, 0.66000001198
186, 50.00000000000, 687.73361188708, 9.97384472798, 4.12500003222, 0.00000000000, 0.00000000314, 0.00000000390
187, 50.00000000000, 698.51801760220, 43.88425286773, 4.12500003222, 0.00000000000, 0.00000000171, -0.00000000207
188, 50.00000000000, 723.17696476689, 23.77733038935, 4.12500003222, 0.00000000000, 0.00000000028, 0.00000000171
189, 50.00000000000, 742.60736904581, 10.71138701751, 4.12500003222, 0.00000000000, 0.00000000006, -0.00000000154
190, 50.00000000000, 754.06683008867, 24.29092617832, 4.12500003222, 0.00000000000, -0.00000000516, -0.00000000296
191, 50.00000000000, 772.94829317517, 38.20975633405, 4.12500003222, 0.00000000000, 0.00000000498, 0.00000005574
192, 50.00000000000, 788.78490021133, 30.13866340497, 4.12500003222, 0.00000000000, 0.00000000888, -0.00000000021
193, 50.00000000000, 808.94624953121, 30.88716893588, 4.12500003222, 0.00000000000, 0.00000000873, -0.00000003462
194, 50.00000000000, 827.06787776158, 43.76174591494, 4.12500003222, 0.00000000000, 0.00000000465, 0.00000001426
195, 50.00000000000, 849.32250153857, 32.81763247348, 4.12500003222, 0.00000000000, -0.00000001061, -0.00000000176
196, 50.00000000000, 865.23853887319, 34.82848992291, 4.12500003222, 0.00000000000, -0.00000000730, 0.00000002492
197, 50.00000000000, 873.41019876025, 55.36320539044, 4.12500003222, 0.00000000000, 0.00000000398, 0.00000000869
198, 50.00000000000, 902.23566204936, 41.27940709258, 4.12500003222, 0.00000000000, -0.00000000276, -0.00000002290
199, 50.00000000000, 912.02274851382, 62.67826113429, 4.12500003222, 0.00000000000, 0.00000000217, 0.00000001661
200, 50.00000000000, 66.50190944218, 73.58005682285, 4.12500003222, 0.00000000000, -0.00000000109, 0.00000000454
201, 50.00000000000, 80.26138612345, 56.76917568865, 4.12500003222, 0.00000000000, -0.00000000465, -0.00000000324
202, 50.00000000000, 103.48029357755, 64.27167628403, 4.12500003222, 0.00000000000, 0.00000000181, -0.00000000789
203, 50.00000000000, 120.94054795586, 77.50956133807, 4.12500003222, 0.00000000000, -0.00000000270, -0.00000001654
204, 50.00000000000, 136.78311216456, 64.64269905334, 4.12500003222, 0.00000000000, -0.00000000592, -0.00000000337
205, 50.00000000000, 154.33877469479, 54.99635039968, 4.12500003222, 0.00000000000, 0.00000000613, 0.00000000561
206, 50.00000000000, 167.17614300969, 45.82492412700, 4.12500003222, 0.00000000000, 0.00000000581, 0.00000000071
207, 50.00000000000, 188.36077278890, 56.32658864140, 4.12500003222, 0.00000000000, -0.00000000746, -0.00000002006
208, 50.00000000000, 200.23060042645, 39.12013109224, 4.12500003222, 0.00000000000, -0.00000000295, 0.00000001923
209, 50.00000000000, 221.02161933871, 54.48464427485, 4.12500003222, 0.00000000000, -0.00000000400, -0.00000001052
210, 50.00000000000, 234.43995388565, 48.06744707365, 4.12500003222, 0.00000000000, -0.00000000211, 0.00000002651
211, 50.00000000000, 255.89988214599, 34.21681639019, 4.12500003222, 0.00000000000, 0.00000000209, -0.00000000727
212, 50.00000000000, 275.68523626200, 41.07187415630, 4.12500003222, 0.00000000000, -0.00000000528, 0.00000001975
213, 50.00000000000, 283.91828104050, 62.66712534126, 4.12500003222, 0.00000000000, -0.00000000225, -0.00000000505
214, 50.00000000000, 309.71721483594, 43.30027444458, 4.12500003222, 0.00000000000, -0.00000000577, -0.00000002222
215, 50.00000000000, 319.36929293486, 65.38200384695, 4.12500003222, 0.00000000000, 0.00000000852, 0.00000001886
216, 50.00000000000, 322.34755010605, -30000000.00000000000, 0.00000000000, 0.00000000000, 0.00000022978, 0.66000001198
217, 50.00000000000, 362.02350573494, 67.25187405365, 4.12500003222, 0.00000000000, -0.00000000194, 0.00000002209
218, 50.00000000000, 359.13112409815, -30000000.00000000000, 0.00000000000, 0.00000000000, 0.00000055342, 0.66000001198
219, 50.00000000000, 404.17345936825, 27.08862542414, 4.12500003222, 0.00000000000, -0.00000001016, 0.00000003241
220, 50.00000000000, 416.71256617027, 58.00407503812, 4.12500003222, 0.00000000000, 0.00000000074, -0.00000000958
221, 50.00000000000, 432.34964442390, 50.60782469226, 4.12500003222, 0.00000000000, -0.00000000524, -0.00000001528
222, 50.00000000000, 469.85791968507, 64.76304453692, 4.12500003222, 0.00000000000, -0.00000000374, -0.00000002466
223, 50.00000000000, 470.51533263382, 44.78857905865, 4.12500003222, 0.00000000000, -0.00000000088, 0.00000003479
224, 50.00000000000, 488.44589723256, 57.17599215373, 4.12500003222, 0.00000000000, -0.00000000866, 0.00000000182
225, 50.00000000000, 509.32367901857, 59.42235202932, 4.12500003222, 0.00000000000, -0.00000000098, 0.00000001909
226, 50.00000000000, 528.75551648267, 47.54124327647, 4.12500003222, 0.00000000000, 0.00000000624, -0.00000001665
227, 50.00000000000, 544.72112034040, 31.51531278823, 4.12500003222, 0.00000000000, 0.00000000375, 0.00000002109
228, 50.00000000000, 549.88054230755, 9.72607320773, 4.12500003222, 0.00000000000, 0.00000000054, 0.00000000544
229, 50.00000000000, 577.78764605067, -30000000.00000000000, 0.00000000000, 0.00000000000, -0.00000046634, 0.66000001198
230, 50.00000000000, 581.40909614070, 45.61819975160, 4.12500003222, 0.00000000000, 0.00000000939, -0.00000001952
231, 50.00000000000, 600.37291901492, 29.52297190132, 4.12500003222, 0.00000000000, 0.00000000349, 0.00000000183
232, 50.00000000000, 617.35139203658, 47.07799428937, 4.12500003222, 0.00000000000, 0.00000000210, 0.00000001209
233, 50.00000000000, 636.98694101311, 22.47065005241, 4.12500003222, 0.00000000000, 0.00000000011, -0.00000000393
234, 50.00000000000, 651.10990787453, 39.35127830683, 4.12500003222, 0.00000000000, 0.00000000742, 0.00000001374
235, 50.00000000000, 669.08180618149, 24.90381297197, 4.12500003222, 0.00000000000, 0.00000000812, 0.00000000300
236, 50.00000000000, 682.90980428789, 33.33984978859, 4.12500003222, 0.00000000000, 0.00000000346, -0.00000002911
237, 50.00000000000, 706.86419582926, 9.80696666671, 4.12500003222, 0.00000000000, -0.00000000189, -0.00000000613
238, 50.00000000000, 718.94862821272, 44.40925446930, 4.12500003222, 0.00000000000, -0.00000000533, 0.00000003207
239, 50.00000000000, 736.77619618219, 43.99696656102, 4.12500003222, 0.00000000000, -0.00000000361, -0.00000001294
240, 50.00000000000, 755.08074960871, 46.82079403502, 4.12500003222, 0.00000000000, 0.00000000591, 0.00000002487
241, 50.00000000000, 771.24144458477, 29.19669172377, 4.12500003222, 0.00000000000, -0.00000000268, -0.00000001857
242, 50.00000000000, 794.92354177361, 38.28118650227, 4.12500003222, 0.00000000000, -0.00000000428, -0.00000000924
243, 50.00000000000, 808.46938790355, 41.69255723557, 4.12500003222, 0.00000000000, 0.00000000225, 0.00000000192
244, 50.00000000000, 819.78501749425, 44.98176829585, 4.12500003222, 0.00000000000, 0.00000000933, -0.00000000907
245, 50.00000000000, 839.13771302764, 52.76398852911, 4.12500003222, 0.00000000000, -0.00000000156, 0.00000002267
246, 50.00000000000, 854.89328582795, 57.56462731516, 4.12500003222, 0.00000000000, 0.00000000122, -0.00000001896
247, 50.00000000000, 880.49695080998, 38.90276665622, 4.12500003222, 0.00000000000, 0.00000000611, 0.00000002577
248, 50.00000000000, 888.43561351514, 60.53174183598, 4.12500003222, 0.00000000000, -0.00000001047, 0.00000000913
249, 50.00000000000, 902.71535941236, 60.51410691951, 4.12500003222, 0.00000000000, -0.00000000879, 0.00000001040
250, 50.00000000000, 60.01814788642, 58.75117876619, 4.12500003222, 0.00000000000, 0.00000000617, -0.00000001286
251, 50.00000000000, 82.00135277706, 66.93269423901, 4.12500003222, 0.00000000000, 0.00000000227, -0.00000000792
252, 50.00000000000, 96.66312347536, 72.53426433312, 4.12500003222, 0.00000000000, 0.00000000097, 0.00000000374
253, 50.00000000000, 107.21145141709, 85.62945401828, 4.12500003222, 0.00000000000, -0.00000000360, -0.00000001755
254, 50.00000000000, 131.03961376492, 47.82937092074, 4.12500003222, 0.00000000000, -0.00000000223, -0.00000002489
255, 50.00000000000, 152.10110551851, 76.84979261218, 4.12500003222, 0.00000000000, -0.00000000124, 0.00000001127
256, 50.00000000000, 169.23539993402, 67.69335500786, 4.12500003222, 0.00000000000, -0.00000000415, -0.00000000835
257, 50.00000000000, 186.67237613162, 74.59551944977, 4.12500003222, 0.00000000000, -0.00000000037, 0.00000000071
258, 50.00000000000, 205.92614903036, 71.98861856621, 4.12500003222, 0.00000000000, 0.00000000064, -0.00000001535
259, 50.00000000000, 222.60905025142, 66.41222892180, 4.12500003222, 0.00000000000, -0.00000000666, 0.00000000265
260, 50.00000000000, 241.68980867765, 64.74873895757, 4.12500003222, 0.00000000000, -0.00000000715, -0.00000001335
261, 50.00000000000, 263.68775159294, 70.91821583175, 4.12500003222, 0.00000000000, -0.00000000084, -0.00000000146
262, 50.00000000000, 270.21002960602, 51.37354410499, 4.12500003222, 0.00000000000, 0.00000000113, -0.00000000698
263, 50.00000000000, 282.83855395650, 81.31827475359, 4.12500003222, 0.00000000000, 0.00000000580, -0.00000000682
264, 50.00000000000, 302.54447057284, 77.90051641207, 4.12500003222, 0.00000000000, 0.00000000189, 0.00000002487
265, 50.00000000000, 329.89595901012, 58.51462233667, 4.12500003222, 0.00000000000, -0.00000000311, 0.00000000859
266, 50.00000000000, 347.10618277524, 48.30241315317, 4.12500003222, 0.00000000000, 0.00000000095, -0.00000000833
267, 50.00000000000, 362.64948579536, 53.25729205513, 4.12500003222, 0.00000000000, 0.00000000869, 0.00000001155
268, 50.00000000000, 378.52424237263, 48.98816408330, 4.12500003222, 0.00000000000, 0.00000000310, 0.00000000575
269, 50.00000000000, 396.90442627494, 45.98037959400, 4.12500003222, 0.00000000000, 0.00000000092, 0.00000000998
270, 50.00000000000, 413.12874132151, 48.08749723696, 4.12500003222, 0.00000000000, 0.00000001055, -0.00000000938
271, 50.00000000000, 434.88821409841, 41.41500465013, 4.12500003222, 0.00000000000, -0.00000000961, 0.00000000881
272, 50.00000000000, 451.51272314817, 60.09891716374, 4.12500003222, 0.00000000000, 0.00000000588, -0.00000000505
273, 50.00000000000, 462.77464682122, 27.13220599220, 4.12500003222, 0.00000000000, -0.00000000999, 0.00000000372
274, 50.00000000000, 492.23802327881, 43.68288912447, 4.12500003222, 0.00000000000, -0.00000000066, 0.00000000379
275, 50.00000000000, 507.34556362627, 42.55082672051, 4.12500003222, 0.00000000000, -0.00000000329, -0.00000000370
276, 50.00000000000, 522.06509885789, 31.37990410235, 4.12500003222, 0.00000000000, 0.00000000513, 0.00000002383
277, 50.00000000000, 549.59515386854, 45.00472592179, 4.12500003222, 0.00000000000, -0.00000000688, -0.00000001798
278, 50.00000000000, 558.05942854432, 148.34655530616, 4.12500003222, 0.00000000000, 0.00000000000, 0.00000000000
279, 50.00000000000, 565.18550293729, 59.96702719866, 4.12500003222, 0.00000000000, 0.00000000014, 0.00000001311
280, 50.00000000000, 585.64613798119, 65.15921494254, 4.12500003222, 0.00000000000, 0.00000000178, 0.00000001060
281, 50.00000000000, 600.66417522608, 13.58621254302, 4.12500003222, 0.00000000000, 0.00000000677, -0.00000000637
282, 50.00000000000, 613.43166318215, 33.22718486564, 4.12500003222, 0.00000000000, 0.00000000062, -0.00000000066
283, 50.00000000000, 635.62831981249, 44.01024196466, 4.12500003222, 0.00000000000, 0.00000000279, -0.00000000179
284, 50.00000000000, 656.23262721896, 57.70656597499, 4.12500003222, 0.00000000000, -0.00000000189, -0.00000000379
285, 50.00000000000, 667.18397345980, 42.55417322433, 4.12500003222, 0.00000000000, -0.00000000683, 0.00000001114
286, 50.00000000000, 680.75159167188, 55.39868781147, 4.12500003222, 0.00000000000, -0.00000000078, 0.00000001406
287, 50.00000000000, 703.00384418639, 61.11933630789, 4.12500003222, 0.00000000000, 0.00000000278, 0.00000000075
288, 50.00000000000, 715.03943946471, 31.48046983349, 4.12500003222, 0.00000000000, -0.00000000168, -0.00000001363
289, 50.00000000000, 737.31042206644, 33.22254960175, 4.12500003222, 0.00000000000, -0.00000000249, 0.00000000198
290, 50.00000000000, 756.16338166462, 31.98323165011, 4.12500003222, 0.00000000000, -0.00000000801, -0.00000001907
291, 50.00000000000, 773.90636120835, 49.20532105906, 4.12500003222, 0.00000000000, -0.00000000262, 0.00000000006
292, 50.00000000000, 789.08793490896, 46.77127768355, 4.12500003222, 0.00000000000, -0.00000000986, 0.00000003673
293, 50.00000000000, 818.15879417189, 63.44767897248, 4.12500003222, 0.00000000000, -0.00000000530, -0.00000000011
294, 50.00000000000, 831.82500331377, 64.18179250444, 4.12500003222, 0.00000000000, -0.00000000278, -0.00000002549
295, 50.00000000000, 848.15778126490, 20.28939335026, 4.12500003222, 0.00000000000, -0.00000000747, 0.00000006230
296, 50.00000000000, 847.49880087297, 74.87131808486, 4.12500003222, 0.00000000000, 0.00000000036, -0.00000000663
297, 50.00000000000, 869.06338644616, 73.53630632265, 4.12500003222, 0.00000000000, 0.00000000044, 0.00000000335
298, 50.00000000000, 888.63558558794, 73.18595222738, 4.12500003222, 0.00000000000, 0.00000000077, -0.00000003805
299, 50.00000000000, 904.18943256187, 79.98382486062, 4.12500003222, 0.00000000000, 0.00000000909, 0.00000002081
