0, 50.00000000000, 69.79403839960, 23.81787679118, 4.12500003222, 0.00000000000, 0.00000000651, 0.00000000121
1, 50.00000000000, 73.71712900201, 10.88180447879, 4.12500003222, 0.00000000000, 0.00000000467, -0.00000000677
2, 50.00000000000, 91.80838998303, 46.28809060700, 4.12500003222, 0.00000000000, 0.00000001091, -0.00000000951
3, 50.00000000000, 109.50848294319, 12.03697434358, 4.12500003222, 0.00000000000, -0.00000000128, 0.00000000345
4, 50.00000000000, 130.43205709548, 4.02161614842, 4.12500003222, 0.00000000000, -0.00000000464, 0.00000000327
5, 50.00000000000, 146.46301356103, 11.19074237533, 4.12500003222, 0.00000000000, -0.00000000158, -0.00000001221
6, 50.00000000000, 161.22521799683, 11.96793583546, 4.12500003222, 0.00000000000, -0.00000000308, 0.00000004861
7, 50.00000000000, 177.52455462820, 6.93807601705, 4.12500003222, 0.00000000000, 0.00000000448, -0.00000000564
8, 50.00000000000, 198.66769872351, 4.91012461658, 4.12500003222, 0.00000000000, -0.00000000313, 0.00000003140
9, 50.00000000000, 216.66563757076, 12.30050624960, 4.12500003222, 0.00000000000, -0.00000000294, 0.00000001240
10, 50.00000000000, 206.61733946636, -30000000.00000000000, 0.00000000000, 0.00000000000, 0.00000118924, 0.66000001198
11, 50.00000000000, 228.80667295857, -30000000.00000000000, 0.00000000000, 0.00000000000, -0.00000014657, 0.66000001198
12, 50.00000000000, 247.83424767056, -30000000.00000000000, 0.00000000000, 0.00000000000, -0.00000088452, 0.66000001198
13, 50.00000000000, 290.78520086436, 41.12882675129, 4.12500003222, 0.00000000000, -0.00000000396, 0.00000003730
14, 50.00000000000, 286.13228018174, -30000000.00000000000, 0.00000000000, 0.00000000000, -0.00000014140, 0.66000001198
15, 50.00000000000, 303.42353755728, -30000000.00000000000, 0.00000000000, 0.00000000000, 0.00000061270, 0.66000001198
16, 50.00000000000, 323.59744548703, -30000000.00000000000, 0.00000000000, 0.00000000000, 0.00000004321, 0.66000001198
17, 50.00000000000, 340.47207938337, -30000000.00000000000, 0.00000000000, 0.00000000000, 0.00000047967, 0.66000001198
18, 50.00000000000, 363.04494036244, -30000000.00000000000, 0.00000000000, 0.00000000000, -0.00000005065, 0.66000001198
19, 50.00000000000, 384.03668296329, -30000000.00000000000, 0.00000000000, 0.00000000000, -0.00000114722, 0.66000001198
20, 50.00000000000, 419.99291219257, 44.57626423496, 4.12500003222, 0.00000000000, -0.00000000617, -0.00000000369
21, 50.00000000000, 423.24912732981, -30000000.00000000000, 0.00000000000, 0.00000000000, 0.00000029416, 0.66000001198
22, 50.00000000000, 445.65472486041, -30000000.00000000000, 0.00000000000, 0.00000000000, -0.00000047619, 0.66000001198
23, 50.00000000000, 459.61323870140, -30000000.00000000000, 0.00000000000, 0.00000000000, 0.00000033825, 0.66000001198
24, 50.00000000000, 478.77037293199, -30000000.00000000000, 0.00000000000, 0.00000000000, -0.00000015733, 0.66000001198
25, 50.00000000000, 499.25836901401, -30000000.00000000000, 0.00000000000, 0.00000000000, 0.00000055928, 0.66000001198
26, 50.00000000000, 519.83089706424, -30000000.00000000000, 0.00000000000, 0.00000000000, 0.00000077868, 0.66000001198
27, 50.00000000000, 539.95500995752, -30000000.00000000000, 0.00000000000, 0.00000000000, -0.00000063235, 0.66000001198
28, 50.00000000000, 558.84808860501, -30000000.00000000000, 0.00000000000, 0.00000000000, -0.00000010571, 0.66000001198
29, 50.00000000000, 570.37201716610, 25.28017687942, 4.12500003222, 0.00000000000, 0.00000000106, 0.00000001178
30, 50.00000000000, 597.23162349900, -30000000.00000000000, 0.00000000000, 0.00000000000, 0.00000002654, 0.66000001198
31, 50.00000000000, 618.23892472634, -30000000.00000000000, 0.00000000000, 0.00000000000, 0.00000038299, 0.66000001198
32, 50.00000000000, 638.19624188440, -30000000.00000000000, 0.00000000000, 0.00000000000, -0.00000057392, 0.66000001198
33, 50.00000000000, 659.67344476441, -30000000.00000000000, 0.00000000000, 0.00000000000, -0.00000043632, 0.66000001198
34, 50.00000000000, 676.38244716116, -30000000.00000000000, 0.00000000000, 0.00000000000, 0.00000028378, 0.66000001198
35, 50.00000000000, 689.01491712432, -30000000.00000000000, 0.00000000000, 0.00000000000, 0.00000033751, 0.66000001198
36, 50.00000000000, 713.96382053077, -30000000.00000000000, 0.00000000000, 0.00000000000, -0.00000028086, 0.66000001198
37, 50.00000000000, 729.51702513903, -30000000.00000000000, 0.00000000000, 0.00000000000, 0.00000062359, 0.66000001198
38, 50.00000000000, 726.36443242832, 10.53140790319, 4.12500003222, 0.00000000000, -0.00000000873, -0.00000000997
39, 50.00000000000, 776.30856629545, -30000000.00000000000, 0.00000000000, 0.00000000000, 0.00000014019, 0.66000001198
40, 50.00000000000, 793.43561098269, -30000000.00000000000, 0.00000000000, 0.00000000000, -0.00000072272, 0.66000001198
41, 50.00000000000, 764.07677826438, 9.13157558354, 4.12500003222, 0.00000000000, -0.00000000381, -0.00000002415
42, 50.00000000000, 786.61294936967, 7.57473125478, 4.12500003222, 0.00000000000, -0.00000000498, -0.00000004899
43, 50.00000000000, 811.76527940785, 7.83105047844, 4.12500003222, 0.00000000000, 0.00000000324, 0.00000001486
44, 50.00000000000, 832.18102476364, 31.06543366839, 4.12500003222, 0.00000000000, -0.00000001114, 0.00000000372
45, 50.00000000000, 843.28175646961, 30.23373006227, 4.12500003222, 0.00000000000, -0.00000000594, -0.00000001414
46, 50.00000000000, 868.31202833606, 11.57822136371, 4.12500003222, 0.00000000000, -0.00000000084, -0.00000000070
47, 50.00000000000, 882.07624700901, 15.41415353004, 4.12500003222, 0.00000000000, 0.00000000049, 0.00000000435
48, 50.00000000000, 913.85062581545, 9.39683620967, 4.12500003222, 0.00000000000, -0.00000000174, 0.00000000107
49, 50.00000000000, 934.53004117867, 10.26266573706, 4.12500003222, 0.00000000000, 0.00000000215, -0.00000000389
50, 50.00000000000, 53.94622367774, 8.82578009677, 4.12500003222, 0.00000000000, -0.00000000499, -0.00000001616
51, 50.00000000000, 73.10546698976, 42.40295473107, 4.12500003222, 0.00000000000, -0.00000001439, 0.00000003587
52, 50.00000000000, 90.44544427885, 12.13429043324, 4.12500003222, 0.00000000000, 0.00000000113, 0.00000001890
53, 50.00000000000, 107.88381789534, 43.55686752348, 4.12500003222, 0.00000000000, 0.00000000079, 0.00000005173
54, 50.00000000000, 122.53784835233, 33.65964916175, 4.12500003222, 0.00000000000, -0.00000000733, 0.00000000105
55, 50.00000000000, 142.32112720892, 22.24513327950, 4.12500003222, 0.00000000000, 0.00000000791, -0.00000002796
56, 50.00000000000, 159.46627427876, 34.32572728914, 4.12500003222, 0.00000000000, 0.00000000829, -0.00000003376
57, 50.00000000000, 181.11688208378, 20.43178272921, 4.12500003222, 0.00000000000, -0.00000000527, 0.00000003146
58, 50.00000000000, 193.79041127172, 16.41081951678, 4.12500003222, 0.00000000000, 0.00000000823, -0.00000002270
59, 50.00000000000, 218.71601370579, 32.60127730665, 4.12500003222, 0.00000000000, -0.00000000754, 0.00000002758
60, 50.00000000000, 237.49575539677, 43.16736877471, 4.12500003222, 0.00000000000, 0.00000000080, -0.00000001818
61, 50.00000000000, 221.57541063833, -30000000.00000000000, 0.00000000000, 0.00000000000, 0.00000112567, 0.66000001198
62, 50.00000000000, 245.59968821445, -30000000.00000000000, 0.00000000000, 0.00000000000, -0.00000049258, 0.66000001198
63, 50.00000000000, 265.37796765786, -30000000.00000000000, 0.00000000000, 0.00000000000, -0.00000042699, 0.66000001198
64, 50.00000000000, 285.88134886885, -30000000.00000000000, 0.00000000000, 0.00000000000, -0.00000011660, 0.66000001198
65, 50.00000000000, 326.63708573211, 43.69225242108, 4.12500003222, 0.00000000000, 0.00000000230, 0.00000001412
66, 50.00000000000, 325.16594129052, -30000000.00000000000, 0.00000000000, 0.00000000000, -0.00000019633, 0.66000001198
67, 50.00000000000, 346.73370231404, -30000000.00000000000, 0.00000000000, 0.00000000000, -0.00000062238, 0.66000001198
68, 50.00000000000, 365.08697008615, -30000000.00000000000, 0.00000000000, 0.00000000000, -0.00000036222, 0.66000001198
69, 50.00000000000, 380.57119893922, -30000000.00000000000, 0.00000000000, 0.00000000000, -0.00000069007, 0.66000001198
70, 50.00000000000, 400.19604101210, -30000000.00000000000, 0.00000000000, 0.00000000000, 0.00000016728, 0.66000001198
71, 50.00000000000, 420.53076961336, -30000000.00000000000, 0.00000000000, 0.00000000000, 0.00000059214, 0.66000001198
72, 50.00000000000, 439.96243034513, -30000000.00000000000, 0.00000000000, 0.00000000000, 0.00000027518, 0.66000001198
73, 50.00000000000, 480.25017817507, 25.25304731680, 4.12500003222, 0.00000000000, 0.00000001563, 0.00000002710
74, 50.00000000000, 493.80058353733, 11.23519500689, 4.12500003222, 0.00000000000, 0.00000000761, 0.00000000954
75, 50.00000000000, 513.14344070560, 7.65413898163, 4.12500003222, 0.00000000000, -0.00000000021, 0.00000004004
76, 50.00000000000, 517.16575416509, -30000000.00000000000, 0.00000000000, 0.00000000000, 0.00000119260, 0.66000001198
77, 50.00000000000, 537.45103121759, -30000000.00000000000, 0.00000000000, 0.00000000000, -0.00000018725, 0.66000001198
78, 50.00000000000, 557.14258385624, -30000000.00000000000, 0.00000000000, 0.00000000000, 0.00000018966, 0.66000001198
79, 50.00000000000, 577.48187229434, -30000000.00000000000, 0.00000000000, 0.00000000000, -0.00000043423, 0.66000001198
80, 50.00000000000, 582.26588511031, 24.51957897089, 4.12500003222, 0.00000000000, -0.00000000726, 0.00000001617
81, 50.00000000000, 616.38209439551, -30000000.00000000000, 0.00000000000, 0.00000000000, 0.00000061901, 0.66000001198
82, 50.00000000000, 638.48843691888, -30000000.00000000000, 0.00000000000, 0.00000000000, -0.00000060972, 0.66000001198
83, 50.00000000000, 652.42718411292, -30000000.00000000000, 0.00000000000, 0.00000000000, 0.00000052019, 0.66000001198
84, 50.00000000000, 656.95525215759, 8.67740047529, 4.12500003222, 0.00000000000, 0.00000000548, -0.00000001070
85, 50.00000000000, 699.45105871025, -30000000.00000000000, 0.00000000000, 0.00000000000, -0.00000060012, 0.66000001198
86, 50.00000000000, 719.36195850177, -30000000.00000000000, 0.00000000000, 0.00000000000, -0.00000044453, 0.66000001198
87, 50.00000000000, 736.09359109568, -30000000.00000000000, 0.00000000000, 0.00000000000, -0.00000024452, 0.66000001198
88, 50.00000000000, 757.80470467224, -30000000.00000000000, 0.00000000000, 0.00000000000, -0.00000047411, 0.66000001198
89, 50.00000000000, 776.84769241845, -30000000.00000000000, 0.00000000000, 0.00000000000, 0.00000006921, 0.66000001198
90, 50.00000000000, 791.09480496037, -30000000.00000000000, 0.00000000000, 0.00000000000, -0.00000046688, 0.66000001198
91, 50.00000000000, 775.64399487226, 13.89440946802, 4.12500003222, 0.00000000000, -0.00000000379, -0.00000003249
92, 50.00000000000, 798.68342265238, 12.54092450630, 4.12500003222, 0.00000000000, 0.00000000680, 0.00000001728
93, 50.00000000000, 814.68337978267, 23.91586475496, 4.12500003222, 0.00000000000, -0.00000000290, -0.00000003018
94, 50.00000000000, 829.56320730199, 11.20468221978, 4.12500003222, 0.00000000000, 0.00000000156, -0.00000000891
95, 50.00000000000, 846.12806368469, 41.96830219420, 4.12500003222, 0.00000000000, -0.00000000757, 0.00000005430
96, 50.00000000000, 865.09942164063, 24.31503110093, 4.12500003222, 0.00000000000, 0.00000001352, 0.00000002013
97, 50.00000000000, 893.83076138904, 7.18428205562, 4.12500003222, 0.00000000000, -0.00000000872, 0.00000001682
98, 50.00000000000, 902.82113043412, 26.36289195713, 4.12500003222, 0.00000000000, -0.00000000172, 0.00000001213
99, 50.00000000000, 922.45402235823, 27.06542581078, 4.12500003222, 0.00000000000, -0.00000000776, 0.00000000371
100, 50.00000000000, 56.72443864287, 26.42290450880, 4.12500003222, 0.00000000000, -0.00000000064, 0.00000003046
101, 50.00000000000, 78.03311991818, 32.39423698397, 4.12500003222, 0.00000000000, 0.00000000620, -0.00000000932
102, 50.00000000000, 91.25616554306, 28.38474307319, 4.12500003222, 0.00000000000, -0.00000000157, -0.00000000122
103, 50.00000000000, 107.46738712652, 28.77510622423, 4.12500003222, 0.00000000000, -0.00000001062, -0.00000003913
104, 50.00000000000, 125.50178263045, 14.39318809009, 4.12500003222, 0.00000000000, -0.00000000385, -0.00000000383
105, 50.00000000000, 144.21430044401, 32.81885924755, 4.12500003222, 0.00000000000, 0.00000001323, 0.00000003636
106, 50.00000000000, 163.97888466992, 24.24820937605, 4.12500003222, 0.00000000000, -0.00000000365, 0.00000001193
107, 50.00000000000, 182.92869543598, 39.98758946516, 4.12500003222, 0.00000000000, 0.00000000539, -0.00000000982
108, 50.00000000000, 202.87937041107, 48.16185679769, 4.12500003222, 0.00000000000, 0.00000000378, -0.00000000883
109, 50.00000000000, 201.87547106330, 26.95674516765, 4.12500003222, 0.00000000000, -0.00000000861, -0.00000002781
110, 50.00000000000, 204.13019430052, -30000000.00000000000, 0.00000000000, 0.00000000000, 0.00000146132, 0.66000001198
111, 50.00000000000, 225.97911160098, -30000000.00000000000, 0.00000000000, 0.00000000000, 0.00000035024, 0.66000001198
112, 50.00000000000, 243.22866825318, -30000000.00000000000, 0.00000000000, 0.00000000000, -0.00000007599, 0.66000001198
113, 50.00000000000, 264.01523328468, -30000000.00000000000, 0.00000000000, 0.00000000000, -0.00000022451, 0.66000001198
114, 50.00000000000, 299.32178342357, 60.09123616255, 4.12500003222, 0.00000000000, 0.00000000544, -0.00000001025
115, 50.00000000000, 328.03926305902, 34.87353234488, 4.12500003222, 0.00000000000, 0.00000000126, -0.00000000870
116, 50.00000000000, 345.61398039355, 32.61375592626, 4.12500003222, 0.00000000000, -0.00000000331, 0.00000001756
117, 50.00000000000, 364.82313467673, 28.19963247365, 4.12500003222, 0.00000000000, 0.00000000199, -0.00000001397
118, 50.00000000000, 380.88090091289, 60.12360196122, 4.12500003222, 0.00000000000, 0.00000000318, 0.00000000252
119, 50.00000000000, 399.82280848067, 54.19843168087, 4.12500003222, 0.00000000000, -0.00000000356, -0.00000002553
120, 50.00000000000, 417.33715842203, 70.07658881665, 4.12500003222, 0.00000000000, 0.00000000418, 0.00000000413
121, 50.00000000000, 429.75994704175, 28.16460647779, 4.12500003222, 0.00000000000, -0.00000000421, 0.00000001670
122, 50.00000000000, 455.61462632155, 50.54263399659, 4.12500003222, 0.00000000000, -0.00000000604, 0.00000000909
123, 50.00000000000, 463.27277056720, -30000000.00000000000, 0.00000000000, 0.00000000000, -0.00000014459, 0.66000001198
124, 50.00000000000, 485.83184596151, 34.14211050897, 4.12500003222, 0.00000000000, 0.00000000565, -0.00000001538
125, 50.00000000000, 501.29387461465, 26.55150892079, 4.12500003222, 0.00000000000, -0.00000000469, -0.00000000956
126, 50.00000000000, 532.67660082313, 11.38757475803, 4.12500003222, 0.00000000000, -0.00000000164, -0.00000001050
127, 50.00000000000, 536.64668272890, 28.30973932782, 4.12500003222, 0.00000000000, 0.00000000689, -0.00000000354
128, 50.00000000000, 569.43154118079, 7.78027226200, 4.12500003222, 0.00000000000, -0.00000000061, -0.00000001034
129, 50.00000000000, 576.61646019143, -30000000.00000000000, 0.00000000000, 0.00000000000, -0.00000033124, 0.66000001198
130, 50.00000000000, 588.14285025577, 10.82187993215, 4.12500003222, 0.00000000000, 0.00000000517, -0.00000001578
131, 50.00000000000, 618.08911256773, -30000000.00000000000, 0.00000000000, 0.00000000000, 0.00000039761, 0.66000001198
132, 50.00000000000, 620.46362250956, 11.93237335289, 4.12500003222, 0.00000000000, -0.00000000227, -0.00000002452
133, 50.00000000000, 638.35381051684, 8.72036455503, 4.12500003222, 0.00000000000, -0.00000000490, -0.00000000627
134, 50.00000000000, 673.04033556423, -30000000.00000000000, 0.00000000000, 0.00000000000, 0.00000079810, 0.66000001198
135, 50.00000000000, 674.76926734976, 11.88344900534, 4.12500003222, 0.00000000000, 0.00000000515, -0.00000000193
136, 50.00000000000, 694.23112413503, 23.92548016332, 4.12500003222, 0.00000000000, 0.00000000160, -0.00000000497
137, 50.00000000000, 707.12672649189, 25.90904949508, 4.12500003222, 0.00000000000, -0.00000000396, -0.00000001008
138, 50.00000000000, 748.70604574178, -30000000.00000000000, 0.00000000000, 0.00000000000, 0.00000072691, 0.66000001198
139, 50.00000000000, 738.27620503697, 23.98458114781, 4.12500003222, 0.00000000000, 0.00000000034, 0.00000003361
140, 50.00000000000, 796.60859583786, -30000000.00000000000, 0.00000000000, 0.00000000000, -0.00000107220, 0.66000001198
141, 50.00000000000, 780.31450913063, 24.91950357893, 4.12500003222, 0.00000000000, -0.00000000263, 0.00000002300
142, 50.00000000000, 796.05126061106, 22.91158700340, 4.12500003222, 0.00000000000, 0.00000001611, 0.00000002733
143, 50.00000000000, 809.50000918543, 55.69322205788, 4.12500003222, 0.00000000000, -0.00000000555, 0.00000002396
144, 50.00000000000, 829.53256513280, 23.71051976364, 4.12500003222, 0.00000000000, -0.00000001011, 0.00000000858
145, 50.00000000000, 846.65517681542, 10.40337278333, 4.12500003222, 0.00000000000, -0.00000000134, 0.00000001422
146, 50.00000000000, 861.79463909877, 43.54793385563, 4.12500003222, 0.00000000000, -0.00000000644, 0.00000003327
147, 50.00000000000, 886.73101168291, 27.45979790123, 4.12500003222, 0.00000000000, -0.00000000241, -0.00000001182
148, 50.00000000000, 896.19869646036, 48.89895268493, 4.12500003222, 0.00000000000, -0.00000000514, -0.00000002110
149, 50.00000000000, 919.42884424164, 44.60766017492, 4.12500003222, 0.00000000000, 0.00000000494, -0.00000001343
150, 50.00000000000, 54.83672319497, 40.73705843242, 4.12500003222, 0.00000000000, -0.00000000261, 0.00000000521
151, 50.00000000000, 66.00751025463, 48.67005461166, 4.12500003222, 0.00000000000, 0.00000000626, -0.00000000642
152, 50.00000000000, 88.21583908597, 52.07391235793, 4.12500003222, 0.00000000000, -0.00000000812, 0.00000000934
153, 50.00000000000, 110.02831447030, 61.51534038452, 4.12500003222, 0.00000000000, -0.00000000088, -0.00000007947
154, 50.00000000000, 126.95612418191, 25.73045665901, 4.12500003222, 0.00000000000, 0.00000001164, -0.00000005835
155, 50.00000000000, 139.92281518778, 44.05194578431, 4.12500003222, 0.00000000000, 0.00000000433, 0.00000000840
156, 50.00000000000, 170.13958891079, 54.14986859390, 4.12500003222, 0.00000000000, -0.00000000087, -0.00000000015
157, 50.00000000000, 177.38549189712, 31.67177147811, 4.12500003222, 0.00000000000, -0.00000000108, -0.00000003368
158, 50.00000000000, 199.56673234534, 59.22581294010, 4.12500003222, 0.00000000000, -0.00000000293, 0.00000001694
159, 50.00000000000, 217.04217420012, 43.02135918370, 4.12500003222, 0.00000000000, -0.00000000594, 0.00000000513
160, 50.00000000000, 234.50502791782, 26.62479487678, 4.12500003222, 0.00000000000, 0.00000000524, -0.00000000029
161, 50.00000000000, 252.40564391681, 58.26834092479, 4.12500003222, 0.00000000000, -0.00000000413, 0.00000001850
162, 50.00000000000, 272.23515907668, 25.14934785125, 4.12500003222, 0.00000000000, -0.00000000630, 0.00000001627
163, 50.00000000000, 293.54735837201, 23.54194481021, 4.12500003222, 0.00000000000, 0.00000000535, -0.00000002528
164, 50.00000000000, 309.20109195691, 51.53619402875, 4.12500003222, 0.00000000000, -0.00000000114, 0.00000000510
165, 50.00000000000, 305.34692811772, -30000000.00000000000, 0.00000000000, 0.00000000000, 0.00000032003, 0.66000001198
166, 50.00000000000, 343.96067350339, 55.84917829109, 4.12500003222, 0.00000000000, -0.00000000495, 0.00000001622
167, 50.00000000000, 363.98209778885, 41.89764413802, 4.12500003222, 0.00000000000, 0.00000000860, 0.00000001479
168, 50.00000000000, 382.63342133766, 35.61320343149, 4.12500003222, 0.00000000000, -0.00000000071, 0.00000003791
169, 50.00000000000, 397.15848487012, 33.04044871528, 4.12500003222, 0.00000000000, -0.00000000531, 0.00000004687
170, 50.00000000000, 416.31539207499, 35.31024456906, 4.12500003222, 0.00000000000, -0.00000000333, 0.00000002024
171, 50.00000000000, 435.46586989583, 62.23360449400, 4.12500003222, 0.00000000000, 0.00000000355, 0.00000000297
172, 50.00000000000, 448.92899381588, 39.40369535433, 4.12500003222, 0.00000000000, -0.00000000218, -0.00000000614
173, 50.00000000000, 473.79167241934, 11.00727927054, 4.12500003222, 0.00000000000, 0.00000000062, 0.00000000608
174, 50.00000000000, 485.78582677257, -30000000.00000000000, 0.00000000000, 0.00000000000, -0.00000092903, 0.66000001198
175, 50.00000000000, 514.97913268996, 20.81477318632, 4.12500003222, 0.00000000000, -0.00000001539, -0.00000001651
176, 50.00000000000, 520.16067831043, -30000000.00000000000, 0.00000000000, 0.00000000000, 0.00000073755, 0.66000001198
177, 50.00000000000, 540.58807165255, -30000000.00000000000, 0.00000000000, 0.00000000000, -0.00000073199, 0.66000001198
178, 50.00000000000, 558.56844946566, 26.38317989796, 4.12500003222, 0.00000000000, -0.00000000374, 0.00000002490
179, 50.00000000000, 568.23321761731, 41.72076706483, 4.12500003222, 0.00000000000, -0.00000000058, -0.00000006074
180, 50.00000000000, 591.52247188070, 32.60478884676, 4.12500003222, 0.00000000000, -0.00000001322, 0.00000002255
181, 50.00000000000, 602.10771181501, 49.98804827009, 4.12500003222, 0.00000000000, 0.00000000365, 0.00000000655
182, 50.00000000000, 622.84692757578, 24.75002921132, 4.12500003222, 0.00000000000, 0.00000001188, 0.00000002831
183, 50.00000000000, 634.43898658920, 31.44368170865, 4.12500003222, 0.00000000000, 0.00000001595, 0.00000000471
184, 50.00000000000, 655.04823662857, 25.08404866366, 4.12500003222, 0.00000000000, -0.00000000914, 0.00000005534
185, 50.00000000000, 697.57836627702, -30000000.00000000000, 0.00000000000, 0.00000000000, -0.00000031553, 0.66000001198
186, 50.00000000000, 690.48627849496, 10.10835021727, 4.12500003222, 0.00000000000, 0.00000000470, 0.00000001922
187, 50.00000000000, 701.20541747831, 44.41286540692, 4.12500003222, 0.00000000000, 0.00000000111, -0.00000000896
188, 50.00000000000, 725.94993792377, 23.61292276877, 4.12500003222, 0.00000000000, -0.00000000001, -0.00000000013
189, 50.00000000000, 745.39910463655, 10.20657606611, 4.12500003222, 0.00000000000, 0.00000000143, 0.00000000188
190, 50.00000000000, 756.84803870248, 23.99523891123, 4.12500003222, 0.00000000000, -0.00000000737, 0.00000001437
191, 50.00000000000, 775.80566912648, 38.38641253363, 4.12500003222, 0.00000000000, 0.00000000458, 0.00000002691
192, 50.00000000000, 791.62678570391, 30.62706626200, 4.12500003222, 0.00000000000, 0.00000000230, 0.00000001861
193, 50.00000000000, 811.70050820883, 30.56154565367, 4.12500003222, 0.00000000000, 0.00000000269, -0.00000001357
194, 50.00000000000, 830.04392563503, 44.08883733573, 4.12500003222, 0.00000000000, 0.00000000207, -0.00000001688
195, 50.00000000000, 852.19719720298, 33.16045495828, 4.12500003222, 0.00000000000, 0.00000000684, -0.00000002022
196, 50.00000000000, 868.23437665738, 34.74639219932, 4.12500003222, 0.00000000000, 0.00000001638, -0.00000001048
197, 50.00000000000, 876.13063746501, 55.44981607237, 4.12500003222, 0.00000000000, 0.00000000016, 0.00000001060
198, 50.00000000000, 905.18961099976, 41.86823880464, 4.12500003222, 0.00000000000, -0.00000000728, -0.00000004133
199, 50.00000000000, 914.90139921557, 62.56413970078, 4.12500003222, 0.00000000000, 0.00000000328, 0.00000003547
200, 50.00000000000, 60.94078011657, 73.54389499377, 4.12500003222, 0.00000000000, 0.00000000479, 0.00000000127
201, 50.00000000000, 74.59787597156, 56.93422778070, 4.12500003222, 0.00000000000, -0.00000000528, 0.00000000205
202, 50.00000000000, 97.91383751836, 63.26672859193, 4.12500003222, 0.00000000000, 0.00000000180, -0.00000000308
203, 50.00000000000, 115.21365192731, 77.22665205964, 4.12500003222, 0.00000000000, 0.00000000490, 0.00000001350
204, 50.00000000000, 130.85909584586, 64.95713893887, 4.12500003222, 0.00000000000, -0.00000000373, 0.00000000068
205, 50.00000000000, 148.21759025881, 55.41034107059, 4.12500003222, 0.00000000000, -0.00000000510, -0.00000002776
206, 50.00000000000, 161.82715939615, 45.91120493223, 4.12500003222, 0.00000000000, 0.00000000230, 0.00000001145
207, 50.00000000000, 183.40980396225, 56.05718231691, 4.12500003222, 0.00000000000, -0.00000000329, -0.00000003619
208, 50.00000000000, 196.25132915885, 37.54728958952, 4.12500003222, 0.00000000000, 0.00000000006, 0.00000000277
209, 50.00000000000, 218.84725612822, 57.98065394919, 4.12500003222, 0.00000000000, 0.00000000553, 0.00000001415
210, 50.00000000000, 234.19027845215, 50.33135938291, 4.12500003222, 0.00000000000, -0.00000000724, 0.00000000543
211, 50.00000000000, 254.32299507806, 37.13060280476, 4.12500003222, 0.00000000000, 0.00000000637, -0.00000002205
212, 50.00000000000, 276.81799889753, 38.46069105316, 4.12500003222, 0.00000000000, -0.00000001166, 0.00000001965
213, 50.00000000000, 285.72109635366, 59.04768195578, 4.12500003222, 0.00000000000, 0.00000000798, 0.00000000158
214, 50.00000000000, 309.83720210420, 38.76503851290, 4.12500003222, 0.00000000000, 0.00000000383, -0.00000000484
215, 50.00000000000, 320.92988652159, 61.37528265510, 4.12500003222, 0.00000000000, 0.00000000211, -0.00000002540
216, 50.00000000000, 322.34755010605, -30000000.00000000000, 0.00000000000, 0.00000000000, 0.00000022978, 0.66000001198
217, 50.00000000000, 361.81906954004, 64.62442041807, 4.12500003222, 0.00000000000, -0.00000000738, -0.00000001599
218, 50.00000000000, 359.13112409815, -30000000.00000000000, 0.00000000000, 0.00000000000, 0.00000055342, 0.66000001198
219, 50.00000000000, 406.39618428450, 27.78120568631, 4.12500003222, 0.00000000000, 0.00000000737, -0.00000001263
220, 50.00000000000, 417.08477768202, 59.03469173335, 4.12500003222, 0.00000000000, 0.00000000462, -0.00000002796
221, 50.00000000000, 433.15338339519, 52.15095509981, 4.12500003222, 0.00000000000, 0.00000000717, 0.00000000719
222, 50.00000000000, 470.94528355032, 66.54664364535, 4.12500003222, 0.00000000000, 0.00000000273, -0.00000000447
223, 50.00000000000, 471.54597751122, 46.92125474688, 4.12500003222, 0.00000000000, 0.00000000102, 0.00000000858
224, 50.00000000000, 489.78516875531, 58.00602872127, 4.12500003222, 0.00000000000, -0.00000000710, 0.00000001640
225, 50.00000000000, 510.62104705607, 61.19790281894, 4.12500003222, 0.00000000000, 0.00000000337, -0.00000000194
226, 50.00000000000, 529.73036234164, 48.79921443293, 4.12500003222, 0.00000000000, -0.00000000316, -0.00000001471
227, 50.00000000000, 546.85405718961, 32.00297460512, 4.12500003222, 0.00000000000, 0.00000000441, 0.00000003165
228, 50.00000000000, 551.16236054146, 11.41528203677, 4.12500003222, 0.00000000000, -0.00000000467, -0.00000000608
229, 50.00000000000, 577.78764605067, -30000000.00000000000, 0.00000000000, 0.00000000000, -0.00000046634, 0.66000001198
230, 50.00000000000, 583.94666493008, 45.26145035713, 4.12500003222, 0.00000000000, 0.00000000317, -0.00000001710
231, 50.00000000000, 603.43062848512, 29.97019453359, 4.12500003222, 0.00000000000, -0.00000000342, -0.00000001150
232, 50.00000000000, 620.30992684727, 48.09102857013, 4.12500003222, 0.00000000000, -0.00000000458, -0.00000003544
233, 50.00000000000, 639.88426346283, 22.37022228172, 4.12500003222, 0.00000000000, -0.00000000398, 0.00000003575
234, 50.00000000000, 653.97366109147, 40.03165637907, 4.12500003222, 0.00000000000, -0.00000001072, -0.00000004376
235, 50.00000000000, 671.90344032205, 24.82411477500, 4.12500003222, 0.00000000000, -0.00000000161, -0.00000000172
236, 50.00000000000, 685.71772562743, 33.84200408400, 4.12500003222, 0.00000000000, -0.00000000238, -0.00000000071
237, 50.00000000000, 709.58705847783, 9.33870744743, 4.12500003222, 0.00000000000, -0.00000000026, 0.00000001257
238, 50.00000000000, 721.83361662844, 45.23247152299, 4.12500003222, 0.00000000000, 0.00000000278, -0.00000000300
239, 50.00000000000, 739.68111709103, 43.63342122358, 4.12500003222, 0.00000000000, 0.00000000156, -0.00000003229
240, 50.00000000000, 757.86923150954, 47.00955857526, 4.12500003222, 0.00000000000, 0.00000000136, 0.00000000311
241, 50.00000000000, 774.24806877758, 30.11570640577, 4.12500003222, 0.00000000000, 0.00000000522, -0.00000002097
242, 50.00000000000, 797.66446342880, 38.11272552796, 4.12500003222, 0.00000000000, -0.00000000028, 0.00000001268
243, 50.00000000000, 811.30091177558, 41.58722021067, 4.12500003222, 0.00000000000, -0.00000000507, -0.00000003458
244, 50.00000000000, 822.65914893991, 44.15749333204, 4.12500003222, 0.00000000000, -0.00000000098, -0.00000001875
245, 50.00000000000, 842.23142814172, 53.03523683239, 4.12500003222, 0.00000000000, 0.00000002552, -0.00000006665
246, 50.00000000000, 857.76835795054, 57.40045478825, 4.12500003222, 0.00000000000, -0.00000000409, 0.00000000033
247, 50.00000000000, 883.31894933203, 39.85105950126, 4.12500003222, 0.00000000000, 0.00000000729, -0.00000004009
248, 50.00000000000, 891.27496098285, 60.86721182364, 4.12500003222, 0.00000000000, -0.00000000073, -0.00000001505
249, 50.00000000000, 905.62206471881, 61.01427192242, 4.12500003222, 0.00000000000, -0.00000000260, 0.00000001183
250, 50.00000000000, 54.52149281900, 59.18518518049, 4.12500003222, 0.00000000000, 0.00000000422, -0.00000002490
251, 50.00000000000, 76.42512546225, 66.57697964522, 4.12500003222, 0.00000000000, -0.00000000333, -0.00000002532
252, 50.00000000000, 91.00980648912, 72.13653022313, 4.12500003222, 0.00000000000, -0.00000000577, 0.00000002334
253, 50.00000000000, 101.15316913733, 84.78497948636, 4.12500003222, 0.00000000000, -0.00000000651, 0.00000002353
254, 50.00000000000, 125.35889875889, 47.56045971088, 4.12500003222, 0.00000000000, 0.00000000469, 0.00000001436
255, 50.00000000000, 145.90900365540, 76.62252960277, 4.12500003222, 0.00000000000, 0.00000000028, 0.00000002726
256, 50.00000000000, 163.49367475815, 68.67112812367, 4.12500003222, 0.00000000000, 0.00000000549, -0.00000000494
257, 50.00000000000, 181.64711320749, 73.36862624038, 4.12500003222, 0.00000000000, 0.00000000174, 0.00000000765
258, 50.00000000000, 200.05968738969, 72.38426893382, 4.12500003222, 0.00000000000, 0.00000000409, -0.00000000780
259, 50.00000000000, 216.94180226429, 76.90528561814, 4.12500003222, 0.00000000000, 0.00000000145, -0.00000001035
260, 50.00000000000, 235.90272766026, 67.71766338506, 4.12500003222, 0.00000000000, 0.00000000085, 0.00000000915
261, 50.00000000000, 253.08952849923, 79.63545284403, 4.12500003222, 0.00000000000, -0.00000000206, -0.00000001551
262, 50.00000000000, 269.26558471589, 49.95129913789, 4.12500003222, 0.00000000000, 0.00000001133, -0.00000002234
263, 50.00000000000, 286.66010922340, 78.45456456753, 4.12500003222, 0.00000000000, -0.00000000340, 0.00000000228
264, 50.00000000000, 305.49137524900, 74.26823241950, 4.12500003222, 0.00000000000, -0.00000000158, -0.00000000749
265, 50.00000000000, 330.93565124918, 52.81199058692, 4.12500003222, 0.00000000000, 0.00000000142, 0.00000000645
266, 50.00000000000, 348.04493985745, 44.15900071639, 4.12500003222, 0.00000000000, -0.00000000576, 0.00000000662
267, 50.00000000000, 363.07106689297, 50.78885964908, 4.12500003222, 0.00000000000, 0.00000000383, -0.00000002663
268, 50.00000000000, 379.40718838094, 47.38982428730, 4.12500003222, 0.00000000000, 0.00000001514, -0.00000002665
269, 50.00000000000, 397.93186798957, 45.65934428236, 4.12500003222, 0.00000000000, -0.00000000416, -0.00000001808
270, 50.00000000000, 414.11163804121, 48.62773221849, 4.12500003222, 0.00000000000, -0.00000000867, -0.00000000667
271, 50.00000000000, 436.13312994665, 43.14518303515, 4.12500003222, 0.00000000000, -0.00000000487, -0.00000000251
272, 50.00000000000, 452.11726142591, 62.26516076758, 4.12500003222, 0.00000000000, -0.00000000260, -0.00000001153
273, 50.00000000000, 463.53100688152, 29.80799253721, 4.12500003222, 0.00000000000, -0.00000000229, -0.00000000454
274, 50.00000000000, 493.27072939282, 45.16904114677, 4.12500003222, 0.00000000000, -0.00000000741, -0.00000003826
275, 50.00000000000, 508.59605639786, 42.79933490479, 4.12500003222, 0.00000000000, 0.00000000215, -0.00000001332
276, 50.00000000000, 522.94550982431, 30.30457380050, 4.12500003222, 0.00000000000, 0.00000000588, 0.00000002477
277, 50.00000000000, 549.87753002414, 47.99904244093, 4.12500003222, 0.00000000000, -0.00000000405, -0.00000001680
278, 50.00000000000, 558.05942854432, 139.67030444132, 4.12500003222, 0.00000000000, 0.00000000000, 0.00000000000
279, 50.00000000000, 567.81994511254, 60.03322889181, 4.12500003222, 0.00000000000, 0.00000000292, 0.00000002636
280, 50.00000000000, 588.13928705957, 64.77478461193, 4.12500003222, 0.00000000000, 0.00000000034, 0.00000001526
281, 50.00000000000, 603.68082037785, 13.84820122113, 4.12500003222, 0.00000000000, 0.00000000213, -0.00000001500
282, 50.00000000000, 616.33879457137, 33.59724739642, 4.12500003222, 0.00000000000, 0.00000000563, 0.00000002051
283, 50.00000000000, 638.50243599272, 44.52036141995, 4.12500003222, 0.00000000000, -0.00000000476, -0.00000003644
284, 50.00000000000, 658.98662939921, 58.71247515524, 4.12500003222, 0.00000000000, 0.00000000576, 0.00000002252
285, 50.00000000000, 670.07791330947, 43.09664919415, 4.12500003222, 0.00000000000, 0.00000000086, -0.00000001307
286, 50.00000000000, 683.60772243090, 56.17282573533, 4.12500003222, 0.00000000000, -0.00000000052, -0.00000000195
287, 50.00000000000, 705.93403384823, 61.53907947742, 4.12500003222, 0.00000000000, 0.00000000104, -0.00000000290
288, 50.00000000000, 717.94681043357, 31.63928443025, 4.12500003222, 0.00000000000, 0.00000000437, -0.00000001297
289, 50.00000000000, 740.04965207015, 32.55033560744, 4.12500003222, 0.00000000000, -0.00000000219, -0.00000001517
290, 50.00000000000, 759.00830568921, 31.55841929328, 4.12500003222, 0.00000000000, -0.00000000797, 0.00000003914
291, 50.00000000000, 776.67778027594, 49.61999853868, 4.12500003222, 0.00000000000, 0.00000000162, -0.00000002532
292, 50.00000000000, 792.00598397415, 46.63317569771, 4.12500003222, 0.00000000000, -0.00000000634, -0.00000001090
293, 50.00000000000, 820.96876199193, 63.66193894443, 4.12500003222, 0.00000000000, -0.00000000636, 0.00000002101
294, 50.00000000000, 834.54606639486, 62.80083687943, 4.12500003222, 0.00000000000, 0.00000000367, 0.00000004627
295, 50.00000000000, 851.05620539176, 20.62663902303, 4.12500003222, 0.00000000000, -0.00000000089, -0.00000002669
296, 50.00000000000, 850.20555390853, 74.83831890723, 4.12500003222, 0.00000000000, -0.00000000467, 0.00000000429
297, 50.00000000000, 871.67430758099, 73.35296924216, 4.12500003222, 0.00000000000, -0.00000000399, 0.00000001692
298, 50.00000000000, 891.29808336539, 72.79403296058, 4.12500003222, 0.00000000000, 0.00000000351, 0.00000000605
299, 50.00000000000, 906.74691606192, 80.70565298686, 4.12500003222, 0.00000000000, 0.00000000945, 0.00000000177
