0, 50.00000000000, 55.52425889731, 24.42857568246, 4.12500003222, 0.00000000000, -0.00000000010, 0.00000000939
1, 50.00000000000, 59.58120469003, 10.54458103070, 4.12500003222, 0.00000000000, -0.00000000530, 0.00000002221
2, 50.00000000000, 77.27868769908, 46.53340475410, 4.12500003222, 0.00000000000, -0.00000001564, 0.00000003492
3, 50.00000000000, 95.49489978501, 12.36194090380, 4.12500003222, 0.00000000000, 0.00000000105, -0.00000000877
4, 50.00000000000, 116.74477732184, 3.18943230876, 4.12500003222, 0.00000000000, 0.00000000955, -0.00000000473
5, 50.00000000000, 133.38248628063, 10.44498294948, 4.12500003222, 0.00000000000, -0.00000000172, -0.00000000555
6, 50.00000000000, 148.07602694730, 12.58981034080, 4.12500003222, 0.00000000000, 0.00000000105, -0.00000001529
7, 50.00000000000, 164.37815701701, 6.89471024194, 4.12500003222, 0.00000000000, -0.00000000388, -0.00000001177
8, 50.00000000000, 186.08713909786, 4.80602351754, 4.12500003222, 0.00000000000, 0.00000000333, 0.00000000923
9, 50.00000000000, 203.87643081683, 13.33783716141, 4.12500003222, 0.00000000000, 0.00000000043, -0.00000003313
10, 50.00000000000, 206.61733946636, -30000000.00000000000, 0.00000000000, 0.00000000000, 0.00000118924, 0.66000001198
11, 50.00000000000, 228.80667295857, -30000000.00000000000, 0.00000000000, 0.00000000000, -0.00000014657, 0.66000001198
12, 50.00000000000, 247.83424767056, -30000000.00000000000, 0.00000000000, 0.00000000000, -0.00000088452, 0.66000001198
13, 50.00000000000, 279.91843603157, 46.77191698578, 4.12500003222, 0.00000000000, 0.00000000445, 0.00000003241
14, 50.00000000000, 286.13228018174, -30000000.00000000000, 0.00000000000, 0.00000000000, -0.00000014140, 0.66000001198
15, 50.00000000000, 303.42353755728, -30000000.00000000000, 0.00000000000, 0.00000000000, 0.00000061270, 0.66000001198
16, 50.00000000000, 323.59744548703, -30000000.00000000000, 0.00000000000, 0.00000000000, 0.00000004321, 0.66000001198
17, 50.00000000000, 340.47207938337, -30000000.00000000000, 0.00000000000, 0.00000000000, 0.00000047967, 0.66000001198
18, 50.00000000000, 363.04494036244, -30000000.00000000000, 0.00000000000, 0.00000000000, -0.00000005065, 0.66000001198
19, 50.00000000000, 384.03668296329, -30000000.00000000000, 0.00000000000, 0.00000000000, -0.00000114722, 0.66000001198
20, 50.00000000000, 412.31009667290, 53.02100708619, 4.12500003222, 0.00000000000, -0.00000000281, -0.00000000439
21, 50.00000000000, 423.24912732981, -30000000.00000000000, 0.00000000000, 0.00000000000, 0.00000029416, 0.66000001198
22, 50.00000000000, 445.65472486041, -30000000.00000000000, 0.00000000000, 0.00000000000, -0.00000047619, 0.66000001198
23, 50.00000000000, 459.61323870140, -30000000.00000000000, 0.00000000000, 0.00000000000, 0.00000033825, 0.66000001198
24, 50.00000000000, 478.77037293199, -30000000.00000000000, 0.00000000000, 0.00000000000, -0.00000015733, 0.66000001198
25, 50.00000000000, 499.25836901401, -30000000.00000000000, 0.00000000000, 0.00000000000, 0.00000055928, 0.66000001198
26, 50.00000000000, 519.83089706424, -30000000.00000000000, 0.00000000000, 0.00000000000, 0.00000077868, 0.66000001198
27, 50.00000000000, 539.95500995752, -30000000.00000000000, 0.00000000000, 0.00000000000, -0.00000063235, 0.66000001198
28, 50.00000000000, 558.84808860501, -30000000.00000000000, 0.00000000000, 0.00000000000, -0.00000010571, 0.66000001198
29, 50.00000000000, 576.17304863866, 55.92474559267, 4.12500003222, 0.00000000000, -0.00000000184, 0.00000000777
30, 50.00000000000, 597.23162349900, -30000000.00000000000, 0.00000000000, 0.00000000000, 0.00000002654, 0.66000001198
31, 50.00000000000, 618.23892472634, -30000000.00000000000, 0.00000000000, 0.00000000000, 0.00000038299, 0.66000001198
32, 50.00000000000, 638.19624188440, -30000000.00000000000, 0.00000000000, 0.00000000000, -0.00000057392, 0.66000001198
33, 50.00000000000, 659.67344476441, -30000000.00000000000, 0.00000000000, 0.00000000000, -0.00000043632, 0.66000001198
34, 50.00000000000, 676.38244716116, -30000000.00000000000, 0.00000000000, 0.00000000000, 0.00000028378, 0.66000001198
35, 50.00000000000, 689.01491712432, -30000000.00000000000, 0.00000000000, 0.00000000000, 0.00000033751, 0.66000001198
36, 50.00000000000, 713.96382053077, -30000000.00000000000, 0.00000000000, 0.00000000000, -0.00000028086, 0.66000001198
37, 50.00000000000, 729.51702513903, -30000000.00000000000, 0.00000000000, 0.00000000000, 0.00000062359, 0.66000001198
38, 50.00000000000, 737.77874191392, 10.30428018691, 4.12500003222, 0.00000000000, 0.00000000172, 0.00000000100
39, 50.00000000000, 776.30856629545, -30000000.00000000000, 0.00000000000, 0.00000000000, 0.00000014019, 0.66000001198
40, 50.00000000000, 793.43561098269, -30000000.00000000000, 0.00000000000, 0.00000000000, -0.00000072272, 0.66000001198
41, 50.00000000000, 779.43003616658, 8.68374775441, 4.12500003222, 0.00000000000, 0.00000000189, 0.00000002026
42, 50.00000000000, 802.04107752254, 8.09298892478, 4.12500003222, 0.00000000000, -0.00000000386, 0.00000000803
43, 50.00000000000, 827.64440668280, 7.86841242343, 4.12500003222, 0.00000000000, -0.00000000302, 0.00000000090
44, 50.00000000000, 846.16303370941, 40.93708186159, 4.12500003222, 0.00000000000, -0.00000000900, -0.00000002624
45, 50.00000000000, 858.07825259466, 40.58400485782, 4.12500003222, 0.00000000000, -0.00000000541, -0.00000002259
46, 50.00000000000, 883.16292867283, 22.80117070010, 4.12500003222, 0.00000000000, -0.00000001195, -0.00000000652
47, 50.00000000000, 895.98872566809, 24.25819428019, 4.12500003222, 0.00000000000, -0.00000001289, -0.00000000255
48, 50.00000000000, 925.87915533395, 10.69616853679, 4.12500003222, 0.00000000000, -0.00000000211, -0.00000002543
49, 50.00000000000, 946.68388495337, 10.24396621155, 4.12500003222, 0.00000000000, 0.00000000214, -0.00000000517
50, 50.00000000000, 39.90958723445, 8.93899094772, 4.12500003222, 0.00000000000, -0.00000000170, 0.00000000545
51, 50.00000000000, 58.91109050779, 42.88563975664, 4.12500003222, 0.00000000000, 0.00000001607, -0.00000001289
52, 50.00000000000, 76.32290228344, 13.04676140508, 4.12500003222, 0.00000000000, 0.00000000075, 0.00000000635
53, 50.00000000000, 92.94522310541, 44.94962834601, 4.12500003222, 0.00000000000, -0.00000000665, 0.00000000598
54, 50.00000000000, 108.42591277174, 32.54915962446, 4.12500003222, 0.00000000000, 0.00000000588, -0.00000000010
55, 50.00000000000, 129.17807780817, 21.28465920835, 4.12500003222, 0.00000000000, -0.00000000334, -0.00000002530
56, 50.00000000000, 145.92708408474, 33.23237938411, 4.12500003222, 0.00000000000, -0.00000000312, 0.00000003012
57, 50.00000000000, 167.95712446669, 20.25426071547, 4.12500003222, 0.00000000000, 0.00000000878, 0.00000001702
58, 50.00000000000, 180.53352817714, 15.89754001980, 4.12500003222, 0.00000000000, -0.00000000187, 0.00000001678
59, 50.00000000000, 205.89244985709, 33.88382914792, 4.12500003222, 0.00000000000, 0.00000001659, -0.00000001534
60, 50.00000000000, 224.70323086228, 44.04962444068, 4.12500003222, 0.00000000000, -0.00000000112, -0.00000000418
61, 50.00000000000, 221.57541063833, -30000000.00000000000, 0.00000000000, 0.00000000000, 0.00000112567, 0.66000001198
62, 50.00000000000, 245.59968821445, -30000000.00000000000, 0.00000000000, 0.00000000000, -0.00000049258, 0.66000001198
63, 50.00000000000, 265.37796765786, -30000000.00000000000, 0.00000000000, 0.00000000000, -0.00000042699, 0.66000001198
64, 50.00000000000, 285.88134886885, -30000000.00000000000, 0.00000000000, 0.00000000000, -0.00000011660, 0.66000001198
65, 50.00000000000, 316.81743508735, 52.09872067036, 4.12500003222, 0.00000000000, -0.00000000039, -0.00000001066
66, 50.00000000000, 325.16594129052, -30000000.00000000000, 0.00000000000, 0.00000000000, -0.00000019633, 0.66000001198
67, 50.00000000000, 346.73370231404, -30000000.00000000000, 0.00000000000, 0.00000000000, -0.00000062238, 0.66000001198
68, 50.00000000000, 365.08697008615, -30000000.00000000000, 0.00000000000, 0.00000000000, -0.00000036222, 0.66000001198
69, 50.00000000000, 380.57119893922, -30000000.00000000000, 0.00000000000, 0.00000000000, -0.00000069007, 0.66000001198
70, 50.00000000000, 400.19604101210, -30000000.00000000000, 0.00000000000, 0.00000000000, 0.00000016728, 0.66000001198
71, 50.00000000000, 420.53076961336, -30000000.00000000000, 0.00000000000, 0.00000000000, 0.00000059214, 0.66000001198
72, 50.00000000000, 439.96243034513, -30000000.00000000000, 0.00000000000, 0.00000000000, 0.00000027518, 0.66000001198
73, 50.00000000000, 477.64493071935, 39.56109586578, 4.12500003222, 0.00000000000, -0.00000000070, 0.00000001042
74, 50.00000000000, 492.75218569007, 28.70164408295, 4.12500003222, 0.00000000000, -0.00000000242, -0.00000002289
75, 50.00000000000, 514.69333055944, 27.15624318606, 4.12500003222, 0.00000000000, 0.00000000167, 0.00000001486
76, 50.00000000000, 517.16575416509, -30000000.00000000000, 0.00000000000, 0.00000000000, 0.00000119260, 0.66000001198
77, 50.00000000000, 537.45103121759, -30000000.00000000000, 0.00000000000, 0.00000000000, -0.00000018725, 0.66000001198
78, 50.00000000000, 557.14258385624, -30000000.00000000000, 0.00000000000, 0.00000000000, 0.00000018966, 0.66000001198
79, 50.00000000000, 577.48187229434, -30000000.00000000000, 0.00000000000, 0.00000000000, -0.00000043423, 0.66000001198
80, 50.00000000000, 591.15035264620, 54.97854295721, 4.12500003222, 0.00000000000, 0.00000000382, 0.00000002641
81, 50.00000000000, 616.38209439551, -30000000.00000000000, 0.00000000000, 0.00000000000, 0.00000061901, 0.66000001198
82, 50.00000000000, 638.48843691888, -30000000.00000000000, 0.00000000000, 0.00000000000, -0.00000060972, 0.66000001198
83, 50.00000000000, 652.42718411292, -30000000.00000000000, 0.00000000000, 0.00000000000, 0.00000052019, 0.66000001198
84, 50.00000000000, 664.91089156412, 24.90625974834, 4.12500003222, 0.00000000000, 0.00000000187, 0.00000000678
85, 50.00000000000, 699.45105871025, -30000000.00000000000, 0.00000000000, 0.00000000000, -0.00000060012, 0.66000001198
86, 50.00000000000, 719.36195850177, -30000000.00000000000, 0.00000000000, 0.00000000000, -0.00000044453, 0.66000001198
87, 50.00000000000, 736.09359109568, -30000000.00000000000, 0.00000000000, 0.00000000000, -0.00000024452, 0.66000001198
88, 50.00000000000, 757.80470467224, -30000000.00000000000, 0.00000000000, 0.00000000000, -0.00000047411, 0.66000001198
89, 50.00000000000, 776.84769241845, -30000000.00000000000, 0.00000000000, 0.00000000000, 0.00000006921, 0.66000001198
90, 50.00000000000, 791.09480496037, -30000000.00000000000, 0.00000000000, 0.00000000000, -0.00000046688, 0.66000001198
91, 50.00000000000, 791.16733927669, 14.48322330892, 4.12500003222, 0.00000000000, -0.00000000013, 0.00000004274
92, 50.00000000000, 813.13452342808, 10.21026824911, 4.12500003222, 0.00000000000, 0.00000000223, -0.00000001478
93, 50.00000000000, 828.30398309964, 25.30029525210, 4.12500003222, 0.00000000000, 0.00000000212, -0.00000000190
94, 50.00000000000, 845.21243829182, 19.39248959182, 4.12500003222, 0.00000000000, 0.00000000480, 0.00000003037
95, 50.00000000000, 860.91402570218, 52.87201842509, 4.12500003222, 0.00000000000, -0.00000001685, 0.00000005179
96, 50.00000000000, 879.42846141364, 34.17159916361, 4.12500003222, 0.00000000000, 0.00000000074, -0.00000002088
97, 50.00000000000, 904.95632202270, 10.93508118579, 4.12500003222, 0.00000000000, -0.00000000017, -0.00000002441
98, 50.00000000000, 917.45956340334, 29.79776570951, 4.12500003222, 0.00000000000, 0.00000000592, 0.00000004863
99, 50.00000000000, 936.74103469493, 28.05753161866, 4.12500003222, 0.00000000000, -0.00000000783, 0.00000000160
100, 50.00000000000, 42.42912579559, 27.35440084512, 4.12500003222, 0.00000000000, -0.00000000146, -0.00000004194
101, 50.00000000000, 63.72006169034, 33.00526258752, 4.12500003222, 0.00000000000, 0.00000000908, -0.00000000652
102, 50.00000000000, 77.10807044543, 28.92046516747, 4.12500003222, 0.00000000000, -0.00000000732, 0.00000001766
103, 50.00000000000, 93.74956917461, 28.80163611455, 4.12500003222, 0.00000000000, 0.00000000398, -0.00000001575
104, 50.00000000000, 111.54844442810, 13.50122500212, 4.12500003222, 0.00000000000, -0.00000000517, 0.00000002008
105, 50.00000000000, 130.52719733158, 31.79754740080, 4.12500003222, 0.00000000000, -0.00000000003, 0.00000002504
106, 50.00000000000, 150.63936192267, 23.64746303764, 4.12500003222, 0.00000000000, 0.00000001057, -0.00000002322
107, 50.00000000000, 169.57635237117, 39.79470624333, 4.12500003222, 0.00000000000, -0.00000000633, 0.00000000501
108, 50.00000000000, 189.32699168488, 47.77049461142, 4.12500003222, 0.00000000000, 0.00000000731, 0.00000002017
109, 50.00000000000, 188.80021542016, 26.81374887914, 4.12500003222, 0.00000000000, -0.00000001031, -0.00000001781
110, 50.00000000000, 204.13019430052, -30000000.00000000000, 0.00000000000, 0.00000000000, 0.00000146132, 0.66000001198
111, 50.00000000000, 225.97911160098, -30000000.00000000000, 0.00000000000, 0.00000000000, 0.00000035024, 0.66000001198
112, 50.00000000000, 243.22866825318, -30000000.00000000000, 0.00000000000, 0.00000000000, -0.00000007599, 0.66000001198
113, 50.00000000000, 264.01523328468, -30000000.00000000000, 0.00000000000, 0.00000000000, -0.00000022451, 0.66000001198
114, 50.00000000000, 287.48196675109, 65.03714204594, 4.12500003222, 0.00000000000, -0.00000000161, 0.00000000445
115, 50.00000000000, 318.70691898545, 43.35418386830, 4.12500003222, 0.00000000000, 0.00000000170, 0.00000001424
116, 50.00000000000, 336.32678793142, 43.17305613135, 4.12500003222, 0.00000000000, -0.00000000472, -0.00000001611
117, 50.00000000000, 355.00266288971, 36.60192549149, 4.12500003222, 0.00000000000, -0.00000000410, 0.00000000886
118, 50.00000000000, 372.64314475554, 68.62910283989, 4.12500003222, 0.00000000000, -0.00000000871, -0.00000002754
119, 50.00000000000, 392.00341995506, 62.84435371878, 4.12500003222, 0.00000000000, -0.00000000842, -0.00000002592
120, 50.00000000000, 409.85137121343, 78.48029172409, 4.12500003222, 0.00000000000, 0.00000000288, -0.00000002456
121, 50.00000000000, 422.28554030179, 36.68557104038, 4.12500003222, 0.00000000000, 0.00000000460, 0.00000001744
122, 50.00000000000, 448.49147464098, 59.47669975094, 4.12500003222, 0.00000000000, -0.00000000348, 0.00000003030
123, 50.00000000000, 463.27277056720, -30000000.00000000000, 0.00000000000, 0.00000000000, -0.00000014459, 0.66000001198
124, 50.00000000000, 482.07099009648, 51.21435751247, 4.12500003222, 0.00000000000, 0.00000000825, 0.00000002249
125, 50.00000000000, 498.70796982376, 44.65266897834, 4.12500003222, 0.00000000000, 0.00000000121, 0.00000001555
126, 50.00000000000, 533.63775702620, 38.13103147786, 4.12500003222, 0.00000000000, 0.00000000184, 0.00000002150
127, 50.00000000000, 539.13852185244, 53.44637179790, 4.12500003222, 0.00000000000, -0.00000000448, -0.00000000948
128, 50.00000000000, 573.49526582627, 40.07271696252, 4.12500003222, 0.00000000000, -0.00000000647, 0.00000000583
129, 50.00000000000, 576.61646019143, -30000000.00000000000, 0.00000000000, 0.00000000000, -0.00000033124, 0.66000001198
130, 50.00000000000, 594.66453923305, 41.67645930901, 4.12500003222, 0.00000000000, 0.00000000053, -0.00000002671
131, 50.00000000000, 618.08911256773, -30000000.00000000000, 0.00000000000, 0.00000000000, 0.00000039761, 0.66000001198
132, 50.00000000000, 629.00132993750, 39.26886772351, 4.12500003222, 0.00000000000, -0.00000000175, -0.00000001353
133, 50.00000000000, 645.50804620329, 31.12021979687, 4.12500003222, 0.00000000000, -0.00000000033, -0.00000000724
134, 50.00000000000, 673.04033556423, -30000000.00000000000, 0.00000000000, 0.00000000000, 0.00000079810, 0.66000001198
135, 50.00000000000, 684.41341229172, 25.92028649916, 4.12500003222, 0.00000000000, 0.00000000137, 0.00000000361
136, 50.00000000000, 707.06704259686, 32.46634558084, 4.12500003222, 0.00000000000, -0.00000000370, -0.00000001619
137, 50.00000000000, 720.14482669093, 28.45613732923, 4.12500003222, 0.00000000000, -0.00000000075, 0.00000002365
138, 50.00000000000, 748.70604574178, -30000000.00000000000, 0.00000000000, 0.00000000000, 0.00000072691, 0.66000001198
139, 50.00000000000, 752.25740536077, 22.43304700643, 4.12500003222, 0.00000000000, -0.00000000099, 0.00000000959
140, 50.00000000000, 796.60859583786, -30000000.00000000000, 0.00000000000, 0.00000000000, -0.00000107220, 0.66000001198
141, 50.00000000000, 795.74093468934, 25.57055072998, 4.12500003222, 0.00000000000, -0.00000001791, -0.00000003095
142, 50.00000000000, 813.53811478243, 24.49396705888, 4.12500003222, 0.00000000000, 0.00000000422, -0.00000001528
143, 50.00000000000, 821.99067695581, 60.47214018915, 4.12500003222, 0.00000000000, -0.00000000481, -0.00000000575
144, 50.00000000000, 845.34557108641, 33.37742390138, 4.12500003222, 0.00000000000, 0.00000000576, 0.00000002552
145, 50.00000000000, 861.90957636435, 20.18543404664, 4.12500003222, 0.00000000000, 0.00000000329, -0.00000000061
146, 50.00000000000, 877.31502120623, 53.48262732984, 4.12500003222, 0.00000000000, 0.00000000859, 0.00000002369
147, 50.00000000000, 902.50559287118, 33.00599627306, 4.12500003222, 0.00000000000, 0.00000001764, 0.00000005832
148, 50.00000000000, 912.73345370758, 52.66755777456, 4.12500003222, 0.00000000000, -0.00000002044, -0.00000003378
149, 50.00000000000, 935.58216124337, 46.09340189657, 4.12500003222, 0.00000000000, 0.00000000269, -0.00000002344
150, 50.00000000000, 40.39785404218, 41.49889151355, 4.12500003222, 0.00000000000, -0.00000000588, -0.00000003377
151, 50.00000000000, 51.67576400360, 48.61225381540, 4.12500003222, 0.00000000000, 0.00000000644, 0.00000002440
152, 50.00000000000, 73.80324300043, 53.56549269578, 4.12500003222, 0.00000000000, 0.00000001139, -0.00000006156
153, 50.00000000000, 95.66788992415, 61.65059568095, 4.12500003222, 0.00000000000, -0.00000000315, -0.00000000453
154, 50.00000000000, 114.89783200603, 24.50015883951, 4.12500003222, 0.00000000000, -0.00000000962, 0.00000002895
155, 50.00000000000, 126.16124843726, 43.29645887886, 4.12500003222, 0.00000000000, 0.00000000018, 0.00000001562
156, 50.00000000000, 156.45948087477, 53.85105587789, 4.12500003222, 0.00000000000, 0.00000000705, -0.00000000622
157, 50.00000000000, 164.11229857662, 31.23062707598, 4.12500003222, 0.00000000000, 0.00000000665, -0.00000000767
158, 50.00000000000, 185.82895092816, 58.70255680364, 4.12500003222, 0.00000000000, 0.00000000920, -0.00000002638
159, 50.00000000000, 203.61780312249, 43.71760924712, 4.12500003222, 0.00000000000, 0.00000000139, 0.00000005374
160, 50.00000000000, 222.08351838207, 27.92847215859, 4.12500003222, 0.00000000000, 0.00000000810, -0.00000000438
161, 50.00000000000, 238.97518213174, 59.50463770534, 4.12500003222, 0.00000000000, 0.00000000384, 0.00000000177
162, 50.00000000000, 261.87499129443, 31.35578952700, 4.12500003222, 0.00000000000, -0.00000000280, -0.00000002405
163, 50.00000000000, 283.15613680774, 29.70399796046, 4.12500003222, 0.00000000000, -0.00000000152, 0.00000000068
164, 50.00000000000, 298.18730727595, 57.95291608010, 4.12500003222, 0.00000000000, 0.00000000363, 0.00000000087
165, 50.00000000000, 305.34692811772, -30000000.00000000000, 0.00000000000, 0.00000000000, 0.00000032003, 0.66000001198
166, 50.00000000000, 332.30950065360, 67.11784644922, 4.12500003222, 0.00000000000, -0.00000000749, -0.00000003939
167, 50.00000000000, 357.44391725967, 49.54830326804, 4.12500003222, 0.00000000000, 0.00000001077, 0.00000001122
168, 50.00000000000, 374.56824228434, 44.28214862529, 4.12500003222, 0.00000000000, 0.00000000743, 0.00000002688
169, 50.00000000000, 389.41369759570, 42.81941021860, 4.12500003222, 0.00000000000, 0.00000000009, -0.00000000631
170, 50.00000000000, 408.51341556770, 43.74201169477, 4.12500003222, 0.00000000000, 0.00000001191, 0.00000001219
171, 50.00000000000, 427.83198427204, 70.78738950004, 4.12500003222, 0.00000000000, 0.00000000079, -0.00000001598
172, 50.00000000000, 442.70011234584, 48.31353786746, 4.12500003222, 0.00000000000, -0.00000001032, 0.00000001045
173, 50.00000000000, 471.73535999948, 21.70137464070, 4.12500003222, 0.00000000000, -0.00000000390, 0.00000001922
174, 50.00000000000, 485.78582677257, -30000000.00000000000, 0.00000000000, 0.00000000000, -0.00000092903, 0.66000001198
175, 50.00000000000, 511.91204690336, 40.84596205545, 4.12500003222, 0.00000000000, 0.00000000750, 0.00000001952
176, 50.00000000000, 520.16067831043, -30000000.00000000000, 0.00000000000, 0.00000000000, 0.00000073755, 0.66000001198
177, 50.00000000000, 540.58807165255, -30000000.00000000000, 0.00000000000, 0.00000000000, -0.00000073199, 0.66000001198
178, 50.00000000000, 559.86991126488, 62.35212015756, 4.12500003222, 0.00000000000, 0.00000000056, 0.00000000033
179, 50.00000000000, 579.29650926158, 73.64888198303, 4.12500003222, 0.00000000000, 0.00000000069, -0.00000001582
180, 50.00000000000, 598.83451063888, 63.09289014759, 4.12500003222, 0.00000000000, -0.00000001168, -0.00000000097
181, 50.00000000000, 617.40509096566, 76.54200754663, 4.12500003222, 0.00000000000, 0.00000000712, 0.00000000244
182, 50.00000000000, 633.98213083587, 51.24346194245, 4.12500003222, 0.00000000000, 0.00000001142, 0.00000001244
183, 50.00000000000, 648.22510006315, 54.40654835916, 4.12500003222, 0.00000000000, 0.00000001058, -0.00000001883
184, 50.00000000000, 666.08568910382, 39.83655049902, 4.12500003222, 0.00000000000, 0.00000000383, 0.00000000189
185, 50.00000000000, 697.57836627702, -30000000.00000000000, 0.00000000000, 0.00000000000, -0.00000031553, 0.66000001198
186, 50.00000000000, 699.40824438273, 20.22440212689, 4.12500003222, 0.00000000000, -0.00000000009, -0.00000000191
187, 50.00000000000, 719.80398739288, 48.51429466011, 4.12500003222, 0.00000000000, -0.00000000318, 0.00000001831
188, 50.00000000000, 739.10568804189, 22.69258462645, 4.12500003222, 0.00000000000, 0.00000000121, 0.00000001674
189, 50.00000000000, 759.34903722492, 9.77894040363, 4.12500003222, 0.00000000000, -0.00000000278, 0.00000000164
190, 50.00000000000, 771.68757567234, 23.25895909210, 4.12500003222, 0.00000000000, 0.00000000279, 0.00000001859
191, 50.00000000000, 787.47845008479, 39.13976748117, 4.12500003222, 0.00000000000, -0.00000000158, -0.00000000726
192, 50.00000000000, 806.91186351029, 31.01772265739, 4.12500003222, 0.00000000000, -0.00000000814, 0.00000001037
193, 50.00000000000, 828.27854227345, 37.81989522094, 4.12500003222, 0.00000000000, 0.00000000302, 0.00000001334
194, 50.00000000000, 845.05369662778, 54.79447216145, 4.12500003222, 0.00000000000, -0.00000001432, 0.00000001362
195, 50.00000000000, 867.22246140335, 43.81472739018, 4.12500003222, 0.00000000000, 0.00000000846, -0.00000003337
196, 50.00000000000, 883.52646920551, 44.22858943058, 4.12500003222, 0.00000000000, 0.00000001576, -0.00000000413
197, 50.00000000000, 893.84153607563, 62.72121479727, 4.12500003222, 0.00000000000, -0.00000000291, 0.00000001369
198, 50.00000000000, 921.01664936927, 44.41427762282, 4.12500003222, 0.00000000000, -0.00000001685, -0.00000002628
199, 50.00000000000, 932.64081016871, 65.15875147273, 4.12500003222, 0.00000000000, 0.00000000116, 0.00000002637
200, 50.00000000000, 46.24278298605, 73.60948714084, 4.12500003222, 0.00000000000, 0.00000000079, 0.00000000313
201, 50.00000000000, 60.18599137495, 57.30048865813, 4.12500003222, 0.00000000000, 0.00000000242, 0.00000001711
202, 50.00000000000, 83.28443855637, 64.21357915360, 4.12500003222, 0.00000000000, -0.00000000510, -0.00000000569
203, 50.00000000000, 100.92517301842, 77.29266220877, 4.12500003222, 0.00000000000, 0.00000000442, 0.00000001526
204, 50.00000000000, 116.78472331774, 64.00285530168, 4.12500003222, 0.00000000000, 0.00000000738, -0.00000000625
205, 50.00000000000, 134.31914215818, 55.32642962958, 4.12500003222, 0.00000000000, -0.00000000279, 0.00000000267
206, 50.00000000000, 148.21402944312, 45.76323609670, 4.12500003222, 0.00000000000, -0.00000000566, -0.00000000897
207, 50.00000000000, 169.74551171351, 55.19842886992, 4.12500003222, 0.00000000000, -0.00000000022, -0.00000000483
208, 50.00000000000, 183.05699597818, 36.67636910172, 4.12500003222, 0.00000000000, -0.00000001058, 0.00000002188
209, 50.00000000000, 205.33370472338, 58.26707860293, 4.12500003222, 0.00000000000, -0.00000000753, -0.00000001470
210, 50.00000000000, 220.84562146377, 51.64536500550, 4.12500003222, 0.00000000000, -0.00000000389, -0.00000002077
211, 50.00000000000, 242.32588472074, 39.73493689471, 4.12500003222, 0.00000000000, -0.00000000529, 0.00000000314
212, 50.00000000000, 265.39468016835, 44.29085507269, 4.12500003222, 0.00000000000, 0.00000000210, -0.00000002080
213, 50.00000000000, 273.93733870139, 64.67019513909, 4.12500003222, 0.00000000000, 0.00000000050, 0.00000001111
214, 50.00000000000, 299.90535842677, 45.12149578679, 4.12500003222, 0.00000000000, -0.00000000227, -0.00000001179
215, 50.00000000000, 308.81475240048, 68.35746396666, 4.12500003222, 0.00000000000, 0.00000000514, 0.00000001162
216, 50.00000000000, 322.34755010605, -30000000.00000000000, 0.00000000000, 0.00000000000, 0.00000022978, 0.66000001198
217, 50.00000000000, 353.27950835521, 72.29663122954, 4.12500003222, 0.00000000000, 0.00000000306, -0.00000001268
218, 50.00000000000, 359.13112409815, -30000000.00000000000, 0.00000000000, 0.00000000000, 0.00000055342, 0.66000001198
219, 50.00000000000, 398.33326000751, 36.05466882552, 4.12500003222, 0.00000000000, -0.00000000684, -0.00000000132
220, 50.00000000000, 409.76950115171, 66.96828035536, 4.12500003222, 0.00000000000, 0.00000000536, 0.00000003556
221, 50.00000000000, 425.78683081704, 59.96681303816, 4.12500003222, 0.00000000000, -0.00000000633, 0.00000004461
222, 50.00000000000, 461.34324420325, 78.70102737448, 4.12500003222, 0.00000000000, -0.00000000177, -0.00000001764
223, 50.00000000000, 465.25681311222, 59.61852009450, 4.12500003222, 0.00000000000, 0.00000000282, 0.00000002382
224, 50.00000000000, 481.62611277719, 74.66831964994, 4.12500003222, 0.00000000000, -0.00000000021, -0.00000002293
225, 50.00000000000, 501.86626224727, 79.57912048316, 4.12500003222, 0.00000000000, 0.00000000068, 0.00000000548
226, 50.00000000000, 522.90216693067, 71.63752293899, 4.12500003222, 0.00000000000, 0.00000000189, -0.00000001367
227, 50.00000000000, 539.76249280605, 62.29444394797, 4.12500003222, 0.00000000000, 0.00000000018, 0.00000000580
228, 50.00000000000, 554.87319296847, 44.53558713466, 4.12500003222, 0.00000000000, -0.00000000527, -0.00000000201
229, 50.00000000000, 577.78764605067, -30000000.00000000000, 0.00000000000, 0.00000000000, -0.00000046634, 0.66000001198
230, 50.00000000000, 598.59812403665, 78.04046804209, 4.12500003222, 0.00000000000, 0.00000000123, -0.00000000602
231, 50.00000000000, 612.88864931002, 58.02543654082, 4.12500003222, 0.00000000000, -0.00000000213, 0.00000000504
232, 50.00000000000, 637.63827472827, 75.26893055046, 4.12500003222, 0.00000000000, -0.00000001483, 0.00000000817
233, 50.00000000000, 650.67838915627, 44.58061223823, 4.12500003222, 0.00000000000, 0.00000000845, 0.00000000030
234, 50.00000000000, 669.15881793525, 56.55983109843, 4.12500003222, 0.00000000000, -0.00000000682, -0.00000000396
235, 50.00000000000, 684.42544611195, 39.85738847469, 4.12500003222, 0.00000000000, -0.00000000325, -0.00000000916
236, 50.00000000000, 700.84262064178, 43.83408502790, 4.12500003222, 0.00000000000, -0.00000000165, -0.00000001931
237, 50.00000000000, 718.98501091597, 12.38727153556, 4.12500003222, 0.00000000000, -0.00000000236, -0.00000001901
238, 50.00000000000, 738.57273533772, 43.94860116556, 4.12500003222, 0.00000000000, -0.00000000390, 0.00000000248
239, 50.00000000000, 754.45326532632, 42.10810636121, 4.12500003222, 0.00000000000, 0.00000000113, -0.00000000520
240, 50.00000000000, 771.23360108056, 46.01189219917, 4.12500003222, 0.00000000000, -0.00000000379, -0.00000001258
241, 50.00000000000, 789.62179152997, 29.96079097802, 4.12500003222, 0.00000000000, 0.00000000349, -0.00000003117
242, 50.00000000000, 810.25069745425, 40.98130272166, 4.12500003222, 0.00000000000, 0.00000000192, 0.00000001571
243, 50.00000000000, 825.04991322813, 46.14850396208, 4.12500003222, 0.00000000000, -0.00000000358, -0.00000001023
244, 50.00000000000, 838.20078796829, 55.57239898238, 4.12500003222, 0.00000000000, -0.00000001091, -0.00000000872
245, 50.00000000000, 858.52838757185, 63.39924075866, 4.12500003222, 0.00000000000, 0.00000000130, 0.00000000153
246, 50.00000000000, 876.05160059435, 66.44656043039, 4.12500003222, 0.00000000000, 0.00000000099, 0.00000000298
247, 50.00000000000, 898.37693721304, 44.64506609377, 4.12500003222, 0.00000000000, 0.00000001485, -0.00000002670
248, 50.00000000000, 908.84964512237, 65.77025066205, 4.12500003222, 0.00000000000, -0.00000000471, -0.00000000085
249, 50.00000000000, 923.25011983240, 63.29029362617, 4.12500003222, 0.00000000000, -0.00000000541, 0.00000004077
250, 50.00000000000, 39.76287570228, 58.95886984255, 4.12500003222, 0.00000000000, 0.00000000520, 0.00000000666
251, 50.00000000000, 61.68302016380, 66.81312471697, 4.12500003222, 0.00000000000, 0.00000000076, 0.00000001107
252, 50.00000000000, 76.48213273055, 72.84584090978, 4.12500003222, 0.00000000000, -0.00000000535, -0.00000000712
253, 50.00000000000, 87.05307159591, 85.85738711615, 4.12500003222, 0.00000000000, 0.00000001155, -0.00000000267
254, 50.00000000000, 111.46326180699, 46.89458008216, 4.12500003222, 0.00000000000, 0.00000000377, -0.00000002406
255, 50.00000000000, 131.89462921178, 76.52098372676, 4.12500003222, 0.00000000000, 0.00000000512, -0.00000000385
256, 50.00000000000, 149.64118677544, 68.17658468070, 4.12500003222, 0.00000000000, -0.00000000101, 0.00000000073
257, 50.00000000000, 167.83121764936, 73.12087903020, 4.12500003222, 0.00000000000, -0.00000000302, -0.00000001292
258, 50.00000000000, 186.18432997948, 71.67033899620, 4.12500003222, 0.00000000000, 0.00000000213, 0.00000002739
259, 50.00000000000, 202.81649527062, 76.95320544390, 4.12500003222, 0.00000000000, -0.00000000353, -0.00000000196
260, 50.00000000000, 222.21594564949, 68.92427667639, 4.12500003222, 0.00000000000, -0.00000000342, 0.00000001407
261, 50.00000000000, 239.16093140653, 80.96145561743, 4.12500003222, 0.00000000000, -0.00000000080, -0.00000000534
262, 50.00000000000, 257.18618852545, 54.24918912408, 4.12500003222, 0.00000000000, -0.00000000153, 0.00000000497
263, 50.00000000000, 273.75103682509, 83.12412285407, 4.12500003222, 0.00000000000, 0.00000000328, -0.00000000550
264, 50.00000000000, 292.64584560220, 79.93351991918, 4.12500003222, 0.00000000000, 0.00000000535, -0.00000000517
265, 50.00000000000, 320.21094103376, 61.10670319385, 4.12500003222, 0.00000000000, 0.00000000727, 0.00000001502
266, 50.00000000000, 338.67911609371, 54.23196254864, 4.12500003222, 0.00000000000, -0.00000000201, 0.00000001951
267, 50.00000000000, 353.18799151842, 58.47722627685, 4.12500003222, 0.00000000000, 0.00000001193, 0.00000000366
268, 50.00000000000, 371.06771306688, 56.22998277250, 4.12500003222, 0.00000000000, 0.00000000095, 0.00000000254
269, 50.00000000000, 390.01658706734, 54.43732178397, 4.12500003222, 0.00000000000, -0.00000000679, 0.00000000769
270, 50.00000000000, 406.57383795714, 57.18482378764, 4.12500003222, 0.00000000000, -0.00000000126, -0.00000001534
271, 50.00000000000, 428.96861521190, 51.50065948323, 4.12500003222, 0.00000000000, -0.00000000302, -0.00000004212
272, 50.00000000000, 443.95436317553, 71.16216137377, 4.12500003222, 0.00000000000, 0.00000000864, -0.00000000507
273, 50.00000000000, 460.61219860790, 41.20484508572, 4.12500003222, 0.00000000000, 0.00000001286, -0.00000004711
274, 50.00000000000, 487.44489085735, 61.78465604257, 4.12500003222, 0.00000000000, -0.00000000598, -0.00000000834
275, 50.00000000000, 503.24909794643, 61.66391273869, 4.12500003222, 0.00000000000, 0.00000000053, -0.00000001818
276, 50.00000000000, 520.29211343950, 52.07134036579, 4.12500003222, 0.00000000000, -0.00000000430, -0.00000002684
277, 50.00000000000, 544.14278341146, 77.35367048768, 4.12500003222, 0.00000000000, 0.00000000212, -0.00000001103
278, 50.00000000000, 558.05942854432, 125.40726909855, 4.12500003222, 0.00000000000, 0.00000000000, 0.00000000000
279, 50.00000000000, 585.06897547256, 93.10869302290, 4.12500003222, 0.00000000000, 0.00000000200, 0.00000002989
280, 50.00000000000, 587.88630756750, 114.57312530062, 4.12500003222, 0.00000000000, -0.00000000322, -0.00000002461
281, 50.00000000000, 612.28375252898, 44.53678850628, 4.12500003222, 0.00000000000, -0.00000000315, 0.00000000546
282, 50.00000000000, 630.32889583773, 60.87416807198, 4.12500003222, 0.00000000000, -0.00000000083, 0.00000001506
283, 50.00000000000, 652.70778786549, 67.67328304537, 4.12500003222, 0.00000000000, -0.00000001036, -0.00000002461
284, 50.00000000000, 672.65996216987, 75.04359131530, 4.12500003222, 0.00000000000, 0.00000000068, 0.00000002487
285, 50.00000000000, 688.26085204947, 61.14596791583, 4.12500003222, 0.00000000000, -0.00000000019, -0.00000000403
286, 50.00000000000, 707.67791890192, 64.16864513153, 4.12500003222, 0.00000000000, 0.00000000906, -0.00000000380
287, 50.00000000000, 714.54576751090, 83.88279849112, 4.12500003222, 0.00000000000, 0.00000000014, 0.00000000039
288, 50.00000000000, 732.05653899914, 31.99853121958, 4.12500003222, 0.00000000000, 0.00000000144, -0.00000001761
289, 50.00000000000, 754.15589518874, 31.01812597844, 4.12500003222, 0.00000000000, -0.00000000465, -0.00000001993
290, 50.00000000000, 773.31207708002, 30.88545526647, 4.12500003222, 0.00000000000, 0.00000000369, -0.00000000668
291, 50.00000000000, 790.23439212911, 50.02526163950, 4.12500003222, 0.00000000000, 0.00000000433, 0.00000001641
292, 50.00000000000, 805.39720848259, 48.88393521655, 4.12500003222, 0.00000000000, 0.00000000196, 0.00000000980
293, 50.00000000000, 829.11961593364, 72.06573752913, 4.12500003222, 0.00000000000, 0.00000000147, 0.00000000051
294, 50.00000000000, 845.73389831471, 73.16027419110, 4.12500003222, 0.00000000000, 0.00000000787, 0.00000000623
295, 50.00000000000, 865.57960728607, 30.98307052851, 4.12500003222, 0.00000000000, -0.00000000500, -0.00000003781
296, 50.00000000000, 866.54435219248, 82.88440709767, 4.12500003222, 0.00000000000, -0.00000000333, 0.00000000165
297, 50.00000000000, 889.99196626100, 81.21395659220, 4.12500003222, 0.00000000000, -0.00000000346, -0.00000001012
298, 50.00000000000, 910.44853731022, 78.10729740748, 4.12500003222, 0.00000000000, 0.00000000490, -0.00000002830
299, 50.00000000000, 926.46419805394, 82.63074416275, 4.12500003222, 0.00000000000, 0.00000001424, 0.00000001377
