0, 50.00000000000, 69.33319234747, 24.28668880378, 4.12500003222, 0.00000000000, -0.00000000528, -0.00000001562
1, 50.00000000000, 73.21015069969, 10.62618032739, 4.12500003222, 0.00000000000, 0.00000000180, 0.00000001905
2, 50.00000000000, 91.54866307921, 46.26786901450, 4.12500003222, 0.00000000000, -0.00000000126, 0.00000000088
3, 50.00000000000, 108.95168344356, 11.91269882610, 4.12500003222, 0.00000000000, -0.00000000177, 0.00000000993
4, 50.00000000000, 129.87248686246, 3.90930106705, 4.12500003222, 0.00000000000, -0.00000000502, -0.00000002172
5, 50.00000000000, 146.25696541115, 10.71273621633, 4.12500003222, 0.00000000000, 0.00000000149, 0.00000000569
6, 50.00000000000, 161.02565064285, 12.21279533153, 4.12500003222, 0.00000000000, 0.00000000041, 0.00000000351
7, 50.00000000000, 177.10014314617, 6.65154345769, 4.12500003222, 0.00000000000, 0.00000000523, -0.00000000231
8, 50.00000000000, 198.58614399244, 5.17125398410, 4.12500003222, 0.00000000000, -0.00000000331, 0.00000001597
9, 50.00000000000, 216.40248045072, 12.34634173632, 4.12500003222, 0.00000000000, -0.00000000418, 0.00000000781
10, 50.00000000000, 206.61733946636, -30000000.00000000000, 0.00000000000, 0.00000000000, 0.00000118924, 0.66000001198
11, 50.00000000000, 228.80667295857, -30000000.00000000000, 0.00000000000, 0.00000000000, -0.00000014657, 0.66000001198
12, 50.00000000000, 247.83424767056, -30000000.00000000000, 0.00000000000, 0.00000000000, -0.00000088452, 0.66000001198
13, 50.00000000000, 290.72771020923, 41.84236392237, 4.12500003222, 0.00000000000, -0.00000000055, 0.00000001765
14, 50.00000000000, 286.13228018174, -30000000.00000000000, 0.00000000000, 0.00000000000, -0.00000014140, 0.66000001198
15, 50.00000000000, 303.42353755728, -30000000.00000000000, 0.00000000000, 0.00000000000, 0.00000061270, 0.66000001198
16, 50.00000000000, 323.59744548703, -30000000.00000000000, 0.00000000000, 0.00000000000, 0.00000004321, 0.66000001198
17, 50.00000000000, 340.47207938337, -30000000.00000000000, 0.00000000000, 0.00000000000, 0.00000047967, 0.66000001198
18, 50.00000000000, 363.04494036244, -30000000.00000000000, 0.00000000000, 0.00000000000, -0.00000005065, 0.66000001198
19, 50.00000000000, 384.03668296329, -30000000.00000000000, 0.00000000000, 0.00000000000, -0.00000114722, 0.66000001198
20, 50.00000000000, 419.94771763985, 45.28647915199, 4.12500003222, 0.00000000000, 0.00000000265, -0.00000001942
21, 50.00000000000, 423.24912732981, -30000000.00000000000, 0.00000000000, 0.00000000000, 0.00000029416, 0.66000001198
22, 50.00000000000, 445.65472486041, -30000000.00000000000, 0.00000000000, 0.00000000000, -0.00000047619, 0.66000001198
23, 50.00000000000, 459.61323870140, -30000000.00000000000, 0.00000000000, 0.00000000000, 0.00000033825, 0.66000001198
24, 50.00000000000, 478.77037293199, -30000000.00000000000, 0.00000000000, 0.00000000000, -0.00000015733, 0.66000001198
25, 50.00000000000, 499.25836901401, -30000000.00000000000, 0.00000000000, 0.00000000000, 0.00000055928, 0.66000001198
26, 50.00000000000, 519.83089706424, -30000000.00000000000, 0.00000000000, 0.00000000000, 0.00000077868, 0.66000001198
27, 50.00000000000, 539.95500995752, -30000000.00000000000, 0.00000000000, 0.00000000000, -0.00000063235, 0.66000001198
28, 50.00000000000, 558.84808860501, -30000000.00000000000, 0.00000000000, 0.00000000000, -0.00000010571, 0.66000001198
29, 50.00000000000, 570.42054834539, 25.31479201954, 4.12500003222, 0.00000000000, -0.00000000656, 0.00000002563
30, 50.00000000000, 597.23162349900, -30000000.00000000000, 0.00000000000, 0.00000000000, 0.00000002654, 0.66000001198
31, 50.00000000000, 618.23892472634, -30000000.00000000000, 0.00000000000, 0.00000000000, 0.00000038299, 0.66000001198
32, 50.00000000000, 638.19624188440, -30000000.00000000000, 0.00000000000, 0.00000000000, -0.00000057392, 0.66000001198
33, 50.00000000000, 659.67344476441, -30000000.00000000000, 0.00000000000, 0.00000000000, -0.00000043632, 0.66000001198
34, 50.00000000000, 676.38244716116, -30000000.00000000000, 0.00000000000, 0.00000000000, 0.00000028378, 0.66000001198
35, 50.00000000000, 689.01491712432, -30000000.00000000000, 0.00000000000, 0.00000000000, 0.00000033751, 0.66000001198
36, 50.00000000000, 713.96382053077, -30000000.00000000000, 0.00000000000, 0.00000000000, -0.00000028086, 0.66000001198
37, 50.00000000000, 729.51702513903, -30000000.00000000000, 0.00000000000, 0.00000000000, 0.00000062359, 0.66000001198
38, 50.00000000000, 726.54516243980, 10.06958776453, 4.12500003222, 0.00000000000, -0.00000000250, -0.00000003379
39, 50.00000000000, 776.30856629545, -30000000.00000000000, 0.00000000000, 0.00000000000, 0.00000014019, 0.66000001198
40, 50.00000000000, 793.43561098269, -30000000.00000000000, 0.00000000000, 0.00000000000, -0.00000072272, 0.66000001198
41, 50.00000000000, 764.29261642950, 9.32741391579, 4.12500003222, 0.00000000000, -0.00000000392, -0.00000002462
42, 50.00000000000, 786.86777933137, 7.37828804492, 4.12500003222, 0.00000000000, -0.00000000351, 0.00000001476
43, 50.00000000000, 811.97327317492, 7.89029348581, 4.12500003222, 0.00000000000, 0.00000000529, -0.00000002670
44, 50.00000000000, 832.52908048686, 31.18901817866, 4.12500003222, 0.00000000000, -0.00000000436, -0.00000005128
45, 50.00000000000, 843.64311177330, 30.22611775121, 4.12500003222, 0.00000000000, -0.00000000065, -0.00000004558
46, 50.00000000000, 868.43512111628, 11.30653019436, 4.12500003222, 0.00000000000, 0.00000001071, -0.00000001811
47, 50.00000000000, 882.00249659649, 15.11879905412, 4.12500003222, 0.00000000000, 0.00000000521, -0.00000000815
48, 50.00000000000, 913.97414892016, 9.14552993811, 4.12500003222, 0.00000000000, 0.00000000126, -0.00000001882
49, 50.00000000000, 934.91624588466, 9.82234531842, 4.12500003222, 0.00000000000, -0.00000000252, 0.00000000680
50, 50.00000000000, 53.49745098438, 8.67073592340, 4.12500003222, 0.00000000000, 0.00000001068, 0.00000002345
51, 50.00000000000, 72.73572180901, 42.59518076580, 4.12500003222, 0.00000000000, -0.00000000222, 0.00000001679
52, 50.00000000000, 89.91007360139, 12.99340377573, 4.12500003222, 0.00000000000, 0.00000000135, -0.00000001866
53, 50.00000000000, 107.70822517136, 43.88009992054, 4.12500003222, 0.00000000000, 0.00000000288, -0.00000000128
54, 50.00000000000, 122.16098435120, 33.01358849048, 4.12500003222, 0.00000000000, -0.00000000248, -0.00000000729
55, 50.00000000000, 142.06334482176, 21.80854576603, 4.12500003222, 0.00000000000, -0.00000000061, 0.00000001383
56, 50.00000000000, 159.11716632252, 33.86323468301, 4.12500003222, 0.00000000000, -0.00000000309, 0.00000004215
57, 50.00000000000, 180.89126644282, 20.70639107094, 4.12500003222, 0.00000000000, 0.00000000608, 0.00000000708
58, 50.00000000000, 193.20296558483, 16.32782938692, 4.12500003222, 0.00000000000, 0.00000001657, 0.00000001296
59, 50.00000000000, 218.53329396417, 33.28955355803, 4.12500003222, 0.00000000000, 0.00000000412, -0.00000002136
60, 50.00000000000, 237.70322375137, 43.45836623694, 4.12500003222, 0.00000000000, 0.00000000004, -0.00000000609
61, 50.00000000000, 221.57541063833, -30000000.00000000000, 0.00000000000, 0.00000000000, 0.00000112567, 0.66000001198
62, 50.00000000000, 245.59968821445, -30000000.00000000000, 0.00000000000, 0.00000000000, -0.00000049258, 0.66000001198
63, 50.00000000000, 265.37796765786, -30000000.00000000000, 0.00000000000, 0.00000000000, -0.00000042699, 0.66000001198
64, 50.00000000000, 285.88134886885, -30000000.00000000000, 0.00000000000, 0.00000000000, -0.00000011660, 0.66000001198
65, 50.00000000000, 326.53718282324, 45.12174710032, 4.12500003222, 0.00000000000, 0.00000000628, -0.00000001528
66, 50.00000000000, 325.16594129052, -30000000.00000000000, 0.00000000000, 0.00000000000, -0.00000019633, 0.66000001198
67, 50.00000000000, 346.73370231404, -30000000.00000000000, 0.00000000000, 0.00000000000, -0.00000062238, 0.66000001198
68, 50.00000000000, 365.08697008615, -30000000.00000000000, 0.00000000000, 0.00000000000, -0.00000036222, 0.66000001198
69, 50.00000000000, 380.57119893922, -30000000.00000000000, 0.00000000000, 0.00000000000, -0.00000069007, 0.66000001198
70, 50.00000000000, 400.19604101210, -30000000.00000000000, 0.00000000000, 0.00000000000, 0.00000016728, 0.66000001198
71, 50.00000000000, 420.53076961336, -30000000.00000000000, 0.00000000000, 0.00000000000, 0.00000059214, 0.66000001198
72, 50.00000000000, 439.96243034513, -30000000.00000000000, 0.00000000000, 0.00000000000, 0.00000027518, 0.66000001198
73, 50.00000000000, 480.35450154367, 24.95686514003, 4.12500003222, 0.00000000000, -0.00000000673, -0.00000002327
74, 50.00000000000, 493.96090350397, 10.96992161826, 4.12500003222, 0.00000000000, -0.00000000257, 0.00000000371
75, 50.00000000000, 513.49654808431, 8.13675531078, 4.12500003222, 0.00000000000, -0.00000000300, -0.00000000684
76, 50.00000000000, 517.16575416509, -30000000.00000000000, 0.00000000000, 0.00000000000, 0.00000119260, 0.66000001198
77, 50.00000000000, 537.45103121759, -30000000.00000000000, 0.00000000000, 0.00000000000, -0.00000018725, 0.66000001198
78, 50.00000000000, 557.14258385624, -30000000.00000000000, 0.00000000000, 0.00000000000, 0.00000018966, 0.66000001198
79, 50.00000000000, 577.48187229434, -30000000.00000000000, 0.00000000000, 0.00000000000, -0.00000043423, 0.66000001198
80, 50.00000000000, 582.36604438200, 23.96304395688, 4.12500003222, 0.00000000000, -0.00000000501, 0.00000001642
81, 50.00000000000, 616.38209439551, -30000000.00000000000, 0.00000000000, 0.00000000000, 0.00000061901, 0.66000001198
82, 50.00000000000, 638.48843691888, -30000000.00000000000, 0.00000000000, 0.00000000000, -0.00000060972, 0.66000001198
83, 50.00000000000, 652.42718411292, -30000000.00000000000, 0.00000000000, 0.00000000000, 0.00000052019, 0.66000001198
84, 50.00000000000, 657.10190854320, 8.60327347733, 4.12500003222, 0.00000000000, 0.00000000386, -0.00000000930
85, 50.00000000000, 699.45105871025, -30000000.00000000000, 0.00000000000, 0.00000000000, -0.00000060012, 0.66000001198
86, 50.00000000000, 719.36195850177, -30000000.00000000000, 0.00000000000, 0.00000000000, -0.00000044453, 0.66000001198
87, 50.00000000000, 736.09359109568, -30000000.00000000000, 0.00000000000, 0.00000000000, -0.00000024452, 0.66000001198
88, 50.00000000000, 757.80470467224, -30000000.00000000000, 0.00000000000, 0.00000000000, -0.00000047411, 0.66000001198
89, 50.00000000000, 776.84769241845, -30000000.00000000000, 0.00000000000, 0.00000000000, 0.00000006921, 0.66000001198
90, 50.00000000000, 791.09480496037, -30000000.00000000000, 0.00000000000, 0.00000000000, -0.00000046688, 0.66000001198
91, 50.00000000000, 775.99842799682, 13.80518698180, 4.12500003222, 0.00000000000, -0.00000000518, 0.00000001666
92, 50.00000000000, 798.73034758540, 12.35112195381, 4.12500003222, 0.00000000000, -0.00000000332, 0.00000001178
93, 50.00000000000, 814.93947843506, 22.95655880939, 4.12500003222, 0.00000000000, 0.00000000836, 0.00000004436
94, 50.00000000000, 829.89849405309, 10.83661808415, 4.12500003222, 0.00000000000, 0.00000000946, -0.00000000267
95, 50.00000000000, 846.56857261008, 41.80224024107, 4.12500003222, 0.00000000000, 0.00000001568, 0.00000001802
96, 50.00000000000, 865.29468635755, 24.41937375680, 4.12500003222, 0.00000000000, -0.00000000080, 0.00000002855
97, 50.00000000000, 893.92055968111, 7.85527694880, 4.12500003222, 0.00000000000, 0.00000000104, -0.00000000202
98, 50.00000000000, 903.03822154344, 25.47234175688, 4.12500003222, 0.00000000000, -0.00000000180, 0.00000000360
99, 50.00000000000, 922.68595209682, 26.74396250200, 4.12500003222, 0.00000000000, 0.00000001227, -0.00000000348
100, 50.00000000000, 56.34377389263, 27.21483337846, 4.12500003222, 0.00000000000, -0.00000000273, -0.00000000642
101, 50.00000000000, 77.62444625200, 33.06271970657, 4.12500003222, 0.00000000000, -0.00000000205, -0.00000000969
102, 50.00000000000, 90.86534352044, 28.54806244117, 4.12500003222, 0.00000000000, 0.00000000360, -0.00000002163
103, 50.00000000000, 107.14425261745, 28.73473449328, 4.12500003222, 0.00000000000, -0.00000000643, -0.00000001884
104, 50.00000000000, 125.07997261663, 14.34076994588, 4.12500003222, 0.00000000000, -0.00000000511, -0.00000000487
105, 50.00000000000, 143.87023722780, 31.76052858488, 4.12500003222, 0.00000000000, 0.00000000280, 0.00000003165
106, 50.00000000000, 163.72323654404, 24.11482014680, 4.12500003222, 0.00000000000, 0.00000000048, -0.00000001773
107, 50.00000000000, 182.61844834204, 40.17069539796, 4.12500003222, 0.00000000000, -0.00000001515, -0.00000006030
108, 50.00000000000, 202.44197239909, 48.89389248697, 4.12500003222, 0.00000000000, 0.00000000044, -0.00000000244
109, 50.00000000000, 201.56910130151, 27.05378139804, 4.12500003222, 0.00000000000, -0.00000000068, -0.00000003379
110, 50.00000000000, 204.13019430052, -30000000.00000000000, 0.00000000000, 0.00000000000, 0.00000146132, 0.66000001198
111, 50.00000000000, 225.97911160098, -30000000.00000000000, 0.00000000000, 0.00000000000, 0.00000035024, 0.66000001198
112, 50.00000000000, 243.22866825318, -30000000.00000000000, 0.00000000000, 0.00000000000, -0.00000007599, 0.66000001198
113, 50.00000000000, 264.01523328468, -30000000.00000000000, 0.00000000000, 0.00000000000, -0.00000022451, 0.66000001198
114, 50.00000000000, 298.87020189700, 60.10120430087, 4.12500003222, 0.00000000000, -0.00000000614, 0.00000000066
115, 50.00000000000, 327.98710044723, 36.77548230283, 4.12500003222, 0.00000000000, 0.00000000465, 0.00000001608
116, 50.00000000000, 345.36662824736, 34.09567093960, 4.12500003222, 0.00000000000, -0.00000000165, 0.00000000590
117, 50.00000000000, 364.36363892553, 28.54591352182, 4.12500003222, 0.00000000000, -0.00000000373, 0.00000001044
118, 50.00000000000, 380.92433366364, 60.64094357665, 4.12500003222, 0.00000000000, 0.00000000444, 0.00000000045
119, 50.00000000000, 399.76231313499, 54.70247389858, 4.12500003222, 0.00000000000, 0.00000000144, 0.00000002480
120, 50.00000000000, 417.41090193069, 70.28705766003, 4.12500003222, 0.00000000000, -0.00000000039, 0.00000000162
121, 50.00000000000, 429.25249793920, 28.88018489222, 4.12500003222, 0.00000000000, 0.00000000056, -0.00000000716
122, 50.00000000000, 455.47359388461, 50.68344440635, 4.12500003222, 0.00000000000, 0.00000000075, -0.00000001973
123, 50.00000000000, 463.27277056720, -30000000.00000000000, 0.00000000000, 0.00000000000, -0.00000014459, 0.66000001198
124, 50.00000000000, 485.97181450999, 33.83346628933, 4.12500003222, 0.00000000000, 0.00000000337, -0.00000002050
125, 50.00000000000, 501.47710004072, 26.73291347883, 4.12500003222, 0.00000000000, -0.00000000599, 0.00000000499
126, 50.00000000000, 532.99771309484, 12.09771070265, 4.12500003222, 0.00000000000, 0.00000000241, -0.00000001787
127, 50.00000000000, 536.89360660883, 28.18333293894, 4.12500003222, 0.00000000000, 0.00000000528, 0.00000000533
128, 50.00000000000, 569.37455759063, 7.91400165598, 4.12500003222, 0.00000000000, 0.00000000856, -0.00000002969
129, 50.00000000000, 576.61646019143, -30000000.00000000000, 0.00000000000, 0.00000000000, -0.00000033124, 0.66000001198
130, 50.00000000000, 588.16562018728, 10.93519988677, 4.12500003222, 0.00000000000, 0.00000000081, -0.00000002306
131, 50.00000000000, 618.08911256773, -30000000.00000000000, 0.00000000000, 0.00000000000, 0.00000039761, 0.66000001198
132, 50.00000000000, 620.60425158980, 11.85424774531, 4.12500003222, 0.00000000000, 0.00000000131, -0.00000005252
133, 50.00000000000, 638.50119137344, 8.67235072614, 4.12500003222, 0.00000000000, -0.00000000476, 0.00000000879
134, 50.00000000000, 673.04033556423, -30000000.00000000000, 0.00000000000, 0.00000000000, 0.00000079810, 0.66000001198
135, 50.00000000000, 674.88370671807, 11.48621576048, 4.12500003222, 0.00000000000, -0.00000000572, -0.00000001443
136, 50.00000000000, 694.36624790911, 23.62195071958, 4.12500003222, 0.00000000000, 0.00000000915, 0.00000000765
137, 50.00000000000, 707.20399169129, 25.83799525570, 4.12500003222, 0.00000000000, -0.00000000679, -0.00000002025
138, 50.00000000000, 748.70604574178, -30000000.00000000000, 0.00000000000, 0.00000000000, 0.00000072691, 0.66000001198
139, 50.00000000000, 738.62396091079, 23.51452988070, 4.12500003222, 0.00000000000, 0.00000000751, 0.00000000200
140, 50.00000000000, 796.60859583786, -30000000.00000000000, 0.00000000000, 0.00000000000, -0.00000107220, 0.66000001198
141, 50.00000000000, 780.63946901751, 25.09809602043, 4.12500003222, 0.00000000000, -0.00000001429, -0.00000001775
142, 50.00000000000, 796.37163724387, 23.87286708575, 4.12500003222, 0.00000000000, 0.00000000604, -0.00000002102
143, 50.00000000000, 809.75395475285, 55.86335444935, 4.12500003222, 0.00000000000, -0.00000000881, -0.00000002454
144, 50.00000000000, 829.88294540153, 23.59335737215, 4.12500003222, 0.00000000000, 0.00000000363, -0.00000004979
145, 50.00000000000, 846.79114165038, 9.83778525152, 4.12500003222, 0.00000000000, -0.00000002305, 0.00000001920
146, 50.00000000000, 862.08586015348, 43.73254718674, 4.12500003222, 0.00000000000, 0.00000001083, 0.00000001558
147, 50.00000000000, 886.94832216813, 26.93476859214, 4.12500003222, 0.00000000000, -0.00000001021, -0.00000001991
148, 50.00000000000, 896.46880548277, 47.59960192142, 4.12500003222, 0.00000000000, 0.00000000759, 0.00000002790
149, 50.00000000000, 919.83592003386, 44.12816516723, 4.12500003222, 0.00000000000, -0.00000000705, -0.00000001674
150, 50.00000000000, 54.51989365205, 41.36999605247, 4.12500003222, 0.00000000000, -0.00000000430, 0.00000000233
151, 50.00000000000, 65.83454534772, 49.42296170072, 4.12500003222, 0.00000000000, 0.00000000183, -0.00000001347
152, 50.00000000000, 87.95698658422, 52.31694676420, 4.12500003222, 0.00000000000, -0.00000000784, 0.00000002498
153, 50.00000000000, 109.84970665917, 61.04752639303, 4.12500003222, 0.00000000000, -0.00000000414, 0.00000001239
154, 50.00000000000, 126.71874902594, 25.89255993298, 4.12500003222, 0.00000000000, 0.00000000759, -0.00000002989
155, 50.00000000000, 139.70664139119, 43.61997863509, 4.12500003222, 0.00000000000, 0.00000001265, -0.00000001328
156, 50.00000000000, 169.72388717308, 54.46330684410, 4.12500003222, 0.00000000000, -0.00000001004, -0.00000002432
157, 50.00000000000, 177.15632242675, 31.87023829805, 4.12500003222, 0.00000000000, 0.00000000963, 0.00000001615
158, 50.00000000000, 199.20527796803, 59.13285198591, 4.12500003222, 0.00000000000, 0.00000000421, -0.00000001287
159, 50.00000000000, 216.49516167949, 43.32207624216, 4.12500003222, 0.00000000000, -0.00000000166, 0.00000002765
160, 50.00000000000, 234.07032163851, 26.84877600740, 4.12500003222, 0.00000000000, -0.00000000296, -0.00000000676
161, 50.00000000000, 252.02264764158, 58.04891937554, 4.12500003222, 0.00000000000, -0.00000000374, 0.00000000328
162, 50.00000000000, 272.41306986120, 25.58061469564, 4.12500003222, 0.00000000000, -0.00000000331, 0.00000002079
163, 50.00000000000, 293.60910167850, 24.38899586723, 4.12500003222, 0.00000000000, 0.00000000183, -0.00000000185
164, 50.00000000000, 308.96951764953, 52.96838026132, 4.12500003222, 0.00000000000, -0.00000000296, -0.00000001872
165, 50.00000000000, 305.34692811772, -30000000.00000000000, 0.00000000000, 0.00000000000, 0.00000032003, 0.66000001198
166, 50.00000000000, 343.80355184118, 57.48428214306, 4.12500003222, 0.00000000000, -0.00000000271, -0.00000002561
167, 50.00000000000, 363.72124154296, 43.46776267480, 4.12500003222, 0.00000000000, -0.00000000246, -0.00000002849
168, 50.00000000000, 382.35601465747, 36.36122174893, 4.12500003222, 0.00000000000, -0.00000000630, -0.00000001474
169, 50.00000000000, 397.02120265083, 34.46375855240, 4.12500003222, 0.00000000000, 0.00000000544, -0.00000000932
170, 50.00000000000, 415.97651613729, 35.62611010307, 4.12500003222, 0.00000000000, 0.00000000700, 0.00000000558
171, 50.00000000000, 435.58749845770, 62.42012297717, 4.12500003222, 0.00000000000, -0.00000000234, -0.00000000131
172, 50.00000000000, 448.71825073362, 39.02820604603, 4.12500003222, 0.00000000000, -0.00000000546, 0.00000001948
173, 50.00000000000, 473.97336198271, 11.03007750674, 4.12500003222, 0.00000000000, 0.00000000322, 0.00000003644
174, 50.00000000000, 485.78582677257, -30000000.00000000000, 0.00000000000, 0.00000000000, -0.00000092903, 0.66000001198
175, 50.00000000000, 515.26541692426, 20.79576592640, 4.12500003222, 0.00000000000, -0.00000000070, 0.00000002418
176, 50.00000000000, 520.16067831043, -30000000.00000000000, 0.00000000000, 0.00000000000, 0.00000073755, 0.66000001198
177, 50.00000000000, 540.58807165255, -30000000.00000000000, 0.00000000000, 0.00000000000, -0.00000073199, 0.66000001198
178, 50.00000000000, 558.44283224239, 26.23687860144, 4.12500003222, 0.00000000000, -0.00000001286, 0.00000002196
179, 50.00000000000, 568.40644639499, 41.30675893298, 4.12500003222, 0.00000000000, -0.00000000459, 0.00000000641
180, 50.00000000000, 591.53077538633, 32.76605741240, 4.12500003222, 0.00000000000, 0.00000000117, -0.00000000053
181, 50.00000000000, 602.30138387624, 49.92043689648, 4.12500003222, 0.00000000000, 0.00000000417, 0.00000000538
182, 50.00000000000, 623.08736051445, 25.07749007002, 4.12500003222, 0.00000000000, 0.00000001356, -0.00000001637
183, 50.00000000000, 634.64117297824, 31.49934464295, 4.12500003222, 0.00000000000, 0.00000001924, 0.00000000180
184, 50.00000000000, 655.21102850679, 25.07742108991, 4.12500003222, 0.00000000000, -0.00000000207, 0.00000003396
185, 50.00000000000, 697.57836627702, -30000000.00000000000, 0.00000000000, 0.00000000000, -0.00000031553, 0.66000001198
186, 50.00000000000, 690.54702940885, 10.27535740452, 4.12500003222, 0.00000000000, 0.00000000365, -0.00000001391
187, 50.00000000000, 701.53625667927, 43.58320886504, 4.12500003222, 0.00000000000, -0.00000000383, 0.00000000929
188, 50.00000000000, 726.21201848562, 23.53739376083, 4.12500003222, 0.00000000000, -0.00000000066, -0.00000002650
189, 50.00000000000, 745.83534766222, 10.51844370660, 4.12500003222, 0.00000000000, -0.00000000588, 0.00000001768
190, 50.00000000000, 757.22793142807, 24.24177767007, 4.12500003222, 0.00000000000, 0.00000000182, -0.00000005067
191, 50.00000000000, 776.11128935207, 38.76024013966, 4.12500003222, 0.00000000000, 0.00000000202, 0.00000001760
192, 50.00000000000, 791.79496307158, 30.17523639169, 4.12500003222, 0.00000000000, -0.00000000121, 0.00000002988
193, 50.00000000000, 812.06091506889, 30.77603293179, 4.12500003222, 0.00000000000, 0.00000000092, 0.00000001608
194, 50.00000000000, 830.25107222233, 44.09423159574, 4.12500003222, 0.00000000000, -0.00000002102, -0.00000001510
195, 50.00000000000, 852.48491191168, 32.24220883228, 4.12500003222, 0.00000000000, 0.00000001038, -0.00000002017
196, 50.00000000000, 868.43688210123, 34.89298556485, 4.12500003222, 0.00000000000, 0.00000001043, -0.00000000668
197, 50.00000000000, 876.49193549735, 55.85245365413, 4.12500003222, 0.00000000000, -0.00000000524, -0.00000000962
198, 50.00000000000, 905.51233769310, 41.06979514500, 4.12500003222, 0.00000000000, 0.00000000070, 0.00000001889
199, 50.00000000000, 915.19522263341, 62.20970825036, 4.12500003222, 0.00000000000, -0.00000000296, -0.00000000888
200, 50.00000000000, 61.05082046217, 74.26538260020, 4.12500003222, 0.00000000000, -0.00000000224, -0.00000001290
201, 50.00000000000, 74.40682156092, 56.97920485299, 4.12500003222, 0.00000000000, 0.00000001220, 0.00000000966
202, 50.00000000000, 97.71100634612, 63.53954563502, 4.12500003222, 0.00000000000, -0.00000001050, 0.00000000297
203, 50.00000000000, 115.16619019491, 76.79440769524, 4.12500003222, 0.00000000000, -0.00000000198, 0.00000001131
204, 50.00000000000, 130.71775577990, 64.72219748360, 4.12500003222, 0.00000000000, 0.00000000151, 0.00000000150
205, 50.00000000000, 147.93972543472, 55.65215897190, 4.12500003222, 0.00000000000, 0.00000000580, -0.00000002060
206, 50.00000000000, 161.58950285747, 46.03208503237, 4.12500003222, 0.00000000000, -0.00000000216, 0.00000001578
207, 50.00000000000, 183.16575739173, 55.53510675116, 4.12500003222, 0.00000000000, -0.00000000575, 0.00000002150
208, 50.00000000000, 196.06216415767, 37.12053403886, 4.12500003222, 0.00000000000, -0.00000000842, 0.00000001623
209, 50.00000000000, 218.62279096763, 58.39959972005, 4.12500003222, 0.00000000000, -0.00000000170, 0.00000000226
210, 50.00000000000, 233.61073376829, 50.56888090482, 4.12500003222, 0.00000000000, 0.00000000219, -0.00000001581
211, 50.00000000000, 254.15126518531, 37.09507981686, 4.12500003222, 0.00000000000, 0.00000000313, 0.00000000616
212, 50.00000000000, 276.76952024516, 38.75828214084, 4.12500003222, 0.00000000000, -0.00000001216, 0.00000000783
213, 50.00000000000, 285.31243916318, 59.95761165110, 4.12500003222, 0.00000000000, 0.00000001193, 0.00000002349
214, 50.00000000000, 309.88089020499, 39.40516070762, 4.12500003222, 0.00000000000, 0.00000000074, 0.00000001713
215, 50.00000000000, 320.43539726888, 62.20077499307, 4.12500003222, 0.00000000000, -0.00000000606, -0.00000000273
216, 50.00000000000, 322.34755010605, -30000000.00000000000, 0.00000000000, 0.00000000000, 0.00000022978, 0.66000001198
217, 50.00000000000, 361.97836933034, 65.50491887369, 4.12500003222, 0.00000000000, 0.00000000454, 0.00000000863
218, 50.00000000000, 359.13112409815, -30000000.00000000000, 0.00000000000, 0.00000000000, 0.00000055342, 0.66000001198
219, 50.00000000000, 405.92062065425, 27.74045225935, 4.12500003222, 0.00000000000, -0.00000000125, 0.00000000523
220, 50.00000000000, 417.11893736510, 59.10915813437, 4.12500003222, 0.00000000000, -0.00000000357, -0.00000001198
221, 50.00000000000, 433.16417420230, 51.72763594158, 4.12500003222, 0.00000000000, -0.00000000687, -0.00000000423
222, 50.00000000000, 471.13784967309, 65.63873904185, 4.12500003222, 0.00000000000, 0.00000000294, 0.00000000345
223, 50.00000000000, 471.48805281526, 46.08184941654, 4.12500003222, 0.00000000000, -0.00000000397, 0.00000002991
224, 50.00000000000, 489.81141168660, 57.97287463485, 4.12500003222, 0.00000000000, -0.00000000526, 0.00000000772
225, 50.00000000000, 510.44599903673, 59.96231907428, 4.12500003222, 0.00000000000, 0.00000000023, 0.00000001932
226, 50.00000000000, 529.77709193166, 48.50441365793, 4.12500003222, 0.00000000000, 0.00000000170, -0.00000003306
227, 50.00000000000, 546.94700396311, 32.90547911345, 4.12500003222, 0.00000000000, -0.00000000277, -0.00000002391
228, 50.00000000000, 551.16058219674, 10.48100951710, 4.12500003222, 0.00000000000, -0.00000000386, 0.00000003368
229, 50.00000000000, 577.78764605067, -30000000.00000000000, 0.00000000000, 0.00000000000, -0.00000046634, 0.66000001198
230, 50.00000000000, 584.06279889433, 45.45969902139, 4.12500003222, 0.00000000000, -0.00000000361, -0.00000002262
231, 50.00000000000, 603.32650382239, 29.68801354047, 4.12500003222, 0.00000000000, -0.00000000667, 0.00000002144
232, 50.00000000000, 620.23633006245, 47.92369492870, 4.12500003222, 0.00000000000, -0.00000000601, 0.00000001344
233, 50.00000000000, 639.93805595837, 22.30237442833, 4.12500003222, 0.00000000000, 0.00000000510, 0.00000000981
234, 50.00000000000, 654.12902804162, 39.45116990917, 4.12500003222, 0.00000000000, -0.00000000335, -0.00000000583
235, 50.00000000000, 672.04005073989, 25.16471886708, 4.12500003222, 0.00000000000, -0.00000000566, 0.00000001287
236, 50.00000000000, 685.79436760842, 33.74895418156, 4.12500003222, 0.00000000000, -0.00000000772, 0.00000001684
237, 50.00000000000, 709.64152001031, 9.24194557503, 4.12500003222, 0.00000000000, 0.00000000399, 0.00000001650
238, 50.00000000000, 721.93546905991, 44.42019171371, 4.12500003222, 0.00000000000, -0.00000000225, 0.00000003275
239, 50.00000000000, 739.69713541616, 43.54682904021, 4.12500003222, 0.00000000000, -0.00000000075, 0.00000002852
240, 50.00000000000, 758.00050738087, 46.72360967428, 4.12500003222, 0.00000000000, -0.00000000139, 0.00000003393
241, 50.00000000000, 774.46036301175, 29.62890549024, 4.12500003222, 0.00000000000, 0.00000000112, -0.00000000016
242, 50.00000000000, 797.92316681310, 38.31179277637, 4.12500003222, 0.00000000000, 0.00000001646, 0.00000003098
243, 50.00000000000, 811.49463638270, 41.56944920905, 4.12500003222, 0.00000000000, -0.00000000649, 0.00000000207
244, 50.00000000000, 822.80810234932, 44.28208205845, 4.12500003222, 0.00000000000, -0.00000003198, 0.00000000275
245, 50.00000000000, 842.40339268155, 52.82104464327, 4.12500003222, 0.00000000000, 0.00000001531, 0.00000002988
246, 50.00000000000, 858.09158977160, 57.82331599849, 4.12500003222, 0.00000000000, 0.00000000443, -0.00000000625
247, 50.00000000000, 883.56225521382, 38.96148898712, 4.12500003222, 0.00000000000, -0.00000000567, 0.00000001939
248, 50.00000000000, 891.61436135465, 60.29440236216, 4.12500003222, 0.00000000000, 0.00000000460, -0.00000003015
249, 50.00000000000, 905.94422606880, 59.86707993169, 4.12500003222, 0.00000000000, -0.00000000480, -0.00000001130
250, 50.00000000000, 54.25758390414, 59.25652950718, 4.12500003222, 0.00000000000, -0.00000000166, 0.00000000931
251, 50.00000000000, 76.30924126337, 67.02605348550, 4.12500003222, 0.00000000000, 0.00000000329, -0.00000001622
252, 50.00000000000, 90.94293426732, 72.36702797987, 4.12500003222, 0.00000000000, 0.00000000036, -0.00000001921
253, 50.00000000000, 101.43617769663, 85.25699324158, 4.12500003222, 0.00000000000, 0.00000000859, -0.00000000129
254, 50.00000000000, 125.22057957680, 47.37701356115, 4.12500003222, 0.00000000000, 0.00000000612, 0.00000002658
255, 50.00000000000, 145.62823912263, 76.86563740265, 4.12500003222, 0.00000000000, -0.00000000423, 0.00000000312
256, 50.00000000000, 163.18302628239, 68.88888209096, 4.12500003222, 0.00000000000, 0.00000000585, -0.00000002001
257, 50.00000000000, 181.34304425404, 73.54102251118, 4.12500003222, 0.00000000000, 0.00000000033, -0.00000000472
258, 50.00000000000, 199.72269788710, 71.68183739847, 4.12500003222, 0.00000000000, 0.00000000047, 0.00000000598
259, 50.00000000000, 216.72839460255, 76.69399342698, 4.12500003222, 0.00000000000, -0.00000000366, -0.00000000025
260, 50.00000000000, 235.82037036803, 68.16129252173, 4.12500003222, 0.00000000000, 0.00000000420, 0.00000001043
261, 50.00000000000, 254.01438544708, 77.81465078769, 4.12500003222, 0.00000000000, -0.00000000006, 0.00000000307
262, 50.00000000000, 268.93870568593, 50.21117688926, 4.12500003222, 0.00000000000, 0.00000000939, -0.00000003636
263, 50.00000000000, 286.21424312011, 79.43305891685, 4.12500003222, 0.00000000000, 0.00000000373, -0.00000001923
264, 50.00000000000, 304.95276760795, 74.50003148456, 4.12500003222, 0.00000000000, -0.00000000814, -0.00000000183
265, 50.00000000000, 330.76543004445, 54.37038856324, 4.12500003222, 0.00000000000, 0.00000000760, -0.00000000450
266, 50.00000000000, 347.77731665191, 45.96322005486, 4.12500003222, 0.00000000000, -0.00000000628, -0.00000000035
267, 50.00000000000, 363.00103583108, 51.34899615219, 4.12500003222, 0.00000000000, 0.00000000128, 0.00000001715
268, 50.00000000000, 379.20309939221, 47.97032121507, 4.12500003222, 0.00000000000, -0.00000000043, 0.00000001372
269, 50.00000000000, 397.78683135628, 46.59213889259, 4.12500003222, 0.00000000000, 0.00000000018, 0.00000000047
270, 50.00000000000, 413.96209376375, 48.19624590126, 4.12500003222, 0.00000000000, -0.00000000133, 0.00000001465
271, 50.00000000000, 435.94283745272, 42.85663069544, 4.12500003222, 0.00000000000, -0.00000000084, -0.00000001296
272, 50.00000000000, 452.28281683217, 61.79797373603, 4.12500003222, 0.00000000000, 0.00000000487, 0.00000001640
273, 50.00000000000, 463.57590434552, 29.01005670850, 4.12500003222, 0.00000000000, 0.00000000764, -0.00000002945
274, 50.00000000000, 493.21335171220, 44.90924405275, 4.12500003222, 0.00000000000, 0.00000000367, -0.00000001129
275, 50.00000000000, 508.58820458131, 42.30494833418, 4.12500003222, 0.00000000000, 0.00000000577, -0.00000001061
276, 50.00000000000, 523.04572191120, 30.86146301019, 4.12500003222, 0.00000000000, 0.00000001039, 0.00000002687
277, 50.00000000000, 550.26032478097, 48.08657058147, 4.12500003222, 0.00000000000, 0.00000000054, -0.00000001437
278, 50.00000000000, 558.05942854432, 141.65734903735, 4.12500003222, 0.00000000000, 0.00000000000, 0.00000000000
279, 50.00000000000, 568.22920205166, 60.66182796412, 4.12500003222, 0.00000000000, -0.00000000071, -0.00000000389
280, 50.00000000000, 588.28772668589, 65.31595320612, 4.12500003222, 0.00000000000, 0.00000000200, 0.00000000647
281, 50.00000000000, 603.74031451555, 13.67329578789, 4.12500003222, 0.00000000000, 0.00000000081, -0.00000002983
282, 50.00000000000, 616.21767549048, 33.33891260536, 4.12500003222, 0.00000000000, -0.00000001044, 0.00000005123
283, 50.00000000000, 638.60312219403, 44.68561641819, 4.12500003222, 0.00000000000, -0.00000000281, -0.00000001902
284, 50.00000000000, 659.05834161346, 58.07675325382, 4.12500003222, 0.00000000000, -0.00000000595, 0.00000002066
285, 50.00000000000, 670.10368798375, 43.60747196936, 4.12500003222, 0.00000000000, 0.00000000787, -0.00000005156
286, 50.00000000000, 683.96650343551, 55.64912009422, 4.12500003222, 0.00000000000, 0.00000000891, 0.00000000226
287, 50.00000000000, 706.37527692733, 61.41381717506, 4.12500003222, 0.00000000000, -0.00000000072, -0.00000001397
288, 50.00000000000, 718.09644909089, 31.15946089024, 4.12500003222, 0.00000000000, -0.00000000768, 0.00000001004
289, 50.00000000000, 740.26501755834, 32.72992635024, 4.12500003222, 0.00000000000, 0.00000000097, -0.00000000444
290, 50.00000000000, 759.28934760128, 31.95655146808, 4.12500003222, 0.00000000000, 0.00000001718, 0.00000000335
291, 50.00000000000, 776.87245775654, 49.20953791368, 4.12500003222, 0.00000000000, 0.00000000045, -0.00000003674
292, 50.00000000000, 792.30339905095, 47.06960622022, 4.12500003222, 0.00000000000, 0.00000000959, -0.00000003131
293, 50.00000000000, 821.33439581411, 63.20331733131, 4.12500003222, 0.00000000000, 0.00000000055, 0.00000002893
294, 50.00000000000, 834.89559913593, 63.18399699132, 4.12500003222, 0.00000000000, 0.00000000795, 0.00000001172
295, 50.00000000000, 851.31097384350, 20.22966503851, 4.12500003222, 0.00000000000, -0.00000002313, 0.00000004027
296, 50.00000000000, 850.58733238789, 74.28941332232, 4.12500003222, 0.00000000000, 0.00000000323, 0.00000000997
297, 50.00000000000, 872.26879569731, 73.56659760845, 4.12500003222, 0.00000000000, -0.00000000789, -0.00000000481
298, 50.00000000000, 891.91772101223, 72.29544735062, 4.12500003222, 0.00000000000, -0.00000000117, 0.00000000527
299, 50.00000000000, 907.41543183017, 79.36732834461, 4.12500003222, 0.00000000000, 0.00000000468, 0.00000003225
