0, 50.00000000000, 70.05601059262, 24.31127050424, 4.12500003222, 0.00000000000, -0.00000000015, -0.00000000349
1, 50.00000000000, 73.92049080429, 10.80201256975, 4.12500003222, 0.00000000000, 0.00000000259, -0.00000001341
2, 50.00000000000, 92.21114109513, 45.92258218249, 4.12500003222, 0.00000000000, -0.00000000154, 0.00000001626
3, 50.00000000000, 109.62760260084, 12.20255914987, 4.12500003222, 0.00000000000, 0.00000000359, -0.00000000647
4, 50.00000000000, 130.43369875473, 3.93680538136, 4.12500003222, 0.00000000000, -0.00000000255, -0.00000002079
5, 50.00000000000, 146.88610602941, 10.53918411157, 4.12500003222, 0.00000000000, 0.00000000433, 0.00000000206
6, 50.00000000000, 161.62086473351, 11.96384113964, 4.12500003222, 0.00000000000, 0.00000000664, -0.00000000038
7, 50.00000000000, 177.82290524272, 6.16977901689, 4.12500003222, 0.00000000000, -0.00000000062, -0.00000001720
8, 50.00000000000, 199.37241451296, 5.08508514062, 4.12500003222, 0.00000000000, 0.00000000171, 0.00000001403
9, 50.00000000000, 217.06152533461, 12.58710487209, 4.12500003222, 0.00000000000, 0.00000000035, -0.00000002094
10, 50.00000000000, 206.61733946636, -30000000.00000000000, 0.00000000000, 0.00000000000, 0.00000118924, 0.66000001198
11, 50.00000000000, 228.80667295857, -30000000.00000000000, 0.00000000000, 0.00000000000, -0.00000014657, 0.66000001198
12, 50.00000000000, 247.83424767056, -30000000.00000000000, 0.00000000000, 0.00000000000, -0.00000088452, 0.66000001198
13, 50.00000000000, 291.10883203805, 40.51936655904, 4.12500003222, 0.00000000000, -0.00000000118, 0.00000002732
14, 50.00000000000, 286.13228018174, -30000000.00000000000, 0.00000000000, 0.00000000000, -0.00000014140, 0.66000001198
15, 50.00000000000, 303.42353755728, -30000000.00000000000, 0.00000000000, 0.00000000000, 0.00000061270, 0.66000001198
16, 50.00000000000, 323.59744548703, -30000000.00000000000, 0.00000000000, 0.00000000000, 0.00000004321, 0.66000001198
17, 50.00000000000, 340.47207938337, -30000000.00000000000, 0.00000000000, 0.00000000000, 0.00000047967, 0.66000001198
18, 50.00000000000, 363.04494036244, -30000000.00000000000, 0.00000000000, 0.00000000000, -0.00000005065, 0.66000001198
19, 50.00000000000, 384.03668296329, -30000000.00000000000, 0.00000000000, 0.00000000000, -0.00000114722, 0.66000001198
20, 50.00000000000, 419.96973463831, 43.31783267359, 4.12500003222, 0.00000000000, 0.00000000392, 0.00000001090
21, 50.00000000000, 423.24912732981, -30000000.00000000000, 0.00000000000, 0.00000000000, 0.00000029416, 0.66000001198
22, 50.00000000000, 445.65472486041, -30000000.00000000000, 0.00000000000, 0.00000000000, -0.00000047619, 0.66000001198
23, 50.00000000000, 459.61323870140, -30000000.00000000000, 0.00000000000, 0.00000000000, 0.00000033825, 0.66000001198
24, 50.00000000000, 478.77037293199, -30000000.00000000000, 0.00000000000, 0.00000000000, -0.00000015733, 0.66000001198
25, 50.00000000000, 499.25836901401, -30000000.00000000000, 0.00000000000, 0.00000000000, 0.00000055928, 0.66000001198
26, 50.00000000000, 519.83089706424, -30000000.00000000000, 0.00000000000, 0.00000000000, 0.00000077868, 0.66000001198
27, 50.00000000000, 539.95500995752, -30000000.00000000000, 0.00000000000, 0.00000000000, -0.00000063235, 0.66000001198
28, 50.00000000000, 558.84808860501, -30000000.00000000000, 0.00000000000, 0.00000000000, -0.00000010571, 0.66000001198
29, 50.00000000000, 570.12816250767, 25.53736570581, 4.12500003222, 0.00000000000, -0.00000000472, 0.00000001559
30, 50.00000000000, 597.23162349900, -30000000.00000000000, 0.00000000000, 0.00000000000, 0.00000002654, 0.66000001198
31, 50.00000000000, 618.23892472634, -30000000.00000000000, 0.00000000000, 0.00000000000, 0.00000038299, 0.66000001198
32, 50.00000000000, 638.19624188440, -30000000.00000000000, 0.00000000000, 0.00000000000, -0.00000057392, 0.66000001198
33, 50.00000000000, 659.67344476441, -30000000.00000000000, 0.00000000000, 0.00000000000, -0.00000043632, 0.66000001198
34, 50.00000000000, 676.38244716116, -30000000.00000000000, 0.00000000000, 0.00000000000, 0.00000028378, 0.66000001198
35, 50.00000000000, 689.01491712432, -30000000.00000000000, 0.00000000000, 0.00000000000, 0.00000033751, 0.66000001198
36, 50.00000000000, 713.96382053077, -30000000.00000000000, 0.00000000000, 0.00000000000, -0.00000028086, 0.66000001198
37, 50.00000000000, 729.51702513903, -30000000.00000000000, 0.00000000000, 0.00000000000, 0.00000062359, 0.66000001198
38, 50.00000000000, 726.08428666649, 10.17352490652, 4.12500003222, 0.00000000000, 0.00000000017, -0.00000000560
39, 50.00000000000, 776.30856629545, -30000000.00000000000, 0.00000000000, 0.00000000000, 0.00000014019, 0.66000001198
40, 50.00000000000, 793.43561098269, -30000000.00000000000, 0.00000000000, 0.00000000000, -0.00000072272, 0.66000001198
41, 50.00000000000, 763.72682133635, 8.65778618254, 4.12500003222, 0.00000000000, 0.00000000376, 0.00000001529
42, 50.00000000000, 786.30943695525, 7.19176970206, 4.12500003222, 0.00000000000, -0.00000000176, 0.00000000781
43, 50.00000000000, 811.33057811697, 7.76459263268, 4.12500003222, 0.00000000000, 0.00000000085, 0.00000000068
44, 50.00000000000, 831.88007902789, 31.07086476802, 4.12500003222, 0.00000000000, 0.00000000369, -0.00000001987
45, 50.00000000000, 842.93318157695, 30.40858475938, 4.12500003222, 0.00000000000, 0.00000000233, -0.00000002774
46, 50.00000000000, 867.69487240102, 11.41759513989, 4.12500003222, 0.00000000000, -0.00000000626, 0.00000000592
47, 50.00000000000, 881.33528328231, 14.94227381324, 4.12500003222, 0.00000000000, 0.00000000189, -0.00000000359
48, 50.00000000000, 913.38785493967, 8.89667196630, 4.12500003222, 0.00000000000, -0.00000000068, 0.00000000554
49, 50.00000000000, 934.28510526716, 10.12715175719, 4.12500003222, 0.00000000000, 0.00000000313, -0.00000000680
50, 50.00000000000, 54.43648594862, 8.43891237739, 4.12500003222, 0.00000000000, -0.00000000080, 0.00000002100
51, 50.00000000000, 73.69045380509, 42.15814993926, 4.12500003222, 0.00000000000, -0.00000001800, 0.00000003830
52, 50.00000000000, 90.56927462945, 11.86310154583, 4.12500003222, 0.00000000000, 0.00000000254, 0.00000001390
53, 50.00000000000, 108.38926975180, 43.32384178282, 4.12500003222, 0.00000000000, -0.00000000309, 0.00000000142
54, 50.00000000000, 123.04069176573, 33.39805801306, 4.12500003222, 0.00000000000, 0.00000000716, -0.00000001808
55, 50.00000000000, 142.77583787736, 21.66222691532, 4.12500003222, 0.00000000000, -0.00000001236, 0.00000002274
56, 50.00000000000, 159.81161579938, 33.20262996734, 4.12500003222, 0.00000000000, -0.00000000034, 0.00000000625
57, 50.00000000000, 181.65551191073, 19.95723542704, 4.12500003222, 0.00000000000, 0.00000000511, 0.00000002502
58, 50.00000000000, 194.11017801196, 15.60991769854, 4.12500003222, 0.00000000000, 0.00000000600, 0.00000002680
59, 50.00000000000, 219.16288869516, 33.59182616169, 4.12500003222, 0.00000000000, -0.00000001092, -0.00000001489
60, 50.00000000000, 238.37376906981, 43.58173900372, 4.12500003222, 0.00000000000, 0.00000001098, 0.00000000060
61, 50.00000000000, 221.57541063833, -30000000.00000000000, 0.00000000000, 0.00000000000, 0.00000112567, 0.66000001198
62, 50.00000000000, 245.59968821445, -30000000.00000000000, 0.00000000000, 0.00000000000, -0.00000049258, 0.66000001198
63, 50.00000000000, 265.37796765786, -30000000.00000000000, 0.00000000000, 0.00000000000, -0.00000042699, 0.66000001198
64, 50.00000000000, 285.88134886885, -30000000.00000000000, 0.00000000000, 0.00000000000, -0.00000011660, 0.66000001198
65, 50.00000000000, 327.01840912411, 43.56418126540, 4.12500003222, 0.00000000000, 0.00000000128, -0.00000002062
66, 50.00000000000, 325.16594129052, -30000000.00000000000, 0.00000000000, 0.00000000000, -0.00000019633, 0.66000001198
67, 50.00000000000, 346.73370231404, -30000000.00000000000, 0.00000000000, 0.00000000000, -0.00000062238, 0.66000001198
68, 50.00000000000, 365.08697008615, -30000000.00000000000, 0.00000000000, 0.00000000000, -0.00000036222, 0.66000001198
69, 50.00000000000, 380.57119893922, -30000000.00000000000, 0.00000000000, 0.00000000000, -0.00000069007, 0.66000001198
70, 50.00000000000, 400.19604101210, -30000000.00000000000, 0.00000000000, 0.00000000000, 0.00000016728, 0.66000001198
71, 50.00000000000, 420.53076961336, -30000000.00000000000, 0.00000000000, 0.00000000000, 0.00000059214, 0.66000001198
72, 50.00000000000, 439.96243034513, -30000000.00000000000, 0.00000000000, 0.00000000000, 0.00000027518, 0.66000001198
73, 50.00000000000, 480.27375373440, 25.05108883749, 4.12500003222, 0.00000000000, -0.00000000293, -0.00000001187
74, 50.00000000000, 493.96010183054, 10.83592436416, 4.12500003222, 0.00000000000, -0.00000000311, 0.00000001457
75, 50.00000000000, 513.45061483052, 7.96281600065, 4.12500003222, 0.00000000000, 0.00000000092, -0.00000000693
76, 50.00000000000, 517.16575416509, -30000000.00000000000, 0.00000000000, 0.00000000000, 0.00000119260, 0.66000001198
77, 50.00000000000, 537.45103121759, -30000000.00000000000, 0.00000000000, 0.00000000000, -0.00000018725, 0.66000001198
78, 50.00000000000, 557.14258385624, -30000000.00000000000, 0.00000000000, 0.00000000000, 0.00000018966, 0.66000001198
79, 50.00000000000, 577.48187229434, -30000000.00000000000, 0.00000000000, 0.00000000000, -0.00000043423, 0.66000001198
80, 50.00000000000, 582.07191342192, 24.83419271270, 4.12500003222, 0.00000000000, -0.00000000138, 0.00000000318
81, 50.00000000000, 616.38209439551, -30000000.00000000000, 0.00000000000, 0.00000000000, 0.00000061901, 0.66000001198
82, 50.00000000000, 638.48843691888, -30000000.00000000000, 0.00000000000, 0.00000000000, -0.00000060972, 0.66000001198
83, 50.00000000000, 652.42718411292, -30000000.00000000000, 0.00000000000, 0.00000000000, 0.00000052019, 0.66000001198
84, 50.00000000000, 656.50035690724, 8.35970240409, 4.12500003222, 0.00000000000, -0.00000000009, -0.00000002363
85, 50.00000000000, 699.45105871025, -30000000.00000000000, 0.00000000000, 0.00000000000, -0.00000060012, 0.66000001198
86, 50.00000000000, 719.36195850177, -30000000.00000000000, 0.00000000000, 0.00000000000, -0.00000044453, 0.66000001198
87, 50.00000000000, 736.09359109568, -30000000.00000000000, 0.00000000000, 0.00000000000, -0.00000024452, 0.66000001198
88, 50.00000000000, 757.80470467224, -30000000.00000000000, 0.00000000000, 0.00000000000, -0.00000047411, 0.66000001198
89, 50.00000000000, 776.84769241845, -30000000.00000000000, 0.00000000000, 0.00000000000, 0.00000006921, 0.66000001198
90, 50.00000000000, 791.09480496037, -30000000.00000000000, 0.00000000000, 0.00000000000, -0.00000046688, 0.66000001198
91, 50.00000000000, 775.35952358993, 13.75136072113, 4.12500003222, 0.00000000000, -0.00000000036, -0.00000000555
92, 50.00000000000, 798.17769668508, 11.98093954504, 4.12500003222, 0.00000000000, -0.00000000192, -0.00000002116
93, 50.00000000000, 814.44332297747, 22.90219539448, 4.12500003222, 0.00000000000, 0.00000000889, -0.00000007446
94, 50.00000000000, 829.30550821397, 10.47078792592, 4.12500003222, 0.00000000000, -0.00000000199, 0.00000001959
95, 50.00000000000, 845.87570408863, 42.74450645296, 4.12500003222, 0.00000000000, 0.00000000931, -0.00000005645
96, 50.00000000000, 864.64836465810, 24.10855948404, 4.12500003222, 0.00000000000, -0.00000000015, 0.00000001358
97, 50.00000000000, 893.29341137727, 7.16615983234, 4.12500003222, 0.00000000000, -0.00000000002, 0.00000000259
98, 50.00000000000, 902.35080988395, 25.69389064814, 4.12500003222, 0.00000000000, -0.00000001059, -0.00000001095
99, 50.00000000000, 922.15790961391, 26.10488452750, 4.12500003222, 0.00000000000, -0.00000000092, -0.00000001832
100, 50.00000000000, 57.01557635888, 27.12692667201, 4.12500003222, 0.00000000000, 0.00000000190, -0.00000001348
101, 50.00000000000, 78.52972550943, 32.59517714487, 4.12500003222, 0.00000000000, 0.00000000167, -0.00000002009
102, 50.00000000000, 91.61028494608, 28.21904493754, 4.12500003222, 0.00000000000, 0.00000000652, 0.00000002315
103, 50.00000000000, 107.85047990042, 28.49212428863, 4.12500003222, 0.00000000000, 0.00000000454, -0.00000000646
104, 50.00000000000, 125.74522046199, 13.94491286105, 4.12500003222, 0.00000000000, -0.00000001142, 0.00000001590
105, 50.00000000000, 144.50803686062, 31.79904113787, 4.12500003222, 0.00000000000, -0.00000000580, 0.00000007876
106, 50.00000000000, 164.32967003781, 23.49884920209, 4.12500003222, 0.00000000000, 0.00000000125, -0.00000001007
107, 50.00000000000, 183.30737187527, 39.49791231409, 4.12500003222, 0.00000000000, -0.00000000588, -0.00000001797
108, 50.00000000000, 203.03103076405, 48.15391675972, 4.12500003222, 0.00000000000, 0.00000000655, -0.00000002681
109, 50.00000000000, 202.42312492854, 26.44649390668, 4.12500003222, 0.00000000000, -0.00000000709, 0.00000002722
110, 50.00000000000, 204.13019430052, -30000000.00000000000, 0.00000000000, 0.00000000000, 0.00000146132, 0.66000001198
111, 50.00000000000, 225.97911160098, -30000000.00000000000, 0.00000000000, 0.00000000000, 0.00000035024, 0.66000001198
112, 50.00000000000, 243.22866825318, -30000000.00000000000, 0.00000000000, 0.00000000000, -0.00000007599, 0.66000001198
113, 50.00000000000, 264.01523328468, -30000000.00000000000, 0.00000000000, 0.00000000000, -0.00000022451, 0.66000001198
114, 50.00000000000, 299.60832048038, 59.25669203542, 4.12500003222, 0.00000000000, 0.00000000995, -0.00000002460
115, 50.00000000000, 327.92962205630, 34.78809661991, 4.12500003222, 0.00000000000, 0.00000000275, 0.00000000086
116, 50.00000000000, 345.33104913544, 31.35864729341, 4.12500003222, 0.00000000000, -0.00000000517, 0.00000004433
117, 50.00000000000, 364.55903268552, 25.77417388782, 4.12500003222, 0.00000000000, -0.00000000245, 0.00000000829
118, 50.00000000000, 380.94638372997, 58.15169455732, 4.12500003222, 0.00000000000, 0.00000000564, -0.00000000123
119, 50.00000000000, 399.66835842880, 52.75239790322, 4.12500003222, 0.00000000000, -0.00000000988, 0.00000000481
120, 50.00000000000, 417.16316745559, 68.65420999562, 4.12500003222, 0.00000000000, 0.00000000045, -0.00000001025
121, 50.00000000000, 429.85563087478, 27.50185820896, 4.12500003222, 0.00000000000, -0.00000000423, -0.00000003014
122, 50.00000000000, 455.34268476922, 48.96391706970, 4.12500003222, 0.00000000000, -0.00000000427, 0.00000003905
123, 50.00000000000, 463.27277056720, -30000000.00000000000, 0.00000000000, 0.00000000000, -0.00000014459, 0.66000001198
124, 50.00000000000, 486.00525593198, 33.64319751952, 4.12500003222, 0.00000000000, 0.00000000928, 0.00000002378
125, 50.00000000000, 501.31581069390, 26.48545802903, 4.12500003222, 0.00000000000, -0.00000000250, 0.00000000291
126, 50.00000000000, 532.84494531848, 11.86079037399, 4.12500003222, 0.00000000000, 0.00000000473, 0.00000000342
127, 50.00000000000, 536.80905804043, 28.14030726645, 4.12500003222, 0.00000000000, 0.00000001071, -0.00000001117
128, 50.00000000000, 569.28240008889, 7.97096658653, 4.12500003222, 0.00000000000, 0.00000000025, -0.00000001874
129, 50.00000000000, 576.61646019143, -30000000.00000000000, 0.00000000000, 0.00000000000, -0.00000033124, 0.66000001198
130, 50.00000000000, 587.92424859572, 10.95719060175, 4.12500003222, 0.00000000000, 0.00000000275, -0.00000002257
131, 50.00000000000, 618.08911256773, -30000000.00000000000, 0.00000000000, 0.00000000000, 0.00000039761, 0.66000001198
132, 50.00000000000, 620.23521057737, 11.72355452291, 4.12500003222, 0.00000000000, -0.00000000923, -0.00000000642
133, 50.00000000000, 638.10662982204, 8.63727317993, 4.12500003222, 0.00000000000, 0.00000000171, -0.00000001863
134, 50.00000000000, 673.04033556423, -30000000.00000000000, 0.00000000000, 0.00000000000, 0.00000079810, 0.66000001198
135, 50.00000000000, 674.30161330262, 11.02549888338, 4.12500003222, 0.00000000000, 0.00000000338, 0.00000000319
136, 50.00000000000, 694.03262402097, 22.72280575439, 4.12500003222, 0.00000000000, -0.00000000793, 0.00000002116
137, 50.00000000000, 706.79028129798, 25.02354329840, 4.12500003222, 0.00000000000, 0.00000000164, -0.00000000304
138, 50.00000000000, 748.70604574178, -30000000.00000000000, 0.00000000000, 0.00000000000, 0.00000072691, 0.66000001198
139, 50.00000000000, 738.00006263425, 23.62956933456, 4.12500003222, 0.00000000000, -0.00000001009, 0.00000000603
140, 50.00000000000, 796.60859583786, -30000000.00000000000, 0.00000000000, 0.00000000000, -0.00000107220, 0.66000001198
141, 50.00000000000, 780.00404288385, 24.28322925252, 4.12500003222, 0.00000000000, -0.00000000889, -0.00000000475
142, 50.00000000000, 795.65945552319, 23.34959131854, 4.12500003222, 0.00000000000, -0.00000002275, -0.00000001589
143, 50.00000000000, 809.18979509090, 55.15973142860, 4.12500003222, 0.00000000000, 0.00000001214, 0.00000001259
144, 50.00000000000, 829.37923472441, 22.80963467946, 4.12500003222, 0.00000000000, -0.00000000106, 0.00000000715
145, 50.00000000000, 846.26310386113, 10.39399274572, 4.12500003222, 0.00000000000, 0.00000001046, -0.00000001000
146, 50.00000000000, 861.37946442880, 43.72725473684, 4.12500003222, 0.00000000000, 0.00000000969, 0.00000003037
147, 50.00000000000, 886.27751840568, 26.66908121448, 4.12500003222, 0.00000000000, 0.00000000396, 0.00000001863
148, 50.00000000000, 895.83668255397, 47.62925675457, 4.12500003222, 0.00000000000, -0.00000000140, 0.00000000017
149, 50.00000000000, 919.09126648640, 43.61980306301, 4.12500003222, 0.00000000000, -0.00000000291, 0.00000003775
150, 50.00000000000, 55.27384870538, 40.96128434166, 4.12500003222, 0.00000000000, 0.00000000372, 0.00000000854
151, 50.00000000000, 66.63601485318, 48.91661818472, 4.12500003222, 0.00000000000, 0.00000000258, -0.00000001064
152, 50.00000000000, 88.87253555957, 52.95095544137, 4.12500003222, 0.00000000000, 0.00000000268, -0.00000003893
153, 50.00000000000, 110.62104461643, 61.20222380983, 4.12500003222, 0.00000000000, -0.00000000936, 0.00000001046
154, 50.00000000000, 127.38076325804, 25.21761689032, 4.12500003222, 0.00000000000, -0.00000000613, 0.00000001240
155, 50.00000000000, 140.43495856434, 43.33551829300, 4.12500003222, 0.00000000000, 0.00000001425, -0.00000005785
156, 50.00000000000, 170.53459752609, 53.31613531612, 4.12500003222, 0.00000000000, 0.00000000966, -0.00000001872
157, 50.00000000000, 177.90091551543, 30.33865287909, 4.12500003222, 0.00000000000, 0.00000000688, 0.00000006782
158, 50.00000000000, 199.79355582434, 59.14868941601, 4.12500003222, 0.00000000000, 0.00000000241, 0.00000001707
159, 50.00000000000, 217.08439702561, 43.37395046081, 4.12500003222, 0.00000000000, -0.00000000110, 0.00000000633
160, 50.00000000000, 234.58519238957, 26.92554415218, 4.12500003222, 0.00000000000, -0.00000000253, -0.00000000991
161, 50.00000000000, 252.70312441106, 57.64580131554, 4.12500003222, 0.00000000000, -0.00000000563, 0.00000000069
162, 50.00000000000, 272.44158154147, 24.67729828608, 4.12500003222, 0.00000000000, 0.00000000774, 0.00000000143
163, 50.00000000000, 293.43613498363, 21.68857613373, 4.12500003222, 0.00000000000, -0.00000000497, 0.00000003038
164, 50.00000000000, 309.42387930017, 50.90216500946, 4.12500003222, 0.00000000000, -0.00000001098, 0.00000001358
165, 50.00000000000, 305.34692811772, -30000000.00000000000, 0.00000000000, 0.00000000000, 0.00000032003, 0.66000001198
166, 50.00000000000, 344.31387902405, 54.90390579228, 4.12500003222, 0.00000000000, -0.00000000028, 0.00000000740
167, 50.00000000000, 363.97166104027, 40.03493579042, 4.12500003222, 0.00000000000, -0.00000000401, -0.00000002423
168, 50.00000000000, 382.68178879372, 33.73192980484, 4.12500003222, 0.00000000000, -0.00000000538, -0.00000002787
169, 50.00000000000, 397.44207357593, 32.60324466115, 4.12500003222, 0.00000000000, 0.00000000500, -0.00000003192
170, 50.00000000000, 416.42631221748, 33.98850158252, 4.12500003222, 0.00000000000, -0.00000000719, -0.00000000926
171, 50.00000000000, 435.31386965062, 61.38252956980, 4.12500003222, 0.00000000000, -0.00000000130, -0.00000002058
172, 50.00000000000, 448.90442493483, 38.49203102403, 4.12500003222, 0.00000000000, 0.00000000512, -0.00000000112
173, 50.00000000000, 474.03526279442, 10.97805628625, 4.12500003222, 0.00000000000, 0.00000000097, -0.00000000378
174, 50.00000000000, 485.78582677257, -30000000.00000000000, 0.00000000000, 0.00000000000, -0.00000092903, 0.66000001198
175, 50.00000000000, 515.08514321269, 21.12083331039, 4.12500003222, 0.00000000000, 0.00000000166, -0.00000000685
176, 50.00000000000, 520.16067831043, -30000000.00000000000, 0.00000000000, 0.00000000000, 0.00000073755, 0.66000001198
177, 50.00000000000, 540.58807165255, -30000000.00000000000, 0.00000000000, 0.00000000000, -0.00000073199, 0.66000001198
178, 50.00000000000, 558.35517995816, 26.66275009468, 4.12500003222, 0.00000000000, -0.00000000934, -0.00000000005
179, 50.00000000000, 568.13783141011, 41.68622027870, 4.12500003222, 0.00000000000, 0.00000000645, -0.00000002922
180, 50.00000000000, 591.36670683474, 32.64498171551, 4.12500003222, 0.00000000000, -0.00000000478, 0.00000001645
181, 50.00000000000, 601.88803786370, 49.92123665380, 4.12500003222, 0.00000000000, 0.00000000262, 0.00000000152
182, 50.00000000000, 622.59420403095, 24.88591715950, 4.12500003222, 0.00000000000, -0.00000000274, 0.00000000718
183, 50.00000000000, 634.15322062771, 31.58568725120, 4.12500003222, 0.00000000000, 0.00000000056, 0.00000004457
184, 50.00000000000, 654.72360804259, 25.25996911012, 4.12500003222, 0.00000000000, 0.00000000290, -0.00000000347
185, 50.00000000000, 697.57836627702, -30000000.00000000000, 0.00000000000, 0.00000000000, -0.00000031553, 0.66000001198
186, 50.00000000000, 690.05968512655, 9.48370330803, 4.12500003222, 0.00000000000, -0.00000000110, 0.00000000200
187, 50.00000000000, 700.91301383466, 42.70910240642, 4.12500003222, 0.00000000000, 0.00000000001, -0.00000000448
188, 50.00000000000, 725.70149555316, 23.19469314497, 4.12500003222, 0.00000000000, -0.00000000692, -0.00000000554
189, 50.00000000000, 745.20566878235, 11.01276651957, 4.12500003222, 0.00000000000, 0.00000000833, -0.00000005075
190, 50.00000000000, 756.69902860660, 23.96995722517, 4.12500003222, 0.00000000000, 0.00000000681, -0.00000000415
191, 50.00000000000, 775.36033045985, 38.44917415889, 4.12500003222, 0.00000000000, 0.00000000086, 0.00000000345
192, 50.00000000000, 791.06657097366, 30.20747173183, 4.12500003222, 0.00000000000, -0.00000000640, -0.00000003123
193, 50.00000000000, 811.38341552337, 30.18733738794, 4.12500003222, 0.00000000000, -0.00000001298, 0.00000003306
194, 50.00000000000, 829.58213511761, 43.51020488803, 4.12500003222, 0.00000000000, -0.00000000975, 0.00000005358
195, 50.00000000000, 851.79804206962, 32.81722516756, 4.12500003222, 0.00000000000, -0.00000000255, 0.00000000459
196, 50.00000000000, 867.84157573466, 34.64615318710, 4.12500003222, 0.00000000000, 0.00000000577, 0.00000000797
197, 50.00000000000, 875.79701226142, 55.20926720699, 4.12500003222, 0.00000000000, -0.00000000257, 0.00000001944
198, 50.00000000000, 904.80128276894, 40.96595545007, 4.12500003222, 0.00000000000, -0.00000000854, -0.00000000515
199, 50.00000000000, 914.55909431494, 61.57052898875, 4.12500003222, 0.00000000000, 0.00000000096, 0.00000000622
200, 50.00000000000, 61.54430100079, 73.59470474931, 4.12500003222, 0.00000000000, -0.00000000330, 0.00000000218
201, 50.00000000000, 75.15877047266, 56.49280105539, 4.12500003222, 0.00000000000, 0.00000001564, 0.00000002015
202, 50.00000000000, 98.51795344649, 63.50994387535, 4.12500003222, 0.00000000000, -0.00000001665, 0.00000000473
203, 50.00000000000, 115.83266528038, 77.11807279986, 4.12500003222, 0.00000000000, 0.00000000991, 0.00000000038
204, 50.00000000000, 131.46769193938, 64.22006192035, 4.12500003222, 0.00000000000, -0.00000000052, 0.00000005254
205, 50.00000000000, 148.67499809866, 55.35433430950, 4.12500003222, 0.00000000000, 0.00000000411, -0.00000002173
206, 50.00000000000, 162.24765535289, 45.32678417599, 4.12500003222, 0.00000000000, -0.00000000196, -0.00000001814
207, 50.00000000000, 183.73774881808, 54.98188726086, 4.12500003222, 0.00000000000, -0.00000000756, -0.00000003680
208, 50.00000000000, 196.72218961740, 37.02591358518, 4.12500003222, 0.00000000000, -0.00000000798, -0.00000002231
209, 50.00000000000, 219.32724435886, 58.96982134772, 4.12500003222, 0.00000000000, 0.00000000901, -0.00000003651
210, 50.00000000000, 234.26361619471, 50.10569441602, 4.12500003222, 0.00000000000, -0.00000001162, 0.00000004468
211, 50.00000000000, 254.50514894739, 36.18347518559, 4.12500003222, 0.00000000000, 0.00000000359, 0.00000001240
212, 50.00000000000, 277.23899972125, 38.22672112447, 4.12500003222, 0.00000000000, 0.00000000959, -0.00000002679
213, 50.00000000000, 286.02308323441, 59.34898963752, 4.12500003222, 0.00000000000, -0.00000001030, -0.00000002893
214, 50.00000000000, 310.02749647872, 37.81326892073, 4.12500003222, 0.00000000000, 0.00000000276, 0.00000000995
215, 50.00000000000, 321.13493924612, 60.43403841947, 4.12500003222, 0.00000000000, 0.00000000181, -0.00000003875
216, 50.00000000000, 322.34755010605, -30000000.00000000000, 0.00000000000, 0.00000000000, 0.00000022978, 0.66000001198
217, 50.00000000000, 362.20772862743, 62.63936978128, 4.12500003222, 0.00000000000, 0.00000000722, -0.00000001244
218, 50.00000000000, 359.13112409815, -30000000.00000000000, 0.00000000000, 0.00000000000, 0.00000055342, 0.66000001198
219, 50.00000000000, 406.58587107415, 26.50718047014, 4.12500003222, 0.00000000000, 0.00000000143, -0.00000003432
220, 50.00000000000, 416.84550548893, 57.67648486845, 4.12500003222, 0.00000000000, 0.00000000188, -0.00000001921
221, 50.00000000000, 433.07918417837, 51.04228194715, 4.12500003222, 0.00000000000, 0.00000001092, 0.00000004414
222, 50.00000000000, 470.81300410233, 65.21158370115, 4.12500003222, 0.00000000000, -0.00000000194, 0.00000001942
223, 50.00000000000, 471.51430578494, 46.16119918046, 4.12500003222, 0.00000000000, -0.00000000148, -0.00000003663
224, 50.00000000000, 489.77250420241, 58.29497696141, 4.12500003222, 0.00000000000, 0.00000000090, 0.00000000057
225, 50.00000000000, 510.47903593120, 59.98025917834, 4.12500003222, 0.00000000000, 0.00000000117, 0.00000001388
226, 50.00000000000, 529.56510356024, 48.17504522720, 4.12500003222, 0.00000000000, -0.00000000366, 0.00000000533
227, 50.00000000000, 546.74062424043, 32.47894784699, 4.12500003222, 0.00000000000, 0.00000000302, -0.00000003881
228, 50.00000000000, 551.14659934647, 11.17794882189, 4.12500003222, 0.00000000000, -0.00000000580, 0.00000003713
229, 50.00000000000, 577.78764605067, -30000000.00000000000, 0.00000000000, 0.00000000000, -0.00000046634, 0.66000001198
230, 50.00000000000, 583.74007219902, 45.31059546970, 4.12500003222, 0.00000000000, 0.00000000802, 0.00000000424
231, 50.00000000000, 603.19603946277, 29.81505387271, 4.12500003222, 0.00000000000, -0.00000000355, -0.00000001547
232, 50.00000000000, 619.99256199634, 47.70297192883, 4.12500003222, 0.00000000000, 0.00000000635, -0.00000003333
233, 50.00000000000, 639.47351314628, 22.68328190582, 4.12500003222, 0.00000000000, 0.00000000677, 0.00000000732
234, 50.00000000000, 653.75007325879, 39.19144865239, 4.12500003222, 0.00000000000, -0.00000000394, 0.00000002092
235, 50.00000000000, 671.67793543390, 24.74299749231, 4.12500003222, 0.00000000000, 0.00000001011, 0.00000000695
236, 50.00000000000, 685.46233862949, 32.85062803594, 4.12500003222, 0.00000000000, -0.00000000026, -0.00000000508
237, 50.00000000000, 709.17203217578, 9.19247722951, 4.12500003222, 0.00000000000, 0.00000000442, -0.00000001279
238, 50.00000000000, 721.48188688630, 44.06627310532, 4.12500003222, 0.00000000000, 0.00000000175, 0.00000000928
239, 50.00000000000, 739.27860924070, 43.28796404755, 4.12500003222, 0.00000000000, -0.00000000208, 0.00000000717
240, 50.00000000000, 757.48830444108, 47.04564769039, 4.12500003222, 0.00000000000, -0.00000000328, -0.00000000165
241, 50.00000000000, 773.84994187603, 29.62542948136, 4.12500003222, 0.00000000000, 0.00000000227, -0.00000000644
242, 50.00000000000, 797.36438504971, 37.86908822930, 4.12500003222, 0.00000000000, 0.00000001124, 0.00000003429
243, 50.00000000000, 811.01068057638, 40.83224948338, 4.12500003222, 0.00000000000, 0.00000000349, 0.00000004922
244, 50.00000000000, 822.23391470530, 43.88535928602, 4.12500003222, 0.00000000000, 0.00000000219, 0.00000007100
245, 50.00000000000, 841.57307613790, 53.32744015856, 4.12500003222, 0.00000000000, -0.00000001671, 0.00000000187
246, 50.00000000000, 857.43695739814, 57.35147260950, 4.12500003222, 0.00000000000, 0.00000001315, -0.00000000224
247, 50.00000000000, 882.91735010040, 39.20452858446, 4.12500003222, 0.00000000000, 0.00000000579, -0.00000003634
248, 50.00000000000, 891.02332259258, 60.13105596093, 4.12500003222, 0.00000000000, -0.00000000056, -0.00000000387
249, 50.00000000000, 905.34232018418, 59.68391535846, 4.12500003222, 0.00000000000, 0.00000000891, 0.00000001380
250, 50.00000000000, 54.96406313888, 58.86956696414, 4.12500003222, 0.00000000000, 0.00000000104, 0.00000000275
251, 50.00000000000, 76.98025895801, 66.56320927724, 4.12500003222, 0.00000000000, 0.00000000335, -0.00000001170
252, 50.00000000000, 91.59663866050, 72.43437230888, 4.12500003222, 0.00000000000, -0.00000001071, -0.00000005015
253, 50.00000000000, 101.89428571880, 85.04415465376, 4.12500003222, 0.00000000000, 0.00000001550, 0.00000000998
254, 50.00000000000, 125.86361419961, 47.35660083707, 4.12500003222, 0.00000000000, 0.00000000025, -0.00000003161
255, 50.00000000000, 146.43983234530, 76.94643955245, 4.12500003222, 0.00000000000, -0.00000000476, -0.00000001605
256, 50.00000000000, 163.84558003221, 67.95802872197, 4.12500003222, 0.00000000000, -0.00000000492, 0.00000001134
257, 50.00000000000, 181.91049754218, 72.75612886923, 4.12500003222, 0.00000000000, -0.00000000600, 0.00000001353
258, 50.00000000000, 200.14433044166, 71.56719120316, 4.12500003222, 0.00000000000, 0.00000000509, 0.00000002384
259, 50.00000000000, 216.89579597542, 77.35740037374, 4.12500003222, 0.00000000000, -0.00000000119, -0.00000000463
260, 50.00000000000, 236.38191924377, 68.00793084775, 4.12500003222, 0.00000000000, 0.00000000295, -0.00000001623
261, 50.00000000000, 253.81414675810, 79.30210073174, 4.12500003222, 0.00000000000, 0.00000000066, -0.00000000352
262, 50.00000000000, 269.37214617405, 49.17629354371, 4.12500003222, 0.00000000000, 0.00000000127, 0.00000001448
263, 50.00000000000, 287.37201549992, 78.20783821905, 4.12500003222, 0.00000000000, -0.00000000502, 0.00000000690
264, 50.00000000000, 305.95198274328, 73.24631445532, 4.12500003222, 0.00000000000, 0.00000000359, 0.00000000940
265, 50.00000000000, 331.22519221150, 52.10909081606, 4.12500003222, 0.00000000000, -0.00000000140, -0.00000000307
266, 50.00000000000, 348.07003284317, 43.08228239109, 4.12500003222, 0.00000000000, -0.00000000219, -0.00000002988
267, 50.00000000000, 363.25507603676, 49.14482222104, 4.12500003222, 0.00000000000, -0.00000000304, 0.00000002826
268, 50.00000000000, 379.39982500238, 45.23351341888, 4.12500003222, 0.00000000000, -0.00000000960, 0.00000003467
269, 50.00000000000, 398.01913941566, 43.44413745309, 4.12500003222, 0.00000000000, 0.00000000317, 0.00000006538
270, 50.00000000000, 414.02403049219, 47.54621188609, 4.12500003222, 0.00000000000, 0.00000000580, 0.00000001185
271, 50.00000000000, 436.07421433914, 41.73461535763, 4.12500003222, 0.00000000000, 0.00000000897, 0.00000001375
272, 50.00000000000, 451.98739048703, 61.79484644311, 4.12500003222, 0.00000000000, -0.00000000849, -0.00000002364
273, 50.00000000000, 463.65943566266, 28.80212759327, 4.12500003222, 0.00000000000, -0.00000000217, 0.00000000186
274, 50.00000000000, 493.13692313882, 44.89233954062, 4.12500003222, 0.00000000000, -0.00000000357, -0.00000001717
275, 50.00000000000, 508.42967898369, 42.17769266123, 4.12500003222, 0.00000000000, -0.00000000258, 0.00000001069
276, 50.00000000000, 523.05939162237, 30.22317585182, 4.12500003222, 0.00000000000, -0.00000000139, 0.00000001174
277, 50.00000000000, 549.86146447581, 48.24975640045, 4.12500003222, 0.00000000000, -0.00000000238, 0.00000000356
278, 50.00000000000, 558.05942854432, 144.39462339376, 4.12500003222, 0.00000000000, 0.00000000000, 0.00000000000
279, 50.00000000000, 567.89547045306, 60.72579144468, 4.12500003222, 0.00000000000, -0.00000000034, 0.00000001083
280, 50.00000000000, 587.95429927338, 65.54680905103, 4.12500003222, 0.00000000000, 0.00000000041, -0.00000000001
281, 50.00000000000, 603.47491205504, 13.71181353406, 4.12500003222, 0.00000000000, -0.00000000050, 0.00000001452
282, 50.00000000000, 616.01666055413, 33.52005009060, 4.12500003222, 0.00000000000, -0.00000000291, 0.00000003793
283, 50.00000000000, 638.24729872808, 44.55711965484, 4.12500003222, 0.00000000000, -0.00000000955, -0.00000003398
284, 50.00000000000, 658.97353794968, 57.83552160702, 4.12500003222, 0.00000000000, -0.00000000398, 0.00000000621
285, 50.00000000000, 669.84611268008, 42.44785176728, 4.12500003222, 0.00000000000, 0.00000000489, 0.00000000325
286, 50.00000000000, 683.43755568370, 55.38542767085, 4.12500003222, 0.00000000000, 0.00000000140, 0.00000000131
287, 50.00000000000, 705.73426266388, 60.64993790912, 4.12500003222, 0.00000000000, -0.00000000114, 0.00000000134
288, 50.00000000000, 717.66289009599, 31.17132015547, 4.12500003222, 0.00000000000, 0.00000000105, 0.00000000326
289, 50.00000000000, 739.79832124574, 32.41429046751, 4.12500003222, 0.00000000000, -0.00000000770, 0.00000001331
290, 50.00000000000, 758.76221364688, 31.81183247217, 4.12500003222, 0.00000000000, 0.00000000631, 0.00000001991
291, 50.00000000000, 776.34332414298, 49.24628272865, 4.12500003222, 0.00000000000, 0.00000000061, -0.00000001953
292, 50.00000000000, 791.66174133931, 46.54334390388, 4.12500003222, 0.00000000000, 0.00000001002, 0.00000001147
293, 50.00000000000, 820.36326195859, 63.35044618327, 4.12500003222, 0.00000000000, 0.00000000146, -0.00000003882
294, 50.00000000000, 833.99808287914, 63.01790950154, 4.12500003222, 0.00000000000, -0.00000000677, 0.00000000152
295, 50.00000000000, 850.66951746608, 20.31965157290, 4.12500003222, 0.00000000000, -0.00000000323, -0.00000003300
296, 50.00000000000, 849.91208462863, 74.34377984763, 4.12500003222, 0.00000000000, -0.00000000362, 0.00000000357
297, 50.00000000000, 871.60514392174, 73.07382719195, 4.12500003222, 0.00000000000, -0.00000000203, -0.00000000698
298, 50.00000000000, 891.24923292400, 72.25007992521, 4.12500003222, 0.00000000000, 0.00000000509, 0.00000000635
299, 50.00000000000, 906.67674362428, 79.57317349258, 4.12500003222, 0.00000000000, 0.00000000093, -0.00000001426
