0, 50.00000000000, 73.87506759412, 23.36946075630, 4.12500003222, 0.00000000000, -0.00000000126, 0.00000003969
1, 50.00000000000, 77.73189628248, 10.71207742831, 4.12500003222, 0.00000000000, 0.00000000935, -0.00000001899
2, 50.00000000000, 96.01412789294, 45.32378061790, 4.12500003222, 0.00000000000, -0.00000000329, 0.00000001856
3, 50.00000000000, 113.47931974202, 11.66459920711, 4.12500003222, 0.00000000000, -0.00000000306, 0.00000005711
4, 50.00000000000, 134.41391316586, 3.40287225397, 4.12500003222, 0.00000000000, 0.00000000543, -0.00000000897
5, 50.00000000000, 150.55169979368, 10.76264574461, 4.12500003222, 0.00000000000, -0.00000000301, -0.00000002159
6, 50.00000000000, 165.22718983755, 11.69991618920, 4.12500003222, 0.00000000000, 0.00000000475, -0.00000002785
7, 50.00000000000, 181.62164452638, 6.61783897239, 4.12500003222, 0.00000000000, 0.00000000247, -0.00000001601
8, 50.00000000000, 201.22757300124, 4.74808105143, 4.12500003222, 0.00000000000, 0.00000000254, -0.00000001241
9, 50.00000000000, 219.58186724924, 10.87974053244, 4.12500003222, 0.00000000000, 0.00000000006, 0.00000002413
10, 50.00000000000, 206.61733946636, -30000000.00000000000, 0.00000000000, 0.00000000000, 0.00000118924, 0.66000001198
11, 50.00000000000, 228.80667295857, -30000000.00000000000, 0.00000000000, 0.00000000000, -0.00000014657, 0.66000001198
12, 50.00000000000, 247.83424767056, -30000000.00000000000, 0.00000000000, 0.00000000000, -0.00000088452, 0.66000001198
13, 50.00000000000, 290.68365727621, 43.96350631451, 4.12500003222, 0.00000000000, 0.00000000190, 0.00000000669
14, 50.00000000000, 286.13228018174, -30000000.00000000000, 0.00000000000, 0.00000000000, -0.00000014140, 0.66000001198
15, 50.00000000000, 303.42353755728, -30000000.00000000000, 0.00000000000, 0.00000000000, 0.00000061270, 0.66000001198
16, 50.00000000000, 323.59744548703, -30000000.00000000000, 0.00000000000, 0.00000000000, 0.00000004321, 0.66000001198
17, 50.00000000000, 340.47207938337, -30000000.00000000000, 0.00000000000, 0.00000000000, 0.00000047967, 0.66000001198
18, 50.00000000000, 363.04494036244, -30000000.00000000000, 0.00000000000, 0.00000000000, -0.00000005065, 0.66000001198
19, 50.00000000000, 384.03668296329, -30000000.00000000000, 0.00000000000, 0.00000000000, -0.00000114722, 0.66000001198
20, 50.00000000000, 419.17221595358, 44.85567428418, 4.12500003222, 0.00000000000, -0.00000000394, -0.00000001795
21, 50.00000000000, 423.24912732981, -30000000.00000000000, 0.00000000000, 0.00000000000, 0.00000029416, 0.66000001198
22, 50.00000000000, 445.65472486041, -30000000.00000000000, 0.00000000000, 0.00000000000, -0.00000047619, 0.66000001198
23, 50.00000000000, 459.61323870140, -30000000.00000000000, 0.00000000000, 0.00000000000, 0.00000033825, 0.66000001198
24, 50.00000000000, 478.77037293199, -30000000.00000000000, 0.00000000000, 0.00000000000, -0.00000015733, 0.66000001198
25, 50.00000000000, 499.25836901401, -30000000.00000000000, 0.00000000000, 0.00000000000, 0.00000055928, 0.66000001198
26, 50.00000000000, 519.83089706424, -30000000.00000000000, 0.00000000000, 0.00000000000, 0.00000077868, 0.66000001198
27, 50.00000000000, 539.95500995752, -30000000.00000000000, 0.00000000000, 0.00000000000, -0.00000063235, 0.66000001198
28, 50.00000000000, 558.84808860501, -30000000.00000000000, 0.00000000000, 0.00000000000, -0.00000010571, 0.66000001198
29, 50.00000000000, 567.06552997368, 26.83167758375, 4.12500003222, 0.00000000000, 0.00000000518, 0.00000000610
30, 50.00000000000, 597.23162349900, -30000000.00000000000, 0.00000000000, 0.00000000000, 0.00000002654, 0.66000001198
31, 50.00000000000, 618.23892472634, -30000000.00000000000, 0.00000000000, 0.00000000000, 0.00000038299, 0.66000001198
32, 50.00000000000, 638.19624188440, -30000000.00000000000, 0.00000000000, 0.00000000000, -0.00000057392, 0.66000001198
33, 50.00000000000, 659.67344476441, -30000000.00000000000, 0.00000000000, 0.00000000000, -0.00000043632, 0.66000001198
34, 50.00000000000, 676.38244716116, -30000000.00000000000, 0.00000000000, 0.00000000000, 0.00000028378, 0.66000001198
35, 50.00000000000, 689.01491712432, -30000000.00000000000, 0.00000000000, 0.00000000000, 0.00000033751, 0.66000001198
36, 50.00000000000, 713.96382053077, -30000000.00000000000, 0.00000000000, 0.00000000000, -0.00000028086, 0.66000001198
37, 50.00000000000, 729.51702513903, -30000000.00000000000, 0.00000000000, 0.00000000000, 0.00000062359, 0.66000001198
38, 50.00000000000, 724.31100205556, 10.27453367390, 4.12500003222, 0.00000000000, -0.00000000176, 0.00000000948
39, 50.00000000000, 776.30856629545, -30000000.00000000000, 0.00000000000, 0.00000000000, 0.00000014019, 0.66000001198
40, 50.00000000000, 793.43561098269, -30000000.00000000000, 0.00000000000, 0.00000000000, -0.00000072272, 0.66000001198
41, 50.00000000000, 762.12743561273, 9.07889675482, 4.12500003222, 0.00000000000, -0.00000000606, 0.00000001721
42, 50.00000000000, 784.84078312716, 7.73948269838, 4.12500003222, 0.00000000000, 0.00000001629, -0.00000001090
43, 50.00000000000, 809.68625231168, 8.72776018655, 4.12500003222, 0.00000000000, -0.00000000662, -0.00000004174
44, 50.00000000000, 829.96990800270, 31.49786567244, 4.12500003222, 0.00000000000, 0.00000000013, 0.00000002322
45, 50.00000000000, 841.10684256816, 30.75324325966, 4.12500003222, 0.00000000000, -0.00000000172, -0.00000000746
46, 50.00000000000, 865.78697163353, 11.70597861602, 4.12500003222, 0.00000000000, -0.00000000374, -0.00000003657
47, 50.00000000000, 879.34209737288, 14.66846849525, 4.12500003222, 0.00000000000, -0.00000000725, 0.00000002651
48, 50.00000000000, 911.55986692975, 8.71243640106, 4.12500003222, 0.00000000000, 0.00000000004, 0.00000000329
49, 50.00000000000, 932.63817354797, 9.88606287399, 4.12500003222, 0.00000000000, -0.00000000071, -0.00000000417
50, 50.00000000000, 57.93170685472, 8.84267618189, 4.12500003222, 0.00000000000, -0.00000000622, -0.00000000719
51, 50.00000000000, 77.13846136961, 41.66664341886, 4.12500003222, 0.00000000000, -0.00000001545, 0.00000000503
52, 50.00000000000, 94.45226882759, 12.23467273544, 4.12500003222, 0.00000000000, 0.00000000534, -0.00000001311
53, 50.00000000000, 112.16756799839, 43.38897211842, 4.12500003222, 0.00000000000, 0.00000000425, 0.00000002111
54, 50.00000000000, 126.43485357597, 33.05258733944, 4.12500003222, 0.00000000000, 0.00000001135, -0.00000002581
55, 50.00000000000, 146.34165446639, 21.77718028854, 4.12500003222, 0.00000000000, -0.00000001051, 0.00000000503
56, 50.00000000000, 163.53268700552, 33.11711318909, 4.12500003222, 0.00000000000, -0.00000001055, 0.00000004978
57, 50.00000000000, 185.14975212638, 20.04892171384, 4.12500003222, 0.00000000000, 0.00000000913, -0.00000000685
58, 50.00000000000, 199.24906412538, 16.62105069505, 4.12500003222, 0.00000000000, 0.00000000649, 0.00000003755
59, 50.00000000000, 219.46353110646, 30.44987642114, 4.12500003222, 0.00000000000, 0.00000000550, 0.00000001200
60, 50.00000000000, 238.94946640483, 39.94154948029, 4.12500003222, 0.00000000000, -0.00000000289, -0.00000001698
61, 50.00000000000, 221.57541063833, -30000000.00000000000, 0.00000000000, 0.00000000000, 0.00000112567, 0.66000001198
62, 50.00000000000, 245.59968821445, -30000000.00000000000, 0.00000000000, 0.00000000000, -0.00000049258, 0.66000001198
63, 50.00000000000, 265.37796765786, -30000000.00000000000, 0.00000000000, 0.00000000000, -0.00000042699, 0.66000001198
64, 50.00000000000, 285.88134886885, -30000000.00000000000, 0.00000000000, 0.00000000000, -0.00000011660, 0.66000001198
65, 50.00000000000, 326.25295724576, 47.27132843194, 4.12500003222, 0.00000000000, 0.00000000373, 0.00000000670
66, 50.00000000000, 325.16594129052, -30000000.00000000000, 0.00000000000, 0.00000000000, -0.00000019633, 0.66000001198
67, 50.00000000000, 346.73370231404, -30000000.00000000000, 0.00000000000, 0.00000000000, -0.00000062238, 0.66000001198
68, 50.00000000000, 365.08697008615, -30000000.00000000000, 0.00000000000, 0.00000000000, -0.00000036222, 0.66000001198
69, 50.00000000000, 380.57119893922, -30000000.00000000000, 0.00000000000, 0.00000000000, -0.00000069007, 0.66000001198
70, 50.00000000000, 400.19604101210, -30000000.00000000000, 0.00000000000, 0.00000000000, 0.00000016728, 0.66000001198
71, 50.00000000000, 420.53076961336, -30000000.00000000000, 0.00000000000, 0.00000000000, 0.00000059214, 0.66000001198
72, 50.00000000000, 439.96243034513, -30000000.00000000000, 0.00000000000, 0.00000000000, 0.00000027518, 0.66000001198
73, 50.00000000000, 480.32900058661, 24.14044635256, 4.12500003222, 0.00000000000, 0.00000001127, 0.00000003544
74, 50.00000000000, 494.28506810213, 10.78412704926, 4.12500003222, 0.00000000000, -0.00000000077, -0.00000000810
75, 50.00000000000, 516.07028358092, 8.81401826076, 4.12500003222, 0.00000000000, -0.00000000127, -0.00000000498
76, 50.00000000000, 517.16575416509, -30000000.00000000000, 0.00000000000, 0.00000000000, 0.00000119260, 0.66000001198
77, 50.00000000000, 537.45103121759, -30000000.00000000000, 0.00000000000, 0.00000000000, -0.00000018725, 0.66000001198
78, 50.00000000000, 557.14258385624, -30000000.00000000000, 0.00000000000, 0.00000000000, 0.00000018966, 0.66000001198
79, 50.00000000000, 577.48187229434, -30000000.00000000000, 0.00000000000, 0.00000000000, -0.00000043423, 0.66000001198
80, 50.00000000000, 579.55554675591, 23.98530181606, 4.12500003222, 0.00000000000, 0.00000000806, -0.00000001729
81, 50.00000000000, 616.38209439551, -30000000.00000000000, 0.00000000000, 0.00000000000, 0.00000061901, 0.66000001198
82, 50.00000000000, 638.48843691888, -30000000.00000000000, 0.00000000000, 0.00000000000, -0.00000060972, 0.66000001198
83, 50.00000000000, 652.42718411292, -30000000.00000000000, 0.00000000000, 0.00000000000, 0.00000052019, 0.66000001198
84, 50.00000000000, 654.69268292293, 8.07368777924, 4.12500003222, 0.00000000000, -0.00000000346, -0.00000000686
85, 50.00000000000, 699.45105871025, -30000000.00000000000, 0.00000000000, 0.00000000000, -0.00000060012, 0.66000001198
86, 50.00000000000, 719.36195850177, -30000000.00000000000, 0.00000000000, 0.00000000000, -0.00000044453, 0.66000001198
87, 50.00000000000, 736.09359109568, -30000000.00000000000, 0.00000000000, 0.00000000000, -0.00000024452, 0.66000001198
88, 50.00000000000, 757.80470467224, -30000000.00000000000, 0.00000000000, 0.00000000000, -0.00000047411, 0.66000001198
89, 50.00000000000, 776.84769241845, -30000000.00000000000, 0.00000000000, 0.00000000000, 0.00000006921, 0.66000001198
90, 50.00000000000, 791.09480496037, -30000000.00000000000, 0.00000000000, 0.00000000000, -0.00000046688, 0.66000001198
91, 50.00000000000, 773.73321349294, 13.94475883512, 4.12500003222, 0.00000000000, 0.00000000776, 0.00000002996
92, 50.00000000000, 796.64164764970, 12.80116049771, 4.12500003222, 0.00000000000, -0.00000000891, -0.00000002354
93, 50.00000000000, 812.54104191459, 23.74878174447, 4.12500003222, 0.00000000000, 0.00000000800, -0.00000002008
94, 50.00000000000, 827.35766313848, 11.75672527489, 4.12500003222, 0.00000000000, 0.00000000214, 0.00000000321
95, 50.00000000000, 844.01251635228, 42.86034449492, 4.12500003222, 0.00000000000, -0.00000000990, 0.00000003916
96, 50.00000000000, 862.88653658524, 24.68932496390, 4.12500003222, 0.00000000000, 0.00000000156, 0.00000001324
97, 50.00000000000, 891.57624038858, 7.95478271383, 4.12500003222, 0.00000000000, 0.00000000203, -0.00000001532
98, 50.00000000000, 900.59867088220, 25.80788482461, 4.12500003222, 0.00000000000, -0.00000000303, 0.00000001424
99, 50.00000000000, 920.16665537235, 25.55900097018, 4.12500003222, 0.00000000000, -0.00000000020, 0.00000001957
100, 50.00000000000, 60.84797724443, 26.82002389653, 4.12500003222, 0.00000000000, 0.00000000033, 0.00000001220
101, 50.00000000000, 82.18623675537, 32.32686491476, 4.12500003222, 0.00000000000, -0.00000001552, 0.00000000969
102, 50.00000000000, 95.42885805071, 28.01983700484, 4.12500003222, 0.00000000000, 0.00000000569, -0.00000003441
103, 50.00000000000, 111.63890598324, 28.21764976949, 4.12500003222, 0.00000000000, 0.00000000809, -0.00000001458
104, 50.00000000000, 129.58512594936, 13.76295469599, 4.12500003222, 0.00000000000, -0.00000000719, 0.00000000888
105, 50.00000000000, 148.21814402486, 32.13236662385, 4.12500003222, 0.00000000000, -0.00000000985, 0.00000001103
106, 50.00000000000, 167.73404186311, 23.65645386551, 4.12500003222, 0.00000000000, 0.00000001126, -0.00000000481
107, 50.00000000000, 186.61872331470, 39.07543149403, 4.12500003222, 0.00000000000, 0.00000000408, 0.00000002060
108, 50.00000000000, 206.57739448075, 49.03272706828, 4.12500003222, 0.00000000000, -0.00000000883, 0.00000002899
109, 50.00000000000, 204.40587760163, 27.05049253999, 4.12500003222, 0.00000000000, -0.00000000297, -0.00000004627
110, 50.00000000000, 204.13019430052, -30000000.00000000000, 0.00000000000, 0.00000000000, 0.00000146132, 0.66000001198
111, 50.00000000000, 225.97911160098, -30000000.00000000000, 0.00000000000, 0.00000000000, 0.00000035024, 0.66000001198
112, 50.00000000000, 243.22866825318, -30000000.00000000000, 0.00000000000, 0.00000000000, -0.00000007599, 0.66000001198
113, 50.00000000000, 264.01523328468, -30000000.00000000000, 0.00000000000, 0.00000000000, -0.00000022451, 0.66000001198
114, 50.00000000000, 297.72352374596, 62.12441921611, 4.12500003222, 0.00000000000, -0.00000000444, -0.00000001354
115, 50.00000000000, 326.98112600831, 38.02577659863, 4.12500003222, 0.00000000000, -0.00000000321, 0.00000002146
116, 50.00000000000, 344.45468440951, 35.62080834198, 4.12500003222, 0.00000000000, -0.00000000153, -0.00000000532
117, 50.00000000000, 363.41215029530, 29.99124728184, 4.12500003222, 0.00000000000, 0.00000000790, 0.00000001240
118, 50.00000000000, 380.73497954003, 61.64350986906, 4.12500003222, 0.00000000000, -0.00000000231, 0.00000000956
119, 50.00000000000, 399.39323661619, 55.08583658789, 4.12500003222, 0.00000000000, 0.00000001091, -0.00000000312
120, 50.00000000000, 417.20111802207, 69.89922248391, 4.12500003222, 0.00000000000, 0.00000000364, -0.00000003063
121, 50.00000000000, 428.32646715484, 28.02510822408, 4.12500003222, 0.00000000000, 0.00000000134, -0.00000000983
122, 50.00000000000, 455.04986503149, 49.61870241532, 4.12500003222, 0.00000000000, 0.00000000045, -0.00000000588
123, 50.00000000000, 463.27277056720, -30000000.00000000000, 0.00000000000, 0.00000000000, -0.00000014459, 0.66000001198
124, 50.00000000000, 485.39898678357, 33.26693425946, 4.12500003222, 0.00000000000, -0.00000000447, -0.00000002178
125, 50.00000000000, 500.85615230752, 26.08572141923, 4.12500003222, 0.00000000000, -0.00000000938, 0.00000002014
126, 50.00000000000, 533.88171787676, 10.76399769580, 4.12500003222, 0.00000000000, 0.00000000119, 0.00000001730
127, 50.00000000000, 534.41781279297, 25.23940565247, 4.12500003222, 0.00000000000, 0.00000000378, 0.00000000167
128, 50.00000000000, 568.30322644789, 7.78846871479, 4.12500003222, 0.00000000000, 0.00000000218, -0.00000000268
129, 50.00000000000, 576.61646019143, -30000000.00000000000, 0.00000000000, 0.00000000000, -0.00000033124, 0.66000001198
130, 50.00000000000, 585.74257541607, 10.93216476589, 4.12500003222, 0.00000000000, 0.00000000302, -0.00000000963
131, 50.00000000000, 618.08911256773, -30000000.00000000000, 0.00000000000, 0.00000000000, 0.00000039761, 0.66000001198
132, 50.00000000000, 618.13276628140, 11.63308922216, 4.12500003222, 0.00000000000, -0.00000000011, 0.00000002642
133, 50.00000000000, 636.02780476634, 9.12533450906, 4.12500003222, 0.00000000000, 0.00000000592, -0.00000002792
134, 50.00000000000, 673.04033556423, -30000000.00000000000, 0.00000000000, 0.00000000000, 0.00000079810, 0.66000001198
135, 50.00000000000, 672.48402654066, 11.20851240762, 4.12500003222, 0.00000000000, 0.00000000013, -0.00000000476
136, 50.00000000000, 692.04413711493, 23.33935013428, 4.12500003222, 0.00000000000, -0.00000000425, 0.00000000639
137, 50.00000000000, 704.98730691880, 25.54900872430, 4.12500003222, 0.00000000000, 0.00000000439, -0.00000001581
138, 50.00000000000, 748.70604574178, -30000000.00000000000, 0.00000000000, 0.00000000000, 0.00000072691, 0.66000001198
139, 50.00000000000, 736.30739181071, 23.46449856880, 4.12500003222, 0.00000000000, 0.00000000082, 0.00000001347
140, 50.00000000000, 796.60859583786, -30000000.00000000000, 0.00000000000, 0.00000000000, -0.00000107220, 0.66000001198
141, 50.00000000000, 778.38030522568, 24.92540795855, 4.12500003222, 0.00000000000, -0.00000000535, 0.00000001529
142, 50.00000000000, 793.96675338775, 23.98212879370, 4.12500003222, 0.00000000000, -0.00000001451, -0.00000001423
143, 50.00000000000, 807.40534123947, 57.18465149309, 4.12500003222, 0.00000000000, -0.00000000052, -0.00000002324
144, 50.00000000000, 827.33542558746, 24.44379205496, 4.12500003222, 0.00000000000, 0.00000000531, 0.00000001008
145, 50.00000000000, 844.31807575397, 10.38346282671, 4.12500003222, 0.00000000000, -0.00000000165, -0.00000000597
146, 50.00000000000, 859.68113652820, 44.16269824340, 4.12500003222, 0.00000000000, -0.00000000158, 0.00000000198
147, 50.00000000000, 884.62252962840, 26.74010074880, 4.12500003222, 0.00000000000, 0.00000000989, 0.00000005444
148, 50.00000000000, 894.11255845949, 47.87849048261, 4.12500003222, 0.00000000000, -0.00000000657, -0.00000003360
149, 50.00000000000, 917.43338321677, 43.94720164081, 4.12500003222, 0.00000000000, 0.00000000125, -0.00000000701
150, 50.00000000000, 59.07204410308, 40.17938233182, 4.12500003222, 0.00000000000, 0.00000001167, 0.00000000214
151, 50.00000000000, 70.31642427405, 48.80021124876, 4.12500003222, 0.00000000000, 0.00000000482, -0.00000005537
152, 50.00000000000, 92.66713333801, 51.89211289260, 4.12500003222, 0.00000000000, 0.00000000059, -0.00000000534
153, 50.00000000000, 114.33871364134, 60.77815687194, 4.12500003222, 0.00000000000, 0.00000000334, -0.00000001222
154, 50.00000000000, 131.15463489543, 25.26522955817, 4.12500003222, 0.00000000000, -0.00000001488, 0.00000001463
155, 50.00000000000, 144.05020504650, 43.55454996177, 4.12500003222, 0.00000000000, 0.00000000800, -0.00000001372
156, 50.00000000000, 177.10882580462, 51.87570055664, 4.12500003222, 0.00000000000, -0.00000000869, 0.00000001960
157, 50.00000000000, 181.28235353245, 30.50900381064, 4.12500003222, 0.00000000000, 0.00000000531, 0.00000002158
158, 50.00000000000, 200.20702030500, 58.60913085751, 4.12500003222, 0.00000000000, 0.00000000449, -0.00000005509
159, 50.00000000000, 219.41358521285, 42.45962323629, 4.12500003222, 0.00000000000, 0.00000000108, 0.00000001732
160, 50.00000000000, 235.73827514662, 24.51552152535, 4.12500003222, 0.00000000000, 0.00000000028, -0.00000001607
161, 50.00000000000, 254.78018335204, 51.45887538682, 4.12500003222, 0.00000000000, -0.00000000193, 0.00000002855
162, 50.00000000000, 274.92974020258, 26.04675626598, 4.12500003222, 0.00000000000, -0.00000000032, -0.00000004113
163, 50.00000000000, 294.41739112987, 26.08570801174, 4.12500003222, 0.00000000000, 0.00000000636, 0.00000000696
164, 50.00000000000, 308.19046986094, 54.71726045710, 4.12500003222, 0.00000000000, 0.00000000219, 0.00000000663
165, 50.00000000000, 305.34692811772, -30000000.00000000000, 0.00000000000, 0.00000000000, 0.00000032003, 0.66000001198
166, 50.00000000000, 343.33490184602, 59.21715438074, 4.12500003222, 0.00000000000, -0.00000000224, 0.00000000980
167, 50.00000000000, 363.10516801982, 44.52909456672, 4.12500003222, 0.00000000000, 0.00000000135, -0.00000001564
168, 50.00000000000, 381.41869663088, 37.43421422669, 4.12500003222, 0.00000000000, 0.00000000390, -0.00000003530
169, 50.00000000000, 395.93332558157, 34.83387758364, 4.12500003222, 0.00000000000, 0.00000000925, -0.00000000687
170, 50.00000000000, 415.03614748904, 35.04478278019, 4.12500003222, 0.00000000000, -0.00000000427, 0.00000002027
171, 50.00000000000, 435.11612666632, 61.44740759979, 4.12500003222, 0.00000000000, -0.00000000359, -0.00000000532
172, 50.00000000000, 448.16679216594, 38.59457777729, 4.12500003222, 0.00000000000, -0.00000000229, -0.00000000134
173, 50.00000000000, 473.92608914684, 10.69577457402, 4.12500003222, 0.00000000000, -0.00000000957, -0.00000002926
174, 50.00000000000, 485.78582677257, -30000000.00000000000, 0.00000000000, 0.00000000000, -0.00000092903, 0.66000001198
175, 50.00000000000, 513.80274996786, 20.93323408777, 4.12500003222, 0.00000000000, 0.00000000138, -0.00000001946
176, 50.00000000000, 520.16067831043, -30000000.00000000000, 0.00000000000, 0.00000000000, 0.00000073755, 0.66000001198
177, 50.00000000000, 540.58807165255, -30000000.00000000000, 0.00000000000, 0.00000000000, -0.00000073199, 0.66000001198
178, 50.00000000000, 555.28097199211, 22.31054944663, 4.12500003222, 0.00000000000, -0.00000000443, 0.00000002998
179, 50.00000000000, 566.35178013803, 40.68631689740, 4.12500003222, 0.00000000000, 0.00000000111, -0.00000001116
180, 50.00000000000, 589.19235427139, 33.06205921414, 4.12500003222, 0.00000000000, -0.00000000058, -0.00000001699
181, 50.00000000000, 600.01939700742, 50.24152929716, 4.12500003222, 0.00000000000, -0.00000000446, 0.00000000743
182, 50.00000000000, 620.48938690820, 25.25238244733, 4.12500003222, 0.00000000000, -0.00000000902, -0.00000002579
183, 50.00000000000, 632.21873422090, 31.64190196080, 4.12500003222, 0.00000000000, -0.00000000466, -0.00000000491
184, 50.00000000000, 652.70853239225, 25.17406069772, 4.12500003222, 0.00000000000, 0.00000000741, 0.00000002134
185, 50.00000000000, 697.57836627702, -30000000.00000000000, 0.00000000000, 0.00000000000, -0.00000031553, 0.66000001198
186, 50.00000000000, 688.19061344985, 9.79860666731, 4.12500003222, 0.00000000000, -0.00000000097, 0.00000001234
187, 50.00000000000, 699.14717055716, 43.60922221843, 4.12500003222, 0.00000000000, -0.00000000456, 0.00000000282
188, 50.00000000000, 723.93236259052, 23.33868106253, 4.12500003222, 0.00000000000, -0.00000000559, 0.00000000580
189, 50.00000000000, 743.55681294174, 10.52075797865, 4.12500003222, 0.00000000000, 0.00000000145, 0.00000002544
190, 50.00000000000, 754.92739400223, 24.61116345430, 4.12500003222, 0.00000000000, -0.00000000337, -0.00000003345
191, 50.00000000000, 773.65911385588, 38.74844010703, 4.12500003222, 0.00000000000, -0.00000001071, 0.00000000624
192, 50.00000000000, 789.41924569163, 31.06897315623, 4.12500003222, 0.00000000000, -0.00000001637, -0.00000003715
193, 50.00000000000, 809.65673998112, 31.34301943454, 4.12500003222, 0.00000000000, 0.00000001054, 0.00000000022
194, 50.00000000000, 827.89142309508, 44.51189111736, 4.12500003222, 0.00000000000, 0.00000000040, 0.00000000374
195, 50.00000000000, 849.99898477525, 33.41347517494, 4.12500003222, 0.00000000000, 0.00000000173, -0.00000000559
196, 50.00000000000, 866.08638311611, 35.26576398965, 4.12500003222, 0.00000000000, 0.00000001078, -0.00000002969
197, 50.00000000000, 874.20846224035, 55.94740799208, 4.12500003222, 0.00000000000, -0.00000000916, -0.00000001711
198, 50.00000000000, 903.15556482660, 41.04478112801, 4.12500003222, 0.00000000000, -0.00000001048, -0.00000002623
199, 50.00000000000, 912.88457447609, 62.53620057221, 4.12500003222, 0.00000000000, 0.00000000115, -0.00000001040
200, 50.00000000000, 65.02728092755, 73.10037291239, 4.12500003222, 0.00000000000, 0.00000000279, 0.00000002263
201, 50.00000000000, 79.12776184724, 55.97340130330, 4.12500003222, 0.00000000000, -0.00000000682, -0.00000001908
202, 50.00000000000, 102.13573622328, 63.27141224281, 4.12500003222, 0.00000000000, 0.00000000627, -0.00000002026
203, 50.00000000000, 119.55042221644, 76.31645866690, 4.12500003222, 0.00000000000, 0.00000000262, 0.00000000862
204, 50.00000000000, 135.51018553783, 65.01665588281, 4.12500003222, 0.00000000000, 0.00000000255, -0.00000000595
205, 50.00000000000, 153.04974258492, 55.14333647817, 4.12500003222, 0.00000000000, 0.00000001298, 0.00000000012
206, 50.00000000000, 165.94206702095, 46.27564492374, 4.12500003222, 0.00000000000, -0.00000000797, 0.00000001927
207, 50.00000000000, 186.87875229645, 56.41625028174, 4.12500003222, 0.00000000000, -0.00000000319, -0.00000001935
208, 50.00000000000, 199.11838371298, 39.35856874202, 4.12500003222, 0.00000000000, -0.00000001023, -0.00000000342
209, 50.00000000000, 220.20921618244, 54.04127624033, 4.12500003222, 0.00000000000, -0.00000000237, -0.00000000414
210, 50.00000000000, 235.76902221539, 48.53133477881, 4.12500003222, 0.00000000000, -0.00000000091, 0.00000000590
211, 50.00000000000, 255.32188381299, 33.08435746626, 4.12500003222, 0.00000000000, -0.00000000362, 0.00000001064
212, 50.00000000000, 275.33681117195, 39.80795080050, 4.12500003222, 0.00000000000, 0.00000001069, 0.00000002021
213, 50.00000000000, 283.86087651762, 61.16088117805, 4.12500003222, 0.00000000000, -0.00000000768, -0.00000003855
214, 50.00000000000, 309.53417888146, 42.06090761958, 4.12500003222, 0.00000000000, -0.00000001249, -0.00000003248
215, 50.00000000000, 319.64427011066, 64.39570101518, 4.12500003222, 0.00000000000, 0.00000001181, -0.00000002854
216, 50.00000000000, 322.34755010605, -30000000.00000000000, 0.00000000000, 0.00000000000, 0.00000022978, 0.66000001198
217, 50.00000000000, 361.63623354962, 66.50879161277, 4.12500003222, 0.00000000000, -0.00000000366, 0.00000000799
218, 50.00000000000, 359.13112409815, -30000000.00000000000, 0.00000000000, 0.00000000000, 0.00000055342, 0.66000001198
219, 50.00000000000, 404.70965061023, 27.58993926780, 4.12500003222, 0.00000000000, -0.00000000695, 0.00000003449
220, 50.00000000000, 416.84636582122, 58.47936831482, 4.12500003222, 0.00000000000, 0.00000000173, 0.00000000973
221, 50.00000000000, 432.64438696218, 50.90164818573, 4.12500003222, 0.00000000000, 0.00000000139, 0.00000000094
222, 50.00000000000, 470.34426465411, 65.84309931451, 4.12500003222, 0.00000000000, -0.00000000192, -0.00000001867
223, 50.00000000000, 470.86394832977, 45.59104552432, 4.12500003222, 0.00000000000, -0.00000000248, 0.00000002945
224, 50.00000000000, 488.85337793722, 57.77742330576, 4.12500003222, 0.00000000000, 0.00000000005, 0.00000001805
225, 50.00000000000, 509.93452814977, 59.67081840688, 4.12500003222, 0.00000000000, 0.00000000094, 0.00000000949
226, 50.00000000000, 529.06450083849, 47.58968751158, 4.12500003222, 0.00000000000, -0.00000000037, -0.00000000636
227, 50.00000000000, 544.96767613125, 31.68514404862, 4.12500003222, 0.00000000000, 0.00000000046, -0.00000000868
228, 50.00000000000, 550.28273025626, 9.07543844510, 4.12500003222, 0.00000000000, -0.00000000429, -0.00000001525
229, 50.00000000000, 577.78764605067, -30000000.00000000000, 0.00000000000, 0.00000000000, -0.00000046634, 0.66000001198
230, 50.00000000000, 581.89395381376, 45.98865553155, 4.12500003222, 0.00000000000, -0.00000000881, -0.00000000194
231, 50.00000000000, 600.97495847144, 29.31370407340, 4.12500003222, 0.00000000000, -0.00000000646, -0.00000000459
232, 50.00000000000, 617.92374182592, 47.78444577570, 4.12500003222, 0.00000000000, 0.00000000149, 0.00000002817
233, 50.00000000000, 637.34612249104, 22.73849535302, 4.12500003222, 0.00000000000, 0.00000000362, 0.00000000972
234, 50.00000000000, 651.58575585873, 39.64980730459, 4.12500003222, 0.00000000000, 0.00000000519, -0.00000000669
235, 50.00000000000, 669.66433325146, 25.40316540768, 4.12500003222, 0.00000000000, 0.00000000596, -0.00000001893
236, 50.00000000000, 683.60966789458, 33.59450930859, 4.12500003222, 0.00000000000, -0.00000000049, -0.00000001081
237, 50.00000000000, 707.33323432076, 8.82520921773, 4.12500003222, 0.00000000000, -0.00000000064, 0.00000000011
238, 50.00000000000, 719.67805783683, 44.40012462690, 4.12500003222, 0.00000000000, 0.00000000714, -0.00000001957
239, 50.00000000000, 737.37089020472, 43.50675420520, 4.12500003222, 0.00000000000, 0.00000000476, 0.00000001598
240, 50.00000000000, 755.62498183228, 47.19884353321, 4.12500003222, 0.00000000000, 0.00000000081, 0.00000000506
241, 50.00000000000, 772.17723314321, 29.50057654879, 4.12500003222, 0.00000000000, -0.00000000112, 0.00000001039
242, 50.00000000000, 795.56806168051, 38.93091242610, 4.12500003222, 0.00000000000, 0.00000001459, 0.00000001680
243, 50.00000000000, 809.22429403863, 42.19936806044, 4.12500003222, 0.00000000000, 0.00000000781, 0.00000002633
244, 50.00000000000, 820.54793238188, 45.13393585111, 4.12500003222, 0.00000000000, -0.00000000181, 0.00000000586
245, 50.00000000000, 839.89224441131, 53.55765257950, 4.12500003222, 0.00000000000, 0.00000000218, -0.00000000475
246, 50.00000000000, 855.71978917556, 57.97168187814, 4.12500003222, 0.00000000000, -0.00000000522, -0.00000001492
247, 50.00000000000, 881.30971187734, 38.69298172191, 4.12500003222, 0.00000000000, 0.00000000569, -0.00000000449
248, 50.00000000000, 889.34326288666, 60.72296761406, 4.12500003222, 0.00000000000, 0.00000000206, -0.00000001390
249, 50.00000000000, 903.75400556837, 60.01830199466, 4.12500003222, 0.00000000000, 0.00000000856, 0.00000000972
250, 50.00000000000, 58.24364633650, 58.44736857501, 4.12500003222, 0.00000000000, -0.00000000056, -0.00000000744
251, 50.00000000000, 80.41716369144, 65.60778755400, 4.12500003222, 0.00000000000, 0.00000000174, 0.00000003971
252, 50.00000000000, 95.18422714518, 71.40081120566, 4.12500003222, 0.00000000000, 0.00000000127, 0.00000001701
253, 50.00000000000, 105.98692689505, 84.58386287172, 4.12500003222, 0.00000000000, -0.00000000603, 0.00000000434
254, 50.00000000000, 129.69530264676, 46.80053066588, 4.12500003222, 0.00000000000, 0.00000000128, 0.00000000664
255, 50.00000000000, 150.57021393375, 77.00393056531, 4.12500003222, 0.00000000000, 0.00000000031, -0.00000001213
256, 50.00000000000, 167.71137118302, 67.30607840574, 4.12500003222, 0.00000000000, -0.00000000170, -0.00000001586
257, 50.00000000000, 185.31127412710, 73.80357925923, 4.12500003222, 0.00000000000, -0.00000000497, 0.00000001688
258, 50.00000000000, 204.77556841457, 72.12049947432, 4.12500003222, 0.00000000000, 0.00000000992, -0.00000000354
259, 50.00000000000, 221.71830522200, 66.11721437591, 4.12500003222, 0.00000000000, -0.00000000052, 0.00000001410
260, 50.00000000000, 241.25048260839, 65.23218067029, 4.12500003222, 0.00000000000, 0.00000000067, -0.00000003938
261, 50.00000000000, 263.61912658262, 69.25472439812, 4.12500003222, 0.00000000000, -0.00000000163, 0.00000000471
262, 50.00000000000, 269.87350869192, 49.87336736556, 4.12500003222, 0.00000000000, 0.00000000317, 0.00000002302
263, 50.00000000000, 282.90445235136, 79.88372410396, 4.12500003222, 0.00000000000, -0.00000000249, -0.00000000012
264, 50.00000000000, 302.54698326731, 76.39419294703, 4.12500003222, 0.00000000000, 0.00000000653, 0.00000004319
265, 50.00000000000, 330.17891033102, 56.72873140817, 4.12500003222, 0.00000000000, 0.00000000047, 0.00000000017
266, 50.00000000000, 347.20257206575, 46.87031449448, 4.12500003222, 0.00000000000, -0.00000000684, 0.00000001135
267, 50.00000000000, 362.42315531833, 52.48041932592, 4.12500003222, 0.00000000000, -0.00000000562, 0.00000001104
268, 50.00000000000, 378.62938564130, 49.18772238400, 4.12500003222, 0.00000000000, -0.00000000063, -0.00000001466
269, 50.00000000000, 397.18159358762, 46.29275788514, 4.12500003222, 0.00000000000, 0.00000001003, 0.00000000739
270, 50.00000000000, 413.35147755557, 48.34842139057, 4.12500003222, 0.00000000000, -0.00000001150, 0.00000000667
271, 50.00000000000, 435.25742214678, 42.29327024864, 4.12500003222, 0.00000000000, 0.00000000161, 0.00000001629
272, 50.00000000000, 451.65431529910, 60.89564546582, 4.12500003222, 0.00000000000, 0.00000000175, -0.00000000640
273, 50.00000000000, 463.07025941339, 28.47268741676, 4.12500003222, 0.00000000000, -0.00000000119, 0.00000000502
274, 50.00000000000, 492.63102281964, 44.60122339156, 4.12500003222, 0.00000000000, -0.00000000046, -0.00000002297
275, 50.00000000000, 507.74011909740, 42.19524447236, 4.12500003222, 0.00000000000, 0.00000000110, 0.00000000118
276, 50.00000000000, 522.41320861487, 30.71291629867, 4.12500003222, 0.00000000000, 0.00000000274, 0.00000003329
277, 50.00000000000, 549.90202554429, 44.32210975340, 4.12500003222, 0.00000000000, 0.00000000271, 0.00000000639
278, 50.00000000000, 558.05942854432, 157.70200757798, 4.12500003222, 0.00000000000, 0.00000000000, 0.00000000000
279, 50.00000000000, 565.48514946135, 60.07353458081, 4.12500003222, 0.00000000000, -0.00000000337, 0.00000000680
280, 50.00000000000, 585.59712980846, 64.62433716271, 4.12500003222, 0.00000000000, 0.00000000205, 0.00000002452
281, 50.00000000000, 601.32987915720, 13.39418443862, 4.12500003222, 0.00000000000, -0.00000000249, 0.00000000781
282, 50.00000000000, 613.80610018719, 33.47134601382, 4.12500003222, 0.00000000000, 0.00000000273, -0.00000002630
283, 50.00000000000, 636.20217049459, 44.29324775939, 4.12500003222, 0.00000000000, 0.00000000279, 0.00000001152
284, 50.00000000000, 656.85879522367, 58.02741736028, 4.12500003222, 0.00000000000, -0.00000000340, 0.00000000630
285, 50.00000000000, 667.79384931227, 42.91158124318, 4.12500003222, 0.00000000000, -0.00000000082, 0.00000000682
286, 50.00000000000, 681.46930987874, 56.00820612940, 4.12500003222, 0.00000000000, 0.00000000241, -0.00000000731
287, 50.00000000000, 703.86030056791, 61.04227011126, 4.12500003222, 0.00000000000, -0.00000000315, 0.00000001389
288, 50.00000000000, 715.89285467953, 30.83439945699, 4.12500003222, 0.00000000000, 0.00000000677, -0.00000000632
289, 50.00000000000, 737.88509869246, 32.50831484155, 4.12500003222, 0.00000000000, -0.00000000340, -0.00000003567
290, 50.00000000000, 756.98071385686, 32.11561005484, 4.12500003222, 0.00000000000, 0.00000000492, -0.00000000269
291, 50.00000000000, 774.37010564275, 49.41895240542, 4.12500003222, 0.00000000000, -0.00000000816, -0.00000000934
292, 50.00000000000, 789.78853579992, 47.16935028139, 4.12500003222, 0.00000000000, -0.00000000122, 0.00000000229
293, 50.00000000000, 818.98950372811, 64.45856015831, 4.12500003222, 0.00000000000, -0.00000000162, -0.00000001715
294, 50.00000000000, 832.60909799072, 64.08468334554, 4.12500003222, 0.00000000000, 0.00000000204, -0.00000004212
295, 50.00000000000, 848.87517373290, 20.70488715142, 4.12500003222, 0.00000000000, -0.00000000338, 0.00000000771
296, 50.00000000000, 848.50607353022, 74.66983988275, 4.12500003222, 0.00000000000, 0.00000000540, 0.00000002023
297, 50.00000000000, 870.03532481234, 73.71819190868, 4.12500003222, 0.00000000000, 0.00000000027, 0.00000000577
298, 50.00000000000, 889.61474889248, 72.50044608243, 4.12500003222, 0.00000000000, 0.00000000635, 0.00000003588
299, 50.00000000000, 904.94174790998, 79.96272416833, 4.12500003222, 0.00000000000, -0.00000000344, 0.00000000574
