0, 50.00000000000, 58.55083050202, 23.50109797674, 4.12500003222, 0.00000000000, 0.00000000179, 0.00000001438
1, 50.00000000000, 62.56012513927, 10.15024363765, 4.12500003222, 0.00000000000, 0.00000000187, 0.00000002106
2, 50.00000000000, 79.93939989468, 46.43377944211, 4.12500003222, 0.00000000000, 0.00000000844, -0.00000002387
3, 50.00000000000, 98.37600041963, 12.16638021446, 4.12500003222, 0.00000000000, 0.00000000006, -0.00000001184
4, 50.00000000000, 119.46966276980, 3.40626021584, 4.12500003222, 0.00000000000, 0.00000000243, 0.00000000722
5, 50.00000000000, 135.91433444206, 10.68660675665, 4.12500003222, 0.00000000000, 0.00000000223, 0.00000001298
6, 50.00000000000, 150.53801139697, 12.29487777370, 4.12500003222, 0.00000000000, -0.00000000475, 0.00000002798
7, 50.00000000000, 166.82551012245, 6.80753979633, 4.12500003222, 0.00000000000, -0.00000000753, -0.00000003658
8, 50.00000000000, 188.25707438238, 4.48144980680, 4.12500003222, 0.00000000000, 0.00000000001, -0.00000000417
9, 50.00000000000, 206.21212869556, 12.52404812690, 4.12500003222, 0.00000000000, 0.00000000673, 0.00000002278
10, 50.00000000000, 206.61733946636, -30000000.00000000000, 0.00000000000, 0.00000000000, 0.00000118924, 0.66000001198
11, 50.00000000000, 228.80667295857, -30000000.00000000000, 0.00000000000, 0.00000000000, -0.00000014657, 0.66000001198
12, 50.00000000000, 247.83424767056, -30000000.00000000000, 0.00000000000, 0.00000000000, -0.00000088452, 0.66000001198
13, 50.00000000000, 281.57375919035, 45.47564432666, 4.12500003222, 0.00000000000, -0.00000000055, -0.00000000435
14, 50.00000000000, 286.13228018174, -30000000.00000000000, 0.00000000000, 0.00000000000, -0.00000014140, 0.66000001198
15, 50.00000000000, 303.42353755728, -30000000.00000000000, 0.00000000000, 0.00000000000, 0.00000061270, 0.66000001198
16, 50.00000000000, 323.59744548703, -30000000.00000000000, 0.00000000000, 0.00000000000, 0.00000004321, 0.66000001198
17, 50.00000000000, 340.47207938337, -30000000.00000000000, 0.00000000000, 0.00000000000, 0.00000047967, 0.66000001198
18, 50.00000000000, 363.04494036244, -30000000.00000000000, 0.00000000000, 0.00000000000, -0.00000005065, 0.66000001198
19, 50.00000000000, 384.03668296329, -30000000.00000000000, 0.00000000000, 0.00000000000, -0.00000114722, 0.66000001198
20, 50.00000000000, 413.77273671128, 50.49487571756, 4.12500003222, 0.00000000000, -0.00000001333, -0.00000000489
21, 50.00000000000, 423.24912732981, -30000000.00000000000, 0.00000000000, 0.00000000000, 0.00000029416, 0.66000001198
22, 50.00000000000, 445.65472486041, -30000000.00000000000, 0.00000000000, 0.00000000000, -0.00000047619, 0.66000001198
23, 50.00000000000, 459.61323870140, -30000000.00000000000, 0.00000000000, 0.00000000000, 0.00000033825, 0.66000001198
24, 50.00000000000, 478.77037293199, -30000000.00000000000, 0.00000000000, 0.00000000000, -0.00000015733, 0.66000001198
25, 50.00000000000, 499.25836901401, -30000000.00000000000, 0.00000000000, 0.00000000000, 0.00000055928, 0.66000001198
26, 50.00000000000, 519.83089706424, -30000000.00000000000, 0.00000000000, 0.00000000000, 0.00000077868, 0.66000001198
27, 50.00000000000, 539.95500995752, -30000000.00000000000, 0.00000000000, 0.00000000000, -0.00000063235, 0.66000001198
28, 50.00000000000, 558.84808860501, -30000000.00000000000, 0.00000000000, 0.00000000000, -0.00000010571, 0.66000001198
29, 50.00000000000, 576.50279333057, 52.92066543034, 4.12500003222, 0.00000000000, 0.00000000071, -0.00000001793
30, 50.00000000000, 597.23162349900, -30000000.00000000000, 0.00000000000, 0.00000000000, 0.00000002654, 0.66000001198
31, 50.00000000000, 618.23892472634, -30000000.00000000000, 0.00000000000, 0.00000000000, 0.00000038299, 0.66000001198
32, 50.00000000000, 638.19624188440, -30000000.00000000000, 0.00000000000, 0.00000000000, -0.00000057392, 0.66000001198
33, 50.00000000000, 659.67344476441, -30000000.00000000000, 0.00000000000, 0.00000000000, -0.00000043632, 0.66000001198
34, 50.00000000000, 676.38244716116, -30000000.00000000000, 0.00000000000, 0.00000000000, 0.00000028378, 0.66000001198
35, 50.00000000000, 689.01491712432, -30000000.00000000000, 0.00000000000, 0.00000000000, 0.00000033751, 0.66000001198
36, 50.00000000000, 713.96382053077, -30000000.00000000000, 0.00000000000, 0.00000000000, -0.00000028086, 0.66000001198
37, 50.00000000000, 729.51702513903, -30000000.00000000000, 0.00000000000, 0.00000000000, 0.00000062359, 0.66000001198
38, 50.00000000000, 736.96807655086, 9.64817385130, 4.12500003222, 0.00000000000, 0.00000000836, 0.00000000122
39, 50.00000000000, 776.30856629545, -30000000.00000000000, 0.00000000000, 0.00000000000, 0.00000014019, 0.66000001198
40, 50.00000000000, 793.43561098269, -30000000.00000000000, 0.00000000000, 0.00000000000, -0.00000072272, 0.66000001198
41, 50.00000000000, 776.42855452594, 9.19659980380, 4.12500003222, 0.00000000000, 0.00000000399, 0.00000001998
42, 50.00000000000, 798.75900421376, 8.84268547297, 4.12500003222, 0.00000000000, -0.00000000168, 0.00000000956
43, 50.00000000000, 824.52958586850, 8.06016788332, 4.12500003222, 0.00000000000, -0.00000000155, 0.00000000547
44, 50.00000000000, 843.22536215123, 41.62003868815, 4.12500003222, 0.00000000000, 0.00000000345, 0.00000001391
45, 50.00000000000, 855.13828288772, 41.18987450553, 4.12500003222, 0.00000000000, 0.00000000486, 0.00000001796
46, 50.00000000000, 880.29433255932, 22.56989530778, 4.12500003222, 0.00000000000, -0.00000000034, -0.00000000201
47, 50.00000000000, 893.16229332254, 25.03688694857, 4.12500003222, 0.00000000000, -0.00000000303, -0.00000003155
48, 50.00000000000, 922.34591642699, 10.32228394270, 4.12500003222, 0.00000000000, -0.00000000208, 0.00000001175
49, 50.00000000000, 943.16184370811, 9.69245840000, 4.12500003222, 0.00000000000, -0.00000000147, 0.00000000887
50, 50.00000000000, 42.74555953277, 8.34319559102, 4.12500003222, 0.00000000000, -0.00000000020, 0.00000000810
51, 50.00000000000, 61.40087982166, 41.93943716848, 4.12500003222, 0.00000000000, -0.00000000301, 0.00000000152
52, 50.00000000000, 79.32174076646, 12.34917776292, 4.12500003222, 0.00000000000, 0.00000000270, 0.00000004097
53, 50.00000000000, 95.54016037572, 44.65325070011, 4.12500003222, 0.00000000000, -0.00000000170, 0.00000000334
54, 50.00000000000, 111.10625989861, 32.63919526870, 4.12500003222, 0.00000000000, -0.00000000467, 0.00000000332
55, 50.00000000000, 131.81904056942, 21.37710911512, 4.12500003222, 0.00000000000, 0.00000000761, -0.00000002927
56, 50.00000000000, 148.56858514694, 33.75723978972, 4.12500003222, 0.00000000000, 0.00000000469, -0.00000006657
57, 50.00000000000, 170.44535246585, 19.62249304908, 4.12500003222, 0.00000000000, -0.00000000467, 0.00000006052
58, 50.00000000000, 183.09264128787, 16.21488346720, 4.12500003222, 0.00000000000, 0.00000000560, 0.00000001024
59, 50.00000000000, 208.31276028693, 33.15114177174, 4.12500003222, 0.00000000000, 0.00000000204, 0.00000000812
60, 50.00000000000, 227.28129339799, 43.12885180399, 4.12500003222, 0.00000000000, 0.00000000477, -0.00000002699
61, 50.00000000000, 221.57541063833, -30000000.00000000000, 0.00000000000, 0.00000000000, 0.00000112567, 0.66000001198
62, 50.00000000000, 245.59968821445, -30000000.00000000000, 0.00000000000, 0.00000000000, -0.00000049258, 0.66000001198
63, 50.00000000000, 265.37796765786, -30000000.00000000000, 0.00000000000, 0.00000000000, -0.00000042699, 0.66000001198
64, 50.00000000000, 285.88134886885, -30000000.00000000000, 0.00000000000, 0.00000000000, -0.00000011660, 0.66000001198
65, 50.00000000000, 318.39274818212, 49.11615475407, 4.12500003222, 0.00000000000, -0.00000000026, 0.00000004766
66, 50.00000000000, 325.16594129052, -30000000.00000000000, 0.00000000000, 0.00000000000, -0.00000019633, 0.66000001198
67, 50.00000000000, 346.73370231404, -30000000.00000000000, 0.00000000000, 0.00000000000, -0.00000062238, 0.66000001198
68, 50.00000000000, 365.08697008615, -30000000.00000000000, 0.00000000000, 0.00000000000, -0.00000036222, 0.66000001198
69, 50.00000000000, 380.57119893922, -30000000.00000000000, 0.00000000000, 0.00000000000, -0.00000069007, 0.66000001198
70, 50.00000000000, 400.19604101210, -30000000.00000000000, 0.00000000000, 0.00000000000, 0.00000016728, 0.66000001198
71, 50.00000000000, 420.53076961336, -30000000.00000000000, 0.00000000000, 0.00000000000, 0.00000059214, 0.66000001198
72, 50.00000000000, 439.96243034513, -30000000.00000000000, 0.00000000000, 0.00000000000, 0.00000027518, 0.66000001198
73, 50.00000000000, 478.34259599902, 37.53927645526, 4.12500003222, 0.00000000000, 0.00000000394, 0.00000001989
74, 50.00000000000, 493.33135078831, 25.86934388500, 4.12500003222, 0.00000000000, 0.00000000530, 0.00000001084
75, 50.00000000000, 515.24773693240, 25.08599755754, 4.12500003222, 0.00000000000, 0.00000000342, 0.00000000675
76, 50.00000000000, 517.16575416509, -30000000.00000000000, 0.00000000000, 0.00000000000, 0.00000119260, 0.66000001198
77, 50.00000000000, 537.45103121759, -30000000.00000000000, 0.00000000000, 0.00000000000, -0.00000018725, 0.66000001198
78, 50.00000000000, 557.14258385624, -30000000.00000000000, 0.00000000000, 0.00000000000, 0.00000018966, 0.66000001198
79, 50.00000000000, 577.48187229434, -30000000.00000000000, 0.00000000000, 0.00000000000, -0.00000043423, 0.66000001198
80, 50.00000000000, 591.51393861249, 51.53086016318, 4.12500003222, 0.00000000000, -0.00000000073, 0.00000000285
81, 50.00000000000, 616.38209439551, -30000000.00000000000, 0.00000000000, 0.00000000000, 0.00000061901, 0.66000001198
82, 50.00000000000, 638.48843691888, -30000000.00000000000, 0.00000000000, 0.00000000000, -0.00000060972, 0.66000001198
83, 50.00000000000, 652.42718411292, -30000000.00000000000, 0.00000000000, 0.00000000000, 0.00000052019, 0.66000001198
84, 50.00000000000, 661.65003960708, 11.96379928633, 4.12500003222, 0.00000000000, 0.00000000268, 0.00000000527
85, 50.00000000000, 699.45105871025, -30000000.00000000000, 0.00000000000, 0.00000000000, -0.00000060012, 0.66000001198
86, 50.00000000000, 719.36195850177, -30000000.00000000000, 0.00000000000, 0.00000000000, -0.00000044453, 0.66000001198
87, 50.00000000000, 736.09359109568, -30000000.00000000000, 0.00000000000, 0.00000000000, -0.00000024452, 0.66000001198
88, 50.00000000000, 757.80470467224, -30000000.00000000000, 0.00000000000, 0.00000000000, -0.00000047411, 0.66000001198
89, 50.00000000000, 776.84769241845, -30000000.00000000000, 0.00000000000, 0.00000000000, 0.00000006921, 0.66000001198
90, 50.00000000000, 791.09480496037, -30000000.00000000000, 0.00000000000, 0.00000000000, -0.00000046688, 0.66000001198
91, 50.00000000000, 787.91109243662, 15.29225348054, 4.12500003222, 0.00000000000, 0.00000000958, 0.00000000951
92, 50.00000000000, 809.80168150262, 10.03387052234, 4.12500003222, 0.00000000000, 0.00000000076, 0.00000004564
93, 50.00000000000, 824.93424927002, 26.06513018269, 4.12500003222, 0.00000000000, -0.00000000711, -0.00000002526
94, 50.00000000000, 841.86885817810, 20.34242707646, 4.12500003222, 0.00000000000, -0.00000001151, -0.00000002484
95, 50.00000000000, 857.90785860933, 53.36650885264, 4.12500003222, 0.00000000000, 0.00000000733, -0.00000004613
96, 50.00000000000, 876.30465900392, 34.58132070882, 4.12500003222, 0.00000000000, -0.00000000544, -0.00000000016
97, 50.00000000000, 901.95463862416, 11.07618451268, 4.12500003222, 0.00000000000, -0.00000000839, 0.00000002207
98, 50.00000000000, 914.41214980381, 29.85349385897, 4.12500003222, 0.00000000000, 0.00000000004, -0.00000002084
99, 50.00000000000, 933.24260557595, 27.96556454690, 4.12500003222, 0.00000000000, 0.00000000002, -0.00000000400
100, 50.00000000000, 45.39962556435, 25.99855935513, 4.12500003222, 0.00000000000, 0.00000000306, 0.00000000237
101, 50.00000000000, 66.57987606814, 32.41325739180, 4.12500003222, 0.00000000000, 0.00000000404, -0.00000002845
102, 50.00000000000, 79.91889740372, 28.02852321758, 4.12500003222, 0.00000000000, -0.00000000158, -0.00000000542
103, 50.00000000000, 96.39951355781, 29.02334101078, 4.12500003222, 0.00000000000, -0.00000000956, -0.00000003008
104, 50.00000000000, 114.23992121123, 13.70081477873, 4.12500003222, 0.00000000000, 0.00000000217, -0.00000001697
105, 50.00000000000, 133.21349072319, 31.93922744263, 4.12500003222, 0.00000000000, 0.00000000485, -0.00000001193
106, 50.00000000000, 153.16667506007, 23.97841116573, 4.12500003222, 0.00000000000, -0.00000000391, -0.00000002470
107, 50.00000000000, 172.15822067864, 39.24909929989, 4.12500003222, 0.00000000000, 0.00000001455, -0.00000002571
108, 50.00000000000, 192.15259210433, 47.70892628539, 4.12500003222, 0.00000000000, 0.00000000144, 0.00000003703
109, 50.00000000000, 191.37578400698, 26.64906220095, 4.12500003222, 0.00000000000, -0.00000000121, 0.00000001334
110, 50.00000000000, 204.13019430052, -30000000.00000000000, 0.00000000000, 0.00000000000, 0.00000146132, 0.66000001198
111, 50.00000000000, 225.97911160098, -30000000.00000000000, 0.00000000000, 0.00000000000, 0.00000035024, 0.66000001198
112, 50.00000000000, 243.22866825318, -30000000.00000000000, 0.00000000000, 0.00000000000, -0.00000007599, 0.66000001198
113, 50.00000000000, 264.01523328468, -30000000.00000000000, 0.00000000000, 0.00000000000, -0.00000022451, 0.66000001198
114, 50.00000000000, 289.57027097655, 63.45322929238, 4.12500003222, 0.00000000000, 0.00000000483, 0.00000001528
115, 50.00000000000, 320.02836903836, 40.44490990681, 4.12500003222, 0.00000000000, 0.00000000568, -0.00000001245
116, 50.00000000000, 337.64045697518, 38.51323102985, 4.12500003222, 0.00000000000, 0.00000000365, 0.00000003406
117, 50.00000000000, 356.57140019325, 32.34257007785, 4.12500003222, 0.00000000000, 0.00000000860, 0.00000002798
118, 50.00000000000, 373.90732740625, 65.54242821822, 4.12500003222, 0.00000000000, 0.00000000103, 0.00000000151
119, 50.00000000000, 393.16190287635, 59.96832999277, 4.12500003222, 0.00000000000, -0.00000000144, -0.00000001520
120, 50.00000000000, 410.55262862679, 75.50497873051, 4.12500003222, 0.00000000000, 0.00000000852, -0.00000003152
121, 50.00000000000, 423.83325148814, 34.20226216826, 4.12500003222, 0.00000000000, -0.00000000122, 0.00000000598
122, 50.00000000000, 449.65767736058, 58.10698315175, 4.12500003222, 0.00000000000, 0.00000000085, -0.00000002470
123, 50.00000000000, 463.27277056720, -30000000.00000000000, 0.00000000000, 0.00000000000, -0.00000014459, 0.66000001198
124, 50.00000000000, 482.85821486357, 48.08801650782, 4.12500003222, 0.00000000000, -0.00000000468, 0.00000002510
125, 50.00000000000, 499.27455463402, 41.97028670861, 4.12500003222, 0.00000000000, 0.00000000301, -0.00000002063
126, 50.00000000000, 534.10170017854, 35.58931668373, 4.12500003222, 0.00000000000, -0.00000000451, 0.00000000378
127, 50.00000000000, 539.52101680678, 51.54400171901, 4.12500003222, 0.00000000000, -0.00000000534, 0.00000000592
128, 50.00000000000, 573.16500740628, 37.61732993159, 4.12500003222, 0.00000000000, -0.00000000079, 0.00000000919
129, 50.00000000000, 576.61646019143, -30000000.00000000000, 0.00000000000, 0.00000000000, -0.00000033124, 0.66000001198
130, 50.00000000000, 593.68133128953, 37.28388254077, 4.12500003222, 0.00000000000, 0.00000000260, -0.00000000108
131, 50.00000000000, 618.08911256773, -30000000.00000000000, 0.00000000000, 0.00000000000, 0.00000039761, 0.66000001198
132, 50.00000000000, 626.52643696444, 30.81905791032, 4.12500003222, 0.00000000000, -0.00000000813, -0.00000002389
133, 50.00000000000, 642.89717120186, 20.53477775832, 4.12500003222, 0.00000000000, -0.00000000729, -0.00000001721
134, 50.00000000000, 673.04033556423, -30000000.00000000000, 0.00000000000, 0.00000000000, 0.00000079810, 0.66000001198
135, 50.00000000000, 682.43070655011, 12.14789868587, 4.12500003222, 0.00000000000, 0.00000000125, 0.00000002853
136, 50.00000000000, 703.82279582812, 23.38116360635, 4.12500003222, 0.00000000000, -0.00000000300, 0.00000003055
137, 50.00000000000, 717.24839106812, 25.82814291106, 4.12500003222, 0.00000000000, -0.00000001491, -0.00000000039
138, 50.00000000000, 748.70604574178, -30000000.00000000000, 0.00000000000, 0.00000000000, 0.00000072691, 0.66000001198
139, 50.00000000000, 749.34397769239, 23.31590412400, 4.12500003222, 0.00000000000, 0.00000000842, -0.00000001796
140, 50.00000000000, 796.60859583786, -30000000.00000000000, 0.00000000000, 0.00000000000, -0.00000107220, 0.66000001198
141, 50.00000000000, 792.58300090276, 26.09321699548, 4.12500003222, 0.00000000000, 0.00000000235, -0.00000002783
142, 50.00000000000, 810.29493320966, 25.62842185098, 4.12500003222, 0.00000000000, 0.00000000422, -0.00000001514
143, 50.00000000000, 818.97518264077, 61.35557140972, 4.12500003222, 0.00000000000, 0.00000000502, 0.00000001316
144, 50.00000000000, 842.11829368347, 34.11557198822, 4.12500003222, 0.00000000000, -0.00000000334, 0.00000000637
145, 50.00000000000, 858.76629372219, 20.30396264427, 4.12500003222, 0.00000000000, -0.00000000395, -0.00000000284
146, 50.00000000000, 874.14883112757, 53.60955603091, 4.12500003222, 0.00000000000, -0.00000000238, -0.00000000898
147, 50.00000000000, 899.53163577001, 34.20361190727, 4.12500003222, 0.00000000000, 0.00000001040, 0.00000000152
148, 50.00000000000, 909.77042468768, 53.09529138844, 4.12500003222, 0.00000000000, -0.00000001063, -0.00000000589
149, 50.00000000000, 932.41053810014, 46.49317569058, 4.12500003222, 0.00000000000, 0.00000000566, 0.00000000008
150, 50.00000000000, 43.22419620127, 40.05089071126, 4.12500003222, 0.00000000000, 0.00000000182, -0.00000002770
151, 50.00000000000, 54.35608426115, 47.86669370832, 4.12500003222, 0.00000000000, 0.00000000443, -0.00000003781
152, 50.00000000000, 76.27754608347, 52.67912889922, 4.12500003222, 0.00000000000, -0.00000000566, 0.00000000251
153, 50.00000000000, 98.23362134579, 61.63426426526, 4.12500003222, 0.00000000000, 0.00000000664, -0.00000000269
154, 50.00000000000, 117.61661471485, 25.09614936932, 4.12500003222, 0.00000000000, 0.00000000018, 0.00000000415
155, 50.00000000000, 128.82247623491, 43.54813621449, 4.12500003222, 0.00000000000, -0.00000000732, -0.00000000047
156, 50.00000000000, 159.14660867009, 53.07386199291, 4.12500003222, 0.00000000000, 0.00000000153, 0.00000001509
157, 50.00000000000, 166.75488803213, 31.18442639054, 4.12500003222, 0.00000000000, 0.00000001120, -0.00000001387
158, 50.00000000000, 188.64065599492, 58.62485932633, 4.12500003222, 0.00000000000, -0.00000000577, 0.00000001450
159, 50.00000000000, 206.36893728376, 43.56004969518, 4.12500003222, 0.00000000000, 0.00000000353, -0.00000002295
160, 50.00000000000, 224.18241123276, 26.56142067640, 4.12500003222, 0.00000000000, -0.00000000507, 0.00000001735
161, 50.00000000000, 241.56479468665, 58.65369260328, 4.12500003222, 0.00000000000, 0.00000001204, -0.00000000264
162, 50.00000000000, 263.92352378746, 28.45705869450, 4.12500003222, 0.00000000000, 0.00000000435, 0.00000001775
163, 50.00000000000, 285.21519061026, 27.82230730647, 4.12500003222, 0.00000000000, 0.00000000073, -0.00000001569
164, 50.00000000000, 300.30448944603, 56.64129815465, 4.12500003222, 0.00000000000, 0.00000000068, -0.00000000306
165, 50.00000000000, 305.34692811772, -30000000.00000000000, 0.00000000000, 0.00000000000, 0.00000032003, 0.66000001198
166, 50.00000000000, 334.37505226527, 63.30344362581, 4.12500003222, 0.00000000000, -0.00000000221, -0.00000004414
167, 50.00000000000, 358.96148426833, 45.82939849005, 4.12500003222, 0.00000000000, 0.00000000445, -0.00000000562
168, 50.00000000000, 376.20449309169, 40.52129155155, 4.12500003222, 0.00000000000, -0.00000000544, 0.00000001134
169, 50.00000000000, 391.01745680645, 40.00164208974, 4.12500003222, 0.00000000000, 0.00000000269, -0.00000000014
170, 50.00000000000, 410.06543234326, 40.99418796315, 4.12500003222, 0.00000000000, -0.00000000241, -0.00000001822
171, 50.00000000000, 428.82726812003, 68.50378886404, 4.12500003222, 0.00000000000, -0.00000000757, -0.00000001034
172, 50.00000000000, 443.93280930330, 46.40936149566, 4.12500003222, 0.00000000000, 0.00000000886, -0.00000000734
173, 50.00000000000, 472.19001064745, 19.39032307961, 4.12500003222, 0.00000000000, -0.00000000221, -0.00000001894
174, 50.00000000000, 485.78582677257, -30000000.00000000000, 0.00000000000, 0.00000000000, -0.00000092903, 0.66000001198
175, 50.00000000000, 512.23080565835, 38.02426789029, 4.12500003222, 0.00000000000, 0.00000000493, 0.00000001592
176, 50.00000000000, 520.16067831043, -30000000.00000000000, 0.00000000000, 0.00000000000, 0.00000073755, 0.66000001198
177, 50.00000000000, 540.58807165255, -30000000.00000000000, 0.00000000000, 0.00000000000, -0.00000073199, 0.66000001198
178, 50.00000000000, 560.39596482015, 59.81656470741, 4.12500003222, 0.00000000000, 0.00000000240, 0.00000001134
179, 50.00000000000, 580.40596404410, 69.98275022150, 4.12500003222, 0.00000000000, -0.00000000312, -0.00000001423
180, 50.00000000000, 599.58196079130, 59.15967420683, 4.12500003222, 0.00000000000, -0.00000001040, -0.00000002045
181, 50.00000000000, 618.31547245008, 71.43317932435, 4.12500003222, 0.00000000000, 0.00000000115, 0.00000001170
182, 50.00000000000, 632.83736506118, 41.64110399562, 4.12500003222, 0.00000000000, -0.00000000460, 0.00000002784
183, 50.00000000000, 646.81672286415, 43.64810463361, 4.12500003222, 0.00000000000, -0.00000000926, 0.00000002918
184, 50.00000000000, 664.82223936786, 28.40593680361, 4.12500003222, 0.00000000000, 0.00000001312, -0.00000000013
185, 50.00000000000, 697.57836627702, -30000000.00000000000, 0.00000000000, 0.00000000000, -0.00000031553, 0.66000001198
186, 50.00000000000, 699.17783069404, 10.65855466345, 4.12500003222, 0.00000000000, 0.00000000191, 0.00000000238
187, 50.00000000000, 712.40882134349, 43.66630728624, 4.12500003222, 0.00000000000, -0.00000001165, -0.00000002915
188, 50.00000000000, 736.75177908008, 23.02044865612, 4.12500003222, 0.00000000000, 0.00000001917, 0.00000000020
189, 50.00000000000, 756.80807162779, 10.50411644659, 4.12500003222, 0.00000000000, -0.00000001416, 0.00000003359
190, 50.00000000000, 768.36785596743, 24.12565177654, 4.12500003222, 0.00000000000, -0.00000000332, 0.00000003170
191, 50.00000000000, 784.29896700479, 39.62708806807, 4.12500003222, 0.00000000000, -0.00000000271, 0.00000001538
192, 50.00000000000, 803.77146525172, 31.57014594416, 4.12500003222, 0.00000000000, -0.00000001231, -0.00000002249
193, 50.00000000000, 825.03030033094, 38.71429123399, 4.12500003222, 0.00000000000, -0.00000000106, -0.00000003029
194, 50.00000000000, 841.97015401747, 55.58941515142, 4.12500003222, 0.00000000000, -0.00000000555, 0.00000003329
195, 50.00000000000, 864.12307600310, 43.48559455837, 4.12500003222, 0.00000000000, -0.00000000800, 0.00000000133
196, 50.00000000000, 880.29834188110, 44.65323355447, 4.12500003222, 0.00000000000, -0.00000000435, -0.00000001309
197, 50.00000000000, 890.72139414163, 62.95915527531, 4.12500003222, 0.00000000000, -0.00000000618, 0.00000000112
198, 50.00000000000, 917.99530888969, 45.11936266939, 4.12500003222, 0.00000000000, 0.00000000438, -0.00000000522
199, 50.00000000000, 929.59651061943, 65.58803732565, 4.12500003222, 0.00000000000, 0.00000000509, -0.00000001474
200, 50.00000000000, 48.25415529145, 72.61154197172, 4.12500003222, 0.00000000000, -0.00000001032, 0.00000002505
201, 50.00000000000, 62.78466950203, 56.20922587483, 4.12500003222, 0.00000000000, 0.00000001048, 0.00000003140
202, 50.00000000000, 85.71943931529, 63.58977773668, 4.12500003222, 0.00000000000, -0.00000000041, 0.00000001457
203, 50.00000000000, 103.31057013574, 77.24186651615, 4.12500003222, 0.00000000000, 0.00000000216, 0.00000000209
204, 50.00000000000, 119.48063707518, 64.29738956783, 4.12500003222, 0.00000000000, 0.00000000244, 0.00000000343
205, 50.00000000000, 137.03084387302, 54.54497148695, 4.12500003222, 0.00000000000, 0.00000000464, 0.00000004747
206, 50.00000000000, 150.99009570184, 45.36341312918, 4.12500003222, 0.00000000000, -0.00000000157, 0.00000004116
207, 50.00000000000, 172.47626536230, 54.86809217021, 4.12500003222, 0.00000000000, -0.00000000380, 0.00000000392
208, 50.00000000000, 185.55886894589, 37.48287827667, 4.12500003222, 0.00000000000, -0.00000000124, -0.00000002728
209, 50.00000000000, 208.08413746230, 58.47589626172, 4.12500003222, 0.00000000000, -0.00000000582, -0.00000002506
210, 50.00000000000, 223.53791682016, 50.70795313279, 4.12500003222, 0.00000000000, -0.00000000426, -0.00000000966
211, 50.00000000000, 244.48139802197, 38.14858212831, 4.12500003222, 0.00000000000, -0.00000000052, 0.00000001438
212, 50.00000000000, 267.35204301548, 41.27253607767, 4.12500003222, 0.00000000000, 0.00000000152, 0.00000001222
213, 50.00000000000, 275.73635536215, 63.32803368761, 4.12500003222, 0.00000000000, -0.00000000365, -0.00000000986
214, 50.00000000000, 301.42823321058, 43.52670600771, 4.12500003222, 0.00000000000, -0.00000000204, 0.00000000162
215, 50.00000000000, 311.36913917105, 66.25175534401, 4.12500003222, 0.00000000000, 0.00000000060, -0.00000004316
216, 50.00000000000, 322.34755010605, -30000000.00000000000, 0.00000000000, 0.00000000000, 0.00000022978, 0.66000001198
217, 50.00000000000, 354.82737263161, 68.90108248484, 4.12500003222, 0.00000000000, -0.00000000696, -0.00000000788
218, 50.00000000000, 359.13112409815, -30000000.00000000000, 0.00000000000, 0.00000000000, 0.00000055342, 0.66000001198
219, 50.00000000000, 400.24007051298, 33.73824960558, 4.12500003222, 0.00000000000, 0.00000000224, -0.00000002040
220, 50.00000000000, 410.88494809573, 64.79623285328, 4.12500003222, 0.00000000000, 0.00000000819, 0.00000005362
221, 50.00000000000, 427.13153666169, 57.68566779622, 4.12500003222, 0.00000000000, -0.00000000169, 0.00000001265
222, 50.00000000000, 462.46398353305, 76.45659424977, 4.12500003222, 0.00000000000, 0.00000000432, 0.00000001536
223, 50.00000000000, 466.27980206447, 57.43335849239, 4.12500003222, 0.00000000000, 0.00000000164, -0.00000005222
224, 50.00000000000, 482.60684715621, 72.17014487819, 4.12500003222, 0.00000000000, 0.00000000727, -0.00000000160
225, 50.00000000000, 502.56757015628, 77.91201124141, 4.12500003222, 0.00000000000, -0.00000000613, -0.00000001251
226, 50.00000000000, 523.37910378917, 69.26340955311, 4.12500003222, 0.00000000000, 0.00000000180, -0.00000002434
227, 50.00000000000, 539.95331064457, 60.44985998967, 4.12500003222, 0.00000000000, -0.00000000861, -0.00000002337
228, 50.00000000000, 555.03181472918, 42.65190633591, 4.12500003222, 0.00000000000, 0.00000000477, -0.00000002301
229, 50.00000000000, 577.78764605067, -30000000.00000000000, 0.00000000000, 0.00000000000, -0.00000046634, 0.66000001198
230, 50.00000000000, 599.95940140449, 73.64795104679, 4.12500003222, 0.00000000000, -0.00000000215, 0.00000001295
231, 50.00000000000, 613.92413730641, 53.11844342172, 4.12500003222, 0.00000000000, 0.00000000089, -0.00000002588
232, 50.00000000000, 635.58564557794, 64.62014707218, 4.12500003222, 0.00000000000, 0.00000001570, -0.00000000602
233, 50.00000000000, 648.82299201857, 33.13145166898, 4.12500003222, 0.00000000000, -0.00000001018, 0.00000000844
234, 50.00000000000, 665.95285012890, 45.15319506592, 4.12500003222, 0.00000000000, 0.00000000163, -0.00000001293
235, 50.00000000000, 681.03880553803, 26.65793674168, 4.12500003222, 0.00000000000, 0.00000000720, -0.00000001062
236, 50.00000000000, 695.97460855960, 33.94511916048, 4.12500003222, 0.00000000000, -0.00000000278, -0.00000000434
237, 50.00000000000, 719.15366994438, 9.65625077245, 4.12500003222, 0.00000000000, -0.00000000977, -0.00000004464
238, 50.00000000000, 732.70123486894, 43.77350578978, 4.12500003222, 0.00000000000, -0.00000001005, 0.00000002988
239, 50.00000000000, 750.26982681376, 42.72279190386, 4.12500003222, 0.00000000000, -0.00000000042, -0.00000000458
240, 50.00000000000, 767.86102542489, 47.25432468946, 4.12500003222, 0.00000000000, 0.00000000360, -0.00000000309
241, 50.00000000000, 786.49785645851, 30.81376185676, 4.12500003222, 0.00000000000, -0.00000000105, -0.00000002787
242, 50.00000000000, 806.99752974364, 41.41368094085, 4.12500003222, 0.00000000000, -0.00000001216, 0.00000004124
243, 50.00000000000, 821.77080939638, 47.51040989463, 4.12500003222, 0.00000000000, 0.00000000144, -0.00000000618
244, 50.00000000000, 835.06074709358, 55.22196196816, 4.12500003222, 0.00000000000, -0.00000000070, 0.00000004203
245, 50.00000000000, 855.35431923237, 63.78205943584, 4.12500003222, 0.00000000000, -0.00000000797, 0.00000004905
246, 50.00000000000, 872.78637206655, 67.21878566264, 4.12500003222, 0.00000000000, -0.00000000799, -0.00000001542
247, 50.00000000000, 895.20786924942, 45.15484809337, 4.12500003222, 0.00000000000, 0.00000000037, 0.00000001703
248, 50.00000000000, 905.70932744049, 66.19817429266, 4.12500003222, 0.00000000000, -0.00000000507, -0.00000001022
249, 50.00000000000, 920.17944025436, 64.78428672816, 4.12500003222, 0.00000000000, 0.00000000313, -0.00000001181
250, 50.00000000000, 42.14097409538, 57.87321113793, 4.12500003222, 0.00000000000, -0.00000000778, 0.00000002734
251, 50.00000000000, 64.05508935147, 66.56831393988, 4.12500003222, 0.00000000000, -0.00000000334, -0.00000001956
252, 50.00000000000, 78.87670370188, 72.45457053479, 4.12500003222, 0.00000000000, -0.00000000054, 0.00000001067
253, 50.00000000000, 89.45315722292, 85.21995098313, 4.12500003222, 0.00000000000, -0.00000000022, 0.00000000422
254, 50.00000000000, 114.07867725130, 46.95320302523, 4.12500003222, 0.00000000000, -0.00000000037, 0.00000000368
255, 50.00000000000, 134.85227439247, 76.35897667361, 4.12500003222, 0.00000000000, -0.00000000524, -0.00000000919
256, 50.00000000000, 152.31139022171, 68.08019813651, 4.12500003222, 0.00000000000, 0.00000000722, -0.00000000781
257, 50.00000000000, 170.58360864284, 73.18940523191, 4.12500003222, 0.00000000000, -0.00000000168, -0.00000000530
258, 50.00000000000, 188.93869990565, 71.27920839524, 4.12500003222, 0.00000000000, -0.00000000273, -0.00000000021
259, 50.00000000000, 205.60205609207, 76.71818650569, 4.12500003222, 0.00000000000, 0.00000000422, 0.00000000417
260, 50.00000000000, 224.89565306246, 68.02343192578, 4.12500003222, 0.00000000000, 0.00000000378, 0.00000002435
261, 50.00000000000, 241.83947025118, 79.91560861340, 4.12500003222, 0.00000000000, -0.00000000138, -0.00000000804
262, 50.00000000000, 259.30882725823, 52.15939567596, 4.12500003222, 0.00000000000, -0.00000000005, -0.00000000109
263, 50.00000000000, 276.63982905464, 82.10416588395, 4.12500003222, 0.00000000000, 0.00000000081, -0.00000001427
264, 50.00000000000, 295.18658281003, 77.83121221643, 4.12500003222, 0.00000000000, 0.00000000137, 0.00000000704
265, 50.00000000000, 322.23451299993, 57.62073628076, 4.12500003222, 0.00000000000, -0.00000000080, -0.00000000596
266, 50.00000000000, 340.30167837437, 50.14296849592, 4.12500003222, 0.00000000000, -0.00000000161, 0.00000002123
267, 50.00000000000, 354.68927793424, 54.86767311959, 4.12500003222, 0.00000000000, -0.00000001028, 0.00000000087
268, 50.00000000000, 372.45551554866, 52.45599344498, 4.12500003222, 0.00000000000, 0.00000000197, -0.00000003245
269, 50.00000000000, 391.39836641955, 51.24498368755, 4.12500003222, 0.00000000000, 0.00000000417, 0.00000002408
270, 50.00000000000, 407.77902311041, 54.46346569600, 4.12500003222, 0.00000000000, -0.00000000302, -0.00000002580
271, 50.00000000000, 430.18636178497, 48.61493006862, 4.12500003222, 0.00000000000, 0.00000000470, 0.00000002781
272, 50.00000000000, 444.97746909324, 69.05520143394, 4.12500003222, 0.00000000000, -0.00000000791, 0.00000002452
273, 50.00000000000, 461.28853653462, 38.75525965518, 4.12500003222, 0.00000000000, -0.00000000771, 0.00000002177
274, 50.00000000000, 488.34808651704, 59.19960736253, 4.12500003222, 0.00000000000, -0.00000000049, 0.00000000316
275, 50.00000000000, 504.03709745223, 59.38066259516, 4.12500003222, 0.00000000000, 0.00000000157, 0.00000000311
276, 50.00000000000, 520.82777585754, 49.86816494012, 4.12500003222, 0.00000000000, -0.00000000121, 0.00000000076
277, 50.00000000000, 544.85412363140, 74.57571615494, 4.12500003222, 0.00000000000, 0.00000000541, 0.00000002567
278, 50.00000000000, 558.05942854432, 130.91692404677, 4.12500003222, 0.00000000000, 0.00000000000, 0.00000000000
279, 50.00000000000, 586.67826423689, 89.14028852378, 4.12500003222, 0.00000000000, 0.00000000484, 0.00000001953
280, 50.00000000000, 587.91199991342, 110.17496172593, 4.12500003222, 0.00000000000, -0.00000000015, -0.00000000251
281, 50.00000000000, 610.78760702085, 38.96547482581, 4.12500003222, 0.00000000000, 0.00000000251, 0.00000002437
282, 50.00000000000, 630.07199136831, 52.13705613369, 4.12500003222, 0.00000000000, 0.00000001841, -0.00000004985
283, 50.00000000000, 651.97834319712, 56.98050100692, 4.12500003222, 0.00000000000, 0.00000000136, 0.00000001401
284, 50.00000000000, 674.44870697570, 62.52349663268, 4.12500003222, 0.00000000000, -0.00000001254, 0.00000002671
285, 50.00000000000, 681.77374913119, 44.87168010411, 4.12500003222, 0.00000000000, 0.00000001112, -0.00000003600
286, 50.00000000000, 696.93605232921, 57.14918424154, 4.12500003222, 0.00000000000, -0.00000000192, -0.00000002191
287, 50.00000000000, 718.80188304613, 61.53332226791, 4.12500003222, 0.00000000000, 0.00000001069, -0.00000000501
288, 50.00000000000, 728.54728463138, 30.72933669959, 4.12500003222, 0.00000000000, 0.00000000135, 0.00000001776
289, 50.00000000000, 750.93293364197, 31.95213529539, 4.12500003222, 0.00000000000, 0.00000000294, -0.00000006255
290, 50.00000000000, 770.11340508216, 31.38782260776, 4.12500003222, 0.00000000000, -0.00000000655, 0.00000000536
291, 50.00000000000, 786.98899835103, 50.07534397882, 4.12500003222, 0.00000000000, 0.00000000243, -0.00000000706
292, 50.00000000000, 802.24354866340, 49.03676213508, 4.12500003222, 0.00000000000, 0.00000000226, -0.00000002327
293, 50.00000000000, 826.34088171479, 72.95765458598, 4.12500003222, 0.00000000000, 0.00000000328, -0.00000003672
294, 50.00000000000, 842.78720720846, 73.86455452334, 4.12500003222, 0.00000000000, -0.00000000028, -0.00000004030
295, 50.00000000000, 862.57754352050, 30.97391011239, 4.12500003222, 0.00000000000, 0.00000000908, 0.00000003555
296, 50.00000000000, 863.38454477196, 83.61236049427, 4.12500003222, 0.00000000000, -0.00000000038, -0.00000001353
297, 50.00000000000, 886.72330858005, 81.00307091779, 4.12500003222, 0.00000000000, 0.00000000209, 0.00000001258
298, 50.00000000000, 907.14639203580, 78.41666499555, 4.12500003222, 0.00000000000, 0.00000000063, 0.00000002410
299, 50.00000000000, 923.43690207355, 83.68304892299, 4.12500003222, 0.00000000000, -0.00000000341, 0.00000002436
