0, 50.00000000000, 74.89750359399, 24.36244098269, 4.12500003222, 0.00000000000, -0.00000000916, 0.00000000313
1, 50.00000000000, 78.66520772828, 10.77548010423, 4.12500003222, 0.00000000000, 0.00000000065, -0.00000000938
2, 50.00000000000, 97.09741795599, 46.11342013027, 4.12500003222, 0.00000000000, 0.00000000247, 0.00000000243
3, 50.00000000000, 114.45720106974, 12.73265851036, 4.12500003222, 0.00000000000, 0.00000000184, -0.00000001490
4, 50.00000000000, 135.12141487331, 4.04175486531, 4.12500003222, 0.00000000000, 0.00000000420, -0.00000000106
5, 50.00000000000, 151.32631084693, 11.04036712409, 4.12500003222, 0.00000000000, -0.00000000095, 0.00000000479
6, 50.00000000000, 166.02146033799, 12.39326718075, 4.12500003222, 0.00000000000, -0.00000000601, 0.00000003398
7, 50.00000000000, 182.45150224907, 6.57830710249, 4.12500003222, 0.00000000000, -0.00000000104, 0.00000000098
8, 50.00000000000, 202.04540712532, 4.50233508127, 4.12500003222, 0.00000000000, 0.00000000323, -0.00000000329
9, 50.00000000000, 220.37704850638, 10.74801951145, 4.12500003222, 0.00000000000, -0.00000000194, -0.00000000602
10, 50.00000000000, 206.61733946636, -30000000.00000000000, 0.00000000000, 0.00000000000, 0.00000118924, 0.66000001198
11, 50.00000000000, 228.80667295857, -30000000.00000000000, 0.00000000000, 0.00000000000, -0.00000014657, 0.66000001198
12, 50.00000000000, 247.83424767056, -30000000.00000000000, 0.00000000000, 0.00000000000, -0.00000088452, 0.66000001198
13, 50.00000000000, 290.91975741930, 41.57965751822, 4.12500003222, 0.00000000000, 0.00000000001, 0.00000001240
14, 50.00000000000, 286.13228018174, -30000000.00000000000, 0.00000000000, 0.00000000000, -0.00000014140, 0.66000001198
15, 50.00000000000, 303.42353755728, -30000000.00000000000, 0.00000000000, 0.00000000000, 0.00000061270, 0.66000001198
16, 50.00000000000, 323.59744548703, -30000000.00000000000, 0.00000000000, 0.00000000000, 0.00000004321, 0.66000001198
17, 50.00000000000, 340.47207938337, -30000000.00000000000, 0.00000000000, 0.00000000000, 0.00000047967, 0.66000001198
18, 50.00000000000, 363.04494036244, -30000000.00000000000, 0.00000000000, 0.00000000000, -0.00000005065, 0.66000001198
19, 50.00000000000, 384.03668296329, -30000000.00000000000, 0.00000000000, 0.00000000000, -0.00000114722, 0.66000001198
20, 50.00000000000, 419.05236085338, 43.47471606852, 4.12500003222, 0.00000000000, -0.00000000904, 0.00000001032
21, 50.00000000000, 423.24912732981, -30000000.00000000000, 0.00000000000, 0.00000000000, 0.00000029416, 0.66000001198
22, 50.00000000000, 445.65472486041, -30000000.00000000000, 0.00000000000, 0.00000000000, -0.00000047619, 0.66000001198
23, 50.00000000000, 459.61323870140, -30000000.00000000000, 0.00000000000, 0.00000000000, 0.00000033825, 0.66000001198
24, 50.00000000000, 478.77037293199, -30000000.00000000000, 0.00000000000, 0.00000000000, -0.00000015733, 0.66000001198
25, 50.00000000000, 499.25836901401, -30000000.00000000000, 0.00000000000, 0.00000000000, 0.00000055928, 0.66000001198
26, 50.00000000000, 519.83089706424, -30000000.00000000000, 0.00000000000, 0.00000000000, 0.00000077868, 0.66000001198
27, 50.00000000000, 539.95500995752, -30000000.00000000000, 0.00000000000, 0.00000000000, -0.00000063235, 0.66000001198
28, 50.00000000000, 558.84808860501, -30000000.00000000000, 0.00000000000, 0.00000000000, -0.00000010571, 0.66000001198
29, 50.00000000000, 566.58999966312, 26.57234554747, 4.12500003222, 0.00000000000, 0.00000000162, -0.00000000582
30, 50.00000000000, 597.23162349900, -30000000.00000000000, 0.00000000000, 0.00000000000, 0.00000002654, 0.66000001198
31, 50.00000000000, 618.23892472634, -30000000.00000000000, 0.00000000000, 0.00000000000, 0.00000038299, 0.66000001198
32, 50.00000000000, 638.19624188440, -30000000.00000000000, 0.00000000000, 0.00000000000, -0.00000057392, 0.66000001198
33, 50.00000000000, 659.67344476441, -30000000.00000000000, 0.00000000000, 0.00000000000, -0.00000043632, 0.66000001198
34, 50.00000000000, 676.38244716116, -30000000.00000000000, 0.00000000000, 0.00000000000, 0.00000028378, 0.66000001198
35, 50.00000000000, 689.01491712432, -30000000.00000000000, 0.00000000000, 0.00000000000, 0.00000033751, 0.66000001198
36, 50.00000000000, 713.96382053077, -30000000.00000000000, 0.00000000000, 0.00000000000, -0.00000028086, 0.66000001198
37, 50.00000000000, 729.51702513903, -30000000.00000000000, 0.00000000000, 0.00000000000, 0.00000062359, 0.66000001198
38, 50.00000000000, 723.79586603216, 10.03282026119, 4.12500003222, 0.00000000000, -0.00000000457, 0.00000000328
39, 50.00000000000, 776.30856629545, -30000000.00000000000, 0.00000000000, 0.00000000000, 0.00000014019, 0.66000001198
40, 50.00000000000, 793.43561098269, -30000000.00000000000, 0.00000000000, 0.00000000000, -0.00000072272, 0.66000001198
41, 50.00000000000, 761.44565783639, 8.85506245506, 4.12500003222, 0.00000000000, -0.00000000128, 0.00000002809
42, 50.00000000000, 784.01058984595, 7.11075749803, 4.12500003222, 0.00000000000, 0.00000000914, 0.00000000361
43, 50.00000000000, 808.98067093545, 7.61474414822, 4.12500003222, 0.00000000000, -0.00000001220, -0.00000000264
44, 50.00000000000, 829.51064074447, 31.35894097185, 4.12500003222, 0.00000000000, 0.00000000248, 0.00000001684
45, 50.00000000000, 840.62458635320, 29.93733619461, 4.12500003222, 0.00000000000, 0.00000000267, 0.00000005446
46, 50.00000000000, 865.34646454233, 11.00164705767, 4.12500003222, 0.00000000000, 0.00000000389, 0.00000000253
47, 50.00000000000, 878.89794498991, 15.33857480651, 4.12500003222, 0.00000000000, 0.00000000505, 0.00000000500
48, 50.00000000000, 911.14057383971, 8.88137306839, 4.12500003222, 0.00000000000, 0.00000000071, -0.00000001086
49, 50.00000000000, 932.21734694408, 10.64141301401, 4.12500003222, 0.00000000000, 0.00000000394, -0.00000001287
50, 50.00000000000, 58.88841102876, 8.96226145106, 4.12500003222, 0.00000000000, 0.00000000532, 0.00000000340
51, 50.00000000000, 78.28842963702, 42.32648429698, 4.12500003222, 0.00000000000, 0.00000000973, -0.00000002394
52, 50.00000000000, 95.43734488327, 12.23339972393, 4.12500003222, 0.00000000000, 0.00000000060, -0.00000001778
53, 50.00000000000, 113.31160804633, 43.72685998397, 4.12500003222, 0.00000000000, -0.00000000186, -0.00000001103
54, 50.00000000000, 127.45093626588, 33.07240768590, 4.12500003222, 0.00000000000, -0.00000001690, 0.00000001055
55, 50.00000000000, 147.27992802331, 22.09197413286, 4.12500003222, 0.00000000000, 0.00000000607, -0.00000002956
56, 50.00000000000, 164.64633515861, 33.73918364479, 4.12500003222, 0.00000000000, 0.00000000808, -0.00000009323
57, 50.00000000000, 185.90100109195, 19.82917277021, 4.12500003222, 0.00000000000, -0.00000000576, 0.00000003281
58, 50.00000000000, 199.95680669355, 16.94744649393, 4.12500003222, 0.00000000000, -0.00000000264, 0.00000001890
59, 50.00000000000, 220.20515445035, 29.96157774057, 4.12500003222, 0.00000000000, -0.00000000376, 0.00000002387
60, 50.00000000000, 239.86993377075, 40.16598804737, 4.12500003222, 0.00000000000, -0.00000001440, 0.00000000663
61, 50.00000000000, 221.57541063833, -30000000.00000000000, 0.00000000000, 0.00000000000, 0.00000112567, 0.66000001198
62, 50.00000000000, 245.59968821445, -30000000.00000000000, 0.00000000000, 0.00000000000, -0.00000049258, 0.66000001198
63, 50.00000000000, 265.37796765786, -30000000.00000000000, 0.00000000000, 0.00000000000, -0.00000042699, 0.66000001198
64, 50.00000000000, 285.88134886885, -30000000.00000000000, 0.00000000000, 0.00000000000, -0.00000011660, 0.66000001198
65, 50.00000000000, 326.62767203946, 47.12487346071, 4.12500003222, 0.00000000000, 0.00000000893, -0.00000001086
66, 50.00000000000, 325.16594129052, -30000000.00000000000, 0.00000000000, 0.00000000000, -0.00000019633, 0.66000001198
67, 50.00000000000, 346.73370231404, -30000000.00000000000, 0.00000000000, 0.00000000000, -0.00000062238, 0.66000001198
68, 50.00000000000, 365.08697008615, -30000000.00000000000, 0.00000000000, 0.00000000000, -0.00000036222, 0.66000001198
69, 50.00000000000, 380.57119893922, -30000000.00000000000, 0.00000000000, 0.00000000000, -0.00000069007, 0.66000001198
70, 50.00000000000, 400.19604101210, -30000000.00000000000, 0.00000000000, 0.00000000000, 0.00000016728, 0.66000001198
71, 50.00000000000, 420.53076961336, -30000000.00000000000, 0.00000000000, 0.00000000000, 0.00000059214, 0.66000001198
72, 50.00000000000, 439.96243034513, -30000000.00000000000, 0.00000000000, 0.00000000000, 0.00000027518, 0.66000001198
73, 50.00000000000, 480.11237233533, 24.50091267719, 4.12500003222, 0.00000000000, -0.00000000154, -0.00000002130
74, 50.00000000000, 493.98372568227, 10.72439846848, 4.12500003222, 0.00000000000, -0.00000000496, 0.00000001081
75, 50.00000000000, 515.72010423526, 9.37513185408, 4.12500003222, 0.00000000000, 0.00000001137, -0.00000002025
76, 50.00000000000, 517.16575416509, -30000000.00000000000, 0.00000000000, 0.00000000000, 0.00000119260, 0.66000001198
77, 50.00000000000, 537.45103121759, -30000000.00000000000, 0.00000000000, 0.00000000000, -0.00000018725, 0.66000001198
78, 50.00000000000, 557.14258385624, -30000000.00000000000, 0.00000000000, 0.00000000000, 0.00000018966, 0.66000001198
79, 50.00000000000, 577.48187229434, -30000000.00000000000, 0.00000000000, 0.00000000000, -0.00000043423, 0.66000001198
80, 50.00000000000, 579.02463986959, 23.08832735117, 4.12500003222, 0.00000000000, 0.00000001184, 0.00000002104
81, 50.00000000000, 616.38209439551, -30000000.00000000000, 0.00000000000, 0.00000000000, 0.00000061901, 0.66000001198
82, 50.00000000000, 638.48843691888, -30000000.00000000000, 0.00000000000, 0.00000000000, -0.00000060972, 0.66000001198
83, 50.00000000000, 652.42718411292, -30000000.00000000000, 0.00000000000, 0.00000000000, 0.00000052019, 0.66000001198
84, 50.00000000000, 654.12061550312, 7.88795815590, 4.12500003222, 0.00000000000, 0.00000000633, 0.00000002247
85, 50.00000000000, 699.45105871025, -30000000.00000000000, 0.00000000000, 0.00000000000, -0.00000060012, 0.66000001198
86, 50.00000000000, 719.36195850177, -30000000.00000000000, 0.00000000000, 0.00000000000, -0.00000044453, 0.66000001198
87, 50.00000000000, 736.09359109568, -30000000.00000000000, 0.00000000000, 0.00000000000, -0.00000024452, 0.66000001198
88, 50.00000000000, 757.80470467224, -30000000.00000000000, 0.00000000000, 0.00000000000, -0.00000047411, 0.66000001198
89, 50.00000000000, 776.84769241845, -30000000.00000000000, 0.00000000000, 0.00000000000, 0.00000006921, 0.66000001198
90, 50.00000000000, 791.09480496037, -30000000.00000000000, 0.00000000000, 0.00000000000, -0.00000046688, 0.66000001198
91, 50.00000000000, 772.97811560599, 13.74438130590, 4.12500003222, 0.00000000000, -0.00000000096, -0.00000002259
92, 50.00000000000, 795.84954324247, 12.49882083527, 4.12500003222, 0.00000000000, -0.00000000597, -0.00000006621
93, 50.00000000000, 812.05906853810, 22.97115973125, 4.12500003222, 0.00000000000, 0.00000001956, 0.00000001729
94, 50.00000000000, 826.86123615100, 10.60271656044, 4.12500003222, 0.00000000000, 0.00000000086, -0.00000000352
95, 50.00000000000, 843.60665346441, 42.45708208914, 4.12500003222, 0.00000000000, 0.00000000688, -0.00000006773
96, 50.00000000000, 862.31781821734, 24.37556541086, 4.12500003222, 0.00000000000, -0.00000000778, 0.00000004200
97, 50.00000000000, 891.00711613328, 7.54341341960, 4.12500003222, 0.00000000000, -0.00000000335, -0.00000001513
98, 50.00000000000, 899.93428725275, 25.42658575363, 4.12500003222, 0.00000000000, 0.00000000158, 0.00000003053
99, 50.00000000000, 919.85346780017, 26.28659810956, 4.12500003222, 0.00000000000, -0.00000001159, 0.00000001054
100, 50.00000000000, 61.85176735911, 27.28137982338, 4.12500003222, 0.00000000000, 0.00000000075, -0.00000000742
101, 50.00000000000, 83.30109592176, 32.86480525281, 4.12500003222, 0.00000000000, -0.00000001268, 0.00000001061
102, 50.00000000000, 96.44283977787, 28.47238717767, 4.12500003222, 0.00000000000, -0.00000000238, 0.00000001564
103, 50.00000000000, 112.65019025893, 28.86605657044, 4.12500003222, 0.00000000000, 0.00000000059, 0.00000000847
104, 50.00000000000, 130.53726465483, 13.84798674818, 4.12500003222, 0.00000000000, 0.00000000382, 0.00000001640
105, 50.00000000000, 149.39510374864, 32.34104845875, 4.12500003222, 0.00000000000, 0.00000000753, -0.00000002340
106, 50.00000000000, 168.57707548326, 23.60445142522, 4.12500003222, 0.00000000000, -0.00000000151, 0.00000001586
107, 50.00000000000, 187.79461852363, 38.58576658947, 4.12500003222, 0.00000000000, 0.00000001030, 0.00000000040
108, 50.00000000000, 208.94925598401, 48.81882618869, 4.12500003222, 0.00000000000, 0.00000000837, -0.00000001172
109, 50.00000000000, 205.23947768309, 26.61532234333, 4.12500003222, 0.00000000000, -0.00000000888, 0.00000002737
110, 50.00000000000, 204.13019430052, -30000000.00000000000, 0.00000000000, 0.00000000000, 0.00000146132, 0.66000001198
111, 50.00000000000, 225.97911160098, -30000000.00000000000, 0.00000000000, 0.00000000000, 0.00000035024, 0.66000001198
112, 50.00000000000, 243.22866825318, -30000000.00000000000, 0.00000000000, 0.00000000000, -0.00000007599, 0.66000001198
113, 50.00000000000, 264.01523328468, -30000000.00000000000, 0.00000000000, 0.00000000000, -0.00000022451, 0.66000001198
114, 50.00000000000, 297.78196809429, 61.12988473729, 4.12500003222, 0.00000000000, -0.00000000708, 0.00000001986
115, 50.00000000000, 326.78429879533, 37.92904591395, 4.12500003222, 0.00000000000, -0.00000000519, -0.00000000291
116, 50.00000000000, 344.22636689982, 34.41500094304, 4.12500003222, 0.00000000000, -0.00000000843, 0.00000002596
117, 50.00000000000, 363.20123810317, 28.65872145083, 4.12500003222, 0.00000000000, -0.00000000047, 0.00000001441
118, 50.00000000000, 380.40708924823, 59.54498756848, 4.12500003222, 0.00000000000, -0.00000000769, 0.00000004792
119, 50.00000000000, 399.25461978049, 53.54345790195, 4.12500003222, 0.00000000000, 0.00000001359, 0.00000003821
120, 50.00000000000, 416.96985893198, 69.08596876578, 4.12500003222, 0.00000000000, -0.00000000005, -0.00000001718
121, 50.00000000000, 428.32198823987, 27.35727167267, 4.12500003222, 0.00000000000, 0.00000000401, -0.00000002158
122, 50.00000000000, 454.75694140045, 48.70649053717, 4.12500003222, 0.00000000000, 0.00000000203, -0.00000003785
123, 50.00000000000, 463.27277056720, -30000000.00000000000, 0.00000000000, 0.00000000000, -0.00000014459, 0.66000001198
124, 50.00000000000, 484.98245247642, 33.54668800475, 4.12500003222, 0.00000000000, 0.00000000647, -0.00000000573
125, 50.00000000000, 500.60158940425, 26.26866513280, 4.12500003222, 0.00000000000, 0.00000000082, 0.00000000681
126, 50.00000000000, 533.36010428661, 12.10465122003, 4.12500003222, 0.00000000000, -0.00000000241, -0.00000002033
127, 50.00000000000, 533.88750364679, 26.07405450923, 4.12500003222, 0.00000000000, 0.00000000293, 0.00000000224
128, 50.00000000000, 567.44494745828, 7.00597072823, 4.12500003222, 0.00000000000, -0.00000000424, 0.00000002191
129, 50.00000000000, 576.61646019143, -30000000.00000000000, 0.00000000000, 0.00000000000, -0.00000033124, 0.66000001198
130, 50.00000000000, 585.20459652965, 10.69072918872, 4.12500003222, 0.00000000000, 0.00000000534, 0.00000001613
131, 50.00000000000, 618.08911256773, -30000000.00000000000, 0.00000000000, 0.00000000000, 0.00000039761, 0.66000001198
132, 50.00000000000, 617.68748889769, 11.73398937101, 4.12500003222, 0.00000000000, -0.00000000254, -0.00000001323
133, 50.00000000000, 635.65301331644, 8.39735864814, 4.12500003222, 0.00000000000, -0.00000000621, -0.00000001488
134, 50.00000000000, 673.04033556423, -30000000.00000000000, 0.00000000000, 0.00000000000, 0.00000079810, 0.66000001198
135, 50.00000000000, 671.80181774194, 11.34684434852, 4.12500003222, 0.00000000000, -0.00000000486, -0.00000000180
136, 50.00000000000, 691.48934819423, 22.91015689086, 4.12500003222, 0.00000000000, 0.00000000222, 0.00000000625
137, 50.00000000000, 704.41715271709, 24.76644716670, 4.12500003222, 0.00000000000, 0.00000001147, -0.00000001123
138, 50.00000000000, 748.70604574178, -30000000.00000000000, 0.00000000000, 0.00000000000, 0.00000072691, 0.66000001198
139, 50.00000000000, 735.73617798738, 23.82741902257, 4.12500003222, 0.00000000000, -0.00000000475, 0.00000001888
140, 50.00000000000, 796.60859583786, -30000000.00000000000, 0.00000000000, 0.00000000000, -0.00000107220, 0.66000001198
141, 50.00000000000, 777.66382557274, 24.86925440388, 4.12500003222, 0.00000000000, 0.00000000043, -0.00000000393
142, 50.00000000000, 793.41522054655, 23.50585776116, 4.12500003222, 0.00000000000, -0.00000000389, -0.00000002303
143, 50.00000000000, 806.75022426609, 55.88369767931, 4.12500003222, 0.00000000000, -0.00000000697, -0.00000000502
144, 50.00000000000, 826.81296186762, 23.47730500080, 4.12500003222, 0.00000000000, 0.00000000347, 0.00000000368
145, 50.00000000000, 843.78229345154, 10.34714780036, 4.12500003222, 0.00000000000, -0.00000000029, -0.00000000204
146, 50.00000000000, 858.95780484602, 44.27640364720, 4.12500003222, 0.00000000000, -0.00000000324, -0.00000004528
147, 50.00000000000, 883.86306943656, 26.93688751594, 4.12500003222, 0.00000000000, -0.00000000088, 0.00000001122
148, 50.00000000000, 893.63818298227, 47.99201674819, 4.12500003222, 0.00000000000, 0.00000000639, -0.00000005870
149, 50.00000000000, 916.66891386634, 43.83298456602, 4.12500003222, 0.00000000000, 0.00000000131, 0.00000000181
150, 50.00000000000, 60.05689277494, 40.98742136233, 4.12500003222, 0.00000000000, -0.00000000408, 0.00000001460
151, 50.00000000000, 71.28999431220, 48.63448542952, 4.12500003222, 0.00000000000, -0.00000000539, -0.00000000185
152, 50.00000000000, 93.78777504018, 52.65788312556, 4.12500003222, 0.00000000000, 0.00000000882, -0.00000002767
153, 50.00000000000, 115.62431134261, 61.16917601131, 4.12500003222, 0.00000000000, 0.00000000191, 0.00000001754
154, 50.00000000000, 132.22120382464, 26.01397741583, 4.12500003222, 0.00000000000, 0.00000000262, -0.00000006683
155, 50.00000000000, 145.14034638778, 43.88437399637, 4.12500003222, 0.00000000000, -0.00000000400, 0.00000005786
156, 50.00000000000, 178.20817181616, 52.21332765172, 4.12500003222, 0.00000000000, -0.00000000371, 0.00000002752
157, 50.00000000000, 182.10739973330, 30.72667023507, 4.12500003222, 0.00000000000, 0.00000001014, -0.00000002129
158, 50.00000000000, 201.18933335172, 57.81138987615, 4.12500003222, 0.00000000000, -0.00000000191, 0.00000002412
159, 50.00000000000, 220.03753306627, 41.50267582014, 4.12500003222, 0.00000000000, 0.00000000799, -0.00000001301
160, 50.00000000000, 236.25755260033, 24.07625452642, 4.12500003222, 0.00000000000, -0.00000000412, 0.00000001545
161, 50.00000000000, 255.09561368013, 50.66827817274, 4.12500003222, 0.00000000000, -0.00000000764, 0.00000000807
162, 50.00000000000, 275.01352313882, 24.06758039572, 4.12500003222, 0.00000000000, -0.00000000382, 0.00000001248
163, 50.00000000000, 294.68329612489, 24.21085898388, 4.12500003222, 0.00000000000, 0.00000000350, 0.00000001522
164, 50.00000000000, 308.39087964629, 53.69226596842, 4.12500003222, 0.00000000000, 0.00000000061, -0.00000000753
165, 50.00000000000, 305.34692811772, -30000000.00000000000, 0.00000000000, 0.00000000000, 0.00000032003, 0.66000001198
166, 50.00000000000, 343.51342517415, 57.51060566859, 4.12500003222, 0.00000000000, 0.00000000957, 0.00000003416
167, 50.00000000000, 362.80429073483, 42.51582585946, 4.12500003222, 0.00000000000, -0.00000000049, 0.00000002061
168, 50.00000000000, 381.42248535534, 35.28685460054, 4.12500003222, 0.00000000000, -0.00000000066, -0.00000001727
169, 50.00000000000, 396.07834347101, 33.63203783867, 4.12500003222, 0.00000000000, -0.00000000511, -0.00000000768
170, 50.00000000000, 415.08520534985, 33.44407485765, 4.12500003222, 0.00000000000, -0.00000000467, 0.00000004331
171, 50.00000000000, 434.94843357854, 60.93450131597, 4.12500003222, 0.00000000000, -0.00000000622, 0.00000000145
172, 50.00000000000, 447.98614652017, 37.71366684686, 4.12500003222, 0.00000000000, 0.00000001384, 0.00000002269
173, 50.00000000000, 473.72963139670, 10.57756339642, 4.12500003222, 0.00000000000, 0.00000000227, 0.00000000060
174, 50.00000000000, 485.78582677257, -30000000.00000000000, 0.00000000000, 0.00000000000, -0.00000092903, 0.66000001198
175, 50.00000000000, 513.46393457223, 21.39663975945, 4.12500003222, 0.00000000000, 0.00000000308, 0.00000002172
176, 50.00000000000, 520.16067831043, -30000000.00000000000, 0.00000000000, 0.00000000000, 0.00000073755, 0.66000001198
177, 50.00000000000, 540.58807165255, -30000000.00000000000, 0.00000000000, 0.00000000000, -0.00000073199, 0.66000001198
178, 50.00000000000, 554.68216842577, 22.13633095524, 4.12500003222, 0.00000000000, -0.00000000416, 0.00000001029
179, 50.00000000000, 566.03818151396, 40.32124413919, 4.12500003222, 0.00000000000, 0.00000000043, 0.00000002084
180, 50.00000000000, 588.56822585209, 32.32163528386, 4.12500003222, 0.00000000000, 0.00000000100, -0.00000003101
181, 50.00000000000, 599.37425542004, 50.00577220110, 4.12500003222, 0.00000000000, -0.00000000641, 0.00000001466
182, 50.00000000000, 620.09178715322, 24.91817694648, 4.12500003222, 0.00000000000, -0.00000000373, 0.00000000656
183, 50.00000000000, 631.62252981271, 31.77968530598, 4.12500003222, 0.00000000000, 0.00000001587, -0.00000003812
184, 50.00000000000, 652.23335743999, 25.15410702093, 4.12500003222, 0.00000000000, 0.00000000015, 0.00000000289
185, 50.00000000000, 697.57836627702, -30000000.00000000000, 0.00000000000, 0.00000000000, -0.00000031553, 0.66000001198
186, 50.00000000000, 687.54468561892, 9.31074281317, 4.12500003222, 0.00000000000, -0.00000000358, -0.00000001076
187, 50.00000000000, 698.57690175969, 43.06633045526, 4.12500003222, 0.00000000000, -0.00000000392, 0.00000002003
188, 50.00000000000, 723.33681321825, 22.75413183143, 4.12500003222, 0.00000000000, -0.00000001482, 0.00000000303
189, 50.00000000000, 743.00652731348, 10.65144218066, 4.12500003222, 0.00000000000, 0.00000001323, -0.00000002888
190, 50.00000000000, 754.26922072960, 24.05850797672, 4.12500003222, 0.00000000000, 0.00000000371, -0.00000001830
191, 50.00000000000, 773.04864673258, 38.26019488779, 4.12500003222, 0.00000000000, 0.00000000429, 0.00000002388
192, 50.00000000000, 788.79449335191, 29.93342994063, 4.12500003222, 0.00000000000, -0.00000000805, 0.00000003146
193, 50.00000000000, 809.15025054762, 30.66796162914, 4.12500003222, 0.00000000000, 0.00000001248, 0.00000006666
194, 50.00000000000, 827.31302669973, 43.53920484181, 4.12500003222, 0.00000000000, -0.00000000186, -0.00000005986
195, 50.00000000000, 849.41013238769, 33.12992587164, 4.12500003222, 0.00000000000, -0.00000000453, 0.00000002382
196, 50.00000000000, 865.37891737082, 34.99949297354, 4.12500003222, 0.00000000000, -0.00000001789, 0.00000000439
197, 50.00000000000, 873.38296894838, 55.50557202324, 4.12500003222, 0.00000000000, -0.00000000274, 0.00000000938
198, 50.00000000000, 902.42550282610, 40.91979751408, 4.12500003222, 0.00000000000, -0.00000000060, -0.00000000785
199, 50.00000000000, 912.39536033604, 61.71866343658, 4.12500003222, 0.00000000000, 0.00000001045, -0.00000000792
200, 50.00000000000, 67.02255570841, 74.32222198010, 4.12500003222, 0.00000000000, 0.00000000700, 0.00000001850
201, 50.00000000000, 80.18127736466, 56.64230966342, 4.12500003222, 0.00000000000, 0.00000000268, 0.00000001426
202, 50.00000000000, 103.43517756505, 63.68189435765, 4.12500003222, 0.00000000000, 0.00000000112, 0.00000001619
203, 50.00000000000, 120.74282651875, 76.74776151266, 4.12500003222, 0.00000000000, -0.00000000487, 0.00000000692
204, 50.00000000000, 136.79608201225, 65.06974413575, 4.12500003222, 0.00000000000, -0.00000000050, -0.00000003483
205, 50.00000000000, 154.12949496501, 55.27732195973, 4.12500003222, 0.00000000000, -0.00000000175, 0.00000000442
206, 50.00000000000, 167.07053110008, 45.77812205283, 4.12500003222, 0.00000000000, 0.00000000548, 0.00000002839
207, 50.00000000000, 188.25475226972, 55.98834077243, 4.12500003222, 0.00000000000, -0.00000000324, 0.00000000553
208, 50.00000000000, 200.10400247370, 39.16403706034, 4.12500003222, 0.00000000000, -0.00000000641, -0.00000001930
209, 50.00000000000, 220.88973776700, 54.17843527056, 4.12500003222, 0.00000000000, 0.00000000195, -0.00000004064
210, 50.00000000000, 234.27219924756, 47.36130039924, 4.12500003222, 0.00000000000, 0.00000001505, -0.00000003704
211, 50.00000000000, 255.28675975331, 32.43756010563, 4.12500003222, 0.00000000000, -0.00000000130, 0.00000000062
212, 50.00000000000, 275.40313487687, 38.01882713049, 4.12500003222, 0.00000000000, 0.00000000769, -0.00000001330
213, 50.00000000000, 284.19258669686, 59.55639061215, 4.12500003222, 0.00000000000, 0.00000000564, 0.00000002792
214, 50.00000000000, 309.60364590376, 41.13298683464, 4.12500003222, 0.00000000000, -0.00000000025, -0.00000003174
215, 50.00000000000, 319.61580892522, 63.60603793012, 4.12500003222, 0.00000000000, -0.00000001129, 0.00000001182
216, 50.00000000000, 322.34755010605, -30000000.00000000000, 0.00000000000, 0.00000000000, 0.00000022978, 0.66000001198
217, 50.00000000000, 361.71937789091, 65.34758954292, 4.12500003222, 0.00000000000, 0.00000000072, -0.00000006277
218, 50.00000000000, 359.13112409815, -30000000.00000000000, 0.00000000000, 0.00000000000, 0.00000055342, 0.66000001198
219, 50.00000000000, 404.66010663790, 27.16423889375, 4.12500003222, 0.00000000000, -0.00000001005, -0.00000001595
220, 50.00000000000, 416.74692882693, 57.49344240852, 4.12500003222, 0.00000000000, 0.00000000605, 0.00000001196
221, 50.00000000000, 432.45829205953, 50.25767017423, 4.12500003222, 0.00000000000, -0.00000000130, -0.00000001085
222, 50.00000000000, 469.91309273058, 65.04317531579, 4.12500003222, 0.00000000000, 0.00000000357, -0.00000000050
223, 50.00000000000, 470.65509929966, 45.28350501077, 4.12500003222, 0.00000000000, -0.00000001255, 0.00000000993
224, 50.00000000000, 488.69417914014, 58.20214765739, 4.12500003222, 0.00000000000, -0.00000000532, -0.00000001941
225, 50.00000000000, 509.57711005979, 60.29711479821, 4.12500003222, 0.00000000000, -0.00000000195, 0.00000000310
226, 50.00000000000, 528.82142673244, 47.52362415399, 4.12500003222, 0.00000000000, -0.00000000069, 0.00000002757
227, 50.00000000000, 544.57984389180, 32.01982238198, 4.12500003222, 0.00000000000, 0.00000000916, -0.00000000996
228, 50.00000000000, 549.60133524492, 9.61039714946, 4.12500003222, 0.00000000000, -0.00000000521, 0.00000000302
229, 50.00000000000, 577.78764605067, -30000000.00000000000, 0.00000000000, 0.00000000000, -0.00000046634, 0.66000001198
230, 50.00000000000, 581.38073272137, 45.22103938412, 4.12500003222, 0.00000000000, -0.00000000689, 0.00000000357
231, 50.00000000000, 600.39227986530, 29.24918297121, 4.12500003222, 0.00000000000, -0.00000000638, -0.00000002639
232, 50.00000000000, 617.27941774988, 47.39065260779, 4.12500003222, 0.00000000000, -0.00000000255, -0.00000000202
233, 50.00000000000, 637.00646957866, 22.17981014408, 4.12500003222, 0.00000000000, -0.00000001056, 0.00000004863
234, 50.00000000000, 651.21826245237, 39.70053050851, 4.12500003222, 0.00000000000, -0.00000000360, 0.00000000823
235, 50.00000000000, 669.03867598527, 24.74859239930, 4.12500003222, 0.00000000000, -0.00000000257, -0.00000000479
236, 50.00000000000, 682.89255150947, 32.91345311761, 4.12500003222, 0.00000000000, -0.00000000533, 0.00000002826
237, 50.00000000000, 706.74765875346, 8.40590899614, 4.12500003222, 0.00000000000, 0.00000000699, 0.00000003065
238, 50.00000000000, 718.94329962311, 43.79417882483, 4.12500003222, 0.00000000000, -0.00000000154, 0.00000001423
239, 50.00000000000, 736.75485362824, 43.15310962684, 4.12500003222, 0.00000000000, 0.00000000001, -0.00000000789
240, 50.00000000000, 755.04721651634, 46.84459407484, 4.12500003222, 0.00000000000, -0.00000000234, -0.00000000597
241, 50.00000000000, 771.45994231966, 29.56633835933, 4.12500003222, 0.00000000000, -0.00000000110, 0.00000001278
242, 50.00000000000, 795.01045661582, 38.27018761420, 4.12500003222, 0.00000000000, -0.00000000130, 0.00000001684
243, 50.00000000000, 808.58282186709, 41.65052735020, 4.12500003222, 0.00000000000, 0.00000001132, -0.00000001872
244, 50.00000000000, 819.90134158131, 44.59541836108, 4.12500003222, 0.00000000000, -0.00000000902, -0.00000004008
245, 50.00000000000, 839.40021520446, 53.42015464516, 4.12500003222, 0.00000000000, 0.00000000603, -0.00000000108
246, 50.00000000000, 855.14951571466, 57.55333470608, 4.12500003222, 0.00000000000, -0.00000000132, -0.00000004396
247, 50.00000000000, 880.53924384252, 38.91271134232, 4.12500003222, 0.00000000000, -0.00000000447, -0.00000005472
248, 50.00000000000, 888.62330303204, 59.79440575513, 4.12500003222, 0.00000000000, -0.00000000614, 0.00000003246
249, 50.00000000000, 903.14893327455, 60.09196339257, 4.12500003222, 0.00000000000, 0.00000000596, -0.00000000925
250, 50.00000000000, 59.90564708734, 59.65584480762, 4.12500003222, 0.00000000000, -0.00000000697, -0.00000004464
251, 50.00000000000, 81.93434375414, 66.10710468587, 4.12500003222, 0.00000000000, 0.00000000384, 0.00000005187
252, 50.00000000000, 96.59664710574, 71.80924227932, 4.12500003222, 0.00000000000, -0.00000000400, 0.00000000484
253, 50.00000000000, 107.16630227072, 84.79171073512, 4.12500003222, 0.00000000000, -0.00000000080, -0.00000002953
254, 50.00000000000, 130.91649867839, 47.49193476603, 4.12500003222, 0.00000000000, 0.00000000085, 0.00000003333
255, 50.00000000000, 152.04777194168, 77.19357888799, 4.12500003222, 0.00000000000, 0.00000000232, 0.00000000111
256, 50.00000000000, 169.04725119750, 67.36863726334, 4.12500003222, 0.00000000000, 0.00000000420, -0.00000001109
257, 50.00000000000, 186.58397327124, 73.67199150079, 4.12500003222, 0.00000000000, 0.00000000166, 0.00000000241
258, 50.00000000000, 205.70284829533, 71.76851636170, 4.12500003222, 0.00000000000, 0.00000000037, -0.00000002056
259, 50.00000000000, 222.59398189137, 66.53804614556, 4.12500003222, 0.00000000000, -0.00000000382, 0.00000002904
260, 50.00000000000, 241.95443744995, 63.80225099557, 4.12500003222, 0.00000000000, 0.00000000555, -0.00000000092
261, 50.00000000000, 264.09898029488, 68.37839078914, 4.12500003222, 0.00000000000, -0.00000000271, -0.00000000023
262, 50.00000000000, 270.09738793887, 48.49690723911, 4.12500003222, 0.00000000000, 0.00000000984, 0.00000000079
263, 50.00000000000, 283.04727598746, 78.09768919053, 4.12500003222, 0.00000000000, -0.00000000298, 0.00000000234
264, 50.00000000000, 302.49494504739, 76.38870482521, 4.12500003222, 0.00000000000, -0.00000000046, -0.00000003806
265, 50.00000000000, 330.32708342974, 55.76150145868, 4.12500003222, 0.00000000000, 0.00000000968, -0.00000002061
266, 50.00000000000, 347.17150788329, 45.88025475181, 4.12500003222, 0.00000000000, 0.00000000350, 0.00000000002
267, 50.00000000000, 362.45772596193, 51.42407357923, 4.12500003222, 0.00000000000, -0.00000000260, -0.00000001298
268, 50.00000000000, 378.38857205909, 47.37050320081, 4.12500003222, 0.00000000000, -0.00000001295, 0.00000000538
269, 50.00000000000, 397.13605470949, 45.61591659602, 4.12500003222, 0.00000000000, -0.00000000507, -0.00000005440
270, 50.00000000000, 413.40312667066, 47.27667223641, 4.12500003222, 0.00000000000, 0.00000000786, -0.00000000953
271, 50.00000000000, 435.10443235336, 41.44438848593, 4.12500003222, 0.00000000000, 0.00000001238, 0.00000000983
272, 50.00000000000, 451.37973496120, 59.84924564569, 4.12500003222, 0.00000000000, -0.00000000509, 0.00000001185
273, 50.00000000000, 462.92211999557, 27.85447920617, 4.12500003222, 0.00000000000, -0.00000000436, 0.00000001912
274, 50.00000000000, 492.33561627293, 44.18843692457, 4.12500003222, 0.00000000000, 0.00000000900, 0.00000003713
275, 50.00000000000, 507.32226060086, 43.17420353593, 4.12500003222, 0.00000000000, -0.00000000566, -0.00000001334
276, 50.00000000000, 521.87630573824, 32.08449893345, 4.12500003222, 0.00000000000, -0.00000001060, -0.00000003524
277, 50.00000000000, 549.59152552141, 45.09851406186, 4.12500003222, 0.00000000000, 0.00000000579, -0.00000002457
278, 50.00000000000, 558.05942854432, 156.53362925958, 4.12500003222, 0.00000000000, 0.00000000000, 0.00000000000
279, 50.00000000000, 565.26958754516, 59.81006081896, 4.12500003222, 0.00000000000, 0.00000000550, 0.00000000142
280, 50.00000000000, 585.35493122838, 65.50292850170, 4.12500003222, 0.00000000000, 0.00000000113, -0.00000000375
281, 50.00000000000, 600.80423616951, 12.99693355896, 4.12500003222, 0.00000000000, 0.00000000784, 0.00000004559
282, 50.00000000000, 613.33723668160, 33.41758597761, 4.12500003222, 0.00000000000, -0.00000000484, -0.00000000398
283, 50.00000000000, 635.66292182259, 44.20626180917, 4.12500003222, 0.00000000000, 0.00000001063, -0.00000000448
284, 50.00000000000, 656.19212806612, 58.67364605628, 4.12500003222, 0.00000000000, 0.00000000033, -0.00000000786
285, 50.00000000000, 667.30498920893, 43.29369166632, 4.12500003222, 0.00000000000, 0.00000000249, -0.00000002004
286, 50.00000000000, 681.07607398072, 55.35709650390, 4.12500003222, 0.00000000000, 0.00000000394, -0.00000000840
287, 50.00000000000, 703.36003728962, 60.58798796701, 4.12500003222, 0.00000000000, 0.00000000019, -0.00000000731
288, 50.00000000000, 715.28946706951, 30.28922461211, 4.12500003222, 0.00000000000, -0.00000000582, -0.00000000824
289, 50.00000000000, 737.27721057785, 32.24579790721, 4.12500003222, 0.00000000000, 0.00000000118, 0.00000000660
290, 50.00000000000, 756.33973765458, 31.87932120334, 4.12500003222, 0.00000000000, -0.00000000729, -0.00000000075
291, 50.00000000000, 773.95719723682, 49.16741813007, 4.12500003222, 0.00000000000, 0.00000000004, -0.00000000743
292, 50.00000000000, 789.23999989641, 46.64779686360, 4.12500003222, 0.00000000000, 0.00000000157, -0.00000000132
293, 50.00000000000, 818.23840022384, 63.45751699959, 4.12500003222, 0.00000000000, -0.00000000088, 0.00000002375
294, 50.00000000000, 831.90520444728, 62.93574653230, 4.12500003222, 0.00000000000, 0.00000000383, 0.00000004340
295, 50.00000000000, 848.41390482892, 20.49452488253, 4.12500003222, 0.00000000000, 0.00000000484, 0.00000003132
296, 50.00000000000, 847.64644848635, 74.50276581803, 4.12500003222, 0.00000000000, -0.00000000849, 0.00000000659
297, 50.00000000000, 869.48546097501, 73.61209222951, 4.12500003222, 0.00000000000, 0.00000000272, -0.00000001015
298, 50.00000000000, 888.96319509081, 71.98606043493, 4.12500003222, 0.00000000000, -0.00000000447, 0.00000003553
299, 50.00000000000, 904.41482711823, 78.87217104411, 4.12500003222, 0.00000000000, 0.00000000169, 0.00000003516
