0, 50.00000000000, 75.02000040312, 24.31826897637, 4.12500003222, 0.00000000000, 0.00000001123, 0.00000001740
1, 50.00000000000, 78.89825535400, 10.95701966293, 4.12500003222, 0.00000000000, 0.00000000917, -0.00000002972
2, 50.00000000000, 97.54137024599, 46.56330384798, 4.12500003222, 0.00000000000, 0.00000001777, -0.00000000106
3, 50.00000000000, 114.52284248818, 11.90663583293, 4.12500003222, 0.00000000000, -0.00000000682, -0.00000001800
4, 50.00000000000, 135.35465637507, 3.98989203740, 4.12500003222, 0.00000000000, 0.00000000257, -0.00000002846
5, 50.00000000000, 151.78819495561, 10.76398230745, 4.12500003222, 0.00000000000, 0.00000000667, -0.00000003812
6, 50.00000000000, 166.49460028276, 11.95430388391, 4.12500003222, 0.00000000000, -0.00000000379, -0.00000003231
7, 50.00000000000, 182.90393353957, 7.20972228942, 4.12500003222, 0.00000000000, -0.00000000346, -0.00000003045
8, 50.00000000000, 202.48982677752, 4.64993743147, 4.12500003222, 0.00000000000, 0.00000000227, -0.00000000174
9, 50.00000000000, 220.65479661254, 11.28480999257, 4.12500003222, 0.00000000000, -0.00000000005, -0.00000001988
10, 50.00000000000, 206.61733946636, -30000000.00000000000, 0.00000000000, 0.00000000000, 0.00000118924, 0.66000001198
11, 50.00000000000, 228.80667295857, -30000000.00000000000, 0.00000000000, 0.00000000000, -0.00000014657, 0.66000001198
12, 50.00000000000, 247.83424767056, -30000000.00000000000, 0.00000000000, 0.00000000000, -0.00000088452, 0.66000001198
13, 50.00000000000, 290.99172086712, 44.57223147760, 4.12500003222, 0.00000000000, -0.00000000581, 0.00000000636
14, 50.00000000000, 286.13228018174, -30000000.00000000000, 0.00000000000, 0.00000000000, -0.00000014140, 0.66000001198
15, 50.00000000000, 303.42353755728, -30000000.00000000000, 0.00000000000, 0.00000000000, 0.00000061270, 0.66000001198
16, 50.00000000000, 323.59744548703, -30000000.00000000000, 0.00000000000, 0.00000000000, 0.00000004321, 0.66000001198
17, 50.00000000000, 340.47207938337, -30000000.00000000000, 0.00000000000, 0.00000000000, 0.00000047967, 0.66000001198
18, 50.00000000000, 363.04494036244, -30000000.00000000000, 0.00000000000, 0.00000000000, -0.00000005065, 0.66000001198
19, 50.00000000000, 384.03668296329, -30000000.00000000000, 0.00000000000, 0.00000000000, -0.00000114722, 0.66000001198
20, 50.00000000000, 418.79064386264, 43.51054790230, 4.12500003222, 0.00000000000, -0.00000000893, 0.00000002698
21, 50.00000000000, 423.24912732981, -30000000.00000000000, 0.00000000000, 0.00000000000, 0.00000029416, 0.66000001198
22, 50.00000000000, 445.65472486041, -30000000.00000000000, 0.00000000000, 0.00000000000, -0.00000047619, 0.66000001198
23, 50.00000000000, 459.61323870140, -30000000.00000000000, 0.00000000000, 0.00000000000, 0.00000033825, 0.66000001198
24, 50.00000000000, 478.77037293199, -30000000.00000000000, 0.00000000000, 0.00000000000, -0.00000015733, 0.66000001198
25, 50.00000000000, 499.25836901401, -30000000.00000000000, 0.00000000000, 0.00000000000, 0.00000055928, 0.66000001198
26, 50.00000000000, 519.83089706424, -30000000.00000000000, 0.00000000000, 0.00000000000, 0.00000077868, 0.66000001198
27, 50.00000000000, 539.95500995752, -30000000.00000000000, 0.00000000000, 0.00000000000, -0.00000063235, 0.66000001198
28, 50.00000000000, 558.84808860501, -30000000.00000000000, 0.00000000000, 0.00000000000, -0.00000010571, 0.66000001198
29, 50.00000000000, 566.68684633798, 26.66154033661, 4.12500003222, 0.00000000000, -0.00000000769, -0.00000000837
30, 50.00000000000, 597.23162349900, -30000000.00000000000, 0.00000000000, 0.00000000000, 0.00000002654, 0.66000001198
31, 50.00000000000, 618.23892472634, -30000000.00000000000, 0.00000000000, 0.00000000000, 0.00000038299, 0.66000001198
32, 50.00000000000, 638.19624188440, -30000000.00000000000, 0.00000000000, 0.00000000000, -0.00000057392, 0.66000001198
33, 50.00000000000, 659.67344476441, -30000000.00000000000, 0.00000000000, 0.00000000000, -0.00000043632, 0.66000001198
34, 50.00000000000, 676.38244716116, -30000000.00000000000, 0.00000000000, 0.00000000000, 0.00000028378, 0.66000001198
35, 50.00000000000, 689.01491712432, -30000000.00000000000, 0.00000000000, 0.00000000000, 0.00000033751, 0.66000001198
36, 50.00000000000, 713.96382053077, -30000000.00000000000, 0.00000000000, 0.00000000000, -0.00000028086, 0.66000001198
37, 50.00000000000, 729.51702513903, -30000000.00000000000, 0.00000000000, 0.00000000000, 0.00000062359, 0.66000001198
38, 50.00000000000, 723.53967790239, 10.47772383275, 4.12500003222, 0.00000000000, 0.00000000663, -0.00000002209
39, 50.00000000000, 776.30856629545, -30000000.00000000000, 0.00000000000, 0.00000000000, 0.00000014019, 0.66000001198
40, 50.00000000000, 793.43561098269, -30000000.00000000000, 0.00000000000, 0.00000000000, -0.00000072272, 0.66000001198
41, 50.00000000000, 761.14947913075, 9.15946161038, 4.12500003222, 0.00000000000, 0.00000000061, -0.00000002072
42, 50.00000000000, 783.69608590699, 7.31352682490, 4.12500003222, 0.00000000000, -0.00000000394, -0.00000001546
43, 50.00000000000, 808.86368905936, 7.63507102476, 4.12500003222, 0.00000000000, -0.00000000496, 0.00000001609
44, 50.00000000000, 829.28653003617, 31.50276500351, 4.12500003222, 0.00000000000, -0.00000000700, 0.00000002593
45, 50.00000000000, 840.46506781415, 30.19828287383, 4.12500003222, 0.00000000000, -0.00000000192, 0.00000002844
46, 50.00000000000, 865.27254891095, 11.39671883903, 4.12500003222, 0.00000000000, 0.00000000151, -0.00000000232
47, 50.00000000000, 878.90648446303, 14.89474337763, 4.12500003222, 0.00000000000, 0.00000000538, 0.00000001026
48, 50.00000000000, 910.85661981820, 9.21528862792, 4.12500003222, 0.00000000000, -0.00000000007, 0.00000000323
49, 50.00000000000, 931.63233411195, 10.33192122480, 4.12500003222, 0.00000000000, -0.00000000009, 0.00000000005
50, 50.00000000000, 59.23473759077, 8.54319127762, 4.12500003222, 0.00000000000, 0.00000000434, 0.00000001751
51, 50.00000000000, 78.61912358211, 42.56835703546, 4.12500003222, 0.00000000000, -0.00000000404, -0.00000002575
52, 50.00000000000, 95.50628924579, 12.29169501174, 4.12500003222, 0.00000000000, -0.00000000499, -0.00000001084
53, 50.00000000000, 113.65766086566, 43.36985166216, 4.12500003222, 0.00000000000, 0.00000000571, -0.00000000151
54, 50.00000000000, 127.83806856091, 32.89024233947, 4.12500003222, 0.00000000000, 0.00000000780, 0.00000001195
55, 50.00000000000, 147.57233463163, 21.37194099438, 4.12500003222, 0.00000000000, 0.00000000012, 0.00000003994
56, 50.00000000000, 164.76863641633, 33.77665131310, 4.12500003222, 0.00000000000, -0.00000000298, -0.00000000805
57, 50.00000000000, 186.34128515993, 20.48041281724, 4.12500003222, 0.00000000000, 0.00000001070, 0.00000001098
58, 50.00000000000, 200.31439160477, 16.92555174092, 4.12500003222, 0.00000000000, 0.00000000950, 0.00000004040
59, 50.00000000000, 220.33039192735, 30.56410696626, 4.12500003222, 0.00000000000, -0.00000001069, -0.00000000660
60, 50.00000000000, 240.01994238276, 39.86018087463, 4.12500003222, 0.00000000000, -0.00000000003, 0.00000000458
61, 50.00000000000, 221.57541063833, -30000000.00000000000, 0.00000000000, 0.00000000000, 0.00000112567, 0.66000001198
62, 50.00000000000, 245.59968821445, -30000000.00000000000, 0.00000000000, 0.00000000000, -0.00000049258, 0.66000001198
63, 50.00000000000, 265.37796765786, -30000000.00000000000, 0.00000000000, 0.00000000000, -0.00000042699, 0.66000001198
64, 50.00000000000, 285.88134886885, -30000000.00000000000, 0.00000000000, 0.00000000000, -0.00000011660, 0.66000001198
65, 50.00000000000, 327.30842483369, 48.58566818583, 4.12500003222, 0.00000000000, 0.00000000715, 0.00000001694
66, 50.00000000000, 325.16594129052, -30000000.00000000000, 0.00000000000, 0.00000000000, -0.00000019633, 0.66000001198
67, 50.00000000000, 346.73370231404, -30000000.00000000000, 0.00000000000, 0.00000000000, -0.00000062238, 0.66000001198
68, 50.00000000000, 365.08697008615, -30000000.00000000000, 0.00000000000, 0.00000000000, -0.00000036222, 0.66000001198
69, 50.00000000000, 380.57119893922, -30000000.00000000000, 0.00000000000, 0.00000000000, -0.00000069007, 0.66000001198
70, 50.00000000000, 400.19604101210, -30000000.00000000000, 0.00000000000, 0.00000000000, 0.00000016728, 0.66000001198
71, 50.00000000000, 420.53076961336, -30000000.00000000000, 0.00000000000, 0.00000000000, 0.00000059214, 0.66000001198
72, 50.00000000000, 439.96243034513, -30000000.00000000000, 0.00000000000, 0.00000000000, 0.00000027518, 0.66000001198
73, 50.00000000000, 480.34172478171, 24.28100930770, 4.12500003222, 0.00000000000, 0.00000000107, 0.00000000216
74, 50.00000000000, 493.98779038829, 10.70047060361, 4.12500003222, 0.00000000000, 0.00000000189, -0.00000000366
75, 50.00000000000, 515.79073783470, 8.68783176261, 4.12500003222, 0.00000000000, 0.00000000084, -0.00000000720
76, 50.00000000000, 517.16575416509, -30000000.00000000000, 0.00000000000, 0.00000000000, 0.00000119260, 0.66000001198
77, 50.00000000000, 537.45103121759, -30000000.00000000000, 0.00000000000, 0.00000000000, -0.00000018725, 0.66000001198
78, 50.00000000000, 557.14258385624, -30000000.00000000000, 0.00000000000, 0.00000000000, 0.00000018966, 0.66000001198
79, 50.00000000000, 577.48187229434, -30000000.00000000000, 0.00000000000, 0.00000000000, -0.00000043423, 0.66000001198
80, 50.00000000000, 579.11697643680, 23.54937224933, 4.12500003222, 0.00000000000, 0.00000000077, -0.00000000595
81, 50.00000000000, 616.38209439551, -30000000.00000000000, 0.00000000000, 0.00000000000, 0.00000061901, 0.66000001198
82, 50.00000000000, 638.48843691888, -30000000.00000000000, 0.00000000000, 0.00000000000, -0.00000060972, 0.66000001198
83, 50.00000000000, 652.42718411292, -30000000.00000000000, 0.00000000000, 0.00000000000, 0.00000052019, 0.66000001198
84, 50.00000000000, 654.27734359271, 8.75129690300, 4.12500003222, 0.00000000000, -0.00000000291, -0.00000004683
85, 50.00000000000, 699.45105871025, -30000000.00000000000, 0.00000000000, 0.00000000000, -0.00000060012, 0.66000001198
86, 50.00000000000, 719.36195850177, -30000000.00000000000, 0.00000000000, 0.00000000000, -0.00000044453, 0.66000001198
87, 50.00000000000, 736.09359109568, -30000000.00000000000, 0.00000000000, 0.00000000000, -0.00000024452, 0.66000001198
88, 50.00000000000, 757.80470467224, -30000000.00000000000, 0.00000000000, 0.00000000000, -0.00000047411, 0.66000001198
89, 50.00000000000, 776.84769241845, -30000000.00000000000, 0.00000000000, 0.00000000000, 0.00000006921, 0.66000001198
90, 50.00000000000, 791.09480496037, -30000000.00000000000, 0.00000000000, 0.00000000000, -0.00000046688, 0.66000001198
91, 50.00000000000, 772.79948380495, 14.05008047454, 4.12500003222, 0.00000000000, -0.00000000444, -0.00000004654
92, 50.00000000000, 795.72466318574, 12.21163261555, 4.12500003222, 0.00000000000, 0.00000000559, 0.00000001844
93, 50.00000000000, 811.78677397024, 22.88745805901, 4.12500003222, 0.00000000000, -0.00000001520, 0.00000001555
94, 50.00000000000, 826.78827795018, 10.62903681007, 4.12500003222, 0.00000000000, -0.00000000681, -0.00000004652
95, 50.00000000000, 843.29532972267, 42.24296315138, 4.12500003222, 0.00000000000, -0.00000001584, 0.00000001120
96, 50.00000000000, 862.25618560780, 24.50937388337, 4.12500003222, 0.00000000000, -0.00000000378, -0.00000000474
97, 50.00000000000, 890.88836235771, 7.56075451353, 4.12500003222, 0.00000000000, 0.00000000088, 0.00000000031
98, 50.00000000000, 899.89289732747, 26.09463551220, 4.12500003222, 0.00000000000, 0.00000000522, -0.00000003587
99, 50.00000000000, 919.63529332772, 26.48330557087, 4.12500003222, 0.00000000000, 0.00000000174, -0.00000001621
100, 50.00000000000, 61.96807870187, 26.91780359199, 4.12500003222, 0.00000000000, 0.00000000431, 0.00000001003
101, 50.00000000000, 83.39010085521, 32.88287954520, 4.12500003222, 0.00000000000, -0.00000000897, -0.00000005622
102, 50.00000000000, 96.61264684997, 27.97837501373, 4.12500003222, 0.00000000000, -0.00000000726, -0.00000001471
103, 50.00000000000, 112.84882239520, 27.81787471968, 4.12500003222, 0.00000000000, 0.00000000246, 0.00000003859
104, 50.00000000000, 130.66026664743, 13.75977609161, 4.12500003222, 0.00000000000, 0.00000000246, -0.00000002590
105, 50.00000000000, 149.47044272235, 32.09972651866, 4.12500003222, 0.00000000000, -0.00000000852, 0.00000000258
106, 50.00000000000, 168.93222446003, 23.73919085027, 4.12500003222, 0.00000000000, -0.00000000295, 0.00000000891
107, 50.00000000000, 187.93810266059, 38.88431070537, 4.12500003222, 0.00000000000, 0.00000001400, 0.00000001707
108, 50.00000000000, 209.11057225043, 49.31248393615, 4.12500003222, 0.00000000000, -0.00000001620, -0.00000003524
109, 50.00000000000, 205.36293056796, 27.60691373461, 4.12500003222, 0.00000000000, -0.00000000111, 0.00000000478
110, 50.00000000000, 204.13019430052, -30000000.00000000000, 0.00000000000, 0.00000000000, 0.00000146132, 0.66000001198
111, 50.00000000000, 225.97911160098, -30000000.00000000000, 0.00000000000, 0.00000000000, 0.00000035024, 0.66000001198
112, 50.00000000000, 243.22866825318, -30000000.00000000000, 0.00000000000, 0.00000000000, -0.00000007599, 0.66000001198
113, 50.00000000000, 264.01523328468, -30000000.00000000000, 0.00000000000, 0.00000000000, -0.00000022451, 0.66000001198
114, 50.00000000000, 297.77352938384, 62.91482219249, 4.12500003222, 0.00000000000, 0.00000000256, 0.00000000146
115, 50.00000000000, 326.72791466690, 39.66325073351, 4.12500003222, 0.00000000000, 0.00000000189, 0.00000003118
116, 50.00000000000, 344.06280368989, 37.64049004436, 4.12500003222, 0.00000000000, 0.00000000312, 0.00000001691
117, 50.00000000000, 362.51563301822, 30.52592608500, 4.12500003222, 0.00000000000, 0.00000000251, -0.00000000064
118, 50.00000000000, 380.88574093267, 61.64279100438, 4.12500003222, 0.00000000000, 0.00000000188, -0.00000000033
119, 50.00000000000, 399.20223809713, 54.24280114882, 4.12500003222, 0.00000000000, -0.00000000330, 0.00000001485
120, 50.00000000000, 417.17558868977, 69.58873410721, 4.12500003222, 0.00000000000, 0.00000000026, 0.00000000665
121, 50.00000000000, 427.89626798145, 27.38057681294, 4.12500003222, 0.00000000000, -0.00000000072, -0.00000001083
122, 50.00000000000, 454.55703351649, 48.48732852531, 4.12500003222, 0.00000000000, 0.00000000064, 0.00000000659
123, 50.00000000000, 463.27277056720, -30000000.00000000000, 0.00000000000, 0.00000000000, -0.00000014459, 0.66000001198
124, 50.00000000000, 485.09584837708, 33.27789902814, 4.12500003222, 0.00000000000, 0.00000000946, 0.00000000080
125, 50.00000000000, 500.52999521784, 25.82417436813, 4.12500003222, 0.00000000000, -0.00000000823, 0.00000002431
126, 50.00000000000, 533.46554300566, 11.58261686958, 4.12500003222, 0.00000000000, -0.00000000010, -0.00000002405
127, 50.00000000000, 533.96860024867, 25.19467661016, 4.12500003222, 0.00000000000, 0.00000000678, 0.00000002652
128, 50.00000000000, 567.61436126294, 7.60398260957, 4.12500003222, 0.00000000000, 0.00000000170, -0.00000001298
129, 50.00000000000, 576.61646019143, -30000000.00000000000, 0.00000000000, 0.00000000000, -0.00000033124, 0.66000001198
130, 50.00000000000, 585.31254305023, 10.55318601761, 4.12500003222, 0.00000000000, -0.00000000090, 0.00000000790
131, 50.00000000000, 618.08911256773, -30000000.00000000000, 0.00000000000, 0.00000000000, 0.00000039761, 0.66000001198
132, 50.00000000000, 617.80112650116, 11.54164630202, 4.12500003222, 0.00000000000, -0.00000000013, -0.00000002655
133, 50.00000000000, 635.77810723840, 8.63718907608, 4.12500003222, 0.00000000000, -0.00000000299, -0.00000000188
134, 50.00000000000, 673.04033556423, -30000000.00000000000, 0.00000000000, 0.00000000000, 0.00000079810, 0.66000001198
135, 50.00000000000, 672.04545291082, 11.78820024853, 4.12500003222, 0.00000000000, 0.00000000345, -0.00000000977
136, 50.00000000000, 691.42247535018, 23.78165046059, 4.12500003222, 0.00000000000, -0.00000000200, -0.00000002290
137, 50.00000000000, 704.30631936761, 25.17728979827, 4.12500003222, 0.00000000000, -0.00000000671, -0.00000001156
138, 50.00000000000, 748.70604574178, -30000000.00000000000, 0.00000000000, 0.00000000000, 0.00000072691, 0.66000001198
139, 50.00000000000, 735.41596615716, 24.56562794493, 4.12500003222, 0.00000000000, 0.00000000400, 0.00000000209
140, 50.00000000000, 796.60859583786, -30000000.00000000000, 0.00000000000, 0.00000000000, -0.00000107220, 0.66000001198
141, 50.00000000000, 777.64904292678, 25.19202812016, 4.12500003222, 0.00000000000, 0.00000000514, 0.00000001631
142, 50.00000000000, 793.15259438975, 23.50593616922, 4.12500003222, 0.00000000000, 0.00000001257, 0.00000000419
143, 50.00000000000, 806.56645405074, 55.62098246196, 4.12500003222, 0.00000000000, -0.00000001176, -0.00000000899
144, 50.00000000000, 826.67673930253, 23.48421013553, 4.12500003222, 0.00000000000, -0.00000000683, 0.00000004728
145, 50.00000000000, 843.76973269918, 10.22233712534, 4.12500003222, 0.00000000000, 0.00000000432, -0.00000003444
146, 50.00000000000, 858.93940561383, 43.99886030266, 4.12500003222, 0.00000000000, 0.00000000330, 0.00000000022
147, 50.00000000000, 883.80648321755, 27.04215862600, 4.12500003222, 0.00000000000, 0.00000000101, -0.00000001939
148, 50.00000000000, 893.35509292540, 47.66666223657, 4.12500003222, 0.00000000000, -0.00000000505, 0.00000004418
149, 50.00000000000, 916.58305725659, 44.39475099978, 4.12500003222, 0.00000000000, -0.00000000232, 0.00000000585
150, 50.00000000000, 60.25752156156, 40.55966968658, 4.12500003222, 0.00000000000, -0.00000000117, 0.00000001169
151, 50.00000000000, 71.58310627328, 48.26527291049, 4.12500003222, 0.00000000000, -0.00000001676, 0.00000002170
152, 50.00000000000, 93.92738873539, 52.00156347997, 4.12500003222, 0.00000000000, 0.00000000341, 0.00000003605
153, 50.00000000000, 115.72998932906, 61.19815067295, 4.12500003222, 0.00000000000, -0.00000000259, -0.00000003296
154, 50.00000000000, 132.37109149420, 25.71730885687, 4.12500003222, 0.00000000000, -0.00000000381, 0.00000006461
155, 50.00000000000, 145.30804375456, 43.48835187241, 4.12500003222, 0.00000000000, -0.00000000422, 0.00000000719
156, 50.00000000000, 178.16179493237, 52.12465584747, 4.12500003222, 0.00000000000, 0.00000000341, 0.00000003251
157, 50.00000000000, 182.43312510840, 31.00048872134, 4.12500003222, 0.00000000000, 0.00000000161, 0.00000002543
158, 50.00000000000, 201.15300279466, 58.17182029985, 4.12500003222, 0.00000000000, -0.00000000932, -0.00000001470
159, 50.00000000000, 220.18637073673, 41.90025965411, 4.12500003222, 0.00000000000, -0.00000000189, -0.00000002172
160, 50.00000000000, 236.65722518934, 24.27695601452, 4.12500003222, 0.00000000000, -0.00000000539, 0.00000000901
161, 50.00000000000, 254.93690823676, 51.75541565017, 4.12500003222, 0.00000000000, 0.00000000293, -0.00000000081
162, 50.00000000000, 275.38174481289, 26.88642721729, 4.12500003222, 0.00000000000, 0.00000000002, -0.00000001385
163, 50.00000000000, 294.89877569489, 27.35655580641, 4.12500003222, 0.00000000000, -0.00000000420, -0.00000001126
164, 50.00000000000, 308.20018871673, 55.61011413886, 4.12500003222, 0.00000000000, 0.00000000603, 0.00000000829
165, 50.00000000000, 305.34692811772, -30000000.00000000000, 0.00000000000, 0.00000000000, 0.00000032003, 0.66000001198
166, 50.00000000000, 343.39018154959, 60.78891301462, 4.12500003222, 0.00000000000, -0.00000000537, -0.00000002023
167, 50.00000000000, 362.59296380343, 44.82516612303, 4.12500003222, 0.00000000000, -0.00000000359, -0.00000000537
168, 50.00000000000, 380.97032374832, 36.64084383283, 4.12500003222, 0.00000000000, 0.00000000054, -0.00000001398
169, 50.00000000000, 395.64300982955, 34.60485276719, 4.12500003222, 0.00000000000, 0.00000000636, -0.00000001125
170, 50.00000000000, 414.60524365857, 34.44021207475, 4.12500003222, 0.00000000000, -0.00000000193, 0.00000001157
171, 50.00000000000, 435.11223732179, 60.97704578325, 4.12500003222, 0.00000000000, 0.00000000658, 0.00000001558
172, 50.00000000000, 447.68391887911, 37.44314262612, 4.12500003222, 0.00000000000, 0.00000000527, 0.00000001055
173, 50.00000000000, 473.70320378942, 9.98422379061, 4.12500003222, 0.00000000000, 0.00000000029, -0.00000000138
174, 50.00000000000, 485.78582677257, -30000000.00000000000, 0.00000000000, 0.00000000000, -0.00000092903, 0.66000001198
175, 50.00000000000, 513.44165917189, 21.16080601318, 4.12500003222, 0.00000000000, 0.00000000198, -0.00000000966
176, 50.00000000000, 520.16067831043, -30000000.00000000000, 0.00000000000, 0.00000000000, 0.00000073755, 0.66000001198
177, 50.00000000000, 540.58807165255, -30000000.00000000000, 0.00000000000, 0.00000000000, -0.00000073199, 0.66000001198
178, 50.00000000000, 554.82313932830, 22.69371178638, 4.12500003222, 0.00000000000, -0.00000000416, 0.00000000714
179, 50.00000000000, 566.13551302277, 40.88979138983, 4.12500003222, 0.00000000000, -0.00000000732, 0.00000001259
180, 50.00000000000, 588.65795600690, 32.33021238851, 4.12500003222, 0.00000000000, 0.00000000962, 0.00000001976
181, 50.00000000000, 599.51050674138, 50.22565070609, 4.12500003222, 0.00000000000, -0.00000000170, -0.00000001170
182, 50.00000000000, 620.12271194001, 24.55289253199, 4.12500003222, 0.00000000000, 0.00000000316, 0.00000000793
183, 50.00000000000, 631.73633930968, 31.80602738547, 4.12500003222, 0.00000000000, 0.00000000188, -0.00000000113
184, 50.00000000000, 652.29789629881, 25.56259750397, 4.12500003222, 0.00000000000, -0.00000000062, 0.00000003143
185, 50.00000000000, 697.57836627702, -30000000.00000000000, 0.00000000000, 0.00000000000, -0.00000031553, 0.66000001198
186, 50.00000000000, 687.69388857141, 10.09083812104, 4.12500003222, 0.00000000000, 0.00000000589, 0.00000000434
187, 50.00000000000, 698.41526524505, 43.52613094901, 4.12500003222, 0.00000000000, 0.00000000313, 0.00000002358
188, 50.00000000000, 723.11846400186, 23.79609314596, 4.12500003222, 0.00000000000, 0.00000000710, -0.00000000469
189, 50.00000000000, 742.63009076649, 10.81234271548, 4.12500003222, 0.00000000000, -0.00000000070, -0.00000002495
190, 50.00000000000, 754.10792443329, 24.73636945737, 4.12500003222, 0.00000000000, -0.00000000356, 0.00000000812
191, 50.00000000000, 772.91525265291, 38.40808637514, 4.12500003222, 0.00000000000, -0.00000000200, -0.00000006430
192, 50.00000000000, 788.82641880410, 29.86302254365, 4.12500003222, 0.00000000000, -0.00000000663, -0.00000000603
193, 50.00000000000, 808.96243671132, 30.57910979927, 4.12500003222, 0.00000000000, 0.00000001191, -0.00000003338
194, 50.00000000000, 827.15592078740, 43.87282406000, 4.12500003222, 0.00000000000, 0.00000000552, -0.00000003295
195, 50.00000000000, 849.31630354160, 32.86868060433, 4.12500003222, 0.00000000000, -0.00000000462, -0.00000000744
196, 50.00000000000, 865.37411627066, 34.56648387348, 4.12500003222, 0.00000000000, -0.00000000398, 0.00000000423
197, 50.00000000000, 873.34219561642, 55.82618580860, 4.12500003222, 0.00000000000, 0.00000000957, 0.00000000385
198, 50.00000000000, 902.37265092340, 41.24274624775, 4.12500003222, 0.00000000000, -0.00000000061, 0.00000001765
199, 50.00000000000, 912.03364081831, 62.61688450543, 4.12500003222, 0.00000000000, 0.00000000120, 0.00000000750
200, 50.00000000000, 66.86558460962, 74.23872350899, 4.12500003222, 0.00000000000, -0.00000000037, -0.00000001093
201, 50.00000000000, 80.20855855058, 56.50565517363, 4.12500003222, 0.00000000000, -0.00000001081, -0.00000000717
202, 50.00000000000, 103.59919257606, 63.04858147197, 4.12500003222, 0.00000000000, -0.00000000262, -0.00000000103
203, 50.00000000000, 120.87947538388, 77.04857300313, 4.12500003222, 0.00000000000, 0.00000000107, 0.00000000160
204, 50.00000000000, 136.75089467946, 64.37810131729, 4.12500003222, 0.00000000000, 0.00000000079, 0.00000000133
205, 50.00000000000, 154.27649147006, 55.22813518197, 4.12500003222, 0.00000000000, 0.00000000173, -0.00000003372
206, 50.00000000000, 167.13573054752, 46.40205122597, 4.12500003222, 0.00000000000, 0.00000000130, 0.00000002955
207, 50.00000000000, 188.21472361530, 56.38702110723, 4.12500003222, 0.00000000000, -0.00000000457, 0.00000000379
208, 50.00000000000, 200.22248587691, 39.71155187517, 4.12500003222, 0.00000000000, -0.00000000154, -0.00000003210
209, 50.00000000000, 221.16554416670, 54.60578952298, 4.12500003222, 0.00000000000, 0.00000000171, -0.00000000969
210, 50.00000000000, 234.58942881847, 48.21254992963, 4.12500003222, 0.00000000000, 0.00000000023, -0.00000000429
211, 50.00000000000, 255.85423981859, 33.72876260981, 4.12500003222, 0.00000000000, 0.00000000343, 0.00000000832
212, 50.00000000000, 275.70464952881, 40.13118838695, 4.12500003222, 0.00000000000, -0.00000000287, 0.00000001635
213, 50.00000000000, 284.12893728315, 61.95217313659, 4.12500003222, 0.00000000000, -0.00000000540, -0.00000001957
214, 50.00000000000, 309.93600337208, 42.47474644359, 4.12500003222, 0.00000000000, 0.00000000426, 0.00000001926
215, 50.00000000000, 319.21827808473, 65.22314605038, 4.12500003222, 0.00000000000, 0.00000000245, -0.00000000733
216, 50.00000000000, 322.34755010605, -30000000.00000000000, 0.00000000000, 0.00000000000, 0.00000022978, 0.66000001198
217, 50.00000000000, 362.16086879843, 66.90313577974, 4.12500003222, 0.00000000000, 0.00000000173, 0.00000001250
218, 50.00000000000, 359.13112409815, -30000000.00000000000, 0.00000000000, 0.00000000000, 0.00000055342, 0.66000001198
219, 50.00000000000, 404.26548091322, 27.46062905277, 4.12500003222, 0.00000000000, -0.00000000434, 0.00000001648
220, 50.00000000000, 416.62135512833, 58.38653533220, 4.12500003222, 0.00000000000, 0.00000000338, 0.00000000710
221, 50.00000000000, 432.22510738743, 50.85205453367, 4.12500003222, 0.00000000000, -0.00000000530, -0.00000004272
222, 50.00000000000, 469.89231653082, 64.90781104209, 4.12500003222, 0.00000000000, -0.00000000477, -0.00000000106
223, 50.00000000000, 470.62104034329, 45.36004520977, 4.12500003222, 0.00000000000, 0.00000000359, 0.00000001416
224, 50.00000000000, 488.60482489647, 57.90849588009, 4.12500003222, 0.00000000000, -0.00000000045, -0.00000001978
225, 50.00000000000, 509.59631515179, 60.14497693203, 4.12500003222, 0.00000000000, 0.00000000253, 0.00000001190
226, 50.00000000000, 528.89269027214, 48.08390023155, 4.12500003222, 0.00000000000, 0.00000000386, -0.00000003028
227, 50.00000000000, 544.62025187819, 31.44647819381, 4.12500003222, 0.00000000000, -0.00000000041, 0.00000002016
228, 50.00000000000, 549.74358646634, 9.53001440136, 4.12500003222, 0.00000000000, 0.00000000116, 0.00000001882
229, 50.00000000000, 577.78764605067, -30000000.00000000000, 0.00000000000, 0.00000000000, -0.00000046634, 0.66000001198
230, 50.00000000000, 581.53953866858, 45.67541033731, 4.12500003222, 0.00000000000, -0.00000000125, 0.00000001347
231, 50.00000000000, 600.47429995042, 29.29698358218, 4.12500003222, 0.00000000000, 0.00000000027, 0.00000001956
232, 50.00000000000, 617.35718210030, 47.39343621186, 4.12500003222, 0.00000000000, -0.00000000430, 0.00000000795
233, 50.00000000000, 636.96748179359, 22.17413350724, 4.12500003222, 0.00000000000, -0.00000000060, 0.00000000726
234, 50.00000000000, 651.20943676142, 39.44215383185, 4.12500003222, 0.00000000000, 0.00000000231, 0.00000000769
235, 50.00000000000, 669.17868057233, 25.22605860574, 4.12500003222, 0.00000000000, 0.00000000193, 0.00000001115
236, 50.00000000000, 682.80552587982, 33.71216099734, 4.12500003222, 0.00000000000, -0.00000000887, 0.00000001627
237, 50.00000000000, 706.69153646117, 9.11273086225, 4.12500003222, 0.00000000000, -0.00000000509, -0.00000000795
238, 50.00000000000, 718.97877658475, 44.49039582505, 4.12500003222, 0.00000000000, -0.00000000523, 0.00000001621
239, 50.00000000000, 736.81511673223, 43.96119296122, 4.12500003222, 0.00000000000, -0.00000000468, -0.00000000067
240, 50.00000000000, 755.04096494810, 47.26777754871, 4.12500003222, 0.00000000000, -0.00000000283, -0.00000001966
241, 50.00000000000, 771.32421203850, 29.63231987182, 4.12500003222, 0.00000000000, 0.00000000428, 0.00000006402
242, 50.00000000000, 794.93769441313, 38.61439223469, 4.12500003222, 0.00000000000, -0.00000000750, -0.00000002230
243, 50.00000000000, 808.56102455403, 41.31620400761, 4.12500003222, 0.00000000000, 0.00000001188, 0.00000001216
244, 50.00000000000, 819.79411712049, 44.34192073918, 4.12500003222, 0.00000000000, 0.00000001033, -0.00000004309
245, 50.00000000000, 839.27048496013, 53.40679513057, 4.12500003222, 0.00000000000, 0.00000000802, -0.00000000384
246, 50.00000000000, 854.95491108933, 56.98804961141, 4.12500003222, 0.00000000000, -0.00000000213, 0.00000001627
247, 50.00000000000, 880.45711179629, 38.90846809286, 4.12500003222, 0.00000000000, -0.00000000299, 0.00000002581
248, 50.00000000000, 888.46967157343, 60.36738234214, 4.12500003222, 0.00000000000, -0.00000000428, -0.00000000384
249, 50.00000000000, 902.74119648797, 60.97932376944, 4.12500003222, 0.00000000000, -0.00000000578, -0.00000001815
250, 50.00000000000, 60.09368273518, 58.62212122756, 4.12500003222, 0.00000000000, -0.00000000222, 0.00000000585
251, 50.00000000000, 82.10175841723, 66.35386113972, 4.12500003222, 0.00000000000, 0.00000000267, 0.00000002007
252, 50.00000000000, 96.63822791353, 72.10418050281, 4.12500003222, 0.00000000000, 0.00000000267, 0.00000000861
253, 50.00000000000, 106.76538945461, 84.80958091815, 4.12500003222, 0.00000000000, 0.00000000133, 0.00000001434
254, 50.00000000000, 131.04096459804, 47.35354877325, 4.12500003222, 0.00000000000, -0.00000000268, -0.00000001874
255, 50.00000000000, 151.75723152300, 77.35206991392, 4.12500003222, 0.00000000000, -0.00000000184, 0.00000000346
256, 50.00000000000, 169.09521790391, 67.72471076716, 4.12500003222, 0.00000000000, 0.00000000820, -0.00000002635
257, 50.00000000000, 186.64868473679, 74.46452192127, 4.12500003222, 0.00000000000, -0.00000000712, -0.00000001183
258, 50.00000000000, 205.75188225497, 72.14507555997, 4.12500003222, 0.00000000000, 0.00000000548, 0.00000001690
259, 50.00000000000, 222.61422045449, 67.01646048276, 4.12500003222, 0.00000000000, 0.00000001071, 0.00000003535
260, 50.00000000000, 241.79532563061, 64.37930908482, 4.12500003222, 0.00000000000, 0.00000000236, 0.00000001188
261, 50.00000000000, 263.67540125726, 69.89374232746, 4.12500003222, 0.00000000000, -0.00000000508, 0.00000001884
262, 50.00000000000, 270.16381962857, 51.28373894560, 4.12500003222, 0.00000000000, 0.00000000981, -0.00000002556
263, 50.00000000000, 282.65525589937, 80.25011629704, 4.12500003222, 0.00000000000, 0.00000000029, 0.00000000671
264, 50.00000000000, 302.38621460110, 78.13249239010, 4.12500003222, 0.00000000000, 0.00000000231, -0.00000000743
265, 50.00000000000, 329.93420635844, 58.15606799043, 4.12500003222, 0.00000000000, -0.00000000555, -0.00000004156
266, 50.00000000000, 346.99919267168, 48.82824502745, 4.12500003222, 0.00000000000, -0.00000000475, -0.00000000756
267, 50.00000000000, 362.67881537715, 53.58198663520, 4.12500003222, 0.00000000000, -0.00000000055, -0.00000000113
268, 50.00000000000, 378.46076958603, 48.80506555627, 4.12500003222, 0.00000000000, -0.00000000251, 0.00000001234
269, 50.00000000000, 396.94672969724, 45.91662741584, 4.12500003222, 0.00000000000, -0.00000000131, -0.00000000252
270, 50.00000000000, 413.33207027577, 48.48904048201, 4.12500003222, 0.00000000000, 0.00000000438, -0.00000003929
271, 50.00000000000, 434.91950381068, 41.74413733717, 4.12500003222, 0.00000000000, -0.00000000163, -0.00000001071
272, 50.00000000000, 451.56009734941, 59.87006701963, 4.12500003222, 0.00000000000, 0.00000000180, 0.00000001568
273, 50.00000000000, 462.99445280022, 27.42373883205, 4.12500003222, 0.00000000000, -0.00000000156, 0.00000000241
274, 50.00000000000, 492.40688099697, 44.59778979395, 4.12500003222, 0.00000000000, -0.00000001006, -0.00000001716
275, 50.00000000000, 507.41720376479, 41.92417244839, 4.12500003222, 0.00000000000, -0.00000000774, 0.00000000904
276, 50.00000000000, 521.98294171812, 31.59414121269, 4.12500003222, 0.00000000000, 0.00000000732, 0.00000001925
277, 50.00000000000, 549.68268556996, 44.80154966083, 4.12500003222, 0.00000000000, -0.00000000146, -0.00000000883
278, 50.00000000000, 558.05942854432, 150.22571463923, 4.12500003222, 0.00000000000, 0.00000000000, 0.00000000000
279, 50.00000000000, 565.17467590595, 60.79768788614, 4.12500003222, 0.00000000000, 0.00000000741, -0.00000002404
280, 50.00000000000, 585.47785320109, 65.24330254908, 4.12500003222, 0.00000000000, -0.00000000239, 0.00000000286
281, 50.00000000000, 600.94049823636, 13.44024124404, 4.12500003222, 0.00000000000, -0.00000000312, -0.00000001860
282, 50.00000000000, 613.33592803993, 33.57638594438, 4.12500003222, 0.00000000000, -0.00000000792, 0.00000001062
283, 50.00000000000, 635.65174029725, 44.34139906553, 4.12500003222, 0.00000000000, 0.00000000313, -0.00000000723
284, 50.00000000000, 656.10328663294, 58.56696924761, 4.12500003222, 0.00000000000, 0.00000000025, -0.00000000081
285, 50.00000000000, 667.27371484809, 43.30428731838, 4.12500003222, 0.00000000000, -0.00000000474, -0.00000001374
286, 50.00000000000, 680.89105417196, 56.08559571757, 4.12500003222, 0.00000000000, 0.00000000448, -0.00000000245
287, 50.00000000000, 703.25941322035, 61.55522789300, 4.12500003222, 0.00000000000, -0.00000000349, -0.00000000892
288, 50.00000000000, 715.05218355989, 31.37222940626, 4.12500003222, 0.00000000000, 0.00000000925, 0.00000001359
289, 50.00000000000, 737.25453277299, 32.91518159951, 4.12500003222, 0.00000000000, 0.00000000312, 0.00000000395
290, 50.00000000000, 756.23379188136, 32.03372804476, 4.12500003222, 0.00000000000, -0.00000000116, 0.00000002180
291, 50.00000000000, 773.91525135433, 49.28664601754, 4.12500003222, 0.00000000000, 0.00000000556, 0.00000001652
292, 50.00000000000, 789.16019360093, 46.58985617205, 4.12500003222, 0.00000000000, -0.00000000499, 0.00000003460
293, 50.00000000000, 818.06964589332, 63.27636915997, 4.12500003222, 0.00000000000, 0.00000000320, 0.00000002660
294, 50.00000000000, 831.76993088933, 62.87720061471, 4.12500003222, 0.00000000000, 0.00000001441, 0.00000002404
295, 50.00000000000, 848.36116787015, 20.34098267082, 4.12500003222, 0.00000000000, 0.00000001177, 0.00000001118
296, 50.00000000000, 847.38195154279, 75.20772072031, 4.12500003222, 0.00000000000, -0.00000000341, -0.00000001999
297, 50.00000000000, 869.08921959356, 74.04038474327, 4.12500003222, 0.00000000000, -0.00000000296, -0.00000002102
298, 50.00000000000, 888.70409024211, 72.99906695069, 4.12500003222, 0.00000000000, -0.00000000670, -0.00000002011
299, 50.00000000000, 904.12396191348, 80.16682877133, 4.12500003222, 0.00000000000, 0.00000000786, 0.00000000346
