0, 50.00000000000, 69.32241803029, 24.04548915605, 4.12500003222, 0.00000000000, 0.00000000533, 0.00000000086
1, 50.00000000000, 73.21535578889, 10.88792655952, 4.12500003222, 0.00000000000, 0.00000000231, -0.00000000678
2, 50.00000000000, 91.58344905186, 47.12096774284, 4.12500003222, 0.00000000000, 0.00000001746, -0.00000002557
3, 50.00000000000, 108.92288490372, 12.34032629282, 4.12500003222, 0.00000000000, -0.00000000145, -0.00000000380
4, 50.00000000000, 129.95822255127, 3.62924225523, 4.12500003222, 0.00000000000, 0.00000000105, 0.00000000624
5, 50.00000000000, 146.37845133952, 10.75299569902, 4.12500003222, 0.00000000000, 0.00000000952, 0.00000003559
6, 50.00000000000, 161.03860557794, 12.76292155087, 4.12500003222, 0.00000000000, 0.00000000087, -0.00000004051
7, 50.00000000000, 177.05702476484, 7.34196259934, 4.12500003222, 0.00000000000, -0.00000000715, 0.00000000553
8, 50.00000000000, 198.36432349990, 5.23897598739, 4.12500003222, 0.00000000000, -0.00000000578, 0.00000001144
9, 50.00000000000, 216.24093712327, 12.11897613671, 4.12500003222, 0.00000000000, 0.00000000193, 0.00000000326
10, 50.00000000000, 206.61733946636, -30000000.00000000000, 0.00000000000, 0.00000000000, 0.00000118924, 0.66000001198
11, 50.00000000000, 228.80667295857, -30000000.00000000000, 0.00000000000, 0.00000000000, -0.00000014657, 0.66000001198
12, 50.00000000000, 247.83424767056, -30000000.00000000000, 0.00000000000, 0.00000000000, -0.00000088452, 0.66000001198
13, 50.00000000000, 290.62055653757, 42.36746718167, 4.12500003222, 0.00000000000, 0.00000000360, -0.00000001399
14, 50.00000000000, 286.13228018174, -30000000.00000000000, 0.00000000000, 0.00000000000, -0.00000014140, 0.66000001198
15, 50.00000000000, 303.42353755728, -30000000.00000000000, 0.00000000000, 0.00000000000, 0.00000061270, 0.66000001198
16, 50.00000000000, 323.59744548703, -30000000.00000000000, 0.00000000000, 0.00000000000, 0.00000004321, 0.66000001198
17, 50.00000000000, 340.47207938337, -30000000.00000000000, 0.00000000000, 0.00000000000, 0.00000047967, 0.66000001198
18, 50.00000000000, 363.04494036244, -30000000.00000000000, 0.00000000000, 0.00000000000, -0.00000005065, 0.66000001198
19, 50.00000000000, 384.03668296329, -30000000.00000000000, 0.00000000000, 0.00000000000, -0.00000114722, 0.66000001198
20, 50.00000000000, 419.78699009529, 44.96973395544, 4.12500003222, 0.00000000000, -0.00000001477, 0.00000000156
21, 50.00000000000, 423.24912732981, -30000000.00000000000, 0.00000000000, 0.00000000000, 0.00000029416, 0.66000001198
22, 50.00000000000, 445.65472486041, -30000000.00000000000, 0.00000000000, 0.00000000000, -0.00000047619, 0.66000001198
23, 50.00000000000, 459.61323870140, -30000000.00000000000, 0.00000000000, 0.00000000000, 0.00000033825, 0.66000001198
24, 50.00000000000, 478.77037293199, -30000000.00000000000, 0.00000000000, 0.00000000000, -0.00000015733, 0.66000001198
25, 50.00000000000, 499.25836901401, -30000000.00000000000, 0.00000000000, 0.00000000000, 0.00000055928, 0.66000001198
26, 50.00000000000, 519.83089706424, -30000000.00000000000, 0.00000000000, 0.00000000000, 0.00000077868, 0.66000001198
27, 50.00000000000, 539.95500995752, -30000000.00000000000, 0.00000000000, 0.00000000000, -0.00000063235, 0.66000001198
28, 50.00000000000, 558.84808860501, -30000000.00000000000, 0.00000000000, 0.00000000000, -0.00000010571, 0.66000001198
29, 50.00000000000, 570.54476018253, 24.71279679956, 4.12500003222, 0.00000000000, 0.00000000173, 0.00000000419
30, 50.00000000000, 597.23162349900, -30000000.00000000000, 0.00000000000, 0.00000000000, 0.00000002654, 0.66000001198
31, 50.00000000000, 618.23892472634, -30000000.00000000000, 0.00000000000, 0.00000000000, 0.00000038299, 0.66000001198
32, 50.00000000000, 638.19624188440, -30000000.00000000000, 0.00000000000, 0.00000000000, -0.00000057392, 0.66000001198
33, 50.00000000000, 659.67344476441, -30000000.00000000000, 0.00000000000, 0.00000000000, -0.00000043632, 0.66000001198
34, 50.00000000000, 676.38244716116, -30000000.00000000000, 0.00000000000, 0.00000000000, 0.00000028378, 0.66000001198
35, 50.00000000000, 689.01491712432, -30000000.00000000000, 0.00000000000, 0.00000000000, 0.00000033751, 0.66000001198
36, 50.00000000000, 713.96382053077, -30000000.00000000000, 0.00000000000, 0.00000000000, -0.00000028086, 0.66000001198
37, 50.00000000000, 729.51702513903, -30000000.00000000000, 0.00000000000, 0.00000000000, 0.00000062359, 0.66000001198
38, 50.00000000000, 726.60109210718, 10.20252125392, 4.12500003222, 0.00000000000, -0.00000000261, -0.00000003350
39, 50.00000000000, 776.30856629545, -30000000.00000000000, 0.00000000000, 0.00000000000, 0.00000014019, 0.66000001198
40, 50.00000000000, 793.43561098269, -30000000.00000000000, 0.00000000000, 0.00000000000, -0.00000072272, 0.66000001198
41, 50.00000000000, 764.29843719273, 9.36985280415, 4.12500003222, 0.00000000000, -0.00000000788, -0.00000002253
42, 50.00000000000, 786.99345456818, 7.12207911320, 4.12500003222, 0.00000000000, 0.00000000170, 0.00000002426
43, 50.00000000000, 812.01518036684, 7.72144235450, 4.12500003222, 0.00000000000, 0.00000000094, 0.00000001515
44, 50.00000000000, 832.48293403382, 31.54629705034, 4.12500003222, 0.00000000000, 0.00000000336, -0.00000000588
45, 50.00000000000, 843.59506023273, 30.37880434875, 4.12500003222, 0.00000000000, 0.00000000059, -0.00000000497
46, 50.00000000000, 868.39443447552, 11.37822082073, 4.12500003222, 0.00000000000, -0.00000000286, -0.00000001326
47, 50.00000000000, 882.07795852382, 15.11861791339, 4.12500003222, 0.00000000000, -0.00000000887, -0.00000000676
48, 50.00000000000, 913.96589893344, 9.35199455886, 4.12500003222, 0.00000000000, -0.00000000005, -0.00000002602
49, 50.00000000000, 934.93690620819, 9.82016247617, 4.12500003222, 0.00000000000, -0.00000000200, 0.00000000292
50, 50.00000000000, 53.53276550132, 8.85934359860, 4.12500003222, 0.00000000000, 0.00000000346, 0.00000001436
51, 50.00000000000, 72.81023504861, 42.55094251676, 4.12500003222, 0.00000000000, -0.00000001255, 0.00000004664
52, 50.00000000000, 89.92221147338, 12.74528912643, 4.12500003222, 0.00000000000, -0.00000000409, 0.00000000770
53, 50.00000000000, 107.76480610676, 43.51291955107, 4.12500003222, 0.00000000000, -0.00000001274, 0.00000001895
54, 50.00000000000, 122.18275811412, 33.13950398486, 4.12500003222, 0.00000000000, 0.00000001581, -0.00000001903
55, 50.00000000000, 142.01852189354, 21.61565165396, 4.12500003222, 0.00000000000, -0.00000000526, 0.00000000545
56, 50.00000000000, 159.10044705222, 33.96373736243, 4.12500003222, 0.00000000000, 0.00000000235, -0.00000002395
57, 50.00000000000, 180.83084711894, 20.80470040720, 4.12500003222, 0.00000000000, -0.00000000326, 0.00000000609
58, 50.00000000000, 193.27085971903, 16.47450558045, 4.12500003222, 0.00000000000, 0.00000000312, -0.00000001863
59, 50.00000000000, 218.46721178017, 33.26921843246, 4.12500003222, 0.00000000000, -0.00000000330, 0.00000000835
60, 50.00000000000, 237.58433337982, 43.31001805247, 4.12500003222, 0.00000000000, -0.00000000091, -0.00000001487
61, 50.00000000000, 221.57541063833, -30000000.00000000000, 0.00000000000, 0.00000000000, 0.00000112567, 0.66000001198
62, 50.00000000000, 245.59968821445, -30000000.00000000000, 0.00000000000, 0.00000000000, -0.00000049258, 0.66000001198
63, 50.00000000000, 265.37796765786, -30000000.00000000000, 0.00000000000, 0.00000000000, -0.00000042699, 0.66000001198
64, 50.00000000000, 285.88134886885, -30000000.00000000000, 0.00000000000, 0.00000000000, -0.00000011660, 0.66000001198
65, 50.00000000000, 326.52919146791, 44.90146588136, 4.12500003222, 0.00000000000, -0.00000000193, -0.00000000249
66, 50.00000000000, 325.16594129052, -30000000.00000000000, 0.00000000000, 0.00000000000, -0.00000019633, 0.66000001198
67, 50.00000000000, 346.73370231404, -30000000.00000000000, 0.00000000000, 0.00000000000, -0.00000062238, 0.66000001198
68, 50.00000000000, 365.08697008615, -30000000.00000000000, 0.00000000000, 0.00000000000, -0.00000036222, 0.66000001198
69, 50.00000000000, 380.57119893922, -30000000.00000000000, 0.00000000000, 0.00000000000, -0.00000069007, 0.66000001198
70, 50.00000000000, 400.19604101210, -30000000.00000000000, 0.00000000000, 0.00000000000, 0.00000016728, 0.66000001198
71, 50.00000000000, 420.53076961336, -30000000.00000000000, 0.00000000000, 0.00000000000, 0.00000059214, 0.66000001198
72, 50.00000000000, 439.96243034513, -30000000.00000000000, 0.00000000000, 0.00000000000, 0.00000027518, 0.66000001198
73, 50.00000000000, 480.30645805429, 25.22588311108, 4.12500003222, 0.00000000000, -0.00000001706, -0.00000002436
74, 50.00000000000, 494.09563483888, 10.69148754740, 4.12500003222, 0.00000000000, -0.00000000018, 0.00000003948
75, 50.00000000000, 513.69160803270, 7.97302925723, 4.12500003222, 0.00000000000, 0.00000000005, 0.00000000743
76, 50.00000000000, 517.16575416509, -30000000.00000000000, 0.00000000000, 0.00000000000, 0.00000119260, 0.66000001198
77, 50.00000000000, 537.45103121759, -30000000.00000000000, 0.00000000000, 0.00000000000, -0.00000018725, 0.66000001198
78, 50.00000000000, 557.14258385624, -30000000.00000000000, 0.00000000000, 0.00000000000, 0.00000018966, 0.66000001198
79, 50.00000000000, 577.48187229434, -30000000.00000000000, 0.00000000000, 0.00000000000, -0.00000043423, 0.66000001198
80, 50.00000000000, 582.40549196879, 23.65194935638, 4.12500003222, 0.00000000000, 0.00000000482, -0.00000000137
81, 50.00000000000, 616.38209439551, -30000000.00000000000, 0.00000000000, 0.00000000000, 0.00000061901, 0.66000001198
82, 50.00000000000, 638.48843691888, -30000000.00000000000, 0.00000000000, 0.00000000000, -0.00000060972, 0.66000001198
83, 50.00000000000, 652.42718411292, -30000000.00000000000, 0.00000000000, 0.00000000000, 0.00000052019, 0.66000001198
84, 50.00000000000, 657.12174522475, 8.26921181101, 4.12500003222, 0.00000000000, 0.00000000185, 0.00000000257
85, 50.00000000000, 699.45105871025, -30000000.00000000000, 0.00000000000, 0.00000000000, -0.00000060012, 0.66000001198
86, 50.00000000000, 719.36195850177, -30000000.00000000000, 0.00000000000, 0.00000000000, -0.00000044453, 0.66000001198
87, 50.00000000000, 736.09359109568, -30000000.00000000000, 0.00000000000, 0.00000000000, -0.00000024452, 0.66000001198
88, 50.00000000000, 757.80470467224, -30000000.00000000000, 0.00000000000, 0.00000000000, -0.00000047411, 0.66000001198
89, 50.00000000000, 776.84769241845, -30000000.00000000000, 0.00000000000, 0.00000000000, 0.00000006921, 0.66000001198
90, 50.00000000000, 791.09480496037, -30000000.00000000000, 0.00000000000, 0.00000000000, -0.00000046688, 0.66000001198
91, 50.00000000000, 776.03087399592, 13.38240375280, 4.12500003222, 0.00000000000, -0.00000000418, 0.00000003486
92, 50.00000000000, 798.93820452980, 12.48824371604, 4.12500003222, 0.00000000000, 0.00000000510, -0.00000001386
93, 50.00000000000, 814.98256619774, 23.41316066550, 4.12500003222, 0.00000000000, -0.00000000105, 0.00000000207
94, 50.00000000000, 829.84766575989, 10.84624719579, 4.12500003222, 0.00000000000, -0.00000000637, 0.00000002503
95, 50.00000000000, 846.50028282096, 42.52371084292, 4.12500003222, 0.00000000000, -0.00000001779, 0.00000004382
96, 50.00000000000, 865.30716015957, 24.83574919547, 4.12500003222, 0.00000000000, 0.00000000073, 0.00000000252
97, 50.00000000000, 893.79369528863, 6.95013017441, 4.12500003222, 0.00000000000, 0.00000000169, 0.00000001225
98, 50.00000000000, 902.98416228395, 25.57759920995, 4.12500003222, 0.00000000000, 0.00000000761, 0.00000004307
99, 50.00000000000, 922.77560850143, 26.47117236522, 4.12500003222, 0.00000000000, -0.00000000067, 0.00000001395
100, 50.00000000000, 56.27151765708, 27.34930248060, 4.12500003222, 0.00000000000, -0.00000000171, -0.00000002714
101, 50.00000000000, 77.68928423220, 32.77278626661, 4.12500003222, 0.00000000000, 0.00000000114, -0.00000000802
102, 50.00000000000, 90.91370560780, 28.62369094071, 4.12500003222, 0.00000000000, -0.00000000602, -0.00000002456
103, 50.00000000000, 107.11724231229, 28.40454216074, 4.12500003222, 0.00000000000, 0.00000000181, -0.00000002438
104, 50.00000000000, 125.10121326078, 13.59734595119, 4.12500003222, 0.00000000000, -0.00000000067, 0.00000004462
105, 50.00000000000, 143.73206067624, 31.94030156893, 4.12500003222, 0.00000000000, -0.00000001365, -0.00000001097
106, 50.00000000000, 163.59913143277, 24.45450032624, 4.12500003222, 0.00000000000, 0.00000000359, -0.00000002992
107, 50.00000000000, 182.71540698959, 39.93839859270, 4.12500003222, 0.00000000000, 0.00000000163, 0.00000000006
108, 50.00000000000, 202.43574277339, 49.05286821759, 4.12500003222, 0.00000000000, -0.00000000190, -0.00000003252
109, 50.00000000000, 201.67890605549, 27.11486411739, 4.12500003222, 0.00000000000, 0.00000000748, 0.00000002518
110, 50.00000000000, 204.13019430052, -30000000.00000000000, 0.00000000000, 0.00000000000, 0.00000146132, 0.66000001198
111, 50.00000000000, 225.97911160098, -30000000.00000000000, 0.00000000000, 0.00000000000, 0.00000035024, 0.66000001198
112, 50.00000000000, 243.22866825318, -30000000.00000000000, 0.00000000000, 0.00000000000, -0.00000007599, 0.66000001198
113, 50.00000000000, 264.01523328468, -30000000.00000000000, 0.00000000000, 0.00000000000, -0.00000022451, 0.66000001198
114, 50.00000000000, 298.88062682391, 60.42516009337, 4.12500003222, 0.00000000000, -0.00000000172, -0.00000001097
115, 50.00000000000, 328.12524188682, 36.13950024758, 4.12500003222, 0.00000000000, -0.00000000450, 0.00000000108
116, 50.00000000000, 345.49797494627, 34.31348678909, 4.12500003222, 0.00000000000, -0.00000000129, -0.00000001447
117, 50.00000000000, 364.42734831485, 29.51868399217, 4.12500003222, 0.00000000000, 0.00000000058, -0.00000002054
118, 50.00000000000, 380.95814684558, 60.38437539507, 4.12500003222, 0.00000000000, 0.00000000354, 0.00000002741
119, 50.00000000000, 399.77124142914, 54.85916261487, 4.12500003222, 0.00000000000, 0.00000000396, -0.00000000607
120, 50.00000000000, 417.64476553693, 69.83384973753, 4.12500003222, 0.00000000000, 0.00000000567, -0.00000000224
121, 50.00000000000, 429.16493384205, 28.28306567237, 4.12500003222, 0.00000000000, 0.00000000456, 0.00000000896
122, 50.00000000000, 455.61616672764, 50.20591608698, 4.12500003222, 0.00000000000, -0.00000000234, 0.00000002680
123, 50.00000000000, 463.27277056720, -30000000.00000000000, 0.00000000000, 0.00000000000, -0.00000014459, 0.66000001198
124, 50.00000000000, 486.10340901943, 33.03448764600, 4.12500003222, 0.00000000000, 0.00000001148, 0.00000004243
125, 50.00000000000, 501.47807505878, 26.12500034588, 4.12500003222, 0.00000000000, 0.00000000182, -0.00000001123
126, 50.00000000000, 533.00179664057, 12.34884583833, 4.12500003222, 0.00000000000, -0.00000000246, 0.00000001617
127, 50.00000000000, 536.73869692646, 29.04615494317, 4.12500003222, 0.00000000000, -0.00000000565, -0.00000002989
128, 50.00000000000, 569.29775352638, 7.45260532285, 4.12500003222, 0.00000000000, -0.00000000363, 0.00000000830
129, 50.00000000000, 576.61646019143, -30000000.00000000000, 0.00000000000, 0.00000000000, -0.00000033124, 0.66000001198
130, 50.00000000000, 588.22247220191, 10.17191904818, 4.12500003222, 0.00000000000, -0.00000000371, 0.00000002591
131, 50.00000000000, 618.08911256773, -30000000.00000000000, 0.00000000000, 0.00000000000, 0.00000039761, 0.66000001198
132, 50.00000000000, 620.66501203242, 11.77843471947, 4.12500003222, 0.00000000000, 0.00000000343, 0.00000000068
133, 50.00000000000, 638.58853216826, 8.82323698651, 4.12500003222, 0.00000000000, 0.00000000105, 0.00000002077
134, 50.00000000000, 673.04033556423, -30000000.00000000000, 0.00000000000, 0.00000000000, 0.00000079810, 0.66000001198
135, 50.00000000000, 674.81494698760, 11.84927674535, 4.12500003222, 0.00000000000, -0.00000000786, -0.00000002559
136, 50.00000000000, 694.33496779215, 23.36428973386, 4.12500003222, 0.00000000000, 0.00000000273, -0.00000000169
137, 50.00000000000, 707.32046752723, 24.89984110687, 4.12500003222, 0.00000000000, 0.00000000150, 0.00000000919
138, 50.00000000000, 748.70604574178, -30000000.00000000000, 0.00000000000, 0.00000000000, 0.00000072691, 0.66000001198
139, 50.00000000000, 738.50438000830, 23.78403186938, 4.12500003222, 0.00000000000, -0.00000000776, 0.00000000609
140, 50.00000000000, 796.60859583786, -30000000.00000000000, 0.00000000000, 0.00000000000, -0.00000107220, 0.66000001198
141, 50.00000000000, 780.60387831916, 24.38207250246, 4.12500003222, 0.00000000000, -0.00000002456, 0.00000002437
142, 50.00000000000, 796.38735505410, 23.42496768893, 4.12500003222, 0.00000000000, -0.00000000177, -0.00000000110
143, 50.00000000000, 809.80296736578, 55.69684610700, 4.12500003222, 0.00000000000, 0.00000000281, 0.00000003239
144, 50.00000000000, 829.78185687391, 23.72418518173, 4.12500003222, 0.00000000000, -0.00000000140, -0.00000004056
145, 50.00000000000, 846.77551890108, 10.21212824226, 4.12500003222, 0.00000000000, 0.00000000495, 0.00000003334
146, 50.00000000000, 862.07165465851, 44.22582315132, 4.12500003222, 0.00000000000, -0.00000000474, -0.00000002127
147, 50.00000000000, 886.96439312230, 27.35903649444, 4.12500003222, 0.00000000000, 0.00000000287, 0.00000000926
148, 50.00000000000, 896.50166017507, 47.90769218768, 4.12500003222, 0.00000000000, -0.00000000276, -0.00000006112
149, 50.00000000000, 919.67234857161, 44.34450437984, 4.12500003222, 0.00000000000, -0.00000000053, -0.00000003692
150, 50.00000000000, 54.57601540668, 41.38162353716, 4.12500003222, 0.00000000000, 0.00000000214, 0.00000003134
151, 50.00000000000, 65.89546067679, 49.25072072740, 4.12500003222, 0.00000000000, -0.00000000009, 0.00000000099
152, 50.00000000000, 87.82232588229, 52.50824628453, 4.12500003222, 0.00000000000, -0.00000000897, 0.00000003405
153, 50.00000000000, 109.75157613836, 60.91284900273, 4.12500003222, 0.00000000000, 0.00000000449, 0.00000001018
154, 50.00000000000, 126.69960226532, 25.08630012681, 4.12500003222, 0.00000000000, 0.00000000240, 0.00000001357
155, 50.00000000000, 139.45415688367, 43.85354333058, 4.12500003222, 0.00000000000, -0.00000000508, -0.00000003166
156, 50.00000000000, 169.94287927471, 54.41362249506, 4.12500003222, 0.00000000000, 0.00000000191, -0.00000002228
157, 50.00000000000, 177.15521808539, 31.71024545335, 4.12500003222, 0.00000000000, 0.00000000635, -0.00000000692
158, 50.00000000000, 199.05735512908, 59.28153262923, 4.12500003222, 0.00000000000, -0.00000000579, 0.00000000486
159, 50.00000000000, 216.46396698250, 43.43333470439, 4.12500003222, 0.00000000000, -0.00000000028, -0.00000001537
160, 50.00000000000, 234.06402242566, 26.72667576041, 4.12500003222, 0.00000000000, -0.00000000221, 0.00000001529
161, 50.00000000000, 251.96345389862, 57.54310651274, 4.12500003222, 0.00000000000, 0.00000000208, 0.00000001776
162, 50.00000000000, 272.44339186346, 25.61917200076, 4.12500003222, 0.00000000000, -0.00000000261, 0.00000001649
163, 50.00000000000, 293.59036652669, 23.61145965467, 4.12500003222, 0.00000000000, -0.00000000236, 0.00000002933
164, 50.00000000000, 308.79964786651, 52.01702189453, 4.12500003222, 0.00000000000, -0.00000000682, 0.00000002241
165, 50.00000000000, 305.34692811772, -30000000.00000000000, 0.00000000000, 0.00000000000, 0.00000032003, 0.66000001198
166, 50.00000000000, 343.74281469024, 57.94088176717, 4.12500003222, 0.00000000000, 0.00000000208, -0.00000001460
167, 50.00000000000, 363.62855909149, 43.00275641852, 4.12500003222, 0.00000000000, -0.00000000507, 0.00000002138
168, 50.00000000000, 382.32184565877, 36.45707196688, 4.12500003222, 0.00000000000, -0.00000000402, -0.00000003512
169, 50.00000000000, 396.80952910531, 34.60304943845, 4.12500003222, 0.00000000000, 0.00000000270, -0.00000001715
170, 50.00000000000, 415.85077122808, 35.71984776980, 4.12500003222, 0.00000000000, 0.00000001508, 0.00000003048
171, 50.00000000000, 435.71106207786, 61.84576724719, 4.12500003222, 0.00000000000, 0.00000000182, 0.00000004159
172, 50.00000000000, 448.72127813191, 39.36918484758, 4.12500003222, 0.00000000000, -0.00000000103, -0.00000003035
173, 50.00000000000, 473.86513895141, 10.72733045802, 4.12500003222, 0.00000000000, 0.00000000283, 0.00000001617
174, 50.00000000000, 485.78582677257, -30000000.00000000000, 0.00000000000, 0.00000000000, -0.00000092903, 0.66000001198
175, 50.00000000000, 515.33833579984, 21.34823231541, 4.12500003222, 0.00000000000, 0.00000000160, -0.00000000101
176, 50.00000000000, 520.16067831043, -30000000.00000000000, 0.00000000000, 0.00000000000, 0.00000073755, 0.66000001198
177, 50.00000000000, 540.58807165255, -30000000.00000000000, 0.00000000000, 0.00000000000, -0.00000073199, 0.66000001198
178, 50.00000000000, 558.65099988833, 26.75827670648, 4.12500003222, 0.00000000000, 0.00000000283, 0.00000000695
179, 50.00000000000, 568.41885838778, 41.89076116764, 4.12500003222, 0.00000000000, -0.00000000358, -0.00000000326
180, 50.00000000000, 591.57293953514, 32.86665800485, 4.12500003222, 0.00000000000, 0.00000000901, -0.00000002846
181, 50.00000000000, 602.24962434656, 50.67119758875, 4.12500003222, 0.00000000000, -0.00000000394, -0.00000000037
182, 50.00000000000, 623.02206519445, 24.65250723538, 4.12500003222, 0.00000000000, 0.00000001054, -0.00000000040
183, 50.00000000000, 634.56347493983, 32.05619298908, 4.12500003222, 0.00000000000, 0.00000000797, -0.00000002299
184, 50.00000000000, 655.11847823201, 25.61274929237, 4.12500003222, 0.00000000000, -0.00000000936, -0.00000000632
185, 50.00000000000, 697.57836627702, -30000000.00000000000, 0.00000000000, 0.00000000000, -0.00000031553, 0.66000001198
186, 50.00000000000, 690.44695797496, 10.14280677718, 4.12500003222, 0.00000000000, -0.00000000197, 0.00000000150
187, 50.00000000000, 701.67628003626, 43.53724802569, 4.12500003222, 0.00000000000, -0.00000000176, 0.00000002019
188, 50.00000000000, 726.15034526992, 23.04075793682, 4.12500003222, 0.00000000000, 0.00000000075, 0.00000001361
189, 50.00000000000, 745.73753628626, 10.80309841568, 4.12500003222, 0.00000000000, 0.00000000735, -0.00000000315
190, 50.00000000000, 757.23546169138, 24.00302113020, 4.12500003222, 0.00000000000, 0.00000001637, -0.00000001162
191, 50.00000000000, 776.05204800555, 38.30857260860, 4.12500003222, 0.00000000000, 0.00000001198, 0.00000001026
192, 50.00000000000, 791.85157958074, 30.09962772022, 4.12500003222, 0.00000000000, -0.00000000820, 0.00000002112
193, 50.00000000000, 812.10293808264, 30.63075185986, 4.12500003222, 0.00000000000, -0.00000000031, -0.00000002968
194, 50.00000000000, 830.34272254501, 43.78660493920, 4.12500003222, 0.00000000000, 0.00000001375, -0.00000000160
195, 50.00000000000, 852.49136712023, 32.61202350145, 4.12500003222, 0.00000000000, -0.00000000328, -0.00000000507
196, 50.00000000000, 868.46422673837, 34.79896460717, 4.12500003222, 0.00000000000, 0.00000000319, -0.00000002380
197, 50.00000000000, 876.53799033097, 55.44458284348, 4.12500003222, 0.00000000000, 0.00000000068, 0.00000000229
198, 50.00000000000, 905.38903947057, 40.48764356226, 4.12500003222, 0.00000000000, -0.00000000209, -0.00000000910
199, 50.00000000000, 915.18071067960, 62.28414378155, 4.12500003222, 0.00000000000, -0.00000000414, 0.00000002983
200, 50.00000000000, 60.95540319701, 74.34033588747, 4.12500003222, 0.00000000000, -0.00000000257, -0.00000002281
201, 50.00000000000, 74.27791165142, 57.19224664235, 4.12500003222, 0.00000000000, -0.00000000581, -0.00000003042
202, 50.00000000000, 97.60926706335, 63.64362994857, 4.12500003222, 0.00000000000, 0.00000000590, 0.00000000391
203, 50.00000000000, 115.06703217167, 77.05142307048, 4.12500003222, 0.00000000000, 0.00000000887, -0.00000001251
204, 50.00000000000, 130.61223758414, 64.07103917988, 4.12500003222, 0.00000000000, -0.00000000319, 0.00000000890
205, 50.00000000000, 147.83520627285, 55.21900575511, 4.12500003222, 0.00000000000, 0.00000000365, 0.00000005782
206, 50.00000000000, 161.59407093397, 46.29347206843, 4.12500003222, 0.00000000000, 0.00000000898, -0.00000000463
207, 50.00000000000, 183.19712061347, 55.58083085262, 4.12500003222, 0.00000000000, 0.00000000436, 0.00000000152
208, 50.00000000000, 196.15050991406, 37.25944331492, 4.12500003222, 0.00000000000, 0.00000000084, 0.00000001853
209, 50.00000000000, 218.64890796829, 58.60125253090, 4.12500003222, 0.00000000000, 0.00000000254, -0.00000000257
210, 50.00000000000, 233.57167445349, 50.56749396102, 4.12500003222, 0.00000000000, -0.00000000563, 0.00000000039
211, 50.00000000000, 254.13700652611, 37.22729253935, 4.12500003222, 0.00000000000, 0.00000000412, -0.00000001346
212, 50.00000000000, 276.83535940791, 39.13317217357, 4.12500003222, 0.00000000000, 0.00000000056, 0.00000000101
213, 50.00000000000, 285.17539830688, 60.15813093039, 4.12500003222, 0.00000000000, 0.00000000634, -0.00000000039
214, 50.00000000000, 309.73861921809, 39.57731256822, 4.12500003222, 0.00000000000, 0.00000000077, -0.00000002339
215, 50.00000000000, 320.44513055671, 62.15852124771, 4.12500003222, 0.00000000000, 0.00000000100, -0.00000001110
216, 50.00000000000, 322.34755010605, -30000000.00000000000, 0.00000000000, 0.00000000000, 0.00000022978, 0.66000001198
217, 50.00000000000, 362.02079519588, 65.17682441821, 4.12500003222, 0.00000000000, -0.00000000009, 0.00000000461
218, 50.00000000000, 359.13112409815, -30000000.00000000000, 0.00000000000, 0.00000000000, 0.00000055342, 0.66000001198
219, 50.00000000000, 405.80340779218, 28.19754862155, 4.12500003222, 0.00000000000, -0.00000000609, -0.00000002953
220, 50.00000000000, 417.32978674214, 59.16288326315, 4.12500003222, 0.00000000000, -0.00000000513, -0.00000001840
221, 50.00000000000, 433.14768665144, 51.88789759684, 4.12500003222, 0.00000000000, -0.00000001020, -0.00000001491
222, 50.00000000000, 470.89305258840, 65.99135336040, 4.12500003222, 0.00000000000, 0.00000000644, 0.00000000959
223, 50.00000000000, 471.69720760655, 47.00707343688, 4.12500003222, 0.00000000000, 0.00000000687, -0.00000002410
224, 50.00000000000, 489.74205229183, 57.97118804804, 4.12500003222, 0.00000000000, 0.00000000312, -0.00000000688
225, 50.00000000000, 510.27830261579, 60.19425102093, 4.12500003222, 0.00000000000, 0.00000000060, 0.00000000092
226, 50.00000000000, 529.62906852283, 48.69253906201, 4.12500003222, 0.00000000000, 0.00000000574, 0.00000000703
227, 50.00000000000, 546.97873322896, 33.00031517550, 4.12500003222, 0.00000000000, 0.00000000052, 0.00000000401
228, 50.00000000000, 551.20213304846, 11.58790983213, 4.12500003222, 0.00000000000, -0.00000000636, -0.00000003391
229, 50.00000000000, 577.78764605067, -30000000.00000000000, 0.00000000000, 0.00000000000, -0.00000046634, 0.66000001198
230, 50.00000000000, 584.10256163161, 45.25652763108, 4.12500003222, 0.00000000000, -0.00000000574, 0.00000002025
231, 50.00000000000, 603.33308702889, 29.18945599861, 4.12500003222, 0.00000000000, 0.00000000089, 0.00000000105
232, 50.00000000000, 620.18120325331, 47.15934293328, 4.12500003222, 0.00000000000, -0.00000000559, 0.00000002466
233, 50.00000000000, 639.91992156150, 22.24410085233, 4.12500003222, 0.00000000000, -0.00000000507, 0.00000001557
234, 50.00000000000, 654.05618075670, 39.56760293209, 4.12500003222, 0.00000000000, -0.00000000969, -0.00000001110
235, 50.00000000000, 672.01472098930, 25.57698329342, 4.12500003222, 0.00000000000, -0.00000000326, -0.00000001107
236, 50.00000000000, 685.94187378074, 33.57336529565, 4.12500003222, 0.00000000000, -0.00000000105, 0.00000000764
237, 50.00000000000, 709.59801784934, 9.02707048354, 4.12500003222, 0.00000000000, 0.00000000097, -0.00000000380
238, 50.00000000000, 722.05679634054, 44.55693974854, 4.12500003222, 0.00000000000, 0.00000000473, -0.00000000491
239, 50.00000000000, 739.78529653613, 43.31651752334, 4.12500003222, 0.00000000000, -0.00000000991, -0.00000001358
240, 50.00000000000, 758.01202661131, 46.82376845476, 4.12500003222, 0.00000000000, -0.00000000355, -0.00000000061
241, 50.00000000000, 774.57435381921, 29.68870753052, 4.12500003222, 0.00000000000, 0.00000001988, -0.00000005442
242, 50.00000000000, 797.94669016415, 38.45309649814, 4.12500003222, 0.00000000000, -0.00000001108, -0.00000001301
243, 50.00000000000, 811.56898246707, 41.31638300384, 4.12500003222, 0.00000000000, -0.00000000384, -0.00000000960
244, 50.00000000000, 822.97823425585, 44.57682376507, 4.12500003222, 0.00000000000, 0.00000000388, 0.00000000927
245, 50.00000000000, 842.29142157375, 53.04750679090, 4.12500003222, 0.00000000000, 0.00000000373, 0.00000000359
246, 50.00000000000, 858.05279344429, 57.61462470681, 4.12500003222, 0.00000000000, -0.00000000576, 0.00000001763
247, 50.00000000000, 883.65172941366, 39.23735586615, 4.12500003222, 0.00000000000, 0.00000000576, 0.00000001908
248, 50.00000000000, 891.64649519531, 60.62338772321, 4.12500003222, 0.00000000000, -0.00000000361, 0.00000003172
249, 50.00000000000, 905.98503068374, 60.19875266829, 4.12500003222, 0.00000000000, 0.00000000183, 0.00000003226
250, 50.00000000000, 54.36010751191, 59.13865271770, 4.12500003222, 0.00000000000, 0.00000000015, 0.00000000030
251, 50.00000000000, 76.23730893760, 66.98260237594, 4.12500003222, 0.00000000000, 0.00000000709, -0.00000002383
252, 50.00000000000, 90.89190469019, 72.65824044302, 4.12500003222, 0.00000000000, 0.00000000384, -0.00000000899
253, 50.00000000000, 101.48906535052, 84.94843893519, 4.12500003222, 0.00000000000, -0.00000000344, 0.00000001324
254, 50.00000000000, 125.14574229203, 46.89322836690, 4.12500003222, 0.00000000000, -0.00000000744, -0.00000000057
255, 50.00000000000, 145.77380027828, 76.73799498335, 4.12500003222, 0.00000000000, -0.00000000284, 0.00000000288
256, 50.00000000000, 163.17161513238, 67.95800493020, 4.12500003222, 0.00000000000, -0.00000000403, 0.00000001883
257, 50.00000000000, 181.27324170608, 73.97810730857, 4.12500003222, 0.00000000000, -0.00000000179, -0.00000001914
258, 50.00000000000, 199.68118080900, 72.98073069972, 4.12500003222, 0.00000000000, -0.00000000140, -0.00000000385
259, 50.00000000000, 216.69204922115, 76.06699708015, 4.12500003222, 0.00000000000, 0.00000000175, 0.00000001324
260, 50.00000000000, 235.90031271356, 68.08874127901, 4.12500003222, 0.00000000000, 0.00000000400, -0.00000000319
261, 50.00000000000, 253.88759471560, 78.27288022024, 4.12500003222, 0.00000000000, -0.00000000134, -0.00000000564
262, 50.00000000000, 269.03871844148, 50.10496114777, 4.12500003222, 0.00000000000, -0.00000000374, -0.00000001001
263, 50.00000000000, 286.59060832560, 79.75989051133, 4.12500003222, 0.00000000000, 0.00000000666, -0.00000001860
264, 50.00000000000, 305.14036061704, 74.67025069095, 4.12500003222, 0.00000000000, -0.00000000333, 0.00000002741
265, 50.00000000000, 330.66895270231, 54.06179111746, 4.12500003222, 0.00000000000, -0.00000000401, 0.00000001277
266, 50.00000000000, 347.83011517764, 45.52354566266, 4.12500003222, 0.00000000000, 0.00000000145, 0.00000000129
267, 50.00000000000, 363.05572345935, 51.32364187753, 4.12500003222, 0.00000000000, -0.00000000232, 0.00000000151
268, 50.00000000000, 379.21279500606, 48.40784673368, 4.12500003222, 0.00000000000, -0.00000000406, 0.00000001024
269, 50.00000000000, 397.92294155335, 46.42964039338, 4.12500003222, 0.00000000000, 0.00000001162, 0.00000004942
270, 50.00000000000, 413.99689237084, 48.80977414057, 4.12500003222, 0.00000000000, 0.00000000994, -0.00000002424
271, 50.00000000000, 435.81769068575, 42.94799601810, 4.12500003222, 0.00000000000, -0.00000000654, -0.00000000966
272, 50.00000000000, 452.26914687355, 61.40463022502, 4.12500003222, 0.00000000000, -0.00000000255, 0.00000000758
273, 50.00000000000, 463.66132825667, 29.52011084763, 4.12500003222, 0.00000000000, 0.00000000399, -0.00000002848
274, 50.00000000000, 493.24344683101, 44.73566627544, 4.12500003222, 0.00000000000, -0.00000000563, 0.00000000018
275, 50.00000000000, 508.47044556002, 42.59969033870, 4.12500003222, 0.00000000000, -0.00000000533, 0.00000000885
276, 50.00000000000, 523.04361193860, 31.15270245067, 4.12500003222, 0.00000000000, 0.00000000048, -0.00000003029
277, 50.00000000000, 550.19847631830, 48.47728739861, 4.12500003222, 0.00000000000, 0.00000000309, 0.00000000533
278, 50.00000000000, 558.05942854432, 142.32698172028, 4.12500003222, 0.00000000000, 0.00000000000, 0.00000000000
279, 50.00000000000, 568.27752574601, 60.60971091320, 4.12500003222, 0.00000000000, 0.00000000360, 0.00000000336
280, 50.00000000000, 588.19790121280, 65.60905757684, 4.12500003222, 0.00000000000, -0.00000000004, -0.00000000049
281, 50.00000000000, 603.76997285483, 13.49963489077, 4.12500003222, 0.00000000000, -0.00000000185, -0.00000001457
282, 50.00000000000, 616.20805132386, 33.89867843243, 4.12500003222, 0.00000000000, 0.00000000430, -0.00000000493
283, 50.00000000000, 638.55123951459, 44.60995572114, 4.12500003222, 0.00000000000, -0.00000001003, -0.00000002496
284, 50.00000000000, 659.19391979643, 58.54527875522, 4.12500003222, 0.00000000000, 0.00000000785, 0.00000001302
285, 50.00000000000, 670.16085505975, 43.21073943308, 4.12500003222, 0.00000000000, 0.00000001254, 0.00000000481
286, 50.00000000000, 683.98056666846, 55.70536864413, 4.12500003222, 0.00000000000, 0.00000000260, -0.00000000386
287, 50.00000000000, 706.31247568243, 61.21745221857, 4.12500003222, 0.00000000000, -0.00000000231, -0.00000000464
288, 50.00000000000, 718.11315997738, 31.02790025731, 4.12500003222, 0.00000000000, 0.00000000994, 0.00000000174
289, 50.00000000000, 740.36155374645, 32.12587698479, 4.12500003222, 0.00000000000, -0.00000001281, 0.00000003240
290, 50.00000000000, 759.30039322707, 31.92119879611, 4.12500003222, 0.00000000000, 0.00000001218, 0.00000000037
291, 50.00000000000, 776.88587148940, 49.43049557712, 4.12500003222, 0.00000000000, 0.00000000432, -0.00000000383
292, 50.00000000000, 792.14984161979, 46.61994336256, 4.12500003222, 0.00000000000, 0.00000000273, -0.00000000305
293, 50.00000000000, 821.20205983273, 63.88680225458, 4.12500003222, 0.00000000000, -0.00000000196, -0.00000000042
294, 50.00000000000, 834.95555506838, 63.32785507550, 4.12500003222, 0.00000000000, -0.00000000218, -0.00000003743
295, 50.00000000000, 851.28582863102, 20.40853070409, 4.12500003222, 0.00000000000, 0.00000000798, 0.00000001416
296, 50.00000000000, 850.72996515388, 74.56740529203, 4.12500003222, 0.00000000000, 0.00000000358, -0.00000000064
297, 50.00000000000, 872.28968400570, 73.87730811395, 4.12500003222, 0.00000000000, -0.00000000135, -0.00000000806
298, 50.00000000000, 891.98957823080, 72.82876770470, 4.12500003222, 0.00000000000, 0.00000000621, -0.00000001352
299, 50.00000000000, 907.46921884676, 80.18728290138, 4.12500003222, 0.00000000000, -0.00000000435, -0.00000002896
