0, 50.00000000000, 73.19061566728, 23.62252102948, 4.12500003222, 0.00000000000, 0.00000000536, 0.00000003175
1, 50.00000000000, 77.07978393704, 10.43482540093, 4.12500003222, 0.00000000000, 0.00000000213, -0.00000000582
2, 50.00000000000, 95.40445529090, 45.93485083330, 4.12500003222, 0.00000000000, 0.00000001570, 0.00000002490
3, 50.00000000000, 112.87223858575, 11.90884816961, 4.12500003222, 0.00000000000, -0.00000000145, 0.00000002440
4, 50.00000000000, 133.81418827335, 3.50757310876, 4.12500003222, 0.00000000000, 0.00000000300, -0.00000000090
5, 50.00000000000, 149.90422446453, 10.78309735773, 4.12500003222, 0.00000000000, 0.00000000151, 0.00000002851
6, 50.00000000000, 164.64416075367, 11.94330967861, 4.12500003222, 0.00000000000, 0.00000000872, 0.00000003509
7, 50.00000000000, 181.15333067355, 6.98636271456, 4.12500003222, 0.00000000000, -0.00000000125, 0.00000000713
8, 50.00000000000, 200.67246431705, 4.77586915553, 4.12500003222, 0.00000000000, -0.00000000227, 0.00000002813
9, 50.00000000000, 218.90993717398, 10.59306545528, 4.12500003222, 0.00000000000, -0.00000000211, -0.00000001647
10, 50.00000000000, 206.61733946636, -30000000.00000000000, 0.00000000000, 0.00000000000, 0.00000118924, 0.66000001198
11, 50.00000000000, 228.80667295857, -30000000.00000000000, 0.00000000000, 0.00000000000, -0.00000014657, 0.66000001198
12, 50.00000000000, 247.83424767056, -30000000.00000000000, 0.00000000000, 0.00000000000, -0.00000088452, 0.66000001198
13, 50.00000000000, 290.80132190522, 42.78128433727, 4.12500003222, 0.00000000000, 0.00000000745, 0.00000001718
14, 50.00000000000, 286.13228018174, -30000000.00000000000, 0.00000000000, 0.00000000000, -0.00000014140, 0.66000001198
15, 50.00000000000, 303.42353755728, -30000000.00000000000, 0.00000000000, 0.00000000000, 0.00000061270, 0.66000001198
16, 50.00000000000, 323.59744548703, -30000000.00000000000, 0.00000000000, 0.00000000000, 0.00000004321, 0.66000001198
17, 50.00000000000, 340.47207938337, -30000000.00000000000, 0.00000000000, 0.00000000000, 0.00000047967, 0.66000001198
18, 50.00000000000, 363.04494036244, -30000000.00000000000, 0.00000000000, 0.00000000000, -0.00000005065, 0.66000001198
19, 50.00000000000, 384.03668296329, -30000000.00000000000, 0.00000000000, 0.00000000000, -0.00000114722, 0.66000001198
20, 50.00000000000, 419.41069182130, 43.65156915320, 4.12500003222, 0.00000000000, -0.00000000586, 0.00000002618
21, 50.00000000000, 423.24912732981, -30000000.00000000000, 0.00000000000, 0.00000000000, 0.00000029416, 0.66000001198
22, 50.00000000000, 445.65472486041, -30000000.00000000000, 0.00000000000, 0.00000000000, -0.00000047619, 0.66000001198
23, 50.00000000000, 459.61323870140, -30000000.00000000000, 0.00000000000, 0.00000000000, 0.00000033825, 0.66000001198
24, 50.00000000000, 478.77037293199, -30000000.00000000000, 0.00000000000, 0.00000000000, -0.00000015733, 0.66000001198
25, 50.00000000000, 499.25836901401, -30000000.00000000000, 0.00000000000, 0.00000000000, 0.00000055928, 0.66000001198
26, 50.00000000000, 519.83089706424, -30000000.00000000000, 0.00000000000, 0.00000000000, 0.00000077868, 0.66000001198
27, 50.00000000000, 539.95500995752, -30000000.00000000000, 0.00000000000, 0.00000000000, -0.00000063235, 0.66000001198
28, 50.00000000000, 558.84808860501, -30000000.00000000000, 0.00000000000, 0.00000000000, -0.00000010571, 0.66000001198
29, 50.00000000000, 567.33954728027, 27.56580840051, 4.12500003222, 0.00000000000, 0.00000000334, -0.00000000211
30, 50.00000000000, 597.23162349900, -30000000.00000000000, 0.00000000000, 0.00000000000, 0.00000002654, 0.66000001198
31, 50.00000000000, 618.23892472634, -30000000.00000000000, 0.00000000000, 0.00000000000, 0.00000038299, 0.66000001198
32, 50.00000000000, 638.19624188440, -30000000.00000000000, 0.00000000000, 0.00000000000, -0.00000057392, 0.66000001198
33, 50.00000000000, 659.67344476441, -30000000.00000000000, 0.00000000000, 0.00000000000, -0.00000043632, 0.66000001198
34, 50.00000000000, 676.38244716116, -30000000.00000000000, 0.00000000000, 0.00000000000, 0.00000028378, 0.66000001198
35, 50.00000000000, 689.01491712432, -30000000.00000000000, 0.00000000000, 0.00000000000, 0.00000033751, 0.66000001198
36, 50.00000000000, 713.96382053077, -30000000.00000000000, 0.00000000000, 0.00000000000, -0.00000028086, 0.66000001198
37, 50.00000000000, 729.51702513903, -30000000.00000000000, 0.00000000000, 0.00000000000, 0.00000062359, 0.66000001198
38, 50.00000000000, 724.61183900097, 10.01083685132, 4.12500003222, 0.00000000000, 0.00000000071, 0.00000000488
39, 50.00000000000, 776.30856629545, -30000000.00000000000, 0.00000000000, 0.00000000000, 0.00000014019, 0.66000001198
40, 50.00000000000, 793.43561098269, -30000000.00000000000, 0.00000000000, 0.00000000000, -0.00000072272, 0.66000001198
41, 50.00000000000, 762.33390801059, 9.01419125857, 4.12500003222, 0.00000000000, 0.00000000296, 0.00000000911
42, 50.00000000000, 784.92056210946, 7.24300117935, 4.12500003222, 0.00000000000, -0.00000000216, -0.00000001139
43, 50.00000000000, 809.82897834143, 7.81081581745, 4.12500003222, 0.00000000000, 0.00000000007, -0.00000001302
44, 50.00000000000, 830.37131617229, 31.46039910624, 4.12500003222, 0.00000000000, 0.00000001256, 0.00000001582
45, 50.00000000000, 841.47485046917, 30.16590266288, 4.12500003222, 0.00000000000, 0.00000000792, 0.00000001510
46, 50.00000000000, 866.34547581365, 11.00866472034, 4.12500003222, 0.00000000000, -0.00000000297, 0.00000001251
47, 50.00000000000, 880.01407301774, 15.46436360767, 4.12500003222, 0.00000000000, 0.00000000003, 0.00000001136
48, 50.00000000000, 911.96128001072, 9.19836097480, 4.12500003222, 0.00000000000, 0.00000000068, -0.00000001092
49, 50.00000000000, 932.96819348867, 10.41128990079, 4.12500003222, 0.00000000000, -0.00000000312, -0.00000000095
50, 50.00000000000, 57.08495972616, 8.64514285573, 4.12500003222, 0.00000000000, -0.00000000395, -0.00000001533
51, 50.00000000000, 76.48262803812, 41.62821852425, 4.12500003222, 0.00000000000, -0.00000000772, 0.00000005469
52, 50.00000000000, 93.78743280052, 12.35356339342, 4.12500003222, 0.00000000000, -0.00000000229, -0.00000000093
53, 50.00000000000, 111.54205098664, 42.76280337870, 4.12500003222, 0.00000000000, -0.00000000263, 0.00000001170
54, 50.00000000000, 126.02404367671, 32.96608727746, 4.12500003222, 0.00000000000, 0.00000000265, -0.00000004165
55, 50.00000000000, 145.76775696763, 21.79217617024, 4.12500003222, 0.00000000000, -0.00000000056, -0.00000003741
56, 50.00000000000, 162.99454738270, 33.04897442270, 4.12500003222, 0.00000000000, -0.00000000528, 0.00000002802
57, 50.00000000000, 184.54583040919, 20.55856036814, 4.12500003222, 0.00000000000, -0.00000000526, 0.00000001456
58, 50.00000000000, 198.73857018475, 17.30428849003, 4.12500003222, 0.00000000000, -0.00000001061, -0.00000002025
59, 50.00000000000, 219.01680246679, 30.02826731391, 4.12500003222, 0.00000000000, 0.00000000137, 0.00000000232
60, 50.00000000000, 238.83067778271, 39.22243111137, 4.12500003222, 0.00000000000, -0.00000000567, -0.00000004646
61, 50.00000000000, 221.57541063833, -30000000.00000000000, 0.00000000000, 0.00000000000, 0.00000112567, 0.66000001198
62, 50.00000000000, 245.59968821445, -30000000.00000000000, 0.00000000000, 0.00000000000, -0.00000049258, 0.66000001198
63, 50.00000000000, 265.37796765786, -30000000.00000000000, 0.00000000000, 0.00000000000, -0.00000042699, 0.66000001198
64, 50.00000000000, 285.88134886885, -30000000.00000000000, 0.00000000000, 0.00000000000, -0.00000011660, 0.66000001198
65, 50.00000000000, 326.00768826742, 46.97675655407, 4.12500003222, 0.00000000000, 0.00000000117, 0.00000000461
66, 50.00000000000, 325.16594129052, -30000000.00000000000, 0.00000000000, 0.00000000000, -0.00000019633, 0.66000001198
67, 50.00000000000, 346.73370231404, -30000000.00000000000, 0.00000000000, 0.00000000000, -0.00000062238, 0.66000001198
68, 50.00000000000, 365.08697008615, -30000000.00000000000, 0.00000000000, 0.00000000000, -0.00000036222, 0.66000001198
69, 50.00000000000, 380.57119893922, -30000000.00000000000, 0.00000000000, 0.00000000000, -0.00000069007, 0.66000001198
70, 50.00000000000, 400.19604101210, -30000000.00000000000, 0.00000000000, 0.00000000000, 0.00000016728, 0.66000001198
71, 50.00000000000, 420.53076961336, -30000000.00000000000, 0.00000000000, 0.00000000000, 0.00000059214, 0.66000001198
72, 50.00000000000, 439.96243034513, -30000000.00000000000, 0.00000000000, 0.00000000000, 0.00000027518, 0.66000001198
73, 50.00000000000, 480.35080875553, 25.07792896959, 4.12500003222, 0.00000000000, 0.00000000585, 0.00000001355
74, 50.00000000000, 494.51349144389, 10.92823120348, 4.12500003222, 0.00000000000, -0.00000000158, 0.00000001582
75, 50.00000000000, 516.31907303882, 9.22686993101, 4.12500003222, 0.00000000000, -0.00000000398, -0.00000000508
76, 50.00000000000, 517.16575416509, -30000000.00000000000, 0.00000000000, 0.00000000000, 0.00000119260, 0.66000001198
77, 50.00000000000, 537.45103121759, -30000000.00000000000, 0.00000000000, 0.00000000000, -0.00000018725, 0.66000001198
78, 50.00000000000, 557.14258385624, -30000000.00000000000, 0.00000000000, 0.00000000000, 0.00000018966, 0.66000001198
79, 50.00000000000, 577.48187229434, -30000000.00000000000, 0.00000000000, 0.00000000000, -0.00000043423, 0.66000001198
80, 50.00000000000, 579.71826802201, 23.03545763489, 4.12500003222, 0.00000000000, 0.00000001167, 0.00000000830
81, 50.00000000000, 616.38209439551, -30000000.00000000000, 0.00000000000, 0.00000000000, 0.00000061901, 0.66000001198
82, 50.00000000000, 638.48843691888, -30000000.00000000000, 0.00000000000, 0.00000000000, -0.00000060972, 0.66000001198
83, 50.00000000000, 652.42718411292, -30000000.00000000000, 0.00000000000, 0.00000000000, 0.00000052019, 0.66000001198
84, 50.00000000000, 654.73843302757, 8.52777446412, 4.12500003222, 0.00000000000, 0.00000000046, -0.00000003083
85, 50.00000000000, 699.45105871025, -30000000.00000000000, 0.00000000000, 0.00000000000, -0.00000060012, 0.66000001198
86, 50.00000000000, 719.36195850177, -30000000.00000000000, 0.00000000000, 0.00000000000, -0.00000044453, 0.66000001198
87, 50.00000000000, 736.09359109568, -30000000.00000000000, 0.00000000000, 0.00000000000, -0.00000024452, 0.66000001198
88, 50.00000000000, 757.80470467224, -30000000.00000000000, 0.00000000000, 0.00000000000, -0.00000047411, 0.66000001198
89, 50.00000000000, 776.84769241845, -30000000.00000000000, 0.00000000000, 0.00000000000, 0.00000006921, 0.66000001198
90, 50.00000000000, 791.09480496037, -30000000.00000000000, 0.00000000000, 0.00000000000, -0.00000046688, 0.66000001198
91, 50.00000000000, 773.84910824173, 14.26026589574, 4.12500003222, 0.00000000000, -0.00000001485, -0.00000003409
92, 50.00000000000, 796.76354294092, 12.82511502297, 4.12500003222, 0.00000000000, 0.00000000647, -0.00000004144
93, 50.00000000000, 812.88869787725, 23.33299741851, 4.12500003222, 0.00000000000, -0.00000000100, -0.00000001379
94, 50.00000000000, 827.79945131012, 11.06936542135, 4.12500003222, 0.00000000000, -0.00000000588, -0.00000001611
95, 50.00000000000, 844.36217906628, 42.43124082760, 4.12500003222, 0.00000000000, -0.00000000358, -0.00000002812
96, 50.00000000000, 863.24648014155, 24.67949542307, 4.12500003222, 0.00000000000, -0.00000000560, -0.00000000932
97, 50.00000000000, 892.03952336414, 7.52590660071, 4.12500003222, 0.00000000000, 0.00000000468, -0.00000001041
98, 50.00000000000, 900.93859008403, 26.29010011345, 4.12500003222, 0.00000000000, -0.00000000025, -0.00000002195
99, 50.00000000000, 920.67883156330, 26.35134368176, 4.12500003222, 0.00000000000, 0.00000000510, -0.00000000116
100, 50.00000000000, 60.14321620371, 26.85858218964, 4.12500003222, 0.00000000000, -0.00000000784, -0.00000000417
101, 50.00000000000, 81.42722423101, 32.70165203997, 4.12500003222, 0.00000000000, 0.00000000434, -0.00000003625
102, 50.00000000000, 94.74655057828, 28.31347224564, 4.12500003222, 0.00000000000, 0.00000000077, -0.00000003513
103, 50.00000000000, 111.08001596939, 28.16082726133, 4.12500003222, 0.00000000000, -0.00000000116, 0.00000001774
104, 50.00000000000, 129.08121861075, 13.90714344284, 4.12500003222, 0.00000000000, 0.00000000186, 0.00000003807
105, 50.00000000000, 147.73819850185, 32.11627144129, 4.12500003222, 0.00000000000, -0.00000000414, -0.00000003505
106, 50.00000000000, 167.18440820612, 23.44849201183, 4.12500003222, 0.00000000000, 0.00000001010, -0.00000003645
107, 50.00000000000, 186.01199822124, 39.00083458777, 4.12500003222, 0.00000000000, 0.00000001110, -0.00000001878
108, 50.00000000000, 206.39356973209, 48.61448394741, 4.12500003222, 0.00000000000, 0.00000000996, -0.00000000364
109, 50.00000000000, 203.78351562182, 27.22835350826, 4.12500003222, 0.00000000000, -0.00000000951, -0.00000001050
110, 50.00000000000, 204.13019430052, -30000000.00000000000, 0.00000000000, 0.00000000000, 0.00000146132, 0.66000001198
111, 50.00000000000, 225.97911160098, -30000000.00000000000, 0.00000000000, 0.00000000000, 0.00000035024, 0.66000001198
112, 50.00000000000, 243.22866825318, -30000000.00000000000, 0.00000000000, 0.00000000000, -0.00000007599, 0.66000001198
113, 50.00000000000, 264.01523328468, -30000000.00000000000, 0.00000000000, 0.00000000000, -0.00000022451, 0.66000001198
114, 50.00000000000, 297.74513919082, 61.92141518263, 4.12500003222, 0.00000000000, -0.00000000236, -0.00000000971
115, 50.00000000000, 327.07294273422, 38.73288569395, 4.12500003222, 0.00000000000, -0.00000000235, -0.00000001266
116, 50.00000000000, 344.23646426938, 35.57130707275, 4.12500003222, 0.00000000000, -0.00000000417, 0.00000001729
117, 50.00000000000, 362.88578507283, 29.08487661483, 4.12500003222, 0.00000000000, -0.00000000325, -0.00000003142
118, 50.00000000000, 380.80066044701, 59.97941540560, 4.12500003222, 0.00000000000, -0.00000000412, -0.00000001979
119, 50.00000000000, 399.30093688514, 53.15197655102, 4.12500003222, 0.00000000000, 0.00000000342, 0.00000000683
120, 50.00000000000, 416.53084148420, 68.58800836125, 4.12500003222, 0.00000000000, 0.00000000083, 0.00000000793
121, 50.00000000000, 428.89000663877, 26.69020895487, 4.12500003222, 0.00000000000, 0.00000000687, 0.00000000923
122, 50.00000000000, 455.04451363834, 49.85913868917, 4.12500003222, 0.00000000000, 0.00000000446, -0.00000001910
123, 50.00000000000, 463.27277056720, -30000000.00000000000, 0.00000000000, 0.00000000000, -0.00000014459, 0.66000001198
124, 50.00000000000, 485.55170392064, 33.93780219982, 4.12500003222, 0.00000000000, -0.00000001348, -0.00000002459
125, 50.00000000000, 501.12991254896, 26.61455353395, 4.12500003222, 0.00000000000, -0.00000000440, -0.00000001218
126, 50.00000000000, 534.04305391837, 11.74566091792, 4.12500003222, 0.00000000000, -0.00000000224, -0.00000001062
127, 50.00000000000, 534.52342910342, 26.34010106286, 4.12500003222, 0.00000000000, -0.00000000035, 0.00000000113
128, 50.00000000000, 568.08708742499, 7.87211578129, 4.12500003222, 0.00000000000, 0.00000000102, -0.00000000894
129, 50.00000000000, 576.61646019143, -30000000.00000000000, 0.00000000000, 0.00000000000, -0.00000033124, 0.66000001198
130, 50.00000000000, 585.86838688842, 10.60481601125, 4.12500003222, 0.00000000000, -0.00000000281, 0.00000001592
131, 50.00000000000, 618.08911256773, -30000000.00000000000, 0.00000000000, 0.00000000000, 0.00000039761, 0.66000001198
132, 50.00000000000, 618.33383879985, 12.06126218113, 4.12500003222, 0.00000000000, 0.00000000751, 0.00000001508
133, 50.00000000000, 636.23048904702, 8.73561351053, 4.12500003222, 0.00000000000, -0.00000000459, 0.00000000497
134, 50.00000000000, 673.04033556423, -30000000.00000000000, 0.00000000000, 0.00000000000, 0.00000079810, 0.66000001198
135, 50.00000000000, 672.54853638264, 11.41949845038, 4.12500003222, 0.00000000000, 0.00000000529, 0.00000000287
136, 50.00000000000, 692.37686255501, 22.64163951340, 4.12500003222, 0.00000000000, 0.00000000635, 0.00000002115
137, 50.00000000000, 705.22664217331, 25.15195551405, 4.12500003222, 0.00000000000, -0.00000001294, -0.00000002492
138, 50.00000000000, 748.70604574178, -30000000.00000000000, 0.00000000000, 0.00000000000, 0.00000072691, 0.66000001198
139, 50.00000000000, 736.56152875756, 23.96669249685, 4.12500003222, 0.00000000000, 0.00000000812, -0.00000001408
140, 50.00000000000, 796.60859583786, -30000000.00000000000, 0.00000000000, 0.00000000000, -0.00000107220, 0.66000001198
141, 50.00000000000, 778.41628362498, 24.95145687230, 4.12500003222, 0.00000000000, -0.00000001024, 0.00000004752
142, 50.00000000000, 794.30993371721, 23.89602712333, 4.12500003222, 0.00000000000, 0.00000001227, -0.00000002545
143, 50.00000000000, 807.64373986418, 56.06177743835, 4.12500003222, 0.00000000000, -0.00000000416, 0.00000000914
144, 50.00000000000, 827.76636017788, 23.49014759742, 4.12500003222, 0.00000000000, 0.00000000423, 0.00000000222
145, 50.00000000000, 844.82687011984, 9.95879649321, 4.12500003222, 0.00000000000, -0.00000000580, 0.00000001399
146, 50.00000000000, 860.02257141517, 43.93008136973, 4.12500003222, 0.00000000000, 0.00000000683, 0.00000001095
147, 50.00000000000, 884.93420552723, 27.35144130973, 4.12500003222, 0.00000000000, -0.00000000193, 0.00000001551
148, 50.00000000000, 894.59327089417, 47.91186308871, 4.12500003222, 0.00000000000, -0.00000001269, -0.00000002629
149, 50.00000000000, 917.65483953005, 44.33860719656, 4.12500003222, 0.00000000000, 0.00000000839, -0.00000002610
150, 50.00000000000, 58.31581017098, 40.66200472405, 4.12500003222, 0.00000000000, -0.00000000193, -0.00000000172
151, 50.00000000000, 69.71901092006, 48.53293593825, 4.12500003222, 0.00000000000, 0.00000000544, 0.00000000515
152, 50.00000000000, 91.82455256802, 52.06390370045, 4.12500003222, 0.00000000000, 0.00000000143, 0.00000004093
153, 50.00000000000, 113.72247148530, 60.62076795881, 4.12500003222, 0.00000000000, -0.00000000898, -0.00000003268
154, 50.00000000000, 130.40580950444, 25.38447287511, 4.12500003222, 0.00000000000, 0.00000000028, -0.00000000666
155, 50.00000000000, 143.49868983304, 43.57009224640, 4.12500003222, 0.00000000000, -0.00000000116, 0.00000002073
156, 50.00000000000, 176.53886649419, 52.03745498206, 4.12500003222, 0.00000000000, -0.00000000728, 0.00000001502
157, 50.00000000000, 180.67864589223, 30.93683762320, 4.12500003222, 0.00000000000, 0.00000000194, -0.00000005285
158, 50.00000000000, 199.95511927306, 58.00038852171, 4.12500003222, 0.00000000000, 0.00000000768, -0.00000001393
159, 50.00000000000, 219.17695818075, 41.34339174313, 4.12500003222, 0.00000000000, -0.00000000897, 0.00000005257
160, 50.00000000000, 235.51741754134, 24.14730835961, 4.12500003222, 0.00000000000, 0.00000001175, 0.00000001300
161, 50.00000000000, 254.78923038163, 50.44735098336, 4.12500003222, 0.00000000000, -0.00000000007, 0.00000003343
162, 50.00000000000, 274.97903160038, 25.51687190721, 4.12500003222, 0.00000000000, -0.00000000279, -0.00000000988
163, 50.00000000000, 294.44808966194, 25.08234941356, 4.12500003222, 0.00000000000, 0.00000000060, 0.00000002630
164, 50.00000000000, 308.25088339693, 55.62776499763, 4.12500003222, 0.00000000000, -0.00000000885, -0.00000001173
165, 50.00000000000, 305.34692811772, -30000000.00000000000, 0.00000000000, 0.00000000000, 0.00000032003, 0.66000001198
166, 50.00000000000, 343.54238596704, 58.40414743286, 4.12500003222, 0.00000000000, 0.00000000202, 0.00000000129
167, 50.00000000000, 362.78337096289, 43.21407975562, 4.12500003222, 0.00000000000, -0.00000000170, 0.00000000242
168, 50.00000000000, 381.52898939002, 35.18464654781, 4.12500003222, 0.00000000000, 0.00000000562, 0.00000003127
169, 50.00000000000, 396.29000436063, 33.27268626202, 4.12500003222, 0.00000000000, -0.00000000030, 0.00000000745
170, 50.00000000000, 415.34414422459, 34.09493945404, 4.12500003222, 0.00000000000, 0.00000001112, 0.00000001002
171, 50.00000000000, 434.78584921361, 61.79126293791, 4.12500003222, 0.00000000000, -0.00000000376, -0.00000003311
172, 50.00000000000, 448.38437269046, 38.61872509290, 4.12500003222, 0.00000000000, -0.00000000262, 0.00000000032
173, 50.00000000000, 474.33990643788, 10.87217598871, 4.12500003222, 0.00000000000, 0.00000000004, -0.00000000467
174, 50.00000000000, 485.78582677257, -30000000.00000000000, 0.00000000000, 0.00000000000, -0.00000092903, 0.66000001198
175, 50.00000000000, 513.97888015753, 21.83882800773, 4.12500003222, 0.00000000000, -0.00000000724, -0.00000000206
176, 50.00000000000, 520.16067831043, -30000000.00000000000, 0.00000000000, 0.00000000000, 0.00000073755, 0.66000001198
177, 50.00000000000, 540.58807165255, -30000000.00000000000, 0.00000000000, 0.00000000000, -0.00000073199, 0.66000001198
178, 50.00000000000, 555.40416675622, 23.12189798567, 4.12500003222, 0.00000000000, -0.00000000256, 0.00000001721
179, 50.00000000000, 566.75167107433, 40.87811125661, 4.12500003222, 0.00000000000, -0.00000000098, 0.00000001471
180, 50.00000000000, 589.29978797574, 32.60161049712, 4.12500003222, 0.00000000000, 0.00000000161, -0.00000000315
181, 50.00000000000, 600.07249120796, 49.99305600551, 4.12500003222, 0.00000000000, 0.00000000530, 0.00000000906
182, 50.00000000000, 620.58404786436, 24.69226357921, 4.12500003222, 0.00000000000, -0.00000000008, -0.00000003283
183, 50.00000000000, 632.27334207137, 31.30206531526, 4.12500003222, 0.00000000000, 0.00000000594, 0.00000001670
184, 50.00000000000, 652.93150444151, 24.86301191485, 4.12500003222, 0.00000000000, -0.00000000040, 0.00000000839
185, 50.00000000000, 697.57836627702, -30000000.00000000000, 0.00000000000, 0.00000000000, -0.00000031553, 0.66000001198
186, 50.00000000000, 688.38713046650, 10.31355241884, 4.12500003222, 0.00000000000, 0.00000000383, -0.00000002741
187, 50.00000000000, 699.43703194042, 43.37475785953, 4.12500003222, 0.00000000000, -0.00000000495, -0.00000000220
188, 50.00000000000, 724.19960419068, 22.59494662747, 4.12500003222, 0.00000000000, 0.00000001044, -0.00000002730
189, 50.00000000000, 743.75240542041, 10.60453093893, 4.12500003222, 0.00000000000, -0.00000000821, 0.00000002126
190, 50.00000000000, 755.16723458110, 24.25736184583, 4.12500003222, 0.00000000000, 0.00000000555, 0.00000002632
191, 50.00000000000, 773.95269530747, 38.77181096943, 4.12500003222, 0.00000000000, 0.00000000131, -0.00000001374
192, 50.00000000000, 789.60936755680, 30.12535283285, 4.12500003222, 0.00000000000, -0.00000000066, 0.00000003446
193, 50.00000000000, 810.03291430089, 30.43475650893, 4.12500003222, 0.00000000000, -0.00000000729, 0.00000003409
194, 50.00000000000, 828.28282434397, 43.68328981176, 4.12500003222, 0.00000000000, 0.00000001140, -0.00000001890
195, 50.00000000000, 850.28261874621, 32.57225062684, 4.12500003222, 0.00000000000, -0.00000001398, -0.00000001196
196, 50.00000000000, 866.42233588429, 34.29222363589, 4.12500003222, 0.00000000000, 0.00000000297, 0.00000004830
197, 50.00000000000, 874.40653863262, 55.19595457813, 4.12500003222, 0.00000000000, -0.00000000180, -0.00000001456
198, 50.00000000000, 903.34915268931, 40.98636895761, 4.12500003222, 0.00000000000, -0.00000001156, 0.00000002220
199, 50.00000000000, 913.36221025428, 62.36958148313, 4.12500003222, 0.00000000000, -0.00000000160, 0.00000003367
200, 50.00000000000, 64.68028693690, 73.69930998886, 4.12500003222, 0.00000000000, -0.00000000305, -0.00000000052
201, 50.00000000000, 78.26899757433, 56.19761991922, 4.12500003222, 0.00000000000, -0.00000000218, -0.00000001051
202, 50.00000000000, 101.48628723162, 63.47760561142, 4.12500003222, 0.00000000000, -0.00000000877, -0.00000003555
203, 50.00000000000, 118.90149057704, 76.24983246704, 4.12500003222, 0.00000000000, 0.00000001546, 0.00000001193
204, 50.00000000000, 134.83162097690, 63.99727570941, 4.12500003222, 0.00000000000, 0.00000000179, -0.00000000262
205, 50.00000000000, 152.47813942062, 54.83391963349, 4.12500003222, 0.00000000000, 0.00000000496, 0.00000000521
206, 50.00000000000, 165.36711585320, 46.03772147530, 4.12500003222, 0.00000000000, -0.00000000747, -0.00000000282
207, 50.00000000000, 186.62064608206, 55.84582301065, 4.12500003222, 0.00000000000, 0.00000000126, 0.00000001462
208, 50.00000000000, 198.49422955686, 39.14384810447, 4.12500003222, 0.00000000000, 0.00000001533, -0.00000003391
209, 50.00000000000, 220.01156002246, 53.28812112418, 4.12500003222, 0.00000000000, 0.00000000157, 0.00000000697
210, 50.00000000000, 235.54997253311, 47.49601526049, 4.12500003222, 0.00000000000, -0.00000001492, 0.00000001520
211, 50.00000000000, 255.35559472686, 32.56247877838, 4.12500003222, 0.00000000000, 0.00000000159, -0.00000000557
212, 50.00000000000, 275.57209483261, 39.67332256696, 4.12500003222, 0.00000000000, 0.00000001087, -0.00000002679
213, 50.00000000000, 283.96528605015, 61.01510367401, 4.12500003222, 0.00000000000, 0.00000000473, -0.00000001387
214, 50.00000000000, 309.37285457546, 41.93764468001, 4.12500003222, 0.00000000000, -0.00000000509, -0.00000001235
215, 50.00000000000, 319.70108877405, 64.15040467461, 4.12500003222, 0.00000000000, -0.00000000617, 0.00000001445
216, 50.00000000000, 322.34755010605, -30000000.00000000000, 0.00000000000, 0.00000000000, 0.00000022978, 0.66000001198
217, 50.00000000000, 362.20799020600, 65.57544762009, 4.12500003222, 0.00000000000, 0.00000000037, -0.00000001894
218, 50.00000000000, 359.13112409815, -30000000.00000000000, 0.00000000000, 0.00000000000, 0.00000055342, 0.66000001198
219, 50.00000000000, 405.21272531530, 26.63976242691, 4.12500003222, 0.00000000000, -0.00000000455, -0.00000001243
220, 50.00000000000, 416.74279249107, 57.73602892201, 4.12500003222, 0.00000000000, 0.00000000012, -0.00000002566
221, 50.00000000000, 432.58158358431, 50.91805495132, 4.12500003222, 0.00000000000, -0.00000001536, 0.00000001746
222, 50.00000000000, 470.17563857987, 66.48602027034, 4.12500003222, 0.00000000000, -0.00000000532, -0.00000001177
223, 50.00000000000, 471.00933770872, 46.37204673722, 4.12500003222, 0.00000000000, 0.00000000260, -0.00000000877
224, 50.00000000000, 489.07198491686, 58.53422995099, 4.12500003222, 0.00000000000, 0.00000000422, -0.00000001149
225, 50.00000000000, 510.01968392771, 60.68396889510, 4.12500003222, 0.00000000000, 0.00000000100, -0.00000000586
226, 50.00000000000, 529.34653459434, 48.44215193373, 4.12500003222, 0.00000000000, -0.00000000300, -0.00000000515
227, 50.00000000000, 545.22571422933, 31.92645396214, 4.12500003222, 0.00000000000, -0.00000000030, 0.00000002118
228, 50.00000000000, 550.28480537173, 9.67793605055, 4.12500003222, 0.00000000000, -0.00000000319, -0.00000002674
229, 50.00000000000, 577.78764605067, -30000000.00000000000, 0.00000000000, 0.00000000000, -0.00000046634, 0.66000001198
230, 50.00000000000, 582.22361642105, 45.73386474833, 4.12500003222, 0.00000000000, -0.00000000111, -0.00000002129
231, 50.00000000000, 601.10271880534, 29.10635247039, 4.12500003222, 0.00000000000, -0.00000000535, 0.00000001456
232, 50.00000000000, 618.13717659022, 47.83704650617, 4.12500003222, 0.00000000000, -0.00000000616, 0.00000000494
233, 50.00000000000, 637.61355402272, 22.46587778331, 4.12500003222, 0.00000000000, -0.00000000233, -0.00000000462
234, 50.00000000000, 651.89155534331, 39.52872837305, 4.12500003222, 0.00000000000, 0.00000000170, 0.00000000107
235, 50.00000000000, 669.91210962581, 24.74949210973, 4.12500003222, 0.00000000000, -0.00000000018, -0.00000000055
236, 50.00000000000, 683.83707025874, 33.07682186088, 4.12500003222, 0.00000000000, 0.00000000258, 0.00000000784
237, 50.00000000000, 707.56601172214, 9.07013726313, 4.12500003222, 0.00000000000, -0.00000000036, -0.00000000195
238, 50.00000000000, 719.92079489226, 44.35280635311, 4.12500003222, 0.00000000000, -0.00000001123, 0.00000002070
239, 50.00000000000, 737.61260632215, 43.59063904212, 4.12500003222, 0.00000000000, 0.00000000584, 0.00000000665
240, 50.00000000000, 755.85252278722, 46.88671079856, 4.12500003222, 0.00000000000, -0.00000000175, 0.00000001230
241, 50.00000000000, 772.42701917276, 29.99836082703, 4.12500003222, 0.00000000000, 0.00000000394, -0.00000001025
242, 50.00000000000, 795.91613843715, 38.66615092345, 4.12500003222, 0.00000000000, -0.00000000950, 0.00000000879
243, 50.00000000000, 809.52773181106, 41.64973936147, 4.12500003222, 0.00000000000, -0.00000001528, -0.00000002159
244, 50.00000000000, 820.89700374583, 44.56330308042, 4.12500003222, 0.00000000000, 0.00000001095, -0.00000000933
245, 50.00000000000, 840.21246451257, 53.10642078862, 4.12500003222, 0.00000000000, 0.00000000150, -0.00000000661
246, 50.00000000000, 855.92292011618, 57.07342392152, 4.12500003222, 0.00000000000, 0.00000000829, 0.00000002183
247, 50.00000000000, 881.53899233649, 39.49563783534, 4.12500003222, 0.00000000000, 0.00000000658, -0.00000002058
248, 50.00000000000, 889.75818428163, 60.66944476484, 4.12500003222, 0.00000000000, 0.00000000001, -0.00000004706
249, 50.00000000000, 904.07640508019, 61.43441690565, 4.12500003222, 0.00000000000, -0.00000000248, -0.00000000649
250, 50.00000000000, 57.97318818981, 58.39082685313, 4.12500003222, 0.00000000000, 0.00000000990, -0.00000000528
251, 50.00000000000, 80.04974086668, 66.55307667172, 4.12500003222, 0.00000000000, 0.00000000293, -0.00000003302
252, 50.00000000000, 94.66465301648, 71.78325811163, 4.12500003222, 0.00000000000, -0.00000000992, -0.00000001224
253, 50.00000000000, 104.97107556201, 84.27224496600, 4.12500003222, 0.00000000000, 0.00000000563, 0.00000003502
254, 50.00000000000, 129.19604719017, 46.82675450747, 4.12500003222, 0.00000000000, -0.00000000644, 0.00000002345
255, 50.00000000000, 150.21681689619, 76.28953720668, 4.12500003222, 0.00000000000, -0.00000000222, 0.00000001170
256, 50.00000000000, 167.43740613982, 67.40500248497, 4.12500003222, 0.00000000000, -0.00000000123, 0.00000001587
257, 50.00000000000, 185.23358914890, 73.36093005206, 4.12500003222, 0.00000000000, -0.00000000290, 0.00000001779
258, 50.00000000000, 204.78135268413, 71.28518724226, 4.12500003222, 0.00000000000, 0.00000000089, -0.00000000100
259, 50.00000000000, 221.70201540749, 65.80838060892, 4.12500003222, 0.00000000000, 0.00000000426, -0.00000000496
260, 50.00000000000, 241.17414561612, 63.57118658502, 4.12500003222, 0.00000000000, 0.00000000487, 0.00000001135
261, 50.00000000000, 263.40514394477, 68.37624334682, 4.12500003222, 0.00000000000, -0.00000000366, -0.00000000530
262, 50.00000000000, 269.89885525736, 49.66784919514, 4.12500003222, 0.00000000000, -0.00000000389, 0.00000001215
263, 50.00000000000, 282.60667278556, 79.26220464022, 4.12500003222, 0.00000000000, -0.00000000171, -0.00000000201
264, 50.00000000000, 302.43969029076, 77.39731395791, 4.12500003222, 0.00000000000, 0.00000000467, -0.00000000751
265, 50.00000000000, 330.27721559380, 56.03149549314, 4.12500003222, 0.00000000000, 0.00000000765, 0.00000000632
266, 50.00000000000, 347.20356551486, 47.14576105231, 4.12500003222, 0.00000000000, -0.00000000384, -0.00000000694
267, 50.00000000000, 362.99118423988, 51.53346418502, 4.12500003222, 0.00000000000, 0.00000000564, 0.00000002165
268, 50.00000000000, 378.73073316490, 47.10350838312, 4.12500003222, 0.00000000000, 0.00000000083, 0.00000002970
269, 50.00000000000, 397.17408968612, 45.64495339133, 4.12500003222, 0.00000000000, -0.00000000142, -0.00000003282
270, 50.00000000000, 413.51177337272, 47.64270824020, 4.12500003222, 0.00000000000, 0.00000001383, 0.00000002159
271, 50.00000000000, 435.49044367373, 42.18369598771, 4.12500003222, 0.00000000000, -0.00000000451, -0.00000002243
272, 50.00000000000, 451.45079497520, 61.44925610019, 4.12500003222, 0.00000000000, 0.00000000214, 0.00000001823
273, 50.00000000000, 463.29418483630, 28.65499773285, 4.12500003222, 0.00000000000, 0.00000000364, 0.00000001938
274, 50.00000000000, 492.70916129358, 45.13208993608, 4.12500003222, 0.00000000000, 0.00000000521, 0.00000001495
275, 50.00000000000, 507.94412108037, 42.74745350397, 4.12500003222, 0.00000000000, 0.00000000196, 0.00000000910
276, 50.00000000000, 522.50676600046, 31.44517781122, 4.12500003222, 0.00000000000, 0.00000000456, 0.00000002009
277, 50.00000000000, 550.26784716238, 45.18478221885, 4.12500003222, 0.00000000000, 0.00000000257, -0.00000001854
278, 50.00000000000, 558.05942854432, 157.41331647263, 4.12500003222, 0.00000000000, 0.00000000000, 0.00000000000
279, 50.00000000000, 566.13123422210, 59.47366373474, 4.12500003222, 0.00000000000, -0.00000000434, 0.00000000319
280, 50.00000000000, 586.17051877786, 65.65226938692, 4.12500003222, 0.00000000000, 0.00000000078, 0.00000000305
281, 50.00000000000, 601.52131289396, 13.42112576390, 4.12500003222, 0.00000000000, 0.00000000091, 0.00000000844
282, 50.00000000000, 613.98839532814, 33.75175733564, 4.12500003222, 0.00000000000, -0.00000001308, -0.00000001685
283, 50.00000000000, 636.42955586399, 44.25080705021, 4.12500003222, 0.00000000000, 0.00000000591, 0.00000001235
284, 50.00000000000, 657.23295751857, 57.85086201834, 4.12500003222, 0.00000000000, 0.00000000088, -0.00000001435
285, 50.00000000000, 668.14342732796, 42.23492334136, 4.12500003222, 0.00000000000, -0.00000000655, 0.00000002071
286, 50.00000000000, 681.84323195570, 55.58027835151, 4.12500003222, 0.00000000000, -0.00000000861, 0.00000000486
287, 50.00000000000, 704.09667739530, 61.17464527779, 4.12500003222, 0.00000000000, 0.00000000349, 0.00000000263
288, 50.00000000000, 716.10614204987, 30.79018563638, 4.12500003222, 0.00000000000, -0.00000000344, 0.00000002008
289, 50.00000000000, 738.21296337633, 32.11578070278, 4.12500003222, 0.00000000000, 0.00000001070, -0.00000001557
290, 50.00000000000, 757.14896635915, 32.05539728589, 4.12500003222, 0.00000000000, -0.00000000486, -0.00000005066
291, 50.00000000000, 774.82364779001, 49.37183321131, 4.12500003222, 0.00000000000, 0.00000000379, 0.00000000042
292, 50.00000000000, 790.14826777982, 46.96036447035, 4.12500003222, 0.00000000000, 0.00000000565, 0.00000000511
293, 50.00000000000, 819.12845055004, 63.31439729940, 4.12500003222, 0.00000000000, 0.00000000504, 0.00000003217
294, 50.00000000000, 832.82787907180, 63.77306412683, 4.12500003222, 0.00000000000, -0.00000000511, -0.00000002438
295, 50.00000000000, 849.24705118482, 20.32900285025, 4.12500003222, 0.00000000000, -0.00000000314, 0.00000000213
296, 50.00000000000, 848.63737845179, 74.99134792033, 4.12500003222, 0.00000000000, 0.00000000497, -0.00000001293
297, 50.00000000000, 870.05726485618, 73.24538047503, 4.12500003222, 0.00000000000, -0.00000000664, 0.00000002058
298, 50.00000000000, 889.73124090095, 72.73411726106, 4.12500003222, 0.00000000000, 0.00000000440, 0.00000004064
299, 50.00000000000, 905.43408273867, 80.57286654264, 4.12500003222, 0.00000000000, 0.00000000231, 0.00000000157
