0, 50.00000000000, 58.07596619228, 24.01766339831, 4.12500003222, 0.00000000000, -0.00000000403, -0.00000001414
1, 50.00000000000, 62.19438467151, 10.80033693278, 4.12500003222, 0.00000000000, -0.00000000285, -0.00000001555
2, 50.00000000000, 79.59401311327, 46.47637520465, 4.12500003222, 0.00000000000, 0.00000001567, -0.00000001713
3, 50.00000000000, 98.05000966600, 12.02214412493, 4.12500003222, 0.00000000000, -0.00000000261, -0.00000001040
4, 50.00000000000, 119.36392645102, 3.65188013922, 4.12500003222, 0.00000000000, -0.00000000397, -0.00000000266
5, 50.00000000000, 135.66212495820, 10.24483529046, 4.12500003222, 0.00000000000, 0.00000000190, -0.00000000321
6, 50.00000000000, 150.28997695379, 12.00587295113, 4.12500003222, 0.00000000000, -0.00000000419, 0.00000000211
7, 50.00000000000, 166.57721470773, 6.86884583460, 4.12500003222, 0.00000000000, -0.00000000113, -0.00000001811
8, 50.00000000000, 188.09050625209, 5.37656800159, 4.12500003222, 0.00000000000, 0.00000000532, -0.00000001125
9, 50.00000000000, 206.00280798723, 12.71183045890, 4.12500003222, 0.00000000000, -0.00000000163, -0.00000000211
10, 50.00000000000, 206.61733946636, -30000000.00000000000, 0.00000000000, 0.00000000000, 0.00000118924, 0.66000001198
11, 50.00000000000, 228.80667295857, -30000000.00000000000, 0.00000000000, 0.00000000000, -0.00000014657, 0.66000001198
12, 50.00000000000, 247.83424767056, -30000000.00000000000, 0.00000000000, 0.00000000000, -0.00000088452, 0.66000001198
13, 50.00000000000, 281.51098739459, 45.16718400074, 4.12500003222, 0.00000000000, 0.00000000355, -0.00000000779
14, 50.00000000000, 286.13228018174, -30000000.00000000000, 0.00000000000, 0.00000000000, -0.00000014140, 0.66000001198
15, 50.00000000000, 303.42353755728, -30000000.00000000000, 0.00000000000, 0.00000000000, 0.00000061270, 0.66000001198
16, 50.00000000000, 323.59744548703, -30000000.00000000000, 0.00000000000, 0.00000000000, 0.00000004321, 0.66000001198
17, 50.00000000000, 340.47207938337, -30000000.00000000000, 0.00000000000, 0.00000000000, 0.00000047967, 0.66000001198
18, 50.00000000000, 363.04494036244, -30000000.00000000000, 0.00000000000, 0.00000000000, -0.00000005065, 0.66000001198
19, 50.00000000000, 384.03668296329, -30000000.00000000000, 0.00000000000, 0.00000000000, -0.00000114722, 0.66000001198
20, 50.00000000000, 413.59347559557, 51.09363955431, 4.12500003222, 0.00000000000, 0.00000000229, -0.00000000067
21, 50.00000000000, 423.24912732981, -30000000.00000000000, 0.00000000000, 0.00000000000, 0.00000029416, 0.66000001198
22, 50.00000000000, 445.65472486041, -30000000.00000000000, 0.00000000000, 0.00000000000, -0.00000047619, 0.66000001198
23, 50.00000000000, 459.61323870140, -30000000.00000000000, 0.00000000000, 0.00000000000, 0.00000033825, 0.66000001198
24, 50.00000000000, 478.77037293199, -30000000.00000000000, 0.00000000000, 0.00000000000, -0.00000015733, 0.66000001198
25, 50.00000000000, 499.25836901401, -30000000.00000000000, 0.00000000000, 0.00000000000, 0.00000055928, 0.66000001198
26, 50.00000000000, 519.83089706424, -30000000.00000000000, 0.00000000000, 0.00000000000, 0.00000077868, 0.66000001198
27, 50.00000000000, 539.95500995752, -30000000.00000000000, 0.00000000000, 0.00000000000, -0.00000063235, 0.66000001198
28, 50.00000000000, 558.84808860501, -30000000.00000000000, 0.00000000000, 0.00000000000, -0.00000010571, 0.66000001198
29, 50.00000000000, 576.30643220769, 52.78615854998, 4.12500003222, 0.00000000000, -0.00000000175, -0.00000000946
30, 50.00000000000, 597.23162349900, -30000000.00000000000, 0.00000000000, 0.00000000000, 0.00000002654, 0.66000001198
31, 50.00000000000, 618.23892472634, -30000000.00000000000, 0.00000000000, 0.00000000000, 0.00000038299, 0.66000001198
32, 50.00000000000, 638.19624188440, -30000000.00000000000, 0.00000000000, 0.00000000000, -0.00000057392, 0.66000001198
33, 50.00000000000, 659.67344476441, -30000000.00000000000, 0.00000000000, 0.00000000000, -0.00000043632, 0.66000001198
34, 50.00000000000, 676.38244716116, -30000000.00000000000, 0.00000000000, 0.00000000000, 0.00000028378, 0.66000001198
35, 50.00000000000, 689.01491712432, -30000000.00000000000, 0.00000000000, 0.00000000000, 0.00000033751, 0.66000001198
36, 50.00000000000, 713.96382053077, -30000000.00000000000, 0.00000000000, 0.00000000000, -0.00000028086, 0.66000001198
37, 50.00000000000, 729.51702513903, -30000000.00000000000, 0.00000000000, 0.00000000000, 0.00000062359, 0.66000001198
38, 50.00000000000, 737.10251916348, 9.71682472585, 4.12500003222, 0.00000000000, -0.00000000291, -0.00000000877
39, 50.00000000000, 776.30856629545, -30000000.00000000000, 0.00000000000, 0.00000000000, 0.00000014019, 0.66000001198
40, 50.00000000000, 793.43561098269, -30000000.00000000000, 0.00000000000, 0.00000000000, -0.00000072272, 0.66000001198
41, 50.00000000000, 777.34806453355, 9.37152027566, 4.12500003222, 0.00000000000, -0.00000000064, -0.00000002474
42, 50.00000000000, 799.74656974548, 8.38784731644, 4.12500003222, 0.00000000000, -0.00000000713, 0.00000004561
43, 50.00000000000, 825.42325908433, 7.82364926545, 4.12500003222, 0.00000000000, -0.00000000189, 0.00000001906
44, 50.00000000000, 843.67053991062, 41.58132747810, 4.12500003222, 0.00000000000, -0.00000000286, -0.00000001478
45, 50.00000000000, 855.56890667458, 41.77459902642, 4.12500003222, 0.00000000000, 0.00000000812, -0.00000004937
46, 50.00000000000, 880.68772604538, 22.79935771879, 4.12500003222, 0.00000000000, -0.00000000347, -0.00000000615
47, 50.00000000000, 893.62219809789, 23.90094211602, 4.12500003222, 0.00000000000, 0.00000001000, 0.00000001825
48, 50.00000000000, 923.02636986450, 11.10015782023, 4.12500003222, 0.00000000000, -0.00000000014, -0.00000000967
49, 50.00000000000, 943.72144913045, 10.34776832780, 4.12500003222, 0.00000000000, -0.00000000342, 0.00000000852
50, 50.00000000000, 42.52535005882, 8.60019111129, 4.12500003222, 0.00000000000, 0.00000000099, 0.00000000309
51, 50.00000000000, 60.97568258344, 41.77246634790, 4.12500003222, 0.00000000000, -0.00000000731, 0.00000003821
52, 50.00000000000, 78.88268983801, 12.72346210685, 4.12500003222, 0.00000000000, 0.00000000122, -0.00000000372
53, 50.00000000000, 95.09700632122, 44.87276878891, 4.12500003222, 0.00000000000, -0.00000000059, 0.00000001472
54, 50.00000000000, 110.61830846878, 32.15361491660, 4.12500003222, 0.00000000000, -0.00000000012, 0.00000001001
55, 50.00000000000, 131.40367267597, 21.42798396015, 4.12500003222, 0.00000000000, 0.00000000687, 0.00000001144
56, 50.00000000000, 148.17060499017, 33.58615010005, 4.12500003222, 0.00000000000, -0.00000000210, 0.00000004203
57, 50.00000000000, 170.21409253610, 20.41330573566, 4.12500003222, 0.00000000000, 0.00000000318, 0.00000001308
58, 50.00000000000, 182.75636394854, 16.00721852712, 4.12500003222, 0.00000000000, -0.00000000215, 0.00000001303
59, 50.00000000000, 207.96805207002, 33.04700802030, 4.12500003222, 0.00000000000, 0.00000000139, 0.00000002183
60, 50.00000000000, 226.99841489198, 43.60693447647, 4.12500003222, 0.00000000000, 0.00000000102, -0.00000001247
61, 50.00000000000, 221.57541063833, -30000000.00000000000, 0.00000000000, 0.00000000000, 0.00000112567, 0.66000001198
62, 50.00000000000, 245.59968821445, -30000000.00000000000, 0.00000000000, 0.00000000000, -0.00000049258, 0.66000001198
63, 50.00000000000, 265.37796765786, -30000000.00000000000, 0.00000000000, 0.00000000000, -0.00000042699, 0.66000001198
64, 50.00000000000, 285.88134886885, -30000000.00000000000, 0.00000000000, 0.00000000000, -0.00000011660, 0.66000001198
65, 50.00000000000, 318.06474247263, 49.80258863354, 4.12500003222, 0.00000000000, -0.00000000045, 0.00000001163
66, 50.00000000000, 325.16594129052, -30000000.00000000000, 0.00000000000, 0.00000000000, -0.00000019633, 0.66000001198
67, 50.00000000000, 346.73370231404, -30000000.00000000000, 0.00000000000, 0.00000000000, -0.00000062238, 0.66000001198
68, 50.00000000000, 365.08697008615, -30000000.00000000000, 0.00000000000, 0.00000000000, -0.00000036222, 0.66000001198
69, 50.00000000000, 380.57119893922, -30000000.00000000000, 0.00000000000, 0.00000000000, -0.00000069007, 0.66000001198
70, 50.00000000000, 400.19604101210, -30000000.00000000000, 0.00000000000, 0.00000000000, 0.00000016728, 0.66000001198
71, 50.00000000000, 420.53076961336, -30000000.00000000000, 0.00000000000, 0.00000000000, 0.00000059214, 0.66000001198
72, 50.00000000000, 439.96243034513, -30000000.00000000000, 0.00000000000, 0.00000000000, 0.00000027518, 0.66000001198
73, 50.00000000000, 478.10167717572, 37.81882649481, 4.12500003222, 0.00000000000, -0.00000001109, -0.00000001734
74, 50.00000000000, 493.00859721153, 26.84355275653, 4.12500003222, 0.00000000000, -0.00000000729, -0.00000000103
75, 50.00000000000, 514.76459485230, 25.19927180428, 4.12500003222, 0.00000000000, 0.00000000619, -0.00000000742
76, 50.00000000000, 517.16575416509, -30000000.00000000000, 0.00000000000, 0.00000000000, 0.00000119260, 0.66000001198
77, 50.00000000000, 537.45103121759, -30000000.00000000000, 0.00000000000, 0.00000000000, -0.00000018725, 0.66000001198
78, 50.00000000000, 557.14258385624, -30000000.00000000000, 0.00000000000, 0.00000000000, 0.00000018966, 0.66000001198
79, 50.00000000000, 577.48187229434, -30000000.00000000000, 0.00000000000, 0.00000000000, -0.00000043423, 0.66000001198
80, 50.00000000000, 591.27891643241, 52.95559581296, 4.12500003222, 0.00000000000, -0.00000000219, -0.00000002891
81, 50.00000000000, 616.38209439551, -30000000.00000000000, 0.00000000000, 0.00000000000, 0.00000061901, 0.66000001198
82, 50.00000000000, 638.48843691888, -30000000.00000000000, 0.00000000000, 0.00000000000, -0.00000060972, 0.66000001198
83, 50.00000000000, 652.42718411292, -30000000.00000000000, 0.00000000000, 0.00000000000, 0.00000052019, 0.66000001198
84, 50.00000000000, 661.89439157701, 13.96743191510, 4.12500003222, 0.00000000000, -0.00000000351, -0.00000003284
85, 50.00000000000, 699.45105871025, -30000000.00000000000, 0.00000000000, 0.00000000000, -0.00000060012, 0.66000001198
86, 50.00000000000, 719.36195850177, -30000000.00000000000, 0.00000000000, 0.00000000000, -0.00000044453, 0.66000001198
87, 50.00000000000, 736.09359109568, -30000000.00000000000, 0.00000000000, 0.00000000000, -0.00000024452, 0.66000001198
88, 50.00000000000, 757.80470467224, -30000000.00000000000, 0.00000000000, 0.00000000000, -0.00000047411, 0.66000001198
89, 50.00000000000, 776.84769241845, -30000000.00000000000, 0.00000000000, 0.00000000000, 0.00000006921, 0.66000001198
90, 50.00000000000, 791.09480496037, -30000000.00000000000, 0.00000000000, 0.00000000000, -0.00000046688, 0.66000001198
91, 50.00000000000, 788.97900188753, 14.92924019857, 4.12500003222, 0.00000000000, 0.00000001365, 0.00000000624
92, 50.00000000000, 810.82835295070, 10.29528052690, 4.12500003222, 0.00000000000, -0.00000001096, 0.00000004044
93, 50.00000000000, 825.81580250043, 25.34123939155, 4.12500003222, 0.00000000000, 0.00000000328, 0.00000000244
94, 50.00000000000, 842.56324600075, 20.29157227282, 4.12500003222, 0.00000000000, 0.00000000851, 0.00000001073
95, 50.00000000000, 858.51289443374, 53.33727443245, 4.12500003222, 0.00000000000, -0.00000000115, 0.00000003861
96, 50.00000000000, 876.80459350916, 34.25335178944, 4.12500003222, 0.00000000000, -0.00000001161, 0.00000002034
97, 50.00000000000, 902.53244920341, 11.20221842467, 4.12500003222, 0.00000000000, 0.00000000209, 0.00000004629
98, 50.00000000000, 914.78439368816, 30.33423053613, 4.12500003222, 0.00000000000, -0.00000000474, -0.00000001575
99, 50.00000000000, 933.82933321389, 28.24444457840, 4.12500003222, 0.00000000000, 0.00000000006, -0.00000001855
100, 50.00000000000, 44.92663793718, 26.64684180873, 4.12500003222, 0.00000000000, -0.00000000557, 0.00000000045
101, 50.00000000000, 66.25282331408, 32.72175886477, 4.12500003222, 0.00000000000, 0.00000000913, -0.00000000514
102, 50.00000000000, 79.60610174083, 28.27173145423, 4.12500003222, 0.00000000000, 0.00000000263, 0.00000002061
103, 50.00000000000, 96.01571544425, 28.84582189223, 4.12500003222, 0.00000000000, -0.00000000774, -0.00000000721
104, 50.00000000000, 113.95567774339, 13.43957337614, 4.12500003222, 0.00000000000, -0.00000000420, 0.00000001269
105, 50.00000000000, 132.86306786528, 31.88143275431, 4.12500003222, 0.00000000000, -0.00000000050, -0.00000000757
106, 50.00000000000, 152.88188932067, 23.93695976304, 4.12500003222, 0.00000000000, 0.00000000017, -0.00000000122
107, 50.00000000000, 171.77438996155, 39.53517815914, 4.12500003222, 0.00000000000, -0.00000000188, -0.00000004417
108, 50.00000000000, 191.64137712248, 48.15680562700, 4.12500003222, 0.00000000000, 0.00000000338, -0.00000001585
109, 50.00000000000, 191.05298663873, 26.49589297641, 4.12500003222, 0.00000000000, -0.00000000152, 0.00000000877
110, 50.00000000000, 204.13019430052, -30000000.00000000000, 0.00000000000, 0.00000000000, 0.00000146132, 0.66000001198
111, 50.00000000000, 225.97911160098, -30000000.00000000000, 0.00000000000, 0.00000000000, 0.00000035024, 0.66000001198
112, 50.00000000000, 243.22866825318, -30000000.00000000000, 0.00000000000, 0.00000000000, -0.00000007599, 0.66000001198
113, 50.00000000000, 264.01523328468, -30000000.00000000000, 0.00000000000, 0.00000000000, -0.00000022451, 0.66000001198
114, 50.00000000000, 289.41769475287, 63.96829494958, 4.12500003222, 0.00000000000, 0.00000000381, -0.00000002131
115, 50.00000000000, 319.86554886798, 41.12458010781, 4.12500003222, 0.00000000000, 0.00000000268, -0.00000001377
116, 50.00000000000, 337.48065805307, 39.62541935373, 4.12500003222, 0.00000000000, 0.00000000851, -0.00000000414
117, 50.00000000000, 356.37589517627, 33.46404793636, 4.12500003222, 0.00000000000, 0.00000000126, 0.00000003126
118, 50.00000000000, 373.74291052179, 66.04257709128, 4.12500003222, 0.00000000000, 0.00000000400, -0.00000001274
119, 50.00000000000, 393.03115060738, 60.86484063682, 4.12500003222, 0.00000000000, -0.00000000315, 0.00000002061
120, 50.00000000000, 410.34212110479, 76.32848989652, 4.12500003222, 0.00000000000, -0.00000000538, 0.00000000528
121, 50.00000000000, 423.82385892267, 35.47118627694, 4.12500003222, 0.00000000000, -0.00000000643, 0.00000002064
122, 50.00000000000, 449.39545534261, 58.99038957916, 4.12500003222, 0.00000000000, -0.00000000200, -0.00000000911
123, 50.00000000000, 463.27277056720, -30000000.00000000000, 0.00000000000, 0.00000000000, -0.00000014459, 0.66000001198
124, 50.00000000000, 482.42551138801, 49.13234482524, 4.12500003222, 0.00000000000, 0.00000001093, 0.00000003049
125, 50.00000000000, 498.99837331356, 42.48502883894, 4.12500003222, 0.00000000000, 0.00000000422, 0.00000001572
126, 50.00000000000, 533.81180301270, 35.18922854613, 4.12500003222, 0.00000000000, -0.00000000632, 0.00000000486
127, 50.00000000000, 539.46627891633, 50.56567979515, 4.12500003222, 0.00000000000, 0.00000000193, 0.00000002978
128, 50.00000000000, 573.60216595297, 37.64807571027, 4.12500003222, 0.00000000000, 0.00000000488, 0.00000001908
129, 50.00000000000, 576.61646019143, -30000000.00000000000, 0.00000000000, 0.00000000000, -0.00000033124, 0.66000001198
130, 50.00000000000, 594.36936114702, 38.47482404407, 4.12500003222, 0.00000000000, -0.00000000086, -0.00000000208
131, 50.00000000000, 618.08911256773, -30000000.00000000000, 0.00000000000, 0.00000000000, 0.00000039761, 0.66000001198
132, 50.00000000000, 626.88764734241, 32.44048833881, 4.12500003222, 0.00000000000, -0.00000000598, 0.00000002210
133, 50.00000000000, 643.28857280903, 23.32373986255, 4.12500003222, 0.00000000000, -0.00000001134, -0.00000002774
134, 50.00000000000, 673.04033556423, -30000000.00000000000, 0.00000000000, 0.00000000000, 0.00000079810, 0.66000001198
135, 50.00000000000, 682.60444979122, 13.49691593851, 4.12500003222, 0.00000000000, 0.00000000324, -0.00000000281
136, 50.00000000000, 704.24033994159, 24.16914532673, 4.12500003222, 0.00000000000, -0.00000000515, 0.00000002218
137, 50.00000000000, 717.82286102642, 25.16081554543, 4.12500003222, 0.00000000000, 0.00000000447, 0.00000002463
138, 50.00000000000, 748.70604574178, -30000000.00000000000, 0.00000000000, 0.00000000000, 0.00000072691, 0.66000001198
139, 50.00000000000, 750.28210335890, 21.82101607292, 4.12500003222, 0.00000000000, -0.00000000751, 0.00000001726
140, 50.00000000000, 796.60859583786, -30000000.00000000000, 0.00000000000, 0.00000000000, -0.00000107220, 0.66000001198
141, 50.00000000000, 793.51168525478, 25.40835711199, 4.12500003222, 0.00000000000, -0.00000000005, -0.00000001645
142, 50.00000000000, 811.22540824115, 25.00306220574, 4.12500003222, 0.00000000000, -0.00000001012, -0.00000005339
143, 50.00000000000, 819.36351179217, 60.50848572288, 4.12500003222, 0.00000000000, 0.00000000479, 0.00000002061
144, 50.00000000000, 842.74652794116, 34.06796911424, 4.12500003222, 0.00000000000, 0.00000000728, -0.00000002614
145, 50.00000000000, 859.19265471461, 21.08830198740, 4.12500003222, 0.00000000000, -0.00000000545, 0.00000000168
146, 50.00000000000, 874.84848351059, 53.60854356360, 4.12500003222, 0.00000000000, 0.00000001034, -0.00000000647
147, 50.00000000000, 899.97275850114, 33.89133353303, 4.12500003222, 0.00000000000, -0.00000000321, -0.00000002878
148, 50.00000000000, 910.03039628905, 53.80612060395, 4.12500003222, 0.00000000000, 0.00000000138, 0.00000001070
149, 50.00000000000, 932.73398551391, 47.03138573108, 4.12500003222, 0.00000000000, -0.00000000783, 0.00000003263
150, 50.00000000000, 42.78331248515, 39.98659820867, 4.12500003222, 0.00000000000, -0.00000000232, -0.00000000608
151, 50.00000000000, 53.90807775885, 48.98362363387, 4.12500003222, 0.00000000000, 0.00000000761, -0.00000000635
152, 50.00000000000, 75.95007228148, 52.50183829869, 4.12500003222, 0.00000000000, -0.00000000649, 0.00000002648
153, 50.00000000000, 97.87537100942, 61.24852160896, 4.12500003222, 0.00000000000, 0.00000000001, -0.00000002032
154, 50.00000000000, 117.29005409771, 24.94842467351, 4.12500003222, 0.00000000000, 0.00000001428, -0.00000001166
155, 50.00000000000, 128.48177115862, 43.48720028085, 4.12500003222, 0.00000000000, 0.00000000151, -0.00000003076
156, 50.00000000000, 158.77376155086, 53.19417691714, 4.12500003222, 0.00000000000, -0.00000001157, -0.00000000301
157, 50.00000000000, 166.31823808053, 31.27914150446, 4.12500003222, 0.00000000000, 0.00000001170, 0.00000002522
158, 50.00000000000, 188.12123944382, 58.80199700045, 4.12500003222, 0.00000000000, 0.00000000095, -0.00000000643
159, 50.00000000000, 205.84193981054, 43.54981958845, 4.12500003222, 0.00000000000, 0.00000000126, -0.00000000524
160, 50.00000000000, 223.94516462189, 27.00832116211, 4.12500003222, 0.00000000000, 0.00000000670, 0.00000001459
161, 50.00000000000, 241.13123749878, 58.90906591221, 4.12500003222, 0.00000000000, -0.00000000883, 0.00000001596
162, 50.00000000000, 263.66769586626, 28.66789811620, 4.12500003222, 0.00000000000, -0.00000000153, 0.00000000653
163, 50.00000000000, 284.91036319162, 27.71497575917, 4.12500003222, 0.00000000000, -0.00000000375, 0.00000001372
164, 50.00000000000, 299.84242848872, 56.46709804324, 4.12500003222, 0.00000000000, 0.00000000115, 0.00000000120
165, 50.00000000000, 305.34692811772, -30000000.00000000000, 0.00000000000, 0.00000000000, 0.00000032003, 0.66000001198
166, 50.00000000000, 334.07544214716, 63.53313014353, 4.12500003222, 0.00000000000, -0.00000000334, -0.00000000829
167, 50.00000000000, 358.77710977635, 46.69145815987, 4.12500003222, 0.00000000000, 0.00000000226, -0.00000002652
168, 50.00000000000, 376.00806147305, 41.25516810982, 4.12500003222, 0.00000000000, -0.00000000453, 0.00000000467
169, 50.00000000000, 390.85244086292, 40.33162519499, 4.12500003222, 0.00000000000, 0.00000000744, -0.00000000957
170, 50.00000000000, 410.01914385380, 42.17812975182, 4.12500003222, 0.00000000000, -0.00000000358, -0.00000001572
171, 50.00000000000, 428.63955456487, 69.13629869014, 4.12500003222, 0.00000000000, 0.00000000411, -0.00000001106
172, 50.00000000000, 443.69339493173, 47.18824786295, 4.12500003222, 0.00000000000, 0.00000000319, 0.00000001841
173, 50.00000000000, 471.99635311885, 19.44122539487, 4.12500003222, 0.00000000000, 0.00000000019, 0.00000001657
174, 50.00000000000, 485.78582677257, -30000000.00000000000, 0.00000000000, 0.00000000000, -0.00000092903, 0.66000001198
175, 50.00000000000, 512.02992687262, 39.13816123593, 4.12500003222, 0.00000000000, 0.00000000160, 0.00000001309
176, 50.00000000000, 520.16067831043, -30000000.00000000000, 0.00000000000, 0.00000000000, 0.00000073755, 0.66000001198
177, 50.00000000000, 540.58807165255, -30000000.00000000000, 0.00000000000, 0.00000000000, -0.00000073199, 0.66000001198
178, 50.00000000000, 560.10424319275, 59.32875394834, 4.12500003222, 0.00000000000, -0.00000000324, 0.00000000620
179, 50.00000000000, 579.48192543871, 70.82526946055, 4.12500003222, 0.00000000000, -0.00000000560, -0.00000000925
180, 50.00000000000, 599.18273462799, 60.24659723591, 4.12500003222, 0.00000000000, -0.00000000480, -0.00000001943
181, 50.00000000000, 617.68327022854, 72.46928482547, 4.12500003222, 0.00000000000, 0.00000000496, 0.00000001356
182, 50.00000000000, 633.13928245603, 44.33596275630, 4.12500003222, 0.00000000000, -0.00000000251, -0.00000000706
183, 50.00000000000, 647.15658400427, 45.44367948471, 4.12500003222, 0.00000000000, 0.00000000320, 0.00000001160
184, 50.00000000000, 665.01776958105, 30.17737786952, 4.12500003222, 0.00000000000, 0.00000000305, 0.00000002546
185, 50.00000000000, 697.57836627702, -30000000.00000000000, 0.00000000000, 0.00000000000, -0.00000031553, 0.66000001198
186, 50.00000000000, 699.20492342278, 11.71218525040, 4.12500003222, 0.00000000000, -0.00000000107, -0.00000000059
187, 50.00000000000, 713.78034519060, 44.72779485513, 4.12500003222, 0.00000000000, -0.00000001553, 0.00000001680
188, 50.00000000000, 737.39092043356, 21.99098922607, 4.12500003222, 0.00000000000, -0.00000001064, 0.00000000760
189, 50.00000000000, 757.87279284994, 9.80672150086, 4.12500003222, 0.00000000000, -0.00000000440, -0.00000000213
190, 50.00000000000, 769.37082693187, 23.32374666856, 4.12500003222, 0.00000000000, 0.00000000450, -0.00000001737
191, 50.00000000000, 785.05811789962, 39.92482473312, 4.12500003222, 0.00000000000, -0.00000000759, -0.00000001564
192, 50.00000000000, 804.53090018746, 31.06208648273, 4.12500003222, 0.00000000000, -0.00000001574, -0.00000005852
193, 50.00000000000, 825.78238768942, 38.18051419519, 4.12500003222, 0.00000000000, 0.00000001246, -0.00000000470
194, 50.00000000000, 842.44035133760, 55.73416706243, 4.12500003222, 0.00000000000, -0.00000001294, 0.00000001217
195, 50.00000000000, 864.75019137420, 43.96654466753, 4.12500003222, 0.00000000000, 0.00000001960, -0.00000002789
196, 50.00000000000, 880.91442936067, 44.35335404170, 4.12500003222, 0.00000000000, -0.00000000949, 0.00000001423
197, 50.00000000000, 891.25934617330, 63.17132265001, 4.12500003222, 0.00000000000, 0.00000000336, 0.00000002079
198, 50.00000000000, 918.39446386361, 45.82155361689, 4.12500003222, 0.00000000000, 0.00000000235, -0.00000000158
199, 50.00000000000, 929.86839055565, 66.32766906963, 4.12500003222, 0.00000000000, -0.00000000109, -0.00000002569
200, 50.00000000000, 48.32415510007, 73.53199206153, 4.12500003222, 0.00000000000, -0.00000000024, -0.00000001654
201, 50.00000000000, 62.33066053512, 56.34045118046, 4.12500003222, 0.00000000000, 0.00000000801, 0.00000002179
202, 50.00000000000, 85.33837053823, 64.18282187087, 4.12500003222, 0.00000000000, -0.00000000657, -0.00000002534
203, 50.00000000000, 102.88859922496, 77.85658918718, 4.12500003222, 0.00000000000, 0.00000000572, -0.00000000217
204, 50.00000000000, 118.95337630071, 64.45257340702, 4.12500003222, 0.00000000000, 0.00000000057, -0.00000000517
205, 50.00000000000, 136.63200550377, 55.15202734048, 4.12500003222, 0.00000000000, 0.00000000713, -0.00000000171
206, 50.00000000000, 150.45156913521, 45.60501351747, 4.12500003222, 0.00000000000, 0.00000000062, -0.00000001845
207, 50.00000000000, 172.14936166636, 54.53173139833, 4.12500003222, 0.00000000000, 0.00000000067, 0.00000003962
208, 50.00000000000, 185.35434737014, 37.34548853837, 4.12500003222, 0.00000000000, 0.00000000251, 0.00000002205
209, 50.00000000000, 207.74785561669, 58.48858955946, 4.12500003222, 0.00000000000, 0.00000000582, -0.00000002401
210, 50.00000000000, 223.01934811754, 50.62264123424, 4.12500003222, 0.00000000000, -0.00000001809, 0.00000002905
211, 50.00000000000, 244.26736088174, 38.61257198761, 4.12500003222, 0.00000000000, 0.00000000327, -0.00000001500
212, 50.00000000000, 267.23763104285, 41.93374047655, 4.12500003222, 0.00000000000, 0.00000000933, -0.00000002103
213, 50.00000000000, 275.60128003510, 62.68778389566, 4.12500003222, 0.00000000000, -0.00000000156, 0.00000000966
214, 50.00000000000, 301.20715543883, 43.38217915756, 4.12500003222, 0.00000000000, -0.00000000687, 0.00000000019
215, 50.00000000000, 310.83887597412, 66.09464909815, 4.12500003222, 0.00000000000, 0.00000000411, -0.00000000991
216, 50.00000000000, 322.34755010605, -30000000.00000000000, 0.00000000000, 0.00000000000, 0.00000022978, 0.66000001198
217, 50.00000000000, 354.54771632648, 69.80483086441, 4.12500003222, 0.00000000000, -0.00000000089, 0.00000000291
218, 50.00000000000, 359.13112409815, -30000000.00000000000, 0.00000000000, 0.00000000000, 0.00000055342, 0.66000001198
219, 50.00000000000, 399.99259707923, 34.46616405824, 4.12500003222, 0.00000000000, 0.00000000560, -0.00000001792
220, 50.00000000000, 410.60830859611, 65.21656709217, 4.12500003222, 0.00000000000, 0.00000000001, 0.00000002244
221, 50.00000000000, 426.86300088388, 58.44877865901, 4.12500003222, 0.00000000000, 0.00000000825, -0.00000000629
222, 50.00000000000, 462.53816500182, 77.36852489145, 4.12500003222, 0.00000000000, 0.00000000194, -0.00000001221
223, 50.00000000000, 465.94531616031, 57.84694243470, 4.12500003222, 0.00000000000, 0.00000000586, 0.00000000528
224, 50.00000000000, 482.36860595493, 72.85944695160, 4.12500003222, 0.00000000000, 0.00000000683, -0.00000002142
225, 50.00000000000, 502.51994967034, 78.84573294148, 4.12500003222, 0.00000000000, -0.00000000069, -0.00000003510
226, 50.00000000000, 523.41071113154, 68.59806162273, 4.12500003222, 0.00000000000, 0.00000000145, 0.00000000940
227, 50.00000000000, 540.14224517535, 59.04924140747, 4.12500003222, 0.00000000000, 0.00000000275, -0.00000000878
228, 50.00000000000, 555.03795268692, 41.80516193196, 4.12500003222, 0.00000000000, 0.00000000789, -0.00000000025
229, 50.00000000000, 577.78764605067, -30000000.00000000000, 0.00000000000, 0.00000000000, -0.00000046634, 0.66000001198
230, 50.00000000000, 599.13335630379, 75.02123045566, 4.12500003222, 0.00000000000, 0.00000000393, 0.00000001413
231, 50.00000000000, 613.93425454957, 54.49187202292, 4.12500003222, 0.00000000000, -0.00000000006, -0.00000000403
232, 50.00000000000, 635.34051648845, 66.93009191447, 4.12500003222, 0.00000000000, 0.00000001086, -0.00000001556
233, 50.00000000000, 649.17669330388, 35.01025822170, 4.12500003222, 0.00000000000, -0.00000000240, 0.00000002932
234, 50.00000000000, 666.24998137650, 47.26378686061, 4.12500003222, 0.00000000000, -0.00000000385, -0.00000003986
235, 50.00000000000, 681.35034248778, 27.93708925567, 4.12500003222, 0.00000000000, 0.00000000407, -0.00000001596
236, 50.00000000000, 696.67828669044, 34.96268409600, 4.12500003222, 0.00000000000, 0.00000000047, -0.00000001606
237, 50.00000000000, 719.14018790416, 9.57140194750, 4.12500003222, 0.00000000000, 0.00000000332, -0.00000002149
238, 50.00000000000, 734.44520250476, 42.67299774791, 4.12500003222, 0.00000000000, -0.00000000142, -0.00000000813
239, 50.00000000000, 751.24781934534, 41.66612347621, 4.12500003222, 0.00000000000, 0.00000000139, 0.00000004591
240, 50.00000000000, 768.49482842052, 46.28931298047, 4.12500003222, 0.00000000000, -0.00000000676, 0.00000002294
241, 50.00000000000, 787.39256382587, 30.37179307363, 4.12500003222, 0.00000000000, -0.00000000265, -0.00000002075
242, 50.00000000000, 807.78033793343, 41.52269349761, 4.12500003222, 0.00000000000, 0.00000000520, 0.00000002661
243, 50.00000000000, 822.45761867252, 46.99591927738, 4.12500003222, 0.00000000000, 0.00000000779, 0.00000003519
244, 50.00000000000, 835.50288074640, 55.60363273702, 4.12500003222, 0.00000000000, -0.00000001458, 0.00000001080
245, 50.00000000000, 856.01212443609, 64.18361609727, 4.12500003222, 0.00000000000, 0.00000000069, -0.00000001364
246, 50.00000000000, 873.52057147236, 67.01003265753, 4.12500003222, 0.00000000000, 0.00000000544, -0.00000002461
247, 50.00000000000, 895.75095340065, 45.23563395139, 4.12500003222, 0.00000000000, -0.00000000768, 0.00000003561
248, 50.00000000000, 906.08309576091, 66.85314925341, 4.12500003222, 0.00000000000, -0.00000000749, -0.00000002895
249, 50.00000000000, 920.45873689237, 65.40597859246, 4.12500003222, 0.00000000000, 0.00000000107, -0.00000002132
250, 50.00000000000, 41.89693970170, 57.94584003154, 4.12500003222, 0.00000000000, 0.00000000536, 0.00000001268
251, 50.00000000000, 63.70368840751, 66.64638502031, 4.12500003222, 0.00000000000, 0.00000000465, -0.00000001891
252, 50.00000000000, 78.39022107970, 72.51538909112, 4.12500003222, 0.00000000000, -0.00000000599, -0.00000000820
253, 50.00000000000, 88.97054172503, 85.54023230578, 4.12500003222, 0.00000000000, 0.00000000156, 0.00000001915
254, 50.00000000000, 113.64816677370, 46.19339896566, 4.12500003222, 0.00000000000, -0.00000000306, 0.00000003886
255, 50.00000000000, 134.32490431348, 76.90572740187, 4.12500003222, 0.00000000000, -0.00000000315, -0.00000000192
256, 50.00000000000, 152.00611078752, 67.75271641552, 4.12500003222, 0.00000000000, 0.00000000515, -0.00000001669
257, 50.00000000000, 170.10249873236, 72.70061294854, 4.12500003222, 0.00000000000, 0.00000000317, -0.00000000057
258, 50.00000000000, 188.44142390193, 71.49382469440, 4.12500003222, 0.00000000000, -0.00000000406, -0.00000000199
259, 50.00000000000, 205.29509189225, 76.92254284866, 4.12500003222, 0.00000000000, -0.00000000312, 0.00000001138
260, 50.00000000000, 224.54189309147, 68.95736899250, 4.12500003222, 0.00000000000, 0.00000000453, -0.00000004035
261, 50.00000000000, 241.39483782583, 79.71705145347, 4.12500003222, 0.00000000000, 0.00000000809, 0.00000000216
262, 50.00000000000, 258.93403249507, 52.28908625337, 4.12500003222, 0.00000000000, 0.00000000207, 0.00000001327
263, 50.00000000000, 275.74042604371, 81.80193669759, 4.12500003222, 0.00000000000, -0.00000000592, 0.00000000859
264, 50.00000000000, 294.70069725999, 78.37105576104, 4.12500003222, 0.00000000000, 0.00000000394, 0.00000000202
265, 50.00000000000, 321.89400925668, 58.35519107458, 4.12500003222, 0.00000000000, -0.00000000277, 0.00000000370
266, 50.00000000000, 340.10453520796, 50.96522060759, 4.12500003222, 0.00000000000, 0.00000000070, 0.00000001614
267, 50.00000000000, 354.53739195598, 55.52619402203, 4.12500003222, 0.00000000000, -0.00000000593, 0.00000000266
268, 50.00000000000, 372.31209636160, 52.77632762670, 4.12500003222, 0.00000000000, 0.00000000031, -0.00000000244
269, 50.00000000000, 391.23547401613, 52.12579101821, 4.12500003222, 0.00000000000, -0.00000000398, -0.00000000162
270, 50.00000000000, 407.70085471739, 55.00163724072, 4.12500003222, 0.00000000000, 0.00000000196, -0.00000001623
271, 50.00000000000, 430.07879137113, 49.96987737848, 4.12500003222, 0.00000000000, 0.00000000209, 0.00000001231
272, 50.00000000000, 444.86323090980, 70.49515080991, 4.12500003222, 0.00000000000, -0.00000000503, -0.00000002152
273, 50.00000000000, 460.95433529059, 39.18027025624, 4.12500003222, 0.00000000000, 0.00000000218, -0.00000000086
274, 50.00000000000, 488.35231355652, 59.58835146633, 4.12500003222, 0.00000000000, 0.00000000232, 0.00000003105
275, 50.00000000000, 503.80904658658, 60.11900515771, 4.12500003222, 0.00000000000, -0.00000000584, -0.00000003690
276, 50.00000000000, 520.70118252338, 49.92928172291, 4.12500003222, 0.00000000000, -0.00000001014, -0.00000000313
277, 50.00000000000, 544.65008251606, 75.05111725390, 4.12500003222, 0.00000000000, -0.00000000032, -0.00000001787
278, 50.00000000000, 558.05942854432, 131.77607313025, 4.12500003222, 0.00000000000, 0.00000000000, 0.00000000000
279, 50.00000000000, 585.13542708598, 89.48329133640, 4.12500003222, 0.00000000000, 0.00000000379, 0.00000002136
280, 50.00000000000, 588.11170644929, 110.46857073381, 4.12500003222, 0.00000000000, -0.00000000072, -0.00000000502
281, 50.00000000000, 611.23838025321, 41.21505819754, 4.12500003222, 0.00000000000, -0.00000000106, -0.00000001060
282, 50.00000000000, 630.34289697720, 54.25466960015, 4.12500003222, 0.00000000000, 0.00000000941, -0.00000002722
283, 50.00000000000, 652.05739494002, 59.91823708259, 4.12500003222, 0.00000000000, -0.00000000137, -0.00000000951
284, 50.00000000000, 674.59409688186, 65.26952927221, 4.12500003222, 0.00000000000, 0.00000000383, -0.00000001755
285, 50.00000000000, 681.71778933703, 46.04983908859, 4.12500003222, 0.00000000000, -0.00000000262, 0.00000000092
286, 50.00000000000, 696.19050031569, 57.41209375957, 4.12500003222, 0.00000000000, -0.00000000139, 0.00000000652
287, 50.00000000000, 713.64143064370, 67.05848486660, 4.12500003222, 0.00000000000, 0.00000000485, -0.00000003588
288, 50.00000000000, 729.23659547579, 29.97379121369, 4.12500003222, 0.00000000000, 0.00000000075, -0.00000000538
289, 50.00000000000, 751.63709565616, 30.83891278465, 4.12500003222, 0.00000000000, -0.00000000517, -0.00000004679
290, 50.00000000000, 771.00487662140, 31.26756872546, 4.12500003222, 0.00000000000, 0.00000001030, 0.00000001449
291, 50.00000000000, 787.58141267606, 49.57960745675, 4.12500003222, 0.00000000000, 0.00000000295, 0.00000001024
292, 50.00000000000, 802.74386260519, 48.46363044976, 4.12500003222, 0.00000000000, 0.00000001047, 0.00000003759
293, 50.00000000000, 826.50425933964, 72.71338446972, 4.12500003222, 0.00000000000, -0.00000000583, -0.00000003071
294, 50.00000000000, 843.10648484626, 73.92143043289, 4.12500003222, 0.00000000000, -0.00000000583, 0.00000000958
295, 50.00000000000, 862.90655836255, 31.18535482640, 4.12500003222, 0.00000000000, -0.00000000492, 0.00000000109
296, 50.00000000000, 863.85203217636, 83.07227470335, 4.12500003222, 0.00000000000, -0.00000000772, 0.00000001995
297, 50.00000000000, 887.11234247300, 81.75952565905, 4.12500003222, 0.00000000000, 0.00000000500, -0.00000000779
298, 50.00000000000, 907.43490296251, 79.28007664934, 4.12500003222, 0.00000000000, -0.00000000572, -0.00000002085
299, 50.00000000000, 923.71721182657, 84.31309384603, 4.12500003222, 0.00000000000, 0.00000000235, 0.00000001802
