0, 50.00000000000, 56.49152239962, 24.14311728433, 4.12500003222, 0.00000000000, -0.00000000298, 0.00000003126
1, 50.00000000000, 60.67378176151, 11.10608389792, 4.12500003222, 0.00000000000, 0.00000000021, -0.00000004798
2, 50.00000000000, 78.25644884295, 46.28272352060, 4.12500003222, 0.00000000000, 0.00000000392, -0.00000002973
3, 50.00000000000, 96.34749426039, 12.03555506575, 4.12500003222, 0.00000000000, -0.00000000316, -0.00000002858
4, 50.00000000000, 117.58982387731, 2.85405644239, 4.12500003222, 0.00000000000, -0.00000000242, 0.00000001160
5, 50.00000000000, 134.10392749068, 9.89076170387, 4.12500003222, 0.00000000000, -0.00000000087, -0.00000000614
6, 50.00000000000, 148.87403855261, 12.25685646391, 4.12500003222, 0.00000000000, -0.00000000318, -0.00000002917
7, 50.00000000000, 165.34623329348, 7.02408559691, 4.12500003222, 0.00000000000, 0.00000000098, -0.00000005101
8, 50.00000000000, 186.87056848804, 5.45953647743, 4.12500003222, 0.00000000000, 0.00000000666, -0.00000001728
9, 50.00000000000, 204.72834191114, 12.75498543977, 4.12500003222, 0.00000000000, 0.00000000177, -0.00000000502
10, 50.00000000000, 206.61733946636, -30000000.00000000000, 0.00000000000, 0.00000000000, 0.00000118924, 0.66000001198
11, 50.00000000000, 228.80667295857, -30000000.00000000000, 0.00000000000, 0.00000000000, -0.00000014657, 0.66000001198
12, 50.00000000000, 247.83424767056, -30000000.00000000000, 0.00000000000, 0.00000000000, -0.00000088452, 0.66000001198
13, 50.00000000000, 280.30667322335, 46.16579688993, 4.12500003222, 0.00000000000, -0.00000000923, -0.00000002073
14, 50.00000000000, 286.13228018174, -30000000.00000000000, 0.00000000000, 0.00000000000, -0.00000014140, 0.66000001198
15, 50.00000000000, 303.42353755728, -30000000.00000000000, 0.00000000000, 0.00000000000, 0.00000061270, 0.66000001198
16, 50.00000000000, 323.59744548703, -30000000.00000000000, 0.00000000000, 0.00000000000, 0.00000004321, 0.66000001198
17, 50.00000000000, 340.47207938337, -30000000.00000000000, 0.00000000000, 0.00000000000, 0.00000047967, 0.66000001198
18, 50.00000000000, 363.04494036244, -30000000.00000000000, 0.00000000000, 0.00000000000, -0.00000005065, 0.66000001198
19, 50.00000000000, 384.03668296329, -30000000.00000000000, 0.00000000000, 0.00000000000, -0.00000114722, 0.66000001198
20, 50.00000000000, 412.76483047535, 52.32220242882, 4.12500003222, 0.00000000000, -0.00000000033, -0.00000002885
21, 50.00000000000, 423.24912732981, -30000000.00000000000, 0.00000000000, 0.00000000000, 0.00000029416, 0.66000001198
22, 50.00000000000, 445.65472486041, -30000000.00000000000, 0.00000000000, 0.00000000000, -0.00000047619, 0.66000001198
23, 50.00000000000, 459.61323870140, -30000000.00000000000, 0.00000000000, 0.00000000000, 0.00000033825, 0.66000001198
24, 50.00000000000, 478.77037293199, -30000000.00000000000, 0.00000000000, 0.00000000000, -0.00000015733, 0.66000001198
25, 50.00000000000, 499.25836901401, -30000000.00000000000, 0.00000000000, 0.00000000000, 0.00000055928, 0.66000001198
26, 50.00000000000, 519.83089706424, -30000000.00000000000, 0.00000000000, 0.00000000000, 0.00000077868, 0.66000001198
27, 50.00000000000, 539.95500995752, -30000000.00000000000, 0.00000000000, 0.00000000000, -0.00000063235, 0.66000001198
28, 50.00000000000, 558.84808860501, -30000000.00000000000, 0.00000000000, 0.00000000000, -0.00000010571, 0.66000001198
29, 50.00000000000, 576.16904558372, 54.68061191917, 4.12500003222, 0.00000000000, -0.00000000027, -0.00000000382
30, 50.00000000000, 597.23162349900, -30000000.00000000000, 0.00000000000, 0.00000000000, 0.00000002654, 0.66000001198
31, 50.00000000000, 618.23892472634, -30000000.00000000000, 0.00000000000, 0.00000000000, 0.00000038299, 0.66000001198
32, 50.00000000000, 638.19624188440, -30000000.00000000000, 0.00000000000, 0.00000000000, -0.00000057392, 0.66000001198
33, 50.00000000000, 659.67344476441, -30000000.00000000000, 0.00000000000, 0.00000000000, -0.00000043632, 0.66000001198
34, 50.00000000000, 676.38244716116, -30000000.00000000000, 0.00000000000, 0.00000000000, 0.00000028378, 0.66000001198
35, 50.00000000000, 689.01491712432, -30000000.00000000000, 0.00000000000, 0.00000000000, 0.00000033751, 0.66000001198
36, 50.00000000000, 713.96382053077, -30000000.00000000000, 0.00000000000, 0.00000000000, -0.00000028086, 0.66000001198
37, 50.00000000000, 729.51702513903, -30000000.00000000000, 0.00000000000, 0.00000000000, 0.00000062359, 0.66000001198
38, 50.00000000000, 738.05210649244, 8.76954293509, 4.12500003222, 0.00000000000, -0.00000000343, 0.00000001257
39, 50.00000000000, 776.30856629545, -30000000.00000000000, 0.00000000000, 0.00000000000, 0.00000014019, 0.66000001198
40, 50.00000000000, 793.43561098269, -30000000.00000000000, 0.00000000000, 0.00000000000, -0.00000072272, 0.66000001198
41, 50.00000000000, 778.69171777207, 9.33147168375, 4.12500003222, 0.00000000000, -0.00000000264, -0.00000001829
42, 50.00000000000, 801.18518051731, 8.60410017319, 4.12500003222, 0.00000000000, -0.00000000172, 0.00000000811
43, 50.00000000000, 826.79573339119, 8.05848267177, 4.12500003222, 0.00000000000, 0.00000000225, -0.00000001994
44, 50.00000000000, 845.34292472242, 41.13630018648, 4.12500003222, 0.00000000000, 0.00000000221, 0.00000000901
45, 50.00000000000, 857.11571400258, 40.98156380133, 4.12500003222, 0.00000000000, -0.00000000698, -0.00000003071
46, 50.00000000000, 882.28284562247, 22.40166994713, 4.12500003222, 0.00000000000, -0.00000000689, -0.00000002402
47, 50.00000000000, 895.17462532944, 23.95766422921, 4.12500003222, 0.00000000000, -0.00000000417, -0.00000000313
48, 50.00000000000, 924.60691984554, 10.09099700671, 4.12500003222, 0.00000000000, 0.00000000071, 0.00000000639
49, 50.00000000000, 945.62198956060, 9.92118394159, 4.12500003222, 0.00000000000, -0.00000000335, 0.00000000141
50, 50.00000000000, 40.83426538389, 9.20835657138, 4.12500003222, 0.00000000000, -0.00000000398, -0.00000002074
51, 50.00000000000, 59.61386796357, 42.37168220484, 4.12500003222, 0.00000000000, 0.00000000646, 0.00000001402
52, 50.00000000000, 77.24288316916, 12.84708051934, 4.12500003222, 0.00000000000, 0.00000000432, -0.00000000939
53, 50.00000000000, 93.72379013676, 44.75247584928, 4.12500003222, 0.00000000000, 0.00000000306, 0.00000001375
54, 50.00000000000, 109.24102497313, 32.17489690516, 4.12500003222, 0.00000000000, -0.00000000167, 0.00000001084
55, 50.00000000000, 129.97065798519, 21.22766756905, 4.12500003222, 0.00000000000, 0.00000000664, -0.00000005078
56, 50.00000000000, 146.75157560101, 33.02272858716, 4.12500003222, 0.00000000000, -0.00000000203, 0.00000002860
57, 50.00000000000, 168.85220421929, 20.23667531252, 4.12500003222, 0.00000000000, 0.00000001811, 0.00000000110
58, 50.00000000000, 181.33976354287, 16.19341270435, 4.12500003222, 0.00000000000, 0.00000001175, 0.00000001587
59, 50.00000000000, 206.71076228986, 33.20526839991, 4.12500003222, 0.00000000000, 0.00000000762, 0.00000002946
60, 50.00000000000, 225.65527346603, 43.92368518815, 4.12500003222, 0.00000000000, -0.00000000259, -0.00000001904
61, 50.00000000000, 221.57541063833, -30000000.00000000000, 0.00000000000, 0.00000000000, 0.00000112567, 0.66000001198
62, 50.00000000000, 245.59968821445, -30000000.00000000000, 0.00000000000, 0.00000000000, -0.00000049258, 0.66000001198
63, 50.00000000000, 265.37796765786, -30000000.00000000000, 0.00000000000, 0.00000000000, -0.00000042699, 0.66000001198
64, 50.00000000000, 285.88134886885, -30000000.00000000000, 0.00000000000, 0.00000000000, -0.00000011660, 0.66000001198
65, 50.00000000000, 317.18638217338, 50.06532123065, 4.12500003222, 0.00000000000, 0.00000000192, 0.00000001021
66, 50.00000000000, 325.16594129052, -30000000.00000000000, 0.00000000000, 0.00000000000, -0.00000019633, 0.66000001198
67, 50.00000000000, 346.73370231404, -30000000.00000000000, 0.00000000000, 0.00000000000, -0.00000062238, 0.66000001198
68, 50.00000000000, 365.08697008615, -30000000.00000000000, 0.00000000000, 0.00000000000, -0.00000036222, 0.66000001198
69, 50.00000000000, 380.57119893922, -30000000.00000000000, 0.00000000000, 0.00000000000, -0.00000069007, 0.66000001198
70, 50.00000000000, 400.19604101210, -30000000.00000000000, 0.00000000000, 0.00000000000, 0.00000016728, 0.66000001198
71, 50.00000000000, 420.53076961336, -30000000.00000000000, 0.00000000000, 0.00000000000, 0.00000059214, 0.66000001198
72, 50.00000000000, 439.96243034513, -30000000.00000000000, 0.00000000000, 0.00000000000, 0.00000027518, 0.66000001198
73, 50.00000000000, 477.75643709130, 38.95282426232, 4.12500003222, 0.00000000000, -0.00000000446, 0.00000002162
74, 50.00000000000, 492.68964402592, 28.29976887345, 4.12500003222, 0.00000000000, 0.00000000770, -0.00000002353
75, 50.00000000000, 514.55059552793, 26.96507764980, 4.12500003222, 0.00000000000, -0.00000000453, -0.00000000711
76, 50.00000000000, 517.16575416509, -30000000.00000000000, 0.00000000000, 0.00000000000, 0.00000119260, 0.66000001198
77, 50.00000000000, 537.45103121759, -30000000.00000000000, 0.00000000000, 0.00000000000, -0.00000018725, 0.66000001198
78, 50.00000000000, 557.14258385624, -30000000.00000000000, 0.00000000000, 0.00000000000, 0.00000018966, 0.66000001198
79, 50.00000000000, 577.48187229434, -30000000.00000000000, 0.00000000000, 0.00000000000, -0.00000043423, 0.66000001198
80, 50.00000000000, 591.18222691356, 54.42430814035, 4.12500003222, 0.00000000000, -0.00000000281, 0.00000002489
81, 50.00000000000, 616.38209439551, -30000000.00000000000, 0.00000000000, 0.00000000000, 0.00000061901, 0.66000001198
82, 50.00000000000, 638.48843691888, -30000000.00000000000, 0.00000000000, 0.00000000000, -0.00000060972, 0.66000001198
83, 50.00000000000, 652.42718411292, -30000000.00000000000, 0.00000000000, 0.00000000000, 0.00000052019, 0.66000001198
84, 50.00000000000, 663.54564532506, 21.84128035963, 4.12500003222, 0.00000000000, 0.00000000650, -0.00000003442
85, 50.00000000000, 699.45105871025, -30000000.00000000000, 0.00000000000, 0.00000000000, -0.00000060012, 0.66000001198
86, 50.00000000000, 719.36195850177, -30000000.00000000000, 0.00000000000, 0.00000000000, -0.00000044453, 0.66000001198
87, 50.00000000000, 736.09359109568, -30000000.00000000000, 0.00000000000, 0.00000000000, -0.00000024452, 0.66000001198
88, 50.00000000000, 757.80470467224, -30000000.00000000000, 0.00000000000, 0.00000000000, -0.00000047411, 0.66000001198
89, 50.00000000000, 776.84769241845, -30000000.00000000000, 0.00000000000, 0.00000000000, 0.00000006921, 0.66000001198
90, 50.00000000000, 791.09480496037, -30000000.00000000000, 0.00000000000, 0.00000000000, -0.00000046688, 0.66000001198
91, 50.00000000000, 790.34318947969, 14.32204913625, 4.12500003222, 0.00000000000, 0.00000000346, -0.00000000028
92, 50.00000000000, 812.25858445360, 9.99412861389, 4.12500003222, 0.00000000000, -0.00000000610, 0.00000000225
93, 50.00000000000, 827.32029688379, 25.27277300549, 4.12500003222, 0.00000000000, 0.00000000071, 0.00000003561
94, 50.00000000000, 844.09203624632, 19.69215040467, 4.12500003222, 0.00000000000, 0.00000000453, 0.00000003351
95, 50.00000000000, 860.09078642757, 52.98700885758, 4.12500003222, 0.00000000000, 0.00000000527, 0.00000000408
96, 50.00000000000, 878.31180680503, 33.81679196618, 4.12500003222, 0.00000000000, -0.00000000242, 0.00000001017
97, 50.00000000000, 904.08646563165, 10.92300656234, 4.12500003222, 0.00000000000, 0.00000000214, -0.00000000917
98, 50.00000000000, 916.34056712784, 29.53537004117, 4.12500003222, 0.00000000000, -0.00000000322, -0.00000000675
99, 50.00000000000, 935.22312844581, 27.70732236254, 4.12500003222, 0.00000000000, 0.00000000563, -0.00000001720
100, 50.00000000000, 43.33576635127, 26.03637829749, 4.12500003222, 0.00000000000, 0.00000000024, 0.00000002652
101, 50.00000000000, 64.65437411021, 33.11934221009, 4.12500003222, 0.00000000000, 0.00000000206, 0.00000000477
102, 50.00000000000, 78.03288480150, 28.77043817766, 4.12500003222, 0.00000000000, 0.00000000212, -0.00000000268
103, 50.00000000000, 94.49663491616, 27.81345743511, 4.12500003222, 0.00000000000, -0.00000000907, 0.00000003238
104, 50.00000000000, 112.38766287211, 13.06758627186, 4.12500003222, 0.00000000000, 0.00000000029, -0.00000002522
105, 50.00000000000, 131.42509386266, 31.34065183014, 4.12500003222, 0.00000000000, -0.00000000185, 0.00000002922
106, 50.00000000000, 151.53998885936, 23.16878448820, 4.12500003222, 0.00000000000, 0.00000000079, 0.00000001961
107, 50.00000000000, 170.38692789506, 39.50612881451, 4.12500003222, 0.00000000000, -0.00000001333, -0.00000000938
108, 50.00000000000, 190.35174248277, 47.86279854753, 4.12500003222, 0.00000000000, 0.00000000866, 0.00000004529
109, 50.00000000000, 189.66237165117, 26.87061131373, 4.12500003222, 0.00000000000, -0.00000001124, -0.00000003153
110, 50.00000000000, 204.13019430052, -30000000.00000000000, 0.00000000000, 0.00000000000, 0.00000146132, 0.66000001198
111, 50.00000000000, 225.97911160098, -30000000.00000000000, 0.00000000000, 0.00000000000, 0.00000035024, 0.66000001198
112, 50.00000000000, 243.22866825318, -30000000.00000000000, 0.00000000000, 0.00000000000, -0.00000007599, 0.66000001198
113, 50.00000000000, 264.01523328468, -30000000.00000000000, 0.00000000000, 0.00000000000, -0.00000022451, 0.66000001198
114, 50.00000000000, 288.45611858664, 63.42216829779, 4.12500003222, 0.00000000000, -0.00000000266, 0.00000002230
115, 50.00000000000, 319.23358940197, 41.75223952118, 4.12500003222, 0.00000000000, 0.00000000436, 0.00000000458
116, 50.00000000000, 336.85130248797, 40.86530031512, 4.12500003222, 0.00000000000, -0.00000000126, -0.00000003456
117, 50.00000000000, 355.67042989264, 34.47083181587, 4.12500003222, 0.00000000000, -0.00000000385, -0.00000001704
118, 50.00000000000, 372.85904480350, 66.32261681099, 4.12500003222, 0.00000000000, 0.00000001062, 0.00000001226
119, 50.00000000000, 392.29512946567, 61.21777883881, 4.12500003222, 0.00000000000, -0.00000000360, -0.00000000309
120, 50.00000000000, 409.77221500044, 77.31959070999, 4.12500003222, 0.00000000000, -0.00000000993, 0.00000001361
121, 50.00000000000, 423.06545910476, 35.99370220091, 4.12500003222, 0.00000000000, -0.00000000099, 0.00000000951
122, 50.00000000000, 448.76727020948, 59.42530176866, 4.12500003222, 0.00000000000, -0.00000000876, 0.00000001387
123, 50.00000000000, 463.27277056720, -30000000.00000000000, 0.00000000000, 0.00000000000, -0.00000014459, 0.66000001198
124, 50.00000000000, 482.18033174074, 50.56971461369, 4.12500003222, 0.00000000000, -0.00000001951, -0.00000002118
125, 50.00000000000, 498.65947568189, 43.95071621844, 4.12500003222, 0.00000000000, -0.00000000129, -0.00000000472
126, 50.00000000000, 533.56209963833, 37.10277696042, 4.12500003222, 0.00000000000, -0.00000000021, 0.00000000232
127, 50.00000000000, 539.09557640859, 52.68760353436, 4.12500003222, 0.00000000000, -0.00000000338, -0.00000000960
128, 50.00000000000, 573.53039288671, 39.86343446539, 4.12500003222, 0.00000000000, -0.00000000019, -0.00000001547
129, 50.00000000000, 576.61646019143, -30000000.00000000000, 0.00000000000, 0.00000000000, -0.00000033124, 0.66000001198
130, 50.00000000000, 594.61467975490, 40.44650481740, 4.12500003222, 0.00000000000, 0.00000000203, -0.00000002980
131, 50.00000000000, 618.08911256773, -30000000.00000000000, 0.00000000000, 0.00000000000, 0.00000039761, 0.66000001198
132, 50.00000000000, 628.40551083366, 37.47128696704, 4.12500003222, 0.00000000000, -0.00000000638, -0.00000001991
133, 50.00000000000, 645.06236041888, 28.15540114101, 4.12500003222, 0.00000000000, -0.00000001021, -0.00000000441
134, 50.00000000000, 673.04033556423, -30000000.00000000000, 0.00000000000, 0.00000000000, 0.00000079810, 0.66000001198
135, 50.00000000000, 683.37867613178, 20.64177490665, 4.12500003222, 0.00000000000, 0.00000000320, -0.00000001011
136, 50.00000000000, 705.71502600218, 27.15672045473, 4.12500003222, 0.00000000000, -0.00000001491, 0.00000001344
137, 50.00000000000, 719.20127292676, 25.74389492635, 4.12500003222, 0.00000000000, -0.00000000689, 0.00000000782
138, 50.00000000000, 748.70604574178, -30000000.00000000000, 0.00000000000, 0.00000000000, 0.00000072691, 0.66000001198
139, 50.00000000000, 751.57551379345, 21.94082956586, 4.12500003222, 0.00000000000, -0.00000000680, -0.00000000799
140, 50.00000000000, 796.60859583786, -30000000.00000000000, 0.00000000000, 0.00000000000, -0.00000107220, 0.66000001198
141, 50.00000000000, 794.87837639278, 25.23703962185, 4.12500003222, 0.00000000000, -0.00000000345, 0.00000001186
142, 50.00000000000, 812.67443953169, 25.21938250716, 4.12500003222, 0.00000000000, 0.00000000720, -0.00000002137
143, 50.00000000000, 821.01442515259, 60.74213356117, 4.12500003222, 0.00000000000, 0.00000000335, 0.00000001415
144, 50.00000000000, 844.20699032554, 33.94567535547, 4.12500003222, 0.00000000000, -0.00000000287, -0.00000006416
145, 50.00000000000, 860.69986343190, 20.37459216683, 4.12500003222, 0.00000000000, 0.00000000011, 0.00000003415
146, 50.00000000000, 876.36734855177, 52.84457027319, 4.12500003222, 0.00000000000, 0.00000001305, 0.00000000566
147, 50.00000000000, 901.44731793492, 33.28669922090, 4.12500003222, 0.00000000000, 0.00000000106, 0.00000000792
148, 50.00000000000, 911.78477970914, 52.36582880242, 4.12500003222, 0.00000000000, 0.00000000437, -0.00000001609
149, 50.00000000000, 934.43593902723, 46.23742127526, 4.12500003222, 0.00000000000, -0.00000000914, 0.00000002312
150, 50.00000000000, 41.18945257041, 40.79902634008, 4.12500003222, 0.00000000000, 0.00000000334, -0.00000002448
151, 50.00000000000, 52.43082295133, 48.09063636604, 4.12500003222, 0.00000000000, 0.00000000755, 0.00000003558
152, 50.00000000000, 74.31908315819, 52.85673850893, 4.12500003222, 0.00000000000, -0.00000000961, 0.00000001111
153, 50.00000000000, 96.47338663980, 61.52670975520, 4.12500003222, 0.00000000000, -0.00000000013, -0.00000002813
154, 50.00000000000, 115.68044583476, 24.06314588406, 4.12500003222, 0.00000000000, 0.00000000340, 0.00000001787
155, 50.00000000000, 127.01603438121, 42.76623955125, 4.12500003222, 0.00000000000, -0.00000000115, 0.00000002750
156, 50.00000000000, 157.20083511415, 52.63122521334, 4.12500003222, 0.00000000000, -0.00000000250, 0.00000000064
157, 50.00000000000, 164.93052127030, 31.24133394869, 4.12500003222, 0.00000000000, 0.00000000350, 0.00000000243
158, 50.00000000000, 186.69568789852, 58.10690390026, 4.12500003222, 0.00000000000, 0.00000001135, 0.00000000518
159, 50.00000000000, 204.54515833500, 42.92835000323, 4.12500003222, 0.00000000000, 0.00000000880, 0.00000001293
160, 50.00000000000, 222.71051477649, 27.66109397522, 4.12500003222, 0.00000000000, 0.00000000248, -0.00000002121
161, 50.00000000000, 239.66728993788, 58.67257659158, 4.12500003222, 0.00000000000, -0.00000000123, 0.00000004531
162, 50.00000000000, 262.35003895012, 29.78841563277, 4.12500003222, 0.00000000000, 0.00000000720, 0.00000000879
163, 50.00000000000, 283.42962427335, 28.43591757512, 4.12500003222, 0.00000000000, 0.00000000134, -0.00000001465
164, 50.00000000000, 299.01050853725, 56.19416145599, 4.12500003222, 0.00000000000, 0.00000001126, -0.00000000078
165, 50.00000000000, 305.34692811772, -30000000.00000000000, 0.00000000000, 0.00000000000, 0.00000032003, 0.66000001198
166, 50.00000000000, 333.00562953056, 64.60463447021, 4.12500003222, 0.00000000000, 0.00000000099, 0.00000002026
167, 50.00000000000, 358.08586204972, 47.37376411766, 4.12500003222, 0.00000000000, 0.00000000283, 0.00000002579
168, 50.00000000000, 375.38908008276, 42.07771402592, 4.12500003222, 0.00000000000, -0.00000000758, -0.00000000360
169, 50.00000000000, 390.25518654445, 40.80236690709, 4.12500003222, 0.00000000000, 0.00000000324, 0.00000000503
170, 50.00000000000, 409.13712381363, 42.35502291022, 4.12500003222, 0.00000000000, 0.00000001883, 0.00000002028
171, 50.00000000000, 428.03752942673, 69.80816998602, 4.12500003222, 0.00000000000, 0.00000000750, -0.00000000063
172, 50.00000000000, 443.08035204558, 48.21471501778, 4.12500003222, 0.00000000000, 0.00000000166, -0.00000001034
173, 50.00000000000, 471.72918056463, 21.04534992378, 4.12500003222, 0.00000000000, 0.00000000347, 0.00000001041
174, 50.00000000000, 485.78582677257, -30000000.00000000000, 0.00000000000, 0.00000000000, -0.00000092903, 0.66000001198
175, 50.00000000000, 511.84616441255, 40.80716928369, 4.12500003222, 0.00000000000, 0.00000000738, -0.00000001353
176, 50.00000000000, 520.16067831043, -30000000.00000000000, 0.00000000000, 0.00000000000, 0.00000073755, 0.66000001198
177, 50.00000000000, 540.58807165255, -30000000.00000000000, 0.00000000000, 0.00000000000, -0.00000073199, 0.66000001198
178, 50.00000000000, 559.84209549770, 60.71744553124, 4.12500003222, 0.00000000000, -0.00000000258, 0.00000002634
179, 50.00000000000, 579.23357430584, 72.43207506014, 4.12500003222, 0.00000000000, -0.00000000175, -0.00000000028
180, 50.00000000000, 598.80713062995, 62.22232281037, 4.12500003222, 0.00000000000, -0.00000001288, 0.00000001100
181, 50.00000000000, 617.61968428389, 75.19967227397, 4.12500003222, 0.00000000000, 0.00000000521, 0.00000000713
182, 50.00000000000, 633.90338260667, 49.04603748553, 4.12500003222, 0.00000000000, 0.00000000528, 0.00000003601
183, 50.00000000000, 648.20690479131, 51.45570014198, 4.12500003222, 0.00000000000, 0.00000000550, 0.00000001243
184, 50.00000000000, 666.87929837674, 37.19322473902, 4.12500003222, 0.00000000000, -0.00000000068, 0.00000001882
185, 50.00000000000, 697.57836627702, -30000000.00000000000, 0.00000000000, 0.00000000000, -0.00000031553, 0.66000001198
186, 50.00000000000, 699.16634504718, 13.70868385498, 4.12500003222, 0.00000000000, -0.00000000175, 0.00000001950
187, 50.00000000000, 717.31368357734, 45.63835691154, 4.12500003222, 0.00000000000, -0.00000000049, -0.00000000551
188, 50.00000000000, 738.65291625240, 22.37959325206, 4.12500003222, 0.00000000000, 0.00000000831, -0.00000000674
189, 50.00000000000, 758.96605294546, 9.70584947259, 4.12500003222, 0.00000000000, 0.00000000100, -0.00000002179
190, 50.00000000000, 770.83421405972, 23.30203812390, 4.12500003222, 0.00000000000, -0.00000000182, 0.00000001211
191, 50.00000000000, 786.58280305586, 39.71427341574, 4.12500003222, 0.00000000000, -0.00000001230, -0.00000002992
192, 50.00000000000, 806.00379798904, 31.05549194170, 4.12500003222, 0.00000000000, 0.00000000076, -0.00000000649
193, 50.00000000000, 827.31353855472, 38.47926201412, 4.12500003222, 0.00000000000, 0.00000000070, -0.00000007029
194, 50.00000000000, 844.11552818998, 55.48854384673, 4.12500003222, 0.00000000000, -0.00000000383, 0.00000002727
195, 50.00000000000, 866.22374103341, 43.04243152208, 4.12500003222, 0.00000000000, -0.00000000266, 0.00000002672
196, 50.00000000000, 882.44036441011, 43.60701167205, 4.12500003222, 0.00000000000, 0.00000001539, 0.00000003045
197, 50.00000000000, 892.78364290089, 63.08030201210, 4.12500003222, 0.00000000000, -0.00000001089, -0.00000002122
198, 50.00000000000, 919.96735197738, 44.76882176892, 4.12500003222, 0.00000000000, -0.00000000279, 0.00000002948
199, 50.00000000000, 931.61063667925, 64.89171301944, 4.12500003222, 0.00000000000, 0.00000000455, -0.00000001399
200, 50.00000000000, 46.90669664949, 73.46546037578, 4.12500003222, 0.00000000000, -0.00000000448, -0.00000000633
201, 50.00000000000, 60.82256282915, 56.87876597296, 4.12500003222, 0.00000000000, -0.00000000318, 0.00000000447
202, 50.00000000000, 83.96244686953, 64.11823908130, 4.12500003222, 0.00000000000, -0.00000000404, 0.00000001643
203, 50.00000000000, 101.89117151626, 77.17059337287, 4.12500003222, 0.00000000000, 0.00000000291, 0.00000000800
204, 50.00000000000, 117.59217603102, 63.07108712410, 4.12500003222, 0.00000000000, -0.00000000636, 0.00000002256
205, 50.00000000000, 135.18836436305, 54.27704159299, 4.12500003222, 0.00000000000, -0.00000000251, -0.00000002805
206, 50.00000000000, 149.00674870274, 44.74446680564, 4.12500003222, 0.00000000000, 0.00000000755, 0.00000002430
207, 50.00000000000, 170.52697083111, 54.43281870372, 4.12500003222, 0.00000000000, 0.00000000343, -0.00000003198
208, 50.00000000000, 183.83930348100, 36.99354784493, 4.12500003222, 0.00000000000, -0.00000001423, -0.00000000614
209, 50.00000000000, 206.20446526271, 58.28567304111, 4.12500003222, 0.00000000000, -0.00000000774, -0.00000002512
210, 50.00000000000, 221.41313694477, 50.92164999609, 4.12500003222, 0.00000000000, -0.00000001281, 0.00000000138
211, 50.00000000000, 242.93358274465, 38.25116116032, 4.12500003222, 0.00000000000, 0.00000000410, 0.00000000558
212, 50.00000000000, 265.86615740864, 42.98931201845, 4.12500003222, 0.00000000000, -0.00000000159, -0.00000002784
213, 50.00000000000, 274.71190464337, 63.52579851069, 4.12500003222, 0.00000000000, -0.00000000986, 0.00000000917
214, 50.00000000000, 300.41831960324, 43.54064440670, 4.12500003222, 0.00000000000, 0.00000000207, 0.00000000274
215, 50.00000000000, 309.82510774230, 66.69006124688, 4.12500003222, 0.00000000000, 0.00000001318, -0.00000002636
216, 50.00000000000, 322.34755010605, -30000000.00000000000, 0.00000000000, 0.00000000000, 0.00000022978, 0.66000001198
217, 50.00000000000, 353.58759257967, 70.01565120229, 4.12500003222, 0.00000000000, 0.00000000373, -0.00000002498
218, 50.00000000000, 359.13112409815, -30000000.00000000000, 0.00000000000, 0.00000000000, 0.00000055342, 0.66000001198
219, 50.00000000000, 399.40975701013, 34.52478339891, 4.12500003222, 0.00000000000, 0.00000000767, 0.00000004392
220, 50.00000000000, 409.79846278142, 66.91928195518, 4.12500003222, 0.00000000000, -0.00000000934, -0.00000002272
221, 50.00000000000, 426.07546248650, 59.74574134893, 4.12500003222, 0.00000000000, -0.00000000052, -0.00000002285
222, 50.00000000000, 462.01545560770, 77.19123666764, 4.12500003222, 0.00000000000, 0.00000000605, 0.00000002647
223, 50.00000000000, 465.45009469771, 58.83238737134, 4.12500003222, 0.00000000000, 0.00000000563, -0.00000002551
224, 50.00000000000, 481.86025088655, 73.86422921756, 4.12500003222, 0.00000000000, 0.00000001074, 0.00000002513
225, 50.00000000000, 502.22231295849, 79.35202037108, 4.12500003222, 0.00000000000, -0.00000000391, -0.00000001069
226, 50.00000000000, 523.11589913019, 70.51558707835, 4.12500003222, 0.00000000000, 0.00000000633, -0.00000001098
227, 50.00000000000, 539.95489714989, 60.95960775373, 4.12500003222, 0.00000000000, 0.00000000230, 0.00000002527
228, 50.00000000000, 554.83336734946, 43.06420885038, 4.12500003222, 0.00000000000, 0.00000000149, -0.00000000260
229, 50.00000000000, 577.78764605067, -30000000.00000000000, 0.00000000000, 0.00000000000, -0.00000046634, 0.66000001198
230, 50.00000000000, 598.68074961677, 76.98838077424, 4.12500003222, 0.00000000000, 0.00000000045, -0.00000000103
231, 50.00000000000, 613.00496077080, 57.07463607369, 4.12500003222, 0.00000000000, 0.00000000095, 0.00000000984
232, 50.00000000000, 637.99360205609, 73.30057518845, 4.12500003222, 0.00000000000, -0.00000000174, -0.00000001289
233, 50.00000000000, 650.21033749359, 41.49917340154, 4.12500003222, 0.00000000000, -0.00000000257, 0.00000000924
234, 50.00000000000, 668.11803058544, 53.07666132597, 4.12500003222, 0.00000000000, -0.00000001024, 0.00000000321
235, 50.00000000000, 683.66420500764, 34.16650671910, 4.12500003222, 0.00000000000, 0.00000000733, -0.00000002506
236, 50.00000000000, 699.33060590270, 38.41723777288, 4.12500003222, 0.00000000000, 0.00000000527, -0.00000001414
237, 50.00000000000, 719.69715580781, 10.43572210369, 4.12500003222, 0.00000000000, -0.00000000303, -0.00000006242
238, 50.00000000000, 736.63285734484, 42.88134484946, 4.12500003222, 0.00000000000, 0.00000000365, 0.00000000762
239, 50.00000000000, 753.07546912689, 41.70527506128, 4.12500003222, 0.00000000000, 0.00000000391, -0.00000000034
240, 50.00000000000, 770.11344592718, 46.49799776927, 4.12500003222, 0.00000000000, -0.00000000541, -0.00000001702
241, 50.00000000000, 788.79003197059, 30.26417039188, 4.12500003222, 0.00000000000, 0.00000000321, -0.00000000983
242, 50.00000000000, 809.35508560323, 40.98732807246, 4.12500003222, 0.00000000000, 0.00000000434, -0.00000000009
243, 50.00000000000, 823.98153819518, 47.20644095345, 4.12500003222, 0.00000000000, -0.00000000946, 0.00000002581
244, 50.00000000000, 837.19838006997, 55.64275236679, 4.12500003222, 0.00000000000, -0.00000000035, 0.00000002849
245, 50.00000000000, 857.61450495772, 64.06166225263, 4.12500003222, 0.00000000000, -0.00000000180, -0.00000000999
246, 50.00000000000, 874.98420569057, 66.14725387005, 4.12500003222, 0.00000000000, -0.00000000086, 0.00000003075
247, 50.00000000000, 897.20170711704, 44.71637698362, 4.12500003222, 0.00000000000, -0.00000000027, -0.00000000116
248, 50.00000000000, 907.81428978482, 65.47855282588, 4.12500003222, 0.00000000000, -0.00000000592, 0.00000001800
249, 50.00000000000, 922.14045263467, 64.40668558873, 4.12500003222, 0.00000000000, 0.00000001119, -0.00000002066
250, 50.00000000000, 40.66517957475, 58.57546715280, 4.12500003222, 0.00000000000, 0.00000000642, 0.00000000787
251, 50.00000000000, 62.47429429389, 66.73276014435, 4.12500003222, 0.00000000000, 0.00000000305, -0.00000002340
252, 50.00000000000, 77.28584979016, 73.20774385925, 4.12500003222, 0.00000000000, 0.00000000179, -0.00000002606
253, 50.00000000000, 88.21599385129, 85.64706453190, 4.12500003222, 0.00000000000, 0.00000000510, -0.00000000104
254, 50.00000000000, 112.17504049140, 46.23943628406, 4.12500003222, 0.00000000000, -0.00000000168, -0.00000000042
255, 50.00000000000, 132.65432423583, 75.93187753096, 4.12500003222, 0.00000000000, 0.00000000360, 0.00000001530
256, 50.00000000000, 150.42065795024, 67.49834176153, 4.12500003222, 0.00000000000, -0.00000000807, 0.00000002142
257, 50.00000000000, 168.51045773979, 72.65703708631, 4.12500003222, 0.00000000000, -0.00000000555, 0.00000001394
258, 50.00000000000, 186.93578532405, 71.54247247114, 4.12500003222, 0.00000000000, 0.00000000385, 0.00000000550
259, 50.00000000000, 203.61338936279, 76.26197561795, 4.12500003222, 0.00000000000, -0.00000000238, 0.00000000505
260, 50.00000000000, 223.15133985033, 68.62202393543, 4.12500003222, 0.00000000000, 0.00000000971, -0.00000001013
261, 50.00000000000, 240.01675688646, 79.73795555670, 4.12500003222, 0.00000000000, 0.00000000236, -0.00000001633
262, 50.00000000000, 257.79300825027, 53.21206675978, 4.12500003222, 0.00000000000, 0.00000000246, 0.00000000675
263, 50.00000000000, 275.27010112360, 82.46424004391, 4.12500003222, 0.00000000000, 0.00000000369, 0.00000000057
264, 50.00000000000, 293.97402032645, 78.30181613442, 4.12500003222, 0.00000000000, -0.00000000619, 0.00000001886
265, 50.00000000000, 320.79950050038, 59.17879600770, 4.12500003222, 0.00000000000, -0.00000000814, 0.00000000038
266, 50.00000000000, 339.31745348992, 51.78752587351, 4.12500003222, 0.00000000000, 0.00000000020, 0.00000000381
267, 50.00000000000, 353.82112031650, 56.44524087086, 4.12500003222, 0.00000000000, 0.00000000373, 0.00000001310
268, 50.00000000000, 371.57041562475, 54.26656066759, 4.12500003222, 0.00000000000, -0.00000000029, -0.00000001946
269, 50.00000000000, 390.50927336454, 52.71958400312, 4.12500003222, 0.00000000000, 0.00000000841, 0.00000001950
270, 50.00000000000, 406.86945145635, 55.98194715598, 4.12500003222, 0.00000000000, 0.00000000551, -0.00000003343
271, 50.00000000000, 429.28846621806, 50.83864464477, 4.12500003222, 0.00000000000, -0.00000002030, 0.00000001561
272, 50.00000000000, 444.23464828303, 71.40775986579, 4.12500003222, 0.00000000000, -0.00000000453, -0.00000001861
273, 50.00000000000, 460.71183213031, 40.42575070493, 4.12500003222, 0.00000000000, -0.00000000082, 0.00000000023
274, 50.00000000000, 487.87282511153, 61.39341131952, 4.12500003222, 0.00000000000, 0.00000000264, -0.00000000929
275, 50.00000000000, 503.53534996432, 61.09386763592, 4.12500003222, 0.00000000000, -0.00000000657, 0.00000003690
276, 50.00000000000, 520.46881445882, 51.33483494331, 4.12500003222, 0.00000000000, 0.00000000348, -0.00000000803
277, 50.00000000000, 544.38850269221, 76.21166242869, 4.12500003222, 0.00000000000, 0.00000000288, -0.00000000769
278, 50.00000000000, 558.05942854432, 128.01268772603, 4.12500003222, 0.00000000000, 0.00000000000, 0.00000000000
279, 50.00000000000, 584.57855385555, 91.75151725396, 4.12500003222, 0.00000000000, 0.00000000063, 0.00000000266
280, 50.00000000000, 588.07148545857, 112.02219727804, 4.12500003222, 0.00000000000, 0.00000000003, 0.00000000018
281, 50.00000000000, 612.11549373619, 44.16898854870, 4.12500003222, 0.00000000000, 0.00000000037, -0.00000003841
282, 50.00000000000, 630.59598714599, 59.07653851535, 4.12500003222, 0.00000000000, 0.00000001386, -0.00000000479
283, 50.00000000000, 652.81396693576, 64.90791570871, 4.12500003222, 0.00000000000, -0.00000000209, -0.00000000702
284, 50.00000000000, 673.66819923702, 70.92500100631, 4.12500003222, 0.00000000000, -0.00000000037, -0.00000000321
285, 50.00000000000, 685.19883355881, 52.72987353764, 4.12500003222, 0.00000000000, -0.00000000318, 0.00000002656
286, 50.00000000000, 703.75218973516, 59.26834919639, 4.12500003222, 0.00000000000, -0.00000000723, 0.00000000633
287, 50.00000000000, 712.80754997184, 78.71594609636, 4.12500003222, 0.00000000000, -0.00000000098, -0.00000000205
288, 50.00000000000, 730.89857162472, 30.22384194765, 4.12500003222, 0.00000000000, 0.00000000689, 0.00000001370
289, 50.00000000000, 753.30964825255, 31.08961550813, 4.12500003222, 0.00000000000, -0.00000000098, 0.00000000298
290, 50.00000000000, 772.48279466272, 31.00754944105, 4.12500003222, 0.00000000000, 0.00000000092, 0.00000003891
291, 50.00000000000, 789.15294056567, 49.66400472294, 4.12500003222, 0.00000000000, 0.00000000754, 0.00000002059
292, 50.00000000000, 804.26929494672, 48.45037063073, 4.12500003222, 0.00000000000, -0.00000000394, 0.00000004405
293, 50.00000000000, 828.32653410730, 72.38472340576, 4.12500003222, 0.00000000000, -0.00000000088, -0.00000002600
294, 50.00000000000, 844.89740625495, 73.67933403633, 4.12500003222, 0.00000000000, -0.00000000315, -0.00000001390
295, 50.00000000000, 864.43753230598, 30.87123777882, 4.12500003222, 0.00000000000, -0.00000002269, -0.00000003329
296, 50.00000000000, 865.62728468019, 83.32618454837, 4.12500003222, 0.00000000000, 0.00000000586, -0.00000001666
297, 50.00000000000, 888.81216029256, 80.79266406166, 4.12500003222, 0.00000000000, 0.00000000099, -0.00000000335
298, 50.00000000000, 909.44628250940, 78.03795855224, 4.12500003222, 0.00000000000, -0.00000000456, -0.00000000601
299, 50.00000000000, 925.84499728181, 83.10720995123, 4.12500003222, 0.00000000000, -0.00000000371, 0.00000001089
