0, 50.00000000000, 59.09684669011, 23.21747864727, 4.12500003222, 0.00000000000, 0.00000000028, 0.00000004662
1, 50.00000000000, 63.05485560286, 10.09200481058, 4.12500003222, 0.00000000000, 0.00000001020, -0.00000001087
2, 50.00000000000, 80.33711864832, 46.12637765366, 4.12500003222, 0.00000000000, -0.00000000209, 0.00000000866
3, 50.00000000000, 98.91973225705, 11.65662995607, 4.12500003222, 0.00000000000, -0.00000000067, 0.00000001504
4, 50.00000000000, 120.08276244178, 3.25067934464, 4.12500003222, 0.00000000000, 0.00000001268, 0.00000000849
5, 50.00000000000, 136.65962398340, 10.07926259753, 4.12500003222, 0.00000000000, -0.00000000069, 0.00000001747
6, 50.00000000000, 151.45298341331, 12.05834359810, 4.12500003222, 0.00000000000, 0.00000000050, 0.00000001859
7, 50.00000000000, 167.73954251942, 6.77970950460, 4.12500003222, 0.00000000000, -0.00000000334, 0.00000001867
8, 50.00000000000, 189.19632107728, 5.67100492359, 4.12500003222, 0.00000000000, 0.00000000601, -0.00000001497
9, 50.00000000000, 207.07034031082, 12.49601636846, 4.12500003222, 0.00000000000, -0.00000000108, -0.00000000057
10, 50.00000000000, 206.61733946636, -30000000.00000000000, 0.00000000000, 0.00000000000, 0.00000118924, 0.66000001198
11, 50.00000000000, 228.80667295857, -30000000.00000000000, 0.00000000000, 0.00000000000, -0.00000014657, 0.66000001198
12, 50.00000000000, 247.83424767056, -30000000.00000000000, 0.00000000000, 0.00000000000, -0.00000088452, 0.66000001198
13, 50.00000000000, 282.11764239949, 45.48979086071, 4.12500003222, 0.00000000000, 0.00000000224, 0.00000001460
14, 50.00000000000, 286.13228018174, -30000000.00000000000, 0.00000000000, 0.00000000000, -0.00000014140, 0.66000001198
15, 50.00000000000, 303.42353755728, -30000000.00000000000, 0.00000000000, 0.00000000000, 0.00000061270, 0.66000001198
16, 50.00000000000, 323.59744548703, -30000000.00000000000, 0.00000000000, 0.00000000000, 0.00000004321, 0.66000001198
17, 50.00000000000, 340.47207938337, -30000000.00000000000, 0.00000000000, 0.00000000000, 0.00000047967, 0.66000001198
18, 50.00000000000, 363.04494036244, -30000000.00000000000, 0.00000000000, 0.00000000000, -0.00000005065, 0.66000001198
19, 50.00000000000, 384.03668296329, -30000000.00000000000, 0.00000000000, 0.00000000000, -0.00000114722, 0.66000001198
20, 50.00000000000, 414.03246506677, 48.67999318061, 4.12500003222, 0.00000000000, -0.00000000631, -0.00000001203
21, 50.00000000000, 423.24912732981, -30000000.00000000000, 0.00000000000, 0.00000000000, 0.00000029416, 0.66000001198
22, 50.00000000000, 445.65472486041, -30000000.00000000000, 0.00000000000, 0.00000000000, -0.00000047619, 0.66000001198
23, 50.00000000000, 459.61323870140, -30000000.00000000000, 0.00000000000, 0.00000000000, 0.00000033825, 0.66000001198
24, 50.00000000000, 478.77037293199, -30000000.00000000000, 0.00000000000, 0.00000000000, -0.00000015733, 0.66000001198
25, 50.00000000000, 499.25836901401, -30000000.00000000000, 0.00000000000, 0.00000000000, 0.00000055928, 0.66000001198
26, 50.00000000000, 519.83089706424, -30000000.00000000000, 0.00000000000, 0.00000000000, 0.00000077868, 0.66000001198
27, 50.00000000000, 539.95500995752, -30000000.00000000000, 0.00000000000, 0.00000000000, -0.00000063235, 0.66000001198
28, 50.00000000000, 558.84808860501, -30000000.00000000000, 0.00000000000, 0.00000000000, -0.00000010571, 0.66000001198
29, 50.00000000000, 576.23000636613, 51.69975122630, 4.12500003222, 0.00000000000, 0.00000000219, -0.00000000625
30, 50.00000000000, 597.23162349900, -30000000.00000000000, 0.00000000000, 0.00000000000, 0.00000002654, 0.66000001198
31, 50.00000000000, 618.23892472634, -30000000.00000000000, 0.00000000000, 0.00000000000, 0.00000038299, 0.66000001198
32, 50.00000000000, 638.19624188440, -30000000.00000000000, 0.00000000000, 0.00000000000, -0.00000057392, 0.66000001198
33, 50.00000000000, 659.67344476441, -30000000.00000000000, 0.00000000000, 0.00000000000, -0.00000043632, 0.66000001198
34, 50.00000000000, 676.38244716116, -30000000.00000000000, 0.00000000000, 0.00000000000, 0.00000028378, 0.66000001198
35, 50.00000000000, 689.01491712432, -30000000.00000000000, 0.00000000000, 0.00000000000, 0.00000033751, 0.66000001198
36, 50.00000000000, 713.96382053077, -30000000.00000000000, 0.00000000000, 0.00000000000, -0.00000028086, 0.66000001198
37, 50.00000000000, 729.51702513903, -30000000.00000000000, 0.00000000000, 0.00000000000, 0.00000062359, 0.66000001198
38, 50.00000000000, 736.65332134242, 10.26216368998, 4.12500003222, 0.00000000000, 0.00000000166, -0.00000004500
39, 50.00000000000, 776.30856629545, -30000000.00000000000, 0.00000000000, 0.00000000000, 0.00000014019, 0.66000001198
40, 50.00000000000, 793.43561098269, -30000000.00000000000, 0.00000000000, 0.00000000000, -0.00000072272, 0.66000001198
41, 50.00000000000, 775.33116079836, 9.95973956066, 4.12500003222, 0.00000000000, 0.00000000736, -0.00000000738
42, 50.00000000000, 797.28174178050, 8.16564437427, 4.12500003222, 0.00000000000, -0.00000001729, 0.00000000918
43, 50.00000000000, 822.84187300829, 6.97532071511, 4.12500003222, 0.00000000000, 0.00000000650, -0.00000002328
44, 50.00000000000, 842.68346645630, 37.84738140778, 4.12500003222, 0.00000000000, -0.00000000475, 0.00000003831
45, 50.00000000000, 854.33605915424, 36.58337413600, 4.12500003222, 0.00000000000, -0.00000000329, 0.00000007178
46, 50.00000000000, 880.09074479856, 20.71181286214, 4.12500003222, 0.00000000000, 0.00000000042, -0.00000002318
47, 50.00000000000, 892.97797438103, 23.16109562015, 4.12500003222, 0.00000000000, -0.00000000164, -0.00000002160
48, 50.00000000000, 922.44326231583, 9.88156013990, 4.12500003222, 0.00000000000, 0.00000000184, 0.00000000268
49, 50.00000000000, 943.13082387627, 10.19622492582, 4.12500003222, 0.00000000000, 0.00000000018, -0.00000000051
50, 50.00000000000, 42.93357317337, 8.38397395850, 4.12500003222, 0.00000000000, -0.00000000695, -0.00000003245
51, 50.00000000000, 61.96897559131, 41.61999494545, 4.12500003222, 0.00000000000, -0.00000001149, -0.00000001415
52, 50.00000000000, 79.84439771379, 12.53185531913, 4.12500003222, 0.00000000000, 0.00000000469, -0.00000002469
53, 50.00000000000, 95.96569181416, 44.45260561294, 4.12500003222, 0.00000000000, 0.00000001230, -0.00000003419
54, 50.00000000000, 111.48351660754, 32.19124107640, 4.12500003222, 0.00000000000, -0.00000001890, 0.00000001022
55, 50.00000000000, 132.44096107931, 20.82686713716, 4.12500003222, 0.00000000000, 0.00000000297, -0.00000003018
56, 50.00000000000, 149.12034838570, 33.33901289201, 4.12500003222, 0.00000000000, 0.00000000402, -0.00000003974
57, 50.00000000000, 171.26145729532, 20.82747694378, 4.12500003222, 0.00000000000, -0.00000001106, -0.00000001965
58, 50.00000000000, 183.78987150457, 16.18448261035, 4.12500003222, 0.00000000000, 0.00000000219, 0.00000000235
59, 50.00000000000, 208.76229561539, 33.54364323276, 4.12500003222, 0.00000000000, 0.00000000724, 0.00000004691
60, 50.00000000000, 227.50940361840, 44.24295039386, 4.12500003222, 0.00000000000, 0.00000000052, -0.00000001874
61, 50.00000000000, 221.57541063833, -30000000.00000000000, 0.00000000000, 0.00000000000, 0.00000112567, 0.66000001198
62, 50.00000000000, 245.59968821445, -30000000.00000000000, 0.00000000000, 0.00000000000, -0.00000049258, 0.66000001198
63, 50.00000000000, 265.37796765786, -30000000.00000000000, 0.00000000000, 0.00000000000, -0.00000042699, 0.66000001198
64, 50.00000000000, 285.88134886885, -30000000.00000000000, 0.00000000000, 0.00000000000, -0.00000011660, 0.66000001198
65, 50.00000000000, 318.77271946928, 49.32799011409, 4.12500003222, 0.00000000000, -0.00000000822, 0.00000002159
66, 50.00000000000, 325.16594129052, -30000000.00000000000, 0.00000000000, 0.00000000000, -0.00000019633, 0.66000001198
67, 50.00000000000, 346.73370231404, -30000000.00000000000, 0.00000000000, 0.00000000000, -0.00000062238, 0.66000001198
68, 50.00000000000, 365.08697008615, -30000000.00000000000, 0.00000000000, 0.00000000000, -0.00000036222, 0.66000001198
69, 50.00000000000, 380.57119893922, -30000000.00000000000, 0.00000000000, 0.00000000000, -0.00000069007, 0.66000001198
70, 50.00000000000, 400.19604101210, -30000000.00000000000, 0.00000000000, 0.00000000000, 0.00000016728, 0.66000001198
71, 50.00000000000, 420.53076961336, -30000000.00000000000, 0.00000000000, 0.00000000000, 0.00000059214, 0.66000001198
72, 50.00000000000, 439.96243034513, -30000000.00000000000, 0.00000000000, 0.00000000000, 0.00000027518, 0.66000001198
73, 50.00000000000, 478.64242603367, 33.64534075522, 4.12500003222, 0.00000000000, 0.00000000531, -0.00000001078
74, 50.00000000000, 494.05429770475, 23.07850659704, 4.12500003222, 0.00000000000, 0.00000000021, 0.00000000602
75, 50.00000000000, 516.05707594112, 23.53405731884, 4.12500003222, 0.00000000000, 0.00000000154, 0.00000001246
76, 50.00000000000, 517.16575416509, -30000000.00000000000, 0.00000000000, 0.00000000000, 0.00000119260, 0.66000001198
77, 50.00000000000, 537.45103121759, -30000000.00000000000, 0.00000000000, 0.00000000000, -0.00000018725, 0.66000001198
78, 50.00000000000, 557.14258385624, -30000000.00000000000, 0.00000000000, 0.00000000000, 0.00000018966, 0.66000001198
79, 50.00000000000, 577.48187229434, -30000000.00000000000, 0.00000000000, 0.00000000000, -0.00000043423, 0.66000001198
80, 50.00000000000, 591.34392274172, 50.55750907245, 4.12500003222, 0.00000000000, 0.00000000539, 0.00000001115
81, 50.00000000000, 616.38209439551, -30000000.00000000000, 0.00000000000, 0.00000000000, 0.00000061901, 0.66000001198
82, 50.00000000000, 638.48843691888, -30000000.00000000000, 0.00000000000, 0.00000000000, -0.00000060972, 0.66000001198
83, 50.00000000000, 652.42718411292, -30000000.00000000000, 0.00000000000, 0.00000000000, 0.00000052019, 0.66000001198
84, 50.00000000000, 661.38151287208, 11.39907530277, 4.12500003222, 0.00000000000, -0.00000000259, 0.00000002810
85, 50.00000000000, 699.45105871025, -30000000.00000000000, 0.00000000000, 0.00000000000, -0.00000060012, 0.66000001198
86, 50.00000000000, 719.36195850177, -30000000.00000000000, 0.00000000000, 0.00000000000, -0.00000044453, 0.66000001198
87, 50.00000000000, 736.09359109568, -30000000.00000000000, 0.00000000000, 0.00000000000, -0.00000024452, 0.66000001198
88, 50.00000000000, 757.80470467224, -30000000.00000000000, 0.00000000000, 0.00000000000, -0.00000047411, 0.66000001198
89, 50.00000000000, 776.84769241845, -30000000.00000000000, 0.00000000000, 0.00000000000, 0.00000006921, 0.66000001198
90, 50.00000000000, 791.09480496037, -30000000.00000000000, 0.00000000000, 0.00000000000, -0.00000046688, 0.66000001198
91, 50.00000000000, 786.79721508092, 15.22911053702, 4.12500003222, 0.00000000000, 0.00000000280, -0.00000002332
92, 50.00000000000, 808.35484667264, 9.85112417516, 4.12500003222, 0.00000000000, -0.00000000582, 0.00000000210
93, 50.00000000000, 824.05078818426, 23.97741296769, 4.12500003222, 0.00000000000, -0.00000001082, -0.00000000591
94, 50.00000000000, 840.98929672123, 15.60253616706, 4.12500003222, 0.00000000000, -0.00000000579, -0.00000004970
95, 50.00000000000, 857.07282808286, 49.92694673748, 4.12500003222, 0.00000000000, -0.00000001350, 0.00000002162
96, 50.00000000000, 875.74441551118, 31.79008633713, 4.12500003222, 0.00000000000, 0.00000000636, -0.00000006354
97, 50.00000000000, 902.08133497077, 10.19634634897, 4.12500003222, 0.00000000000, -0.00000000438, 0.00000003324
98, 50.00000000000, 913.97297667257, 29.40085728575, 4.12500003222, 0.00000000000, -0.00000000323, 0.00000001256
99, 50.00000000000, 932.89779219371, 27.91751057970, 4.12500003222, 0.00000000000, -0.00000000016, -0.00000001478
100, 50.00000000000, 46.02015961920, 25.52441571407, 4.12500003222, 0.00000000000, 0.00000000997, 0.00000005736
101, 50.00000000000, 66.98415844898, 32.30534371236, 4.12500003222, 0.00000000000, -0.00000002496, 0.00000002745
102, 50.00000000000, 80.45471431006, 28.43726731184, 4.12500003222, 0.00000000000, 0.00000001053, 0.00000001054
103, 50.00000000000, 96.95319672373, 28.53896290723, 4.12500003222, 0.00000000000, 0.00000000167, 0.00000000498
104, 50.00000000000, 114.85565154610, 13.68842208008, 4.12500003222, 0.00000000000, 0.00000001087, 0.00000002622
105, 50.00000000000, 133.83391224519, 31.63949930716, 4.12500003222, 0.00000000000, 0.00000000482, -0.00000000648
106, 50.00000000000, 153.89960244198, 23.96434269395, 4.12500003222, 0.00000000000, -0.00000000252, -0.00000002955
107, 50.00000000000, 172.71167363045, 40.04456552232, 4.12500003222, 0.00000000000, 0.00000000704, -0.00000001722
108, 50.00000000000, 192.46364497761, 48.48514437007, 4.12500003222, 0.00000000000, 0.00000000727, -0.00000001145
109, 50.00000000000, 191.96417565121, 26.89317139002, 4.12500003222, 0.00000000000, -0.00000000363, -0.00000001803
110, 50.00000000000, 204.13019430052, -30000000.00000000000, 0.00000000000, 0.00000000000, 0.00000146132, 0.66000001198
111, 50.00000000000, 225.97911160098, -30000000.00000000000, 0.00000000000, 0.00000000000, 0.00000035024, 0.66000001198
112, 50.00000000000, 243.22866825318, -30000000.00000000000, 0.00000000000, 0.00000000000, -0.00000007599, 0.66000001198
113, 50.00000000000, 264.01523328468, -30000000.00000000000, 0.00000000000, 0.00000000000, -0.00000022451, 0.66000001198
114, 50.00000000000, 289.89103611179, 64.16274859453, 4.12500003222, 0.00000000000, 0.00000001557, -0.00000002319
115, 50.00000000000, 320.34983077313, 41.00416007400, 4.12500003222, 0.00000000000, -0.00000000112, -0.00000000472
116, 50.00000000000, 337.79371222462, 39.85376594070, 4.12500003222, 0.00000000000, 0.00000000050, -0.00000003123
117, 50.00000000000, 356.23481655372, 32.52168406644, 4.12500003222, 0.00000000000, 0.00000000026, -0.00000002689
118, 50.00000000000, 374.62427162888, 63.90808841524, 4.12500003222, 0.00000000000, 0.00000000184, -0.00000000844
119, 50.00000000000, 393.80199463185, 58.36466277771, 4.12500003222, 0.00000000000, -0.00000000221, -0.00000001290
120, 50.00000000000, 411.64518990048, 73.86241634069, 4.12500003222, 0.00000000000, -0.00000000110, 0.00000001394
121, 50.00000000000, 423.87353133734, 32.33309640317, 4.12500003222, 0.00000000000, 0.00000000604, -0.00000002186
122, 50.00000000000, 450.12238307806, 54.98105961065, 4.12500003222, 0.00000000000, 0.00000000037, -0.00000003797
123, 50.00000000000, 463.27277056720, -30000000.00000000000, 0.00000000000, 0.00000000000, -0.00000014459, 0.66000001198
124, 50.00000000000, 483.00174208975, 45.11287621489, 4.12500003222, 0.00000000000, -0.00000000040, -0.00000002908
125, 50.00000000000, 499.43114900716, 39.23727237136, 4.12500003222, 0.00000000000, -0.00000000213, 0.00000000862
126, 50.00000000000, 534.40694387375, 34.83412920799, 4.12500003222, 0.00000000000, 0.00000000344, 0.00000000406
127, 50.00000000000, 539.62043213270, 50.34593007657, 4.12500003222, 0.00000000000, -0.00000000666, -0.00000001471
128, 50.00000000000, 573.01826598633, 36.88933280342, 4.12500003222, 0.00000000000, -0.00000000296, -0.00000000653
129, 50.00000000000, 576.61646019143, -30000000.00000000000, 0.00000000000, 0.00000000000, -0.00000033124, 0.66000001198
130, 50.00000000000, 593.58883199785, 36.45576800634, 4.12500003222, 0.00000000000, 0.00000000453, -0.00000002149
131, 50.00000000000, 618.08911256773, -30000000.00000000000, 0.00000000000, 0.00000000000, 0.00000039761, 0.66000001198
132, 50.00000000000, 626.32435633832, 29.73555552905, 4.12500003222, 0.00000000000, 0.00000000113, 0.00000000010
133, 50.00000000000, 642.70886316841, 19.78001176654, 4.12500003222, 0.00000000000, -0.00000000060, -0.00000002037
134, 50.00000000000, 673.04033556423, -30000000.00000000000, 0.00000000000, 0.00000000000, 0.00000079810, 0.66000001198
135, 50.00000000000, 682.11035608847, 11.22867584182, 4.12500003222, 0.00000000000, -0.00000000346, 0.00000001401
136, 50.00000000000, 703.45888714960, 22.60234559162, 4.12500003222, 0.00000000000, 0.00000000208, 0.00000001635
137, 50.00000000000, 716.91869398551, 24.29571138108, 4.12500003222, 0.00000000000, -0.00000000534, 0.00000002828
138, 50.00000000000, 748.70604574178, -30000000.00000000000, 0.00000000000, 0.00000000000, 0.00000072691, 0.66000001198
139, 50.00000000000, 748.68445432453, 23.35410183448, 4.12500003222, 0.00000000000, 0.00000000712, -0.00000001189
140, 50.00000000000, 796.60859583786, -30000000.00000000000, 0.00000000000, 0.00000000000, -0.00000107220, 0.66000001198
141, 50.00000000000, 791.83011746614, 25.88001961511, 4.12500003222, 0.00000000000, 0.00000000605, -0.00000003451
142, 50.00000000000, 809.17368032137, 24.02180830970, 4.12500003222, 0.00000000000, -0.00000000439, 0.00000006990
143, 50.00000000000, 819.02710253314, 59.37334723644, 4.12500003222, 0.00000000000, 0.00000000887, 0.00000000527
144, 50.00000000000, 841.53732821266, 30.31034722403, 4.12500003222, 0.00000000000, -0.00000001485, 0.00000003852
145, 50.00000000000, 858.54375564905, 15.45691451292, 4.12500003222, 0.00000000000, 0.00000000876, -0.00000004443
146, 50.00000000000, 873.11936189493, 50.73007623859, 4.12500003222, 0.00000000000, -0.00000000563, 0.00000001066
147, 50.00000000000, 899.09470497493, 32.16647143432, 4.12500003222, 0.00000000000, 0.00000000775, 0.00000000954
148, 50.00000000000, 908.58748701654, 52.19860518867, 4.12500003222, 0.00000000000, 0.00000000195, -0.00000000431
149, 50.00000000000, 931.45967735777, 46.38266623464, 4.12500003222, 0.00000000000, -0.00000001171, 0.00000002952
150, 50.00000000000, 43.74709346933, 39.35994452135, 4.12500003222, 0.00000000000, 0.00000001748, -0.00000000049
151, 50.00000000000, 54.75486485865, 47.91735553409, 4.12500003222, 0.00000000000, 0.00000001448, -0.00000005017
152, 50.00000000000, 76.64493939391, 52.77747896563, 4.12500003222, 0.00000000000, -0.00000000629, 0.00000000576
153, 50.00000000000, 98.61406263556, 60.71528036152, 4.12500003222, 0.00000000000, 0.00000000006, -0.00000000341
154, 50.00000000000, 118.27756165988, 24.30078021760, 4.12500003222, 0.00000000000, -0.00000000224, -0.00000004461
155, 50.00000000000, 129.44148399907, 43.20669038108, 4.12500003222, 0.00000000000, 0.00000000028, 0.00000001728
156, 50.00000000000, 159.60681312044, 52.96403030474, 4.12500003222, 0.00000000000, 0.00000000585, 0.00000003814
157, 50.00000000000, 167.34226230435, 31.14609487420, 4.12500003222, 0.00000000000, -0.00000000217, 0.00000000876
158, 50.00000000000, 188.94116013893, 59.11851054565, 4.12500003222, 0.00000000000, -0.00000000466, -0.00000000167
159, 50.00000000000, 206.76022253594, 43.77982398999, 4.12500003222, 0.00000000000, 0.00000000704, 0.00000000507
160, 50.00000000000, 224.70722179463, 27.63651217861, 4.12500003222, 0.00000000000, 0.00000000697, 0.00000000262
161, 50.00000000000, 242.04034583526, 59.34468234591, 4.12500003222, 0.00000000000, 0.00000000140, 0.00000000268
162, 50.00000000000, 264.19825466366, 28.71801148761, 4.12500003222, 0.00000000000, 0.00000000477, 0.00000000304
163, 50.00000000000, 285.45787794181, 27.37262007398, 4.12500003222, 0.00000000000, -0.00000000545, 0.00000000828
164, 50.00000000000, 300.40038225612, 56.01263747738, 4.12500003222, 0.00000000000, -0.00000000826, 0.00000000853
165, 50.00000000000, 305.34692811772, -30000000.00000000000, 0.00000000000, 0.00000000000, 0.00000032003, 0.66000001198
166, 50.00000000000, 334.81389198986, 63.35267292295, 4.12500003222, 0.00000000000, -0.00000000207, 0.00000000985
167, 50.00000000000, 359.34420761082, 45.32402322695, 4.12500003222, 0.00000000000, 0.00000001046, 0.00000000857
168, 50.00000000000, 376.37568444377, 39.62334718288, 4.12500003222, 0.00000000000, -0.00000000071, 0.00000002798
169, 50.00000000000, 391.15935479782, 38.57667337795, 4.12500003222, 0.00000000000, 0.00000000666, -0.00000000114
170, 50.00000000000, 410.16146778632, 39.31382596794, 4.12500003222, 0.00000000000, -0.00000000129, 0.00000001446
171, 50.00000000000, 429.67899262980, 65.76751520972, 4.12500003222, 0.00000000000, 0.00000000262, 0.00000000841
172, 50.00000000000, 444.24636993016, 43.17635313466, 4.12500003222, 0.00000000000, 0.00000000163, 0.00000001318
173, 50.00000000000, 473.50178321168, 14.35071769911, 4.12500003222, 0.00000000000, -0.00000000304, 0.00000000915
174, 50.00000000000, 485.78582677257, -30000000.00000000000, 0.00000000000, 0.00000000000, -0.00000092903, 0.66000001198
175, 50.00000000000, 512.71102384317, 36.42632734772, 4.12500003222, 0.00000000000, 0.00000000121, -0.00000001214
176, 50.00000000000, 520.16067831043, -30000000.00000000000, 0.00000000000, 0.00000000000, 0.00000073755, 0.66000001198
177, 50.00000000000, 540.58807165255, -30000000.00000000000, 0.00000000000, 0.00000000000, -0.00000073199, 0.66000001198
178, 50.00000000000, 560.17563131839, 59.46469503189, 4.12500003222, 0.00000000000, 0.00000000176, -0.00000000235
179, 50.00000000000, 580.39732029359, 68.61082134525, 4.12500003222, 0.00000000000, -0.00000000316, 0.00000003007
180, 50.00000000000, 599.40313651468, 57.79575922863, 4.12500003222, 0.00000000000, 0.00000000166, 0.00000001185
181, 50.00000000000, 618.14376564528, 70.46202894914, 4.12500003222, 0.00000000000, 0.00000000150, -0.00000000145
182, 50.00000000000, 632.71694713075, 41.35808794801, 4.12500003222, 0.00000000000, 0.00000000105, -0.00000003462
183, 50.00000000000, 646.73687484016, 42.97997570909, 4.12500003222, 0.00000000000, -0.00000000407, 0.00000004303
184, 50.00000000000, 664.55499876392, 27.76765693015, 4.12500003222, 0.00000000000, 0.00000000039, -0.00000002011
185, 50.00000000000, 697.57836627702, -30000000.00000000000, 0.00000000000, 0.00000000000, -0.00000031553, 0.66000001198
186, 50.00000000000, 698.91660061945, 9.80240121851, 4.12500003222, 0.00000000000, -0.00000000268, 0.00000000364
187, 50.00000000000, 711.87559361696, 42.94784583724, 4.12500003222, 0.00000000000, -0.00000000305, -0.00000000431
188, 50.00000000000, 736.04368267606, 22.56689385295, 4.12500003222, 0.00000000000, 0.00000000313, 0.00000000876
189, 50.00000000000, 756.20607909745, 10.12169169142, 4.12500003222, 0.00000000000, -0.00000000568, 0.00000002211
190, 50.00000000000, 767.60386484242, 24.36642259233, 4.12500003222, 0.00000000000, -0.00000000493, 0.00000001380
191, 50.00000000000, 783.78857920021, 40.05278055741, 4.12500003222, 0.00000000000, -0.00000000497, 0.00000003194
192, 50.00000000000, 803.10855627589, 30.90347198273, 4.12500003222, 0.00000000000, 0.00000002242, -0.00000001327
193, 50.00000000000, 824.62140517435, 36.59728501959, 4.12500003222, 0.00000000000, -0.00000000490, -0.00000003578
194, 50.00000000000, 841.87654243261, 52.44423014814, 4.12500003222, 0.00000000000, 0.00000000671, -0.00000002749
195, 50.00000000000, 863.28660817861, 40.11231660492, 4.12500003222, 0.00000000000, -0.00000001218, 0.00000002996
196, 50.00000000000, 879.59381594794, 41.61313118300, 4.12500003222, 0.00000000000, 0.00000000116, 0.00000002956
197, 50.00000000000, 889.38919118392, 61.34163375865, 4.12500003222, 0.00000000000, -0.00000000662, 0.00000000175
198, 50.00000000000, 917.08831413429, 44.96617845479, 4.12500003222, 0.00000000000, -0.00000000303, -0.00000002012
199, 50.00000000000, 928.20172251834, 65.35960634580, 4.12500003222, 0.00000000000, 0.00000000351, 0.00000000046
200, 50.00000000000, 48.71858775989, 72.29707030548, 4.12500003222, 0.00000000000, -0.00000001742, 0.00000002869
201, 50.00000000000, 62.96183614361, 56.16563414911, 4.12500003222, 0.00000000000, 0.00000000304, -0.00000006309
202, 50.00000000000, 86.07331625025, 63.73778867880, 4.12500003222, 0.00000000000, -0.00000001713, 0.00000001551
203, 50.00000000000, 104.04758060177, 75.95909677692, 4.12500003222, 0.00000000000, 0.00000000566, 0.00000002466
204, 50.00000000000, 119.85901806458, 63.47726550816, 4.12500003222, 0.00000000000, -0.00000000405, 0.00000002506
205, 50.00000000000, 137.48743003931, 54.77552972441, 4.12500003222, 0.00000000000, -0.00000000116, -0.00000001117
206, 50.00000000000, 151.36131426137, 45.57089021570, 4.12500003222, 0.00000000000, -0.00000000621, 0.00000001725
207, 50.00000000000, 172.84224756164, 55.32654822187, 4.12500003222, 0.00000000000, 0.00000000345, 0.00000001194
208, 50.00000000000, 186.18949428629, 37.85045448834, 4.12500003222, 0.00000000000, 0.00000000339, 0.00000001298
209, 50.00000000000, 208.42998984746, 59.03421771168, 4.12500003222, 0.00000000000, 0.00000000361, -0.00000000514
210, 50.00000000000, 224.01913416109, 51.54268657698, 4.12500003222, 0.00000000000, -0.00000000932, -0.00000002388
211, 50.00000000000, 244.91423591096, 38.43366368674, 4.12500003222, 0.00000000000, -0.00000001101, 0.00000002258
212, 50.00000000000, 267.89254154074, 41.73545097456, 4.12500003222, 0.00000000000, 0.00000000259, -0.00000000804
213, 50.00000000000, 276.18887228650, 63.20316802303, 4.12500003222, 0.00000000000, 0.00000000341, 0.00000000601
214, 50.00000000000, 301.78594212691, 43.13365428762, 4.12500003222, 0.00000000000, -0.00000000672, 0.00000001897
215, 50.00000000000, 311.41587006505, 66.48622641842, 4.12500003222, 0.00000000000, -0.00000000057, -0.00000002378
216, 50.00000000000, 322.34755010605, -30000000.00000000000, 0.00000000000, 0.00000000000, 0.00000022978, 0.66000001198
217, 50.00000000000, 355.67733106768, 68.47048405987, 4.12500003222, 0.00000000000, -0.00000000557, -0.00000000111
218, 50.00000000000, 359.13112409815, -30000000.00000000000, 0.00000000000, 0.00000000000, 0.00000055342, 0.66000001198
219, 50.00000000000, 400.10793177197, 31.48586295801, 4.12500003222, 0.00000000000, -0.00000000969, 0.00000000731
220, 50.00000000000, 411.35681938896, 63.14849957464, 4.12500003222, 0.00000000000, 0.00000000208, 0.00000000934
221, 50.00000000000, 427.40135748604, 55.69616359944, 4.12500003222, 0.00000000000, 0.00000000381, -0.00000000298
222, 50.00000000000, 463.01303428920, 73.21777211829, 4.12500003222, 0.00000000000, 0.00000000664, -0.00000000786
223, 50.00000000000, 466.37038258796, 53.76906238098, 4.12500003222, 0.00000000000, -0.00000000141, 0.00000001611
224, 50.00000000000, 482.44705983896, 69.08282474629, 4.12500003222, 0.00000000000, -0.00000000491, 0.00000000790
225, 50.00000000000, 501.95745985939, 74.65657772530, 4.12500003222, 0.00000000000, -0.00000000458, 0.00000001259
226, 50.00000000000, 523.01118712662, 67.38802422194, 4.12500003222, 0.00000000000, 0.00000000369, 0.00000000465
227, 50.00000000000, 540.00227314995, 59.04743858208, 4.12500003222, 0.00000000000, -0.00000000369, 0.00000000202
228, 50.00000000000, 555.05513150013, 41.51602840706, 4.12500003222, 0.00000000000, -0.00000000148, -0.00000001393
229, 50.00000000000, 577.78764605067, -30000000.00000000000, 0.00000000000, 0.00000000000, -0.00000046634, 0.66000001198
230, 50.00000000000, 599.79912028415, 73.07724301243, 4.12500003222, 0.00000000000, -0.00000000324, -0.00000000403
231, 50.00000000000, 613.78591821283, 51.81144167357, 4.12500003222, 0.00000000000, -0.00000000406, -0.00000000643
232, 50.00000000000, 635.42784818765, 64.15861067268, 4.12500003222, 0.00000000000, 0.00000000147, 0.00000000401
233, 50.00000000000, 648.56438637166, 32.70697054558, 4.12500003222, 0.00000000000, 0.00000000625, -0.00000002127
234, 50.00000000000, 665.74286458923, 44.31353724541, 4.12500003222, 0.00000000000, -0.00000000171, -0.00000000213
235, 50.00000000000, 680.73442143095, 25.89881981354, 4.12500003222, 0.00000000000, -0.00000000292, -0.00000001727
236, 50.00000000000, 695.60592392553, 32.91362757002, 4.12500003222, 0.00000000000, 0.00000000970, 0.00000000961
237, 50.00000000000, 719.03897903732, 8.59033623851, 4.12500003222, 0.00000000000, 0.00000000072, 0.00000002158
238, 50.00000000000, 732.04288216902, 43.51318312003, 4.12500003222, 0.00000000000, -0.00000000539, 0.00000000828
239, 50.00000000000, 749.57035093135, 42.80182351697, 4.12500003222, 0.00000000000, 0.00000000112, 0.00000000368
240, 50.00000000000, 767.32858892205, 47.24430290455, 4.12500003222, 0.00000000000, -0.00000000350, -0.00000001920
241, 50.00000000000, 785.71260990554, 30.89599672974, 4.12500003222, 0.00000000000, 0.00000000181, -0.00000001500
242, 50.00000000000, 806.60314428314, 40.80875484397, 4.12500003222, 0.00000000000, -0.00000000478, -0.00000002352
243, 50.00000000000, 821.73493611660, 45.04290653919, 4.12500003222, 0.00000000000, -0.00000000059, -0.00000000476
244, 50.00000000000, 834.96427711871, 52.40902571703, 4.12500003222, 0.00000000000, 0.00000001436, -0.00000001754
245, 50.00000000000, 855.03861981897, 60.52683410304, 4.12500003222, 0.00000000000, 0.00000000103, -0.00000004349
246, 50.00000000000, 871.79957562358, 64.23735376639, 4.12500003222, 0.00000000000, -0.00000000310, 0.00000000273
247, 50.00000000000, 894.40072658355, 43.37673333006, 4.12500003222, 0.00000000000, 0.00000000657, -0.00000000116
248, 50.00000000000, 904.37548707495, 65.08808097157, 4.12500003222, 0.00000000000, -0.00000000558, -0.00000001264
249, 50.00000000000, 918.83516478838, 64.47625262333, 4.12500003222, 0.00000000000, 0.00000000170, -0.00000002061
250, 50.00000000000, 42.73489592545, 57.42534070131, 4.12500003222, 0.00000000000, -0.00000001201, 0.00000001408
251, 50.00000000000, 64.64770366460, 66.54725988401, 4.12500003222, 0.00000000000, 0.00000001498, 0.00000000440
252, 50.00000000000, 79.42600611791, 72.49321308506, 4.12500003222, 0.00000000000, 0.00000000514, -0.00000001903
253, 50.00000000000, 90.43813079556, 84.79875015572, 4.12500003222, 0.00000000000, 0.00000000922, 0.00000000443
254, 50.00000000000, 114.54710935477, 46.29620303933, 4.12500003222, 0.00000000000, -0.00000000463, 0.00000000688
255, 50.00000000000, 134.90370106741, 75.84156117500, 4.12500003222, 0.00000000000, -0.00000000507, 0.00000000722
256, 50.00000000000, 152.66391089770, 67.74354049903, 4.12500003222, 0.00000000000, 0.00000000677, 0.00000000071
257, 50.00000000000, 170.65475469214, 73.05043483470, 4.12500003222, 0.00000000000, -0.00000000035, -0.00000001532
258, 50.00000000000, 189.15411527662, 71.98888925470, 4.12500003222, 0.00000000000, -0.00000000233, 0.00000001057
259, 50.00000000000, 205.93199571646, 77.61901035554, 4.12500003222, 0.00000000000, -0.00000000260, -0.00000000856
260, 50.00000000000, 225.32040345701, 69.10626376850, 4.12500003222, 0.00000000000, 0.00000000041, -0.00000000711
261, 50.00000000000, 242.58367662812, 79.90195310332, 4.12500003222, 0.00000000000, 0.00000000168, 0.00000000105
262, 50.00000000000, 259.69328350221, 52.82375376753, 4.12500003222, 0.00000000000, 0.00000000297, -0.00000000539
263, 50.00000000000, 276.76716983810, 82.97313567509, 4.12500003222, 0.00000000000, -0.00000000373, -0.00000001517
264, 50.00000000000, 295.43744479932, 78.90927026859, 4.12500003222, 0.00000000000, 0.00000000867, -0.00000000617
265, 50.00000000000, 322.26344289157, 58.73804790434, 4.12500003222, 0.00000000000, 0.00000000055, -0.00000000156
266, 50.00000000000, 340.67405390290, 50.68863062230, 4.12500003222, 0.00000000000, -0.00000000397, 0.00000000991
267, 50.00000000000, 355.27318860615, 54.65625178882, 4.12500003222, 0.00000000000, 0.00000000459, 0.00000002630
268, 50.00000000000, 372.94830099717, 51.71389220208, 4.12500003222, 0.00000000000, 0.00000000399, -0.00000000730
269, 50.00000000000, 391.73440493584, 49.94640824477, 4.12500003222, 0.00000000000, -0.00000000094, -0.00000002045
270, 50.00000000000, 408.21246281946, 52.69540299359, 4.12500003222, 0.00000000000, -0.00000000719, -0.00000000795
271, 50.00000000000, 430.52557923513, 46.81658086714, 4.12500003222, 0.00000000000, 0.00000000200, -0.00000000882
272, 50.00000000000, 445.70944193632, 65.64526146984, 4.12500003222, 0.00000000000, -0.00000000205, 0.00000002055
273, 50.00000000000, 461.81949669740, 34.92482764487, 4.12500003222, 0.00000000000, -0.00000000060, -0.00000002603
274, 50.00000000000, 488.13280660254, 56.22699802284, 4.12500003222, 0.00000000000, 0.00000000823, -0.00000000753
275, 50.00000000000, 503.78111291024, 56.80064657558, 4.12500003222, 0.00000000000, 0.00000000270, -0.00000000617
276, 50.00000000000, 520.88494607881, 48.11831852699, 4.12500003222, 0.00000000000, 0.00000000121, -0.00000002341
277, 50.00000000000, 544.24518774352, 74.26429085268, 4.12500003222, 0.00000000000, -0.00000000405, -0.00000000119
278, 50.00000000000, 558.05942854432, 127.88919172225, 4.12500003222, 0.00000000000, 0.00000000000, 0.00000000000
279, 50.00000000000, 586.98311150440, 88.69861804901, 4.12500003222, 0.00000000000, -0.00000000117, -0.00000000598
280, 50.00000000000, 587.96857397595, 108.87425234999, 4.12500003222, 0.00000000000, 0.00000000020, 0.00000000416
281, 50.00000000000, 610.73896169671, 38.71230170420, 4.12500003222, 0.00000000000, 0.00000000117, -0.00000000420
282, 50.00000000000, 629.91729398287, 51.22642223235, 4.12500003222, 0.00000000000, -0.00000000127, 0.00000001872
283, 50.00000000000, 651.81850984216, 56.55943408209, 4.12500003222, 0.00000000000, -0.00000000193, -0.00000001017
284, 50.00000000000, 674.20574558020, 62.35531788825, 4.12500003222, 0.00000000000, 0.00000000509, 0.00000001232
285, 50.00000000000, 681.56782111510, 43.71195633509, 4.12500003222, 0.00000000000, 0.00000000601, 0.00000000983
286, 50.00000000000, 696.53758445018, 55.98165037533, 4.12500003222, 0.00000000000, -0.00000000552, -0.00000001314
287, 50.00000000000, 718.19785929746, 61.00386389716, 4.12500003222, 0.00000000000, -0.00000000029, -0.00000001290
288, 50.00000000000, 727.78845930115, 30.64985138247, 4.12500003222, 0.00000000000, -0.00000001000, -0.00000002029
289, 50.00000000000, 750.33944899084, 32.21601217142, 4.12500003222, 0.00000000000, 0.00000000787, -0.00000000694
290, 50.00000000000, 769.40233026360, 31.98165717173, 4.12500003222, 0.00000000000, -0.00000001312, 0.00000000851
291, 50.00000000000, 786.72589103240, 50.29579653635, 4.12500003222, 0.00000000000, -0.00000000254, 0.00000001216
292, 50.00000000000, 802.11132499998, 48.84554540289, 4.12500003222, 0.00000000000, -0.00000000120, -0.00000003990
293, 50.00000000000, 826.66083707725, 70.06787403499, 4.12500003222, 0.00000000000, -0.00000000163, -0.00000000564
294, 50.00000000000, 842.77964257093, 71.12586049041, 4.12500003222, 0.00000000000, 0.00000000257, -0.00000001641
295, 50.00000000000, 861.90556560481, 27.42565119704, 4.12500003222, 0.00000000000, 0.00000001480, -0.00000002583
296, 50.00000000000, 862.62485723931, 81.10586187593, 4.12500003222, 0.00000000000, 0.00000000087, -0.00000002370
297, 50.00000000000, 885.44520136812, 79.86151694455, 4.12500003222, 0.00000000000, -0.00000000152, -0.00000001207
298, 50.00000000000, 905.50036852916, 77.80705658261, 4.12500003222, 0.00000000000, -0.00000000662, -0.00000001631
299, 50.00000000000, 921.55246524400, 83.36930404237, 4.12500003222, 0.00000000000, 0.00000000733, 0.00000000752
