0, 50.00000000000, 15.54245458524, 15.22995870501, 4.50000015917, 0.00000000000, 0.00000000000, 0.00000000000
1, 50.00000000000, 24.00396971707, 11.56829001464, 4.50000015917, 0.00000000000, 0.00000000000, 0.00000000000
2, 50.00000000000, 47.74021426154, 12.69513102653, 4.50000015917, 0.00000000000, 0.00000000000, 0.00000000000
3, 50.00000000000, 59.72365226354, 17.76783172198, 4.50000015917, 0.00000000000, 0.00000000000, 0.00000000000
4, 50.00000000000, 79.42639866121, 13.82862372567, 4.50000015917, 0.00000000000, 0.00000000000, 0.00000000000
5, 50.00000000000, 99.49887318351, 13.79738220052, 4.50000015917, 0.00000000000, 0.00000000000, 0.00000000000
6, 50.00000000000, 115.54176037537, 15.10447066322, 4.50000015917, 0.00000000000, 0.00000000000, 0.00000000000
7, 50.00000000000, 133.82481096307, 16.87522812673, 4.50000015917, 0.00000000000, 0.00000000000, 0.00000000000
8, 50.00000000000, 150.93465750922, 12.81192728749, 4.50000015917, 0.00000000000, 0.00000000000, 0.00000000000
9, 50.00000000000, 166.67969887386, 11.38883481359, 4.50000015917, 0.00000000000, 0.00000000000, 0.00000000000
10, 50.00000000000, 187.03909966121, 14.29588627118, 4.50000015917, 0.00000000000, 0.00000000000, 0.00000000000
11, 50.00000000000, 200.90438634419, 12.57188403669, 4.50000015917, 0.00000000000, 0.00000000000, 0.00000000000
12, 50.00000000000, nan, 7.39010200043, 4.50000015917, 0.00000000000, nan, 0.00000000000
13, 50.00000000000, 221.49676250818, 19.62958449541, 4.50000015917, 0.00000000000, 0.00000000139, -0.00000000092
14, 50.00000000000, 241.67107151478, 11.32246012274, 4.50000015917, 0.00000000000, -0.00000000118, -0.00000000739
15, 50.00000000000, 261.40514857105, 20.39719529478, 4.50000015917, 0.00000000000, -0.00000000258, 0.00000000089
16, 50.00000000000, 281.06312780588, 11.22475576021, 4.50000015917, 0.00000000000, 0.00000000237, -0.00000000536
17, 50.00000000000, 302.84926698997, 11.26495002730, 4.50000015917, 0.00000000000, -0.00000000075, -0.00000000512
18, 50.00000000000, 322.17389170289, 21.25269972361, 4.50000015917, 0.00000000000, 0.00000000129, -0.00000000058
19, 50.00000000000, 341.49521342989, 11.26500627328, 4.50000015917, 0.00000000000, -0.00000000074, -0.00000000447
20, 50.00000000000, 363.31933782298, 11.27820081905, 4.50000015917, 0.00000000000, -0.00000000021, -0.00000000479
21, 50.00000000000, 382.75920589171, 21.00403908478, 4.50000015917, 0.00000000000, -0.00000000052, 0.00000000017
22, 50.00000000000, 402.18761635035, 11.20771709602, 4.50000015917, 0.00000000000, -0.00000000029, -0.00000002031
23, 50.00000000000, 413.38782746358, 29.63619802355, 4.50000015917, 0.00000000000, -0.00000000161, 0.00000000410
24, 50.00000000000, 424.49032765005, 11.24039964231, 4.50000015917, 0.00000000000, 0.00000000143, -0.00000002382
25, 50.00000000000, 443.52533572736, 21.71968240805, 4.50000015917, 0.00000000000, 0.00000000040, 0.00000000025
26, 50.00000000000, 462.60276945743, 11.26669491716, 4.50000015917, 0.00000000000, 0.00000000076, -0.00000000558
27, 50.00000000000, 484.35007211464, 11.21302437634, 4.50000015917, 0.00000000000, -0.00000000076, -0.00000000516
28, 50.00000000000, 503.73361977337, 21.15158416884, 4.50000015917, 0.00000000000, 0.00000000066, 0.00000000003
29, 50.00000000000, 523.18055573489, 11.23342464609, 4.50000015917, 0.00000000000, -0.00000000056, -0.00000002064
30, 50.00000000000, 534.35155640319, 29.63444836647, 4.50000015917, 0.00000000000, 0.00000000023, 0.00000000208
31, 50.00000000000, 545.50712535994, 11.19089079903, 4.50000015917, 0.00000000000, 0.00000000015, -0.00000002068
32, 50.00000000000, 564.70322957598, 21.51271679577, 4.50000015917, 0.00000000000, -0.00000000091, 0.00000000023
33, 50.00000000000, 583.79315639565, 11.26255344795, 4.50000015917, 0.00000000000, 0.00000000087, -0.00000000575
34, 50.00000000000, 605.53636121862, 11.31760600857, 4.50000015917, 0.00000000000, -0.00000000020, -0.00000001465
35, 50.00000000000, 616.56409408255, 29.58386528980, 4.50000015917, 0.00000000000, -0.00000000014, -0.00000000009
36, 50.00000000000, 627.82277799095, 11.16901255210, 4.50000015917, 0.00000000000, 0.00000000089, -0.00000001963
37, 50.00000000000, 646.80969524682, 21.84928512500, 4.50000015917, 0.00000000000, -0.00000000248, 0.00000000037
38, 50.00000000000, 665.68987435651, 11.29105859328, 4.50000015917, 0.00000000000, 0.00000000121, -0.00000001230
39, 50.00000000000, 684.69302195105, 21.69069715159, 4.50000015917, 0.00000000000, -0.00000000089, 0.00000000095
40, 50.00000000000, 703.73148024032, 11.28173357952, 4.50000015917, 0.00000000000, 0.00000000229, -0.00000001137
41, 50.00000000000, 722.61575837762, 22.10771098852, 4.50000015917, 0.00000000000, -0.00000000224, -0.00000000020
42, 50.00000000000, 741.37266379648, 11.25227252540, 4.50000015917, 0.00000000000, -0.00000000143, -0.00000002423
43, 50.00000000000, 752.44066811591, 29.63837599719, 4.50000015917, 0.00000000000, 0.00000000194, 0.00000000286
44, 50.00000000000, 763.54938683861, 11.19950174005, 4.50000015917, 0.00000000000, 0.00000000014, -0.00000001445
45, 50.00000000000, 785.29837403195, 11.25888591132, 4.50000015917, 0.00000000000, -0.00000000104, -0.00000000731
46, 50.00000000000, 803.64706115259, 22.74559892135, 4.50000015917, 0.00000000000, -0.00000000014, 0.00000000160
47, 50.00000000000, 821.95678018475, 11.21278090693, 4.50000015917, 0.00000000000, 0.00000000078, -0.00000001392
48, 50.00000000000, 840.57258040999, 22.28331352326, 4.50000015917, 0.00000000000, -0.00000000085, 0.00000000132
49, 50.00000000000, 859.23043665228, 11.24805807233, 4.50000015917, 0.00000000000, 0.00000000071, -0.00000001402
50, 50.00000000000, 877.54020037686, 22.86443197078, 4.50000015917, 0.00000000000, -0.00000000041, 0.00000000099
51, 50.00000000000, 895.82596980311, 11.28271525823, 4.50000015917, 0.00000000000, 0.00000000144, -0.00000001311
52, 50.00000000000, 914.65310980600, 22.08112420998, 4.50000015917, 0.00000000000, -0.00000000012, -0.00000000008
53, 50.00000000000, 933.46219178730, 11.25536310817, 4.50000015917, 0.00000000000, -0.00000000080, -0.00000000588
54, 50.00000000000, 955.20540550837, 11.18717186113, 4.50000015917, 0.00000000000, 0.00000000167, -0.00000001360
55, 50.00000000000, 966.41068642513, 29.61012724549, 4.50000015917, 0.00000000000, -0.00000000216, 0.00000000150
56, 50.00000000000, 977.47400930179, 11.27063667275, 4.50000015917, 0.00000000000, 0.00000000130, -0.00000001721
57, 50.00000000000, 999.25736378765, 11.27278376052, 4.50000015917, 0.00000000000, 0.00000000050, -0.00000000590
58, 50.00000000000, 1017.83825760161, 22.43045632724, 4.50000015917, 0.00000000000, -0.00000000191, 0.00000000044
59, 50.00000000000, 1036.41638292808, 11.20036841645, 4.50000015917, 0.00000000000, 0.00000000234, -0.00000000703
60, 50.00000000000, 1058.16067111830, 11.29559588312, 4.50000015917, 0.00000000000, -0.00000000093, -0.00000000636
61, 50.00000000000, 1076.61087807522, 22.65801725454, 4.50000015917, 0.00000000000, 0.00000000121, -0.00000000102
62, 50.00000000000, 1095.08359424092, 11.36976915674, 4.50000015917, 0.00000000000, -0.00000000116, -0.00000001907
63, 50.00000000000, 1106.21163919138, 29.63600290413, 4.50000015917, 0.00000000000, -0.00000000061, -0.00000000151
64, 50.00000000000, 1117.27680150748, 11.17867811793, 4.50000015917, 0.00000000000, 0.00000000001, -0.00000001449
65, 50.00000000000, 1139.04266986724, 11.23079131174, 4.50000015917, 0.00000000000, -0.00000000038, -0.00000000706
66, 50.00000000000, 1157.31491951722, 22.81130768223, 4.50000015917, 0.00000000000, 0.00000000064, 0.00000000040
67, 50.00000000000, 1175.64093993003, 11.25621232361, 4.50000015917, 0.00000000000, -0.00000000191, -0.00000001521
68, 50.00000000000, 1193.44107073166, 23.59416266823, 4.50000015917, 0.00000000000, 0.00000000278, 0.00000000042
69, 50.00000000000, 1211.22199565153, 11.29874991831, 4.50000015917, 0.00000000000, -0.00000000158, -0.00000000666
70, 50.00000000000, 1233.02787616231, 11.32042291309, 4.50000015917, 0.00000000000, 0.00000000227, -0.00000001138
71, 50.00000000000, 1244.09657774154, 29.72414415786, 4.50000015917, 0.00000000000, -0.00000000009, -0.00000000669
72, 50.00000000000, 1255.16096479961, 11.31752241544, 4.50000015917, 0.00000000000, -0.00000000212, -0.00000001165
73, 50.00000000000, 1276.88688404311, 11.24031174991, 4.50000015917, 0.00000000000, 0.00000000238, -0.00000000500
74, 50.00000000000, 1295.74898414792, 22.07426396538, 4.50000015917, 0.00000000000, -0.00000000266, -0.00000000015
75, 50.00000000000, 1314.51603716439, 11.24916063265, 4.50000015917, 0.00000000000, 0.00000000139, -0.00000001249
76, 50.00000000000, 1333.27374368587, 22.26866983841, 4.50000015917, 0.00000000000, 0.00000000084, -0.00000000076
77, 50.00000000000, 1351.94833950036, 11.31733658784, 4.50000015917, 0.00000000000, -0.00000000083, -0.00000001179
78, 50.00000000000, 1370.34038759092, 22.72039627836, 4.50000015917, 0.00000000000, 0.00000000028, -0.00000000061
79, 50.00000000000, 1388.59814050746, 11.26514567349, 4.50000015917, 0.00000000000, -0.00000001957, -0.00000000613
