0, 50.00000000000, 13.44813316682, 14.84391551274, 4.50000015917, 0.00000000000, 0.00000000000, 0.00000000000
1, 50.00000000000, 26.20890455771, 11.64792188129, 4.50000015917, 0.00000000000, 0.00000000000, 0.00000000000
2, 50.00000000000, 49.32056519731, 12.12267017910, 4.50000015917, 0.00000000000, 0.00000000000, 0.00000000000
3, 50.00000000000, 59.38312648161, 14.72381368165, 4.50000015917, 0.00000000000, 0.00000000000, 0.00000000000
4, 50.00000000000, 80.92454632191, 13.13418022479, 4.50000015917, 0.00000000000, 0.00000000000, 0.00000000000
5, 50.00000000000, 98.97243022077, 13.05766185151, 4.50000015917, 0.00000000000, 0.00000000000, 0.00000000000
6, 50.00000000000, 115.63609217710, 12.33610836945, 4.50000015917, 0.00000000000, 0.00000000000, 0.00000000000
7, 50.00000000000, 134.30660403050, 13.88782819210, 4.50000015917, 0.00000000000, 0.00000000000, 0.00000000000
8, 50.00000000000, 149.55335828627, 12.05229395890, 4.50000015917, 0.00000000000, 0.00000000000, 0.00000000000
9, 50.00000000000, 166.47809783838, 11.55825091391, 4.50000015917, 0.00000000000, 0.00000000000, 0.00000000000
10, 50.00000000000, 185.36588933211, 14.35810503521, 4.50000015917, 0.00000000000, 0.00000000000, 0.00000000000
11, 50.00000000000, 204.50769516665, 11.92338051485, 4.50000015917, 0.00000000000, 0.00000000000, 0.00000000000
12, 50.00000000000, nan, 8.56717638149, 4.50000015917, 0.00000000000, nan, 0.00000000000
13, 50.00000000000, 224.24851118517, 20.83938973571, 4.50000015917, 0.00000000000, 0.00000000090, 0.00000000065
14, 50.00000000000, 243.76239232384, 11.22133508653, 4.50000015917, 0.00000000000, 0.00000000048, -0.00000000977
15, 50.00000000000, 263.25938661143, 20.85631264502, 4.50000015917, 0.00000000000, -0.00000000058, 0.00000000041
16, 50.00000000000, 282.76054015775, 11.23112304418, 4.50000015917, 0.00000000000, -0.00000000043, -0.00000000505
17, 50.00000000000, 304.47976413831, 11.26620765217, 4.50000015917, 0.00000000000, 0.00000000040, -0.00000000578
18, 50.00000000000, 323.47100880508, 21.79060468265, 4.50000015917, 0.00000000000, -0.00000000055, 0.00000000062
19, 50.00000000000, 342.42366691554, 11.26769861871, 4.50000015917, 0.00000000000, 0.00000000012, -0.00000000602
20, 50.00000000000, 364.19467555718, 11.23727487686, 4.50000015917, 0.00000000000, 0.00000000275, -0.00000000410
21, 50.00000000000, 383.54846532517, 21.18178243858, 4.50000015917, 0.00000000000, -0.00000000278, -0.00000000045
22, 50.00000000000, 402.91046766500, 11.24210413671, 4.50000015917, 0.00000000000, 0.00000000135, -0.00000002080
23, 50.00000000000, 414.09910961831, 29.62588957262, 4.50000015917, 0.00000000000, 0.00000000170, -0.00000000151
24, 50.00000000000, 425.29491303350, 11.35711022818, 4.50000015917, 0.00000000000, -0.00000000216, -0.00000001782
25, 50.00000000000, 444.52992850620, 21.37188939314, 4.50000015917, 0.00000000000, -0.00000000133, 0.00000000075
26, 50.00000000000, 463.71300518621, 11.24424764300, 4.50000015917, 0.00000000000, 0.00000000240, -0.00000000593
27, 50.00000000000, 485.52395646171, 11.25844127340, 4.50000015917, 0.00000000000, -0.00000000113, -0.00000000535
28, 50.00000000000, 504.70977594186, 21.54472269946, 4.50000015917, 0.00000000000, 0.00000000155, -0.00000000085
29, 50.00000000000, 523.77042785452, 11.30566357642, 4.50000015917, 0.00000000000, -0.00000000001, -0.00000001712
30, 50.00000000000, 534.92256951376, 29.63591700099, 4.50000015917, 0.00000000000, -0.00000000078, -0.00000000313
31, 50.00000000000, 546.04441279981, 11.15825984003, 4.50000015917, 0.00000000000, 0.00000000001, -0.00000001873
32, 50.00000000000, 565.25452757918, 21.61487848735, 4.50000015917, 0.00000000000, -0.00000000028, -0.00000000076
33, 50.00000000000, 584.31100440304, 11.25290327180, 4.50000015917, 0.00000000000, -0.00000000133, -0.00000000514
34, 50.00000000000, 606.02678588697, 11.33080292050, 4.50000015917, 0.00000000000, 0.00000000150, -0.00000001294
35, 50.00000000000, 617.17724710116, 29.65844547818, 4.50000015917, 0.00000000000, -0.00000000063, -0.00000000248
36, 50.00000000000, 628.27892233181, 11.33510682863, 4.50000015917, 0.00000000000, 0.00000000131, -0.00000001866
37, 50.00000000000, 647.42809494599, 21.56267767525, 4.50000015917, 0.00000000000, -0.00000000212, -0.00000000028
38, 50.00000000000, 666.51770546018, 11.27663854160, 4.50000015917, 0.00000000000, 0.00000000125, -0.00000001083
39, 50.00000000000, 685.69335894050, 21.30057911639, 4.50000015917, 0.00000000000, -0.00000000134, 0.00000000033
40, 50.00000000000, 704.97788187112, 11.22616721955, 4.50000015917, 0.00000000000, -0.00000000004, -0.00000001167
41, 50.00000000000, 723.90149966731, 21.79877701674, 4.50000015917, 0.00000000000, 0.00000000162, -0.00000000009
42, 50.00000000000, 742.90023386495, 11.36758818229, 4.50000015917, 0.00000000000, -0.00000000089, -0.00000001945
43, 50.00000000000, 754.03563876034, 29.64496784629, 4.50000015917, 0.00000000000, 0.00000000057, -0.00000000181
44, 50.00000000000, 765.16930574510, 11.30921859286, 4.50000015917, 0.00000000000, -0.00000000207, -0.00000001331
45, 50.00000000000, 786.86170478602, 11.27197067612, 4.50000015917, 0.00000000000, 0.00000000051, -0.00000000642
46, 50.00000000000, 805.58491709155, 22.08486630009, 4.50000015917, 0.00000000000, 0.00000000004, 0.00000000103
47, 50.00000000000, 824.41422465576, 11.23648605166, 4.50000015917, 0.00000000000, -0.00000000001, -0.00000001312
48, 50.00000000000, 842.84490735438, 22.56000846943, 4.50000015917, 0.00000000000, -0.00000000041, 0.00000000100
49, 50.00000000000, 861.33272126872, 11.19371616202, 4.50000015917, 0.00000000000, 0.00000000067, -0.00000001414
50, 50.00000000000, 879.49177804042, 23.15187845455, 4.50000015917, 0.00000000000, 0.00000000207, -0.00000000113
51, 50.00000000000, 897.57896527145, 11.27212223873, 4.50000015917, 0.00000000000, -0.00000000159, -0.00000001249
52, 50.00000000000, 915.72356361657, 22.97129186204, 4.50000015917, 0.00000000000, -0.00000000098, 0.00000000035
53, 50.00000000000, 933.93596258241, 11.27739131458, 4.50000015917, 0.00000000000, 0.00000000108, -0.00000000727
54, 50.00000000000, 955.70616980750, 11.21468215487, 4.50000015917, 0.00000000000, -0.00000000150, -0.00000001642
55, 50.00000000000, 966.89483983091, 29.57714778756, 4.50000015917, 0.00000000000, 0.00000000106, 0.00000000197
56, 50.00000000000, 977.94880872205, 11.32563263485, 4.50000015917, 0.00000000000, 0.00000000125, -0.00000001482
57, 50.00000000000, 999.72171869170, 11.22620975456, 4.50000015917, 0.00000000000, -0.00000000108, -0.00000000688
58, 50.00000000000, 1017.83114967462, 23.16882053147, 4.50000015917, 0.00000000000, 0.00000000104, -0.00000000083
59, 50.00000000000, 1036.00496415156, 11.26542289595, 4.50000015917, 0.00000000000, -0.00000000265, -0.00000000618
60, 50.00000000000, 1057.71704548489, 11.28465871903, 4.50000015917, 0.00000000000, 0.00000000210, -0.00000000668
61, 50.00000000000, 1075.82584494438, 23.23563571455, 4.50000015917, 0.00000000000, -0.00000000030, -0.00000000062
62, 50.00000000000, 1093.88245759351, 11.17227977498, 4.50000015917, 0.00000000000, -0.00000000025, -0.00000002192
63, 50.00000000000, 1104.94696802698, 29.64100288516, 4.50000015917, 0.00000000000, 0.00000000139, -0.00000000153
64, 50.00000000000, 1116.06709047810, 11.29961535414, 4.50000015917, 0.00000000000, -0.00000000150, -0.00000001284
65, 50.00000000000, 1137.84179047416, 11.24135962353, 4.50000015917, 0.00000000000, -0.00000000029, -0.00000000655
66, 50.00000000000, 1156.37069766929, 22.45171457997, 4.50000015917, 0.00000000000, 0.00000000109, 0.00000000007
67, 50.00000000000, 1174.96745171434, 11.30073343044, 4.50000015917, 0.00000000000, -0.00000000025, -0.00000001222
68, 50.00000000000, 1193.44778792606, 22.52395382209, 4.50000015917, 0.00000000000, -0.00000000039, -0.00000000004
69, 50.00000000000, 1212.00152123675, 11.27619490742, 4.50000015917, 0.00000000000, -0.00000000114, -0.00000000638
70, 50.00000000000, 1233.69519546600, 11.31550389030, 4.50000015917, 0.00000000000, 0.00000000208, -0.00000001459
71, 50.00000000000, 1244.79844360948, 29.66330555089, 4.50000015917, 0.00000000000, -0.00000000073, 0.00000000076
72, 50.00000000000, 1255.97889315282, 11.26991484492, 4.50000015917, 0.00000000000, -0.00000000028, -0.00000001545
73, 50.00000000000, 1277.72153952571, 11.29819880493, 4.50000015917, 0.00000000000, 0.00000000044, -0.00000000662
74, 50.00000000000, 1295.93094800957, 22.95783976087, 4.50000015917, 0.00000000000, -0.00000000072, 0.00000000000
75, 50.00000000000, 1314.13030150902, 11.30754162570, 4.50000015917, 0.00000000000, -0.00000000035, -0.00000001381
76, 50.00000000000, 1332.73153279585, 22.46194344687, 4.50000015917, 0.00000000000, 0.00000000078, 0.00000000059
77, 50.00000000000, 1351.25597683492, 11.19154873992, 4.50000015917, 0.00000000000, 0.00000000074, -0.00000001197
78, 50.00000000000, 1370.02610695393, 22.19466554734, 4.50000015917, 0.00000000000, -0.00000000102, -0.00000000003
79, 50.00000000000, 1388.63635957793, 11.27951405582, 4.50000015917, 0.00000000000, -0.00000002148, -0.00000000629
