0, 50.00000000000, 12.10438098657, 12.42252741987, 4.50000015917, 0.00000000000, 0.00000000000, 0.00000000000
1, 50.00000000000, 26.44801842044, 11.58245108850, 4.50000015917, 0.00000000000, 0.00000000000, 0.00000000000
2, 50.00000000000, 47.51367504306, 11.51328897300, 4.50000015917, 0.00000000000, 0.00000000000, 0.00000000000
3, 50.00000000000, 61.01088253262, 13.66324535755, 4.50000015917, 0.00000000000, 0.00000000000, 0.00000000000
4, 50.00000000000, 80.19201026787, 12.36927970961, 4.50000015917, 0.00000000000, 0.00000000000, 0.00000000000
5, 50.00000000000, 98.40655188763, 13.59991042962, 4.50000015917, 0.00000000000, 0.00000000000, 0.00000000000
6, 50.00000000000, 117.33569755582, 11.44220601914, 4.50000015917, 0.00000000000, 0.00000000000, 0.00000000000
7, 50.00000000000, 133.72743848983, 13.05196100878, 4.50000015917, 0.00000000000, 0.00000000000, 0.00000000000
8, 50.00000000000, 147.90560656526, 11.34254117061, 4.50000015917, 0.00000000000, 0.00000000000, 0.00000000000
9, 50.00000000000, 167.70223512408, 12.67604976683, 4.50000015917, 0.00000000000, 0.00000000000, 0.00000000000
10, 50.00000000000, 186.20900921409, 13.36253762031, 4.50000015917, 0.00000000000, 0.00000000000, 0.00000000000
11, 50.00000000000, 203.83450635367, 13.28556735895, 4.50000015917, 0.00000000000, 0.00000000000, 0.00000000000
12, 50.00000000000, nan, 9.00651990240, 4.50000015917, 0.00000000000, nan, 0.00000000000
13, 50.00000000000, 224.65613169997, 19.66465190297, 4.50000015917, 0.00000000000, -0.00000000181, -0.00000000010
14, 50.00000000000, 244.68240571023, 11.24710042612, 4.50000015917, 0.00000000000, 0.00000000042, -0.00000001042
15, 50.00000000000, 263.57588393640, 21.96683306800, 4.50000015917, 0.00000000000, 0.00000000019, 0.00000000016
16, 50.00000000000, 282.46631372746, 11.26479239033, 4.50000015917, 0.00000000000, 0.00000000027, -0.00000000581
17, 50.00000000000, 304.19431134334, 11.26582456747, 4.50000015917, 0.00000000000, 0.00000000057, -0.00000000503
18, 50.00000000000, 323.36986353556, 21.48716004257, 4.50000015917, 0.00000000000, -0.00000000158, 0.00000000025
19, 50.00000000000, 342.47847808318, 11.26774773536, 4.50000015917, 0.00000000000, -0.00000000024, -0.00000000588
20, 50.00000000000, 364.21077724587, 11.29018423545, 4.50000015917, 0.00000000000, -0.00000000029, -0.00000000623
21, 50.00000000000, 383.24020124646, 21.64672822840, 4.50000015917, 0.00000000000, 0.00000000114, 0.00000000098
22, 50.00000000000, 402.27365385986, 11.15589167166, 4.50000015917, 0.00000000000, 0.00000000060, -0.00000001833
23, 50.00000000000, 413.46904935463, 29.68102621537, 4.50000015917, 0.00000000000, -0.00000000249, 0.00000000018
24, 50.00000000000, 424.48044686942, 11.21565753598, 4.50000015917, 0.00000000000, 0.00000000278, -0.00000002176
25, 50.00000000000, 443.85823911141, 21.12656087706, 4.50000015917, 0.00000000000, -0.00000000133, 0.00000000039
26, 50.00000000000, 463.17997099598, 11.23825693298, 4.50000015917, 0.00000000000, 0.00000000142, -0.00000000552
27, 50.00000000000, 485.00224253771, 11.22410233962, 4.50000015917, 0.00000000000, -0.00000000064, -0.00000000533
28, 50.00000000000, 504.16800637051, 21.45389489092, 4.50000015917, 0.00000000000, 0.00000000085, -0.00000000031
29, 50.00000000000, 523.28559320288, 11.36353134620, 4.50000015917, 0.00000000000, 0.00000000046, -0.00000001717
30, 50.00000000000, 534.48485396170, 29.64993922874, 4.50000015917, 0.00000000000, -0.00000000141, -0.00000000255
31, 50.00000000000, 545.61513519129, 11.35819688729, 4.50000015917, 0.00000000000, 0.00000000019, -0.00000001984
32, 50.00000000000, 564.78409325703, 21.38924803420, 4.50000015917, 0.00000000000, 0.00000000089, -0.00000000041
33, 50.00000000000, 584.07778852132, 11.26479561870, 4.50000015917, 0.00000000000, 0.00000000015, -0.00000000474
34, 50.00000000000, 605.86416301326, 11.23513549998, 4.50000015917, 0.00000000000, -0.00000000136, -0.00000001609
35, 50.00000000000, 617.07863935737, 29.58632283864, 4.50000015917, 0.00000000000, 0.00000000178, 0.00000000005
36, 50.00000000000, 628.26838206400, 11.35211961000, 4.50000015917, 0.00000000000, -0.00000000013, -0.00000001789
37, 50.00000000000, 647.43295109131, 21.58256733193, 4.50000015917, 0.00000000000, -0.00000000158, -0.00000000064
38, 50.00000000000, 666.55284082946, 11.24319228986, 4.50000015917, 0.00000000000, -0.00000000002, -0.00000001085
39, 50.00000000000, 685.74047436402, 21.43049051785, 4.50000015917, 0.00000000000, 0.00000000127, -0.00000000044
40, 50.00000000000, 705.00641209331, 11.23444420547, 4.50000015917, 0.00000000000, -0.00000000243, -0.00000001101
41, 50.00000000000, 723.94260707828, 21.76869150991, 4.50000015917, 0.00000000000, 0.00000000119, 0.00000000074
42, 50.00000000000, 742.93789111245, 11.22335728877, 4.50000015917, 0.00000000000, -0.00000000008, -0.00000002157
43, 50.00000000000, 754.13750492030, 29.57081720553, 4.50000015917, 0.00000000000, -0.00000000083, 0.00000000410
44, 50.00000000000, 765.29651313569, 11.23477662378, 4.50000015917, 0.00000000000, 0.00000000079, -0.00000001727
45, 50.00000000000, 787.03821072336, 11.19567675737, 4.50000015917, 0.00000000000, -0.00000000083, -0.00000000653
46, 50.00000000000, 805.76297969194, 22.21918880566, 4.50000015917, 0.00000000000, -0.00000000024, 0.00000000114
47, 50.00000000000, 824.49847921617, 11.23861673790, 4.50000015917, 0.00000000000, 0.00000000125, -0.00000001253
48, 50.00000000000, 843.14616594367, 22.28375689658, 4.50000015917, 0.00000000000, -0.00000000025, -0.00000000014
49, 50.00000000000, 861.90723695948, 11.20318725892, 4.50000015917, 0.00000000000, 0.00000000041, -0.00000001270
50, 50.00000000000, 879.97733423243, 23.21871284698, 4.50000015917, 0.00000000000, -0.00000000031, -0.00000000068
51, 50.00000000000, 898.00610813680, 11.29420827357, 4.50000015917, 0.00000000000, 0.00000000088, -0.00000001314
52, 50.00000000000, 916.06116926221, 23.21262572894, 4.50000015917, 0.00000000000, -0.00000000019, -0.00000000153
53, 50.00000000000, 934.21055339423, 11.29399511278, 4.50000015917, 0.00000000000, -0.00000000124, -0.00000000624
54, 50.00000000000, 955.94137450043, 11.31525144164, 4.50000015917, 0.00000000000, 0.00000000151, -0.00000001381
55, 50.00000000000, 967.04222013570, 29.59985101731, 4.50000015917, 0.00000000000, 0.00000000009, -0.00000000211
56, 50.00000000000, 978.23211401840, 11.30983102377, 4.50000015917, 0.00000000000, -0.00000000291, -0.00000001348
57, 50.00000000000, 999.92139076570, 11.20953384305, 4.50000015917, 0.00000000000, 0.00000000155, -0.00000000681
58, 50.00000000000, 1018.08542263844, 22.96985300795, 4.50000015917, 0.00000000000, -0.00000000009, 0.00000000007
59, 50.00000000000, 1036.33470366603, 11.19092132405, 4.50000015917, 0.00000000000, 0.00000000063, -0.00000000686
60, 50.00000000000, 1058.09172052865, 11.29028899447, 4.50000015917, 0.00000000000, -0.00000000091, -0.00000000750
61, 50.00000000000, 1075.98983190391, 23.42282706602, 4.50000015917, 0.00000000000, 0.00000000125, -0.00000000054
62, 50.00000000000, 1093.92118790506, 11.15759025099, 4.50000015917, 0.00000000000, -0.00000000128, -0.00000002232
63, 50.00000000000, 1105.06730560484, 29.63240470837, 4.50000015917, 0.00000000000, -0.00000000045, 0.00000000300
64, 50.00000000000, 1116.19139107336, 11.22530708991, 4.50000015917, 0.00000000000, 0.00000000051, -0.00000001650
65, 50.00000000000, 1137.89230033125, 11.22962221617, 4.50000015917, 0.00000000000, -0.00000000093, -0.00000000723
66, 50.00000000000, 1156.37864500724, 22.54621431222, 4.50000015917, 0.00000000000, 0.00000000238, 0.00000000031
67, 50.00000000000, 1174.92064737449, 11.19310943986, 4.50000015917, 0.00000000000, 0.00000000013, -0.00000001164
68, 50.00000000000, 1193.29656819301, 22.83211074171, 4.50000015917, 0.00000000000, -0.00000000024, -0.00000000135
69, 50.00000000000, 1211.68976162919, 11.28853118754, 4.50000015917, 0.00000000000, -0.00000000020, -0.00000000607
70, 50.00000000000, 1233.47591858745, 11.19290607420, 4.50000015917, 0.00000000000, -0.00000000169, -0.00000001410
71, 50.00000000000, 1244.55766682232, 29.70787974420, 4.50000015917, 0.00000000000, 0.00000000055, -0.00000000224
72, 50.00000000000, 1255.57021698457, 11.33326037595, 4.50000015917, 0.00000000000, -0.00000000069, -0.00000001322
73, 50.00000000000, 1277.28631081356, 11.30976836236, 4.50000015917, 0.00000000000, 0.00000000170, -0.00000000616
74, 50.00000000000, 1295.75763017452, 22.63356745732, 4.50000015917, 0.00000000000, 0.00000000000, -0.00000000064
75, 50.00000000000, 1314.17334322997, 11.29451278565, 4.50000015917, 0.00000000000, 0.00000000090, -0.00000001142
76, 50.00000000000, 1332.93401802547, 22.18851907663, 4.50000015917, 0.00000000000, -0.00000000274, 0.00000000018
77, 50.00000000000, 1351.62577760170, 11.19048550839, 4.50000015917, 0.00000000000, 0.00000000258, -0.00000001245
78, 50.00000000000, 1370.20627590774, 22.55139992889, 4.50000015917, 0.00000000000, -0.00000000251, -0.00000000000
79, 50.00000000000, 1388.71287592094, 11.21028932876, 4.50000015917, 0.00000000000, 0.00000001169, -0.00000000712
