0, 50.00000000000, 14.31179049415, 14.91073181353, 4.50000015917, 0.00000000000, 0.00000000000, 0.00000000000
1, 50.00000000000, 26.49484600905, 11.40588002933, 4.50000015917, 0.00000000000, 0.00000000000, 0.00000000000
2, 50.00000000000, 48.55183845814, 11.95177632001, 4.50000015917, 0.00000000000, 0.00000000000, 0.00000000000
3, 50.00000000000, 59.30251010126, 15.44942548203, 4.50000015917, 0.00000000000, 0.00000000000, 0.00000000000
4, 50.00000000000, 81.34564826612, 13.43893077326, 4.50000015917, 0.00000000000, 0.00000000000, 0.00000000000
5, 50.00000000000, 99.53378567211, 13.17742976283, 4.50000015917, 0.00000000000, 0.00000000000, 0.00000000000
6, 50.00000000000, 115.17156669369, 12.73924742769, 4.50000015917, 0.00000000000, 0.00000000000, 0.00000000000
7, 50.00000000000, 134.44465684815, 13.28733660111, 4.50000015917, 0.00000000000, 0.00000000000, 0.00000000000
8, 50.00000000000, 149.28056348556, 11.40718260432, 4.50000015917, 0.00000000000, 0.00000000000, 0.00000000000
9, 50.00000000000, 166.58083432545, 11.98162797222, 4.50000015917, 0.00000000000, 0.00000000000, 0.00000000000
10, 50.00000000000, 185.90400473383, 13.76536370934, 4.50000015917, 0.00000000000, 0.00000000000, 0.00000000000
11, 50.00000000000, 205.42395440717, 11.32220136778, 4.50000015917, 0.00000000000, 0.00000000000, 0.00000000000
12, 50.00000000000, nan, 8.92725579003, 4.50000015917, 0.00000000000, nan, 0.00000000000
13, 50.00000000000, 224.60803999346, 11.31306127995, 4.50000015917, 0.00000000000, -0.00000000024, -0.00000003167
14, 50.00000000000, 241.91100301704, 19.06591027394, 4.50000015917, 0.00000000000, -0.00000000054, -0.00000000050
15, 50.00000000000, 259.25849495823, 11.25786119688, 4.50000015917, 0.00000000000, -0.00000000152, -0.00000006342
16, 50.00000000000, 276.60725444845, 18.96341711499, 4.50000015917, 0.00000000000, 0.00000000315, -0.00000000020
17, 50.00000000000, 294.06629212296, 11.24569141726, 4.50000015917, 0.00000000000, -0.00000000157, -0.00000006098
18, 50.00000000000, 311.48469905554, 18.94026879773, 4.50000015917, 0.00000000000, 0.00000000374, -0.00000000005
19, 50.00000000000, 328.82133952416, 11.41242081735, 4.50000015917, 0.00000000000, 0.00000000020, -0.00000003193
20, 50.00000000000, 348.17936034425, 11.26138550228, 4.50000015917, 0.00000000000, -0.00000000305, -0.00000003004
21, 50.00000000000, 365.59078577699, 18.87252211689, 4.50000015917, 0.00000000000, 0.00000000651, -0.00000000054
22, 50.00000000000, 383.00990304612, 11.53675585085, 4.50000015917, 0.00000000000, -0.00000000128, -0.00000005979
23, 50.00000000000, 400.53221714423, 18.84851926867, 4.50000015917, 0.00000000000, -0.00000000346, 0.00000000024
24, 50.00000000000, 417.96301607847, 11.40715548036, 4.50000015917, 0.00000000000, -0.00000000026, -0.00000003122
25, 50.00000000000, 437.24794751014, 11.28972581218, 4.50000015917, 0.00000000000, -0.00000000240, -0.00000003064
26, 50.00000000000, 454.63256480368, 18.83162908192, 4.50000015917, 0.00000000000, 0.00000000318, 0.00000000118
27, 50.00000000000, 472.08734526142, 11.54643204051, 4.50000015917, 0.00000000000, 0.00000000039, -0.00000006065
28, 50.00000000000, 489.56086598501, 18.90513682032, 4.50000015917, 0.00000000000, -0.00000000119, 0.00000000048
29, 50.00000000000, 506.92912296005, 11.57783379155, 4.50000015917, 0.00000000000, 0.00000000176, -0.00000006114
30, 50.00000000000, 524.43422681926, 18.93187785308, 4.50000015917, 0.00000000000, 0.00000000129, -0.00000000050
31, 50.00000000000, 541.77997362013, 11.60175750576, 4.50000015917, 0.00000000000, 0.00000000260, -0.00000006017
32, 50.00000000000, 559.25489401327, 18.87249218006, 4.50000015917, 0.00000000000, -0.00000000666, -0.00000000132
33, 50.00000000000, 576.75746158324, 11.28503146545, 4.50000015917, 0.00000000000, 0.00000000253, -0.00000003016
34, 50.00000000000, 596.09617580796, 11.11767973366, 4.50000015917, 0.00000000000, -0.00000000180, -0.00000003146
35, 50.00000000000, 613.47566317856, 18.85616964655, 4.50000015917, 0.00000000000, -0.00000000169, 0.00000000029
36, 50.00000000000, 630.95869109266, 11.24820378883, 4.50000015917, 0.00000000000, 0.00000000077, -0.00000005969
37, 50.00000000000, 648.51692501884, 18.76696489376, 4.50000015917, 0.00000000000, 0.00000000180, 0.00000000018
38, 50.00000000000, 666.02038351307, 11.55478316914, 4.50000015917, 0.00000000000, -0.00000000109, -0.00000006246
39, 50.00000000000, 683.23882145377, 19.14397144274, 4.50000015917, 0.00000000000, -0.00000000133, -0.00000000079
40, 50.00000000000, 700.56071256270, 11.21437199694, 4.50000015917, 0.00000000000, -0.00000000073, -0.00000006273
41, 50.00000000000, 717.93508680341, 18.95234458478, 4.50000015917, 0.00000000000, 0.00000000003, -0.00000000015
42, 50.00000000000, 735.29241239024, 11.26546594878, 4.50000015917, 0.00000000000, 0.00000000032, -0.00000006212
43, 50.00000000000, 752.72354425324, 18.97405395120, 4.50000015917, 0.00000000000, 0.00000000215, -0.00000000039
44, 50.00000000000, 770.07026431171, 11.15004368960, 4.50000015917, 0.00000000000, -0.00000000061, -0.00000003052
45, 50.00000000000, 789.37287890859, 11.39538681997, 4.50000015917, 0.00000000000, 0.00000000310, -0.00000003179
46, 50.00000000000, 806.70948910520, 19.00635524528, 4.50000015917, 0.00000000000, -0.00000000098, -0.00000000132
47, 50.00000000000, 824.07620469026, 11.57541554431, 4.50000015917, 0.00000000000, 0.00000000012, -0.00000006207
48, 50.00000000000, 841.46012322618, 18.98279400170, 4.50000015917, 0.00000000000, -0.00000000289, -0.00000000004
49, 50.00000000000, 858.76535498263, 10.98276289683, 4.50000015917, 0.00000000000, 0.00000000188, -0.00000006318
50, 50.00000000000, 876.09645825058, 19.03644642426, 4.50000015917, 0.00000000000, 0.00000000021, -0.00000000119
51, 50.00000000000, 893.40592586566, 11.56248155748, 4.50000015917, 0.00000000000, -0.00000000023, -0.00000006270
52, 50.00000000000, 910.77874801867, 18.96224355694, 4.50000015917, 0.00000000000, -0.00000000183, 0.00000000036
53, 50.00000000000, 928.11113347590, 11.12896216061, 4.50000015917, 0.00000000000, 0.00000000213, -0.00000003110
54, 50.00000000000, 947.43978575658, 11.40001612399, 4.50000015917, 0.00000000000, 0.00000000026, -0.00000003361
55, 50.00000000000, 964.57405946673, 19.29666156772, 4.50000015917, 0.00000000000, -0.00000000199, -0.00000000171
56, 50.00000000000, 981.83091795008, 11.23543769596, 4.50000015917, 0.00000000000, 0.00000000008, -0.00000003203
57, 50.00000000000, 1001.06738847828, 11.10994108425, 4.50000015917, 0.00000000000, -0.00000000074, -0.00000003271
58, 50.00000000000, 1018.34346020711, 19.02702819746, 4.50000015917, 0.00000000000, 0.00000000362, -0.00000000025
59, 50.00000000000, 1035.73268581609, 11.40163884263, 4.50000015917, 0.00000000000, -0.00000000278, -0.00000003144
60, 50.00000000000, 1055.01360779780, 11.28541018579, 4.50000015917, 0.00000000000, -0.00000000336, -0.00000003226
61, 50.00000000000, 1072.22038323493, 19.09325690880, 4.50000015917, 0.00000000000, 0.00000000481, 0.00000000058
62, 50.00000000000, 1089.50962767643, 10.90103872153, 4.50000015917, 0.00000000000, 0.00000000011, -0.00000006308
63, 50.00000000000, 1106.80737955933, 19.15569330936, 4.50000015917, 0.00000000000, -0.00000000306, -0.00000000071
64, 50.00000000000, 1124.03858233156, 11.22153473299, 4.50000015917, 0.00000000000, 0.00000000174, -0.00000003152
65, 50.00000000000, 1143.30031559119, 11.38321493067, 4.50000015917, 0.00000000000, 0.00000000221, -0.00000003294
66, 50.00000000000, 1160.55486962252, 19.11960432065, 4.50000015917, 0.00000000000, -0.00000000487, -0.00000000079
67, 50.00000000000, 1177.88638340132, 11.23027126594, 4.50000015917, 0.00000000000, 0.00000000026, -0.00000006464
68, 50.00000000000, 1195.11657325646, 19.14519224267, 4.50000015917, 0.00000000000, 0.00000000405, -0.00000000101
69, 50.00000000000, 1212.30962445604, 11.38669663750, 4.50000015917, 0.00000000000, -0.00000000082, -0.00000003387
70, 50.00000000000, 1231.56941667067, 11.31819656905, 4.50000015917, 0.00000000000, -0.00000000322, -0.00000003177
71, 50.00000000000, 1248.76586573149, 19.23564060138, 4.50000015917, 0.00000000000, 0.00000000067, 0.00000000049
72, 50.00000000000, 1265.87148100216, 11.11524549375, 4.50000015917, 0.00000000000, 0.00000000089, -0.00000003301
73, 50.00000000000, 1285.10612194720, 11.40999595132, 4.50000015917, 0.00000000000, 0.00000000184, -0.00000003329
74, 50.00000000000, 1302.28010983744, 19.10825683903, 4.50000015917, 0.00000000000, -0.00000000474, 0.00000000033
75, 50.00000000000, 1319.53017966876, 11.25941064669, 4.50000015917, 0.00000000000, -0.00000000068, -0.00000006579
76, 50.00000000000, 1336.71780888306, 19.10412392270, 4.50000015917, 0.00000000000, 0.00000000231, 0.00000000021
77, 50.00000000000, 1354.02624494412, 11.22452440070, 4.50000015917, 0.00000000000, -0.00000000146, -0.00000006570
78, 50.00000000000, 1371.10139691413, 19.34201979529, 4.50000015917, 0.00000000000, -0.00000000512, 0.00000000335
79, 50.00000000000, 1388.26241053253, 11.21152261486, 4.50000015917, 0.00000000000, 0.00000007963, -0.00000003789
