0, 50.00000000000, 11.15325670988, 11.31724484226, 4.50000015917, 0.00000000000, -0.00000000000, 0.00000000000
1, 50.00000000000, 27.35249869147, 11.58749303365, 4.50000015917, 0.00000000000, 0.00000000000, 0.00000000000
2, 50.00000000000, 46.63862188136, 11.58101603879, 4.50000015917, 0.00000000000, 0.00000000000, 0.00000000000
3, 50.00000000000, 62.52661724739, 12.58900036865, 4.50000015917, 0.00000000000, 0.00000000000, 0.00000000000
4, 50.00000000000, 78.69123769677, 11.43142066479, 4.50000015917, 0.00000000000, 0.00000000000, 0.00000000000
5, 50.00000000000, 98.87187652937, 12.08289652908, 4.50000015917, 0.00000000000, 0.00000000000, 0.00000000000
6, 50.00000000000, 115.68765186537, 11.38441085409, 4.50000015917, 0.00000000000, 0.00000000000, 0.00000000000
7, 50.00000000000, 133.60057764498, 11.85387917946, 4.50000015917, 0.00000000000, 0.00000000000, 0.00000000000
8, 50.00000000000, 147.74493187797, 12.27313868794, 4.50000015917, 0.00000000000, 0.00000000000, 0.00000000000
9, 50.00000000000, 168.42768157890, 12.23976011052, 4.50000015917, 0.00000000000, 0.00000000000, 0.00000000000
10, 50.00000000000, 184.91890676825, 11.96301554888, 4.50000015917, 0.00000000000, 0.00000000000, 0.00000000000
11, 50.00000000000, 201.63222680122, 11.79193462877, 4.50000015917, 0.00000000000, 0.00000000000, 0.00000000000
12, 50.00000000000, nan, 11.26699541720, 4.50000015917, 0.00000000000, nan, 0.00000000000
13, 50.00000000000, 221.18354882820, 11.25524543922, 4.50000015917, 0.00000000000, 0.00000000064, -0.00000002340
14, 50.00000000000, 239.55944505043, 17.70335626637, 4.50000015917, 0.00000000000, 0.00000000090, 0.00000000078
15, 50.00000000000, 257.79159612368, 11.48170410272, 4.50000015917, 0.00000000000, 0.00000000129, -0.00000004656
16, 50.00000000000, 275.97861975024, 17.91248951711, 4.50000015917, 0.00000000000, -0.00000000532, -0.00000000017
17, 50.00000000000, 294.17146606830, 11.23771154804, 4.50000015917, 0.00000000000, -0.00000000053, -0.00000004798
18, 50.00000000000, 312.24083089301, 17.97437706309, 4.50000015917, 0.00000000000, 0.00000000177, 0.00000000034
19, 50.00000000000, 330.36992396699, 11.27030160803, 4.50000015917, 0.00000000000, -0.00000000068, -0.00000002395
20, 50.00000000000, 349.89357883152, 11.25016910641, 4.50000015917, 0.00000000000, -0.00000000132, -0.00000002586
21, 50.00000000000, 367.82540727162, 18.23348842658, 4.50000015917, 0.00000000000, 0.00000000189, 0.00000000001
22, 50.00000000000, 385.82323117274, 11.50762042034, 4.50000015917, 0.00000000000, 0.00000000019, -0.00000005158
23, 50.00000000000, 403.66964785012, 18.28571594983, 4.50000015917, 0.00000000000, -0.00000000178, 0.00000000030
24, 50.00000000000, 421.49340830867, 11.42829025221, 4.50000015917, 0.00000000000, -0.00000000105, -0.00000002802
25, 50.00000000000, 440.88551589885, 11.21625684815, 4.50000015917, 0.00000000000, -0.00000000026, -0.00000002686
26, 50.00000000000, 458.61101667522, 18.51177266086, 4.50000015917, 0.00000000000, 0.00000000140, -0.00000000059
27, 50.00000000000, 476.37311385548, 10.98982817748, 4.50000015917, 0.00000000000, -0.00000000135, -0.00000005554
28, 50.00000000000, 494.11781335495, 18.51011392240, 4.50000015917, 0.00000000000, 0.00000000353, 0.00000000027
29, 50.00000000000, 511.79943242651, 11.52517806184, 4.50000015917, 0.00000000000, -0.00000000111, -0.00000005654
30, 50.00000000000, 529.40420971092, 18.72253025173, 4.50000015917, 0.00000000000, -0.00000000150, 0.00000000075
31, 50.00000000000, 546.94262324221, 11.57512645604, 4.50000015917, 0.00000000000, 0.00000000108, -0.00000006001
32, 50.00000000000, 564.35558734308, 18.93619860688, 4.50000015917, 0.00000000000, -0.00000000413, -0.00000000104
33, 50.00000000000, 581.80836896735, 11.32577907340, 4.50000015917, 0.00000000000, -0.00000000114, -0.00000002921
34, 50.00000000000, 601.07504759675, 11.38280910334, 4.50000015917, 0.00000000000, 0.00000000187, -0.00000003243
35, 50.00000000000, 618.39320236243, 18.85143917939, 4.50000015917, 0.00000000000, -0.00000000194, 0.00000000211
36, 50.00000000000, 635.69180165900, 11.55450029009, 4.50000015917, 0.00000000000, 0.00000000115, -0.00000006355
37, 50.00000000000, 652.98468620565, 18.99213328439, 4.50000015917, 0.00000000000, -0.00000000063, 0.00000000114
38, 50.00000000000, 670.31707373975, 10.95165068295, 4.50000015917, 0.00000000000, 0.00000000204, -0.00000006351
39, 50.00000000000, 687.60295829482, 19.11790195051, 4.50000015917, 0.00000000000, -0.00000000566, -0.00000000028
40, 50.00000000000, 704.80127645386, 11.27935831290, 4.50000015917, 0.00000000000, 0.00000000138, -0.00000006556
41, 50.00000000000, 722.02415781761, 19.19682558972, 4.50000015917, 0.00000000000, 0.00000000264, -0.00000000031
42, 50.00000000000, 739.24171990587, 11.56010210651, 4.50000015917, 0.00000000000, -0.00000000047, -0.00000006649
43, 50.00000000000, 756.34975501038, 19.30825339912, 4.50000015917, 0.00000000000, 0.00000000090, -0.00000000085
44, 50.00000000000, 773.45910089331, 11.42527574441, 4.50000015917, 0.00000000000, -0.00000000252, -0.00000003392
45, 50.00000000000, 792.65394107653, 11.27180650950, 4.50000015917, 0.00000000000, -0.00000000042, -0.00000003271
46, 50.00000000000, 809.85396392291, 19.19245469520, 4.50000015917, 0.00000000000, 0.00000000666, -0.00000000041
47, 50.00000000000, 826.99425237757, 11.59010037597, 4.50000015917, 0.00000000000, -0.00000000017, -0.00000006540
48, 50.00000000000, 844.04659583318, 19.32920389560, 4.50000015917, 0.00000000000, -0.00000000504, -0.00000000050
49, 50.00000000000, 861.14132454533, 11.58536549596, 4.50000015917, 0.00000000000, 0.00000000157, -0.00000006808
50, 50.00000000000, 878.20420189218, 19.35544393315, 4.50000015917, 0.00000000000, -0.00000000076, -0.00000000115
51, 50.00000000000, 895.31981850217, 10.92383365789, 4.50000015917, 0.00000000000, -0.00000000019, -0.00000006817
52, 50.00000000000, 912.33425900280, 19.42639950603, 4.50000015917, 0.00000000000, -0.00000000097, -0.00000000065
53, 50.00000000000, 929.29195164509, 11.06953476530, 4.50000015917, 0.00000000000, -0.00000000074, -0.00000003493
54, 50.00000000000, 948.48513945183, 11.08467489682, 4.50000015917, 0.00000000000, 0.00000000057, -0.00000003518
55, 50.00000000000, 965.38989380805, 19.45428545807, 4.50000015917, 0.00000000000, 0.00000000232, -0.00000000024
56, 50.00000000000, 982.38449209808, 11.41091485321, 4.50000015917, 0.00000000000, -0.00000000346, -0.00000003556
57, 50.00000000000, 1001.49647338775, 11.15892869901, 4.50000015917, 0.00000000000, 0.00000000147, -0.00000003378
58, 50.00000000000, 1018.50989442114, 19.37519224690, 4.50000015917, 0.00000000000, -0.00000000068, 0.00000000059
59, 50.00000000000, 1035.47172529699, 11.45121358805, 4.50000015917, 0.00000000000, -0.00000000106, -0.00000003502
60, 50.00000000000, 1054.58407689686, 11.10726404600, 4.50000015917, 0.00000000000, 0.00000000044, -0.00000003495
61, 50.00000000000, 1071.55360902098, 19.38425387858, 4.50000015917, 0.00000000000, -0.00000000440, 0.00000000212
62, 50.00000000000, 1088.46919863903, 11.26599469995, 4.50000015917, 0.00000000000, 0.00000000410, -0.00000006878
63, 50.00000000000, 1105.68229528484, 19.25585115092, 4.50000015917, 0.00000000000, 0.00000000274, -0.00000000016
64, 50.00000000000, 1122.72723022488, 11.44171947580, 4.50000015917, 0.00000000000, 0.00000000081, -0.00000003531
65, 50.00000000000, 1141.98108978733, 11.26982844615, 4.50000015917, 0.00000000000, -0.00000000395, -0.00000003332
66, 50.00000000000, 1159.03883147344, 19.34557928205, 4.50000015917, 0.00000000000, -0.00000000114, 0.00000000035
67, 50.00000000000, 1176.09440298289, 11.26475698763, 4.50000015917, 0.00000000000, 0.00000000057, -0.00000006760
68, 50.00000000000, 1193.27298951365, 19.25102379782, 4.50000015917, 0.00000000000, 0.00000000361, -0.00000000010
69, 50.00000000000, 1210.42930936019, 11.06922720272, 4.50000015917, 0.00000000000, 0.00000000184, -0.00000003307
70, 50.00000000000, 1229.76437437713, 11.41292529534, 4.50000015917, 0.00000000000, 0.00000000028, -0.00000003088
71, 50.00000000000, 1247.14665582375, 18.99410139765, 4.50000015917, 0.00000000000, -0.00000000479, 0.00000000060
72, 50.00000000000, 1264.39798414739, 11.25763166955, 4.50000015917, 0.00000000000, 0.00000000428, -0.00000003172
73, 50.00000000000, 1283.70162839639, 11.41394714171, 4.50000015917, 0.00000000000, -0.00000000209, -0.00000003242
74, 50.00000000000, 1301.02870233627, 18.91510399406, 4.50000015917, 0.00000000000, 0.00000000360, -0.00000000003
75, 50.00000000000, 1318.55311801161, 11.57766388605, 4.50000015917, 0.00000000000, -0.00000000125, -0.00000005997
76, 50.00000000000, 1335.98506297006, 18.87393608457, 4.50000015917, 0.00000000000, -0.00000000420, 0.00000000027
77, 50.00000000000, 1353.43516353206, 11.30831486094, 4.50000015917, 0.00000000000, 0.00000000159, -0.00000006082
78, 50.00000000000, 1370.90739504413, 18.93170503985, 4.50000015917, 0.00000000000, -0.00000000895, 0.00000000481
79, 50.00000000000, 1388.24228291727, 11.23812732486, 4.50000015917, 0.00000000000, 0.00000008095, -0.00000003579
