0, 50.00000000000, 10.68135036964, 13.89523693302, 4.50000015917, 0.00000000000, -0.00000000000, 0.00000000000
1, 50.00000000000, 26.20978930696, 11.93033188505, 4.50000015917, 0.00000000000, 0.00000000000, 0.00000000000
2, 50.00000000000, 47.88173250133, 11.70137829185, 4.50000015917, 0.00000000000, 0.00000000000, 0.00000000000
3, 50.00000000000, 61.81807798041, 14.23321611733, 4.50000015917, 0.00000000000, 0.00000000000, 0.00000000000
4, 50.00000000000, 79.99107342890, 13.18033089468, 4.50000015917, 0.00000000000, 0.00000000000, 0.00000000000
5, 50.00000000000, 100.27055530966, 12.16105402574, 4.50000015917, 0.00000000000, 0.00000000000, 0.00000000000
6, 50.00000000000, 116.87168547089, 11.24695400206, 4.50000015917, 0.00000000000, 0.00000000000, 0.00000000000
7, 50.00000000000, 134.82120508377, 12.32549452380, 4.50000015917, 0.00000000000, 0.00000000000, 0.00000000000
8, 50.00000000000, 148.86836556397, 11.86155278776, 4.50000015917, 0.00000000000, 0.00000000000, 0.00000000000
9, 50.00000000000, 169.16868661026, 12.38418363358, 4.50000015917, 0.00000000000, 0.00000000000, 0.00000000000
10, 50.00000000000, 185.51719836705, 12.06502247294, 4.50000015917, 0.00000000000, 0.00000000000, 0.00000000000
11, 50.00000000000, 203.19391983807, 11.99451100928, 4.50000015917, 0.00000000000, 0.00000000000, 0.00000000000
12, 50.00000000000, nan, 11.17830583243, 4.50000015917, 0.00000000000, nan, 0.00000000000
13, 50.00000000000, 222.53939239680, 11.20938688307, 4.50000015917, 0.00000000000, -0.00000000191, -0.00000003085
14, 50.00000000000, 240.16761173402, 18.49729104340, 4.50000015917, 0.00000000000, 0.00000000275, 0.00000000105
15, 50.00000000000, 257.86469171303, 11.49082242362, 4.50000015917, 0.00000000000, 0.00000000081, -0.00000005633
16, 50.00000000000, 275.57297946132, 18.65264056017, 4.50000015917, 0.00000000000, 0.00000000003, -0.00000000116
17, 50.00000000000, 293.20357210478, 11.49284131100, 4.50000015917, 0.00000000000, -0.00000000132, -0.00000005720
18, 50.00000000000, 310.84514940529, 18.62254130762, 4.50000015917, 0.00000000000, 0.00000000066, 0.00000000053
19, 50.00000000000, 328.41946803573, 11.42227467606, 4.50000015917, 0.00000000000, -0.00000000151, -0.00000002991
20, 50.00000000000, 347.77813511627, 11.27188787437, 4.50000015917, 0.00000000000, -0.00000000139, -0.00000002789
21, 50.00000000000, 365.40705768842, 18.62564996130, 4.50000015917, 0.00000000000, -0.00000000035, 0.00000000063
22, 50.00000000000, 383.01640442455, 11.24504891753, 4.50000015917, 0.00000000000, 0.00000000119, -0.00000005650
23, 50.00000000000, 400.76112810571, 18.58560880724, 4.50000015917, 0.00000000000, 0.00000000185, -0.00000000090
24, 50.00000000000, 418.39981798405, 11.15645171991, 4.50000015917, 0.00000000000, -0.00000000128, -0.00000002801
25, 50.00000000000, 437.75942288296, 11.37254792863, 4.50000015917, 0.00000000000, -0.00000000024, -0.00000002982
26, 50.00000000000, 455.27580974043, 18.74649071216, 4.50000015917, 0.00000000000, -0.00000000214, 0.00000000029
27, 50.00000000000, 472.86827781389, 11.23727035488, 4.50000015917, 0.00000000000, 0.00000000167, -0.00000005819
28, 50.00000000000, 490.51469386549, 18.74871616860, 4.50000015917, 0.00000000000, -0.00000000243, -0.00000000065
29, 50.00000000000, 508.01206164598, 11.22418063046, 4.50000015917, 0.00000000000, 0.00000000123, -0.00000005917
30, 50.00000000000, 525.51927812315, 18.78133580742, 4.50000015917, 0.00000000000, -0.00000000033, -0.00000000071
31, 50.00000000000, 543.13337909591, 11.26499507355, 4.50000015917, 0.00000000000, -0.00000000010, -0.00000005878
32, 50.00000000000, 560.68881981724, 18.76237809438, 4.50000015917, 0.00000000000, 0.00000000437, -0.00000000082
33, 50.00000000000, 578.21869066939, 11.42084528636, 4.50000015917, 0.00000000000, -0.00000000280, -0.00000002944
34, 50.00000000000, 597.56414469648, 11.12448637150, 4.50000015917, 0.00000000000, 0.00000000019, -0.00000002987
35, 50.00000000000, 615.01994611515, 18.83587726417, 4.50000015917, 0.00000000000, -0.00000000027, 0.00000000019
36, 50.00000000000, 632.47845773239, 10.98527018813, 4.50000015917, 0.00000000000, 0.00000000152, -0.00000006107
37, 50.00000000000, 649.89254971049, 18.98355375535, 4.50000015917, 0.00000000000, 0.00000000029, -0.00000000207
38, 50.00000000000, 667.27540928432, 11.54845023327, 4.50000015917, 0.00000000000, -0.00000000166, -0.00000006137
39, 50.00000000000, 684.71555680681, 18.88087632133, 4.50000015917, 0.00000000000, 0.00000000032, 0.00000000007
40, 50.00000000000, 702.16561190889, 10.94915834855, 4.50000015917, 0.00000000000, -0.00000000127, -0.00000006118
41, 50.00000000000, 719.58095125950, 18.85514505847, 4.50000015917, 0.00000000000, -0.00000000106, 0.00000000035
42, 50.00000000000, 737.03466152085, 11.24050688778, 4.50000015917, 0.00000000000, 0.00000000112, -0.00000006065
43, 50.00000000000, 754.49978249784, 18.97410427422, 4.50000015917, 0.00000000000, 0.00000000135, -0.00000000170
44, 50.00000000000, 771.90326279518, 11.12699510604, 4.50000015917, 0.00000000000, -0.00000000191, -0.00000003069
45, 50.00000000000, 791.16525308195, 11.10844540584, 4.50000015917, 0.00000000000, 0.00000000050, -0.00000003224
46, 50.00000000000, 808.40140024143, 19.06439703737, 4.50000015917, 0.00000000000, 0.00000000099, -0.00000000059
47, 50.00000000000, 825.76367186275, 11.03880731496, 4.50000015917, 0.00000000000, -0.00000000183, -0.00000006292
48, 50.00000000000, 843.07532644521, 18.93373793750, 4.50000015917, 0.00000000000, 0.00000000367, 0.00000000109
49, 50.00000000000, 860.45958811559, 11.55516441227, 4.50000015917, 0.00000000000, 0.00000000126, -0.00000006293
50, 50.00000000000, 877.67600486511, 19.11193992186, 4.50000015917, 0.00000000000, -0.00000000898, 0.00000000046
51, 50.00000000000, 894.87949227319, 11.26818276754, 4.50000015917, 0.00000000000, 0.00000000141, -0.00000006584
52, 50.00000000000, 912.07725680980, 19.13793090390, 4.50000015917, 0.00000000000, 0.00000000139, 0.00000000070
53, 50.00000000000, 929.29923069853, 11.23640228799, 4.50000015917, 0.00000000000, 0.00000000029, -0.00000003192
54, 50.00000000000, 948.50484194912, 11.41976472663, 4.50000015917, 0.00000000000, 0.00000000099, -0.00000003430
55, 50.00000000000, 965.62306453110, 19.21699457087, 4.50000015917, 0.00000000000, -0.00000000160, 0.00000000089
56, 50.00000000000, 982.75795005131, 11.21945002274, 4.50000015917, 0.00000000000, 0.00000000138, -0.00000003353
57, 50.00000000000, 1001.94889496474, 11.26311768704, 4.50000015917, 0.00000000000, -0.00000000040, -0.00000003292
58, 50.00000000000, 1019.16896454046, 19.26087843697, 4.50000015917, 0.00000000000, 0.00000000168, -0.00000000086
59, 50.00000000000, 1036.28040574543, 11.38732716437, 4.50000015917, 0.00000000000, -0.00000000203, -0.00000003322
60, 50.00000000000, 1055.50690677625, 11.39586239749, 4.50000015917, 0.00000000000, 0.00000000140, -0.00000003297
61, 50.00000000000, 1072.66816602376, 19.18335582877, 4.50000015917, 0.00000000000, -0.00000000220, 0.00000000001
62, 50.00000000000, 1089.90017327166, 11.23143103365, 4.50000015917, 0.00000000000, 0.00000000082, -0.00000006471
63, 50.00000000000, 1107.19467226304, 19.13668165276, 4.50000015917, 0.00000000000, 0.00000000194, -0.00000000106
64, 50.00000000000, 1124.42226726925, 11.12312468289, 4.50000015917, 0.00000000000, -0.00000000113, -0.00000003169
65, 50.00000000000, 1143.62208414292, 11.40944312477, 4.50000015917, 0.00000000000, 0.00000000195, -0.00000003337
66, 50.00000000000, 1160.78011177927, 19.14109678732, 4.50000015917, 0.00000000000, -0.00000000397, 0.00000000002
67, 50.00000000000, 1178.04047572169, 11.23488307040, 4.50000015917, 0.00000000000, -0.00000000198, -0.00000006600
68, 50.00000000000, 1195.21972582818, 19.10398208146, 4.50000015917, 0.00000000000, 0.00000000444, 0.00000000109
69, 50.00000000000, 1212.41972809304, 11.15400789646, 4.50000015917, 0.00000000000, -0.00000000092, -0.00000003193
70, 50.00000000000, 1231.63236768157, 11.38453922296, 4.50000015917, 0.00000000000, 0.00000000242, -0.00000003339
71, 50.00000000000, 1248.81133581726, 19.17422438252, 4.50000015917, 0.00000000000, -0.00000000179, 0.00000000019
72, 50.00000000000, 1265.97899471773, 11.09948856113, 4.50000015917, 0.00000000000, -0.00000000015, -0.00000003317
73, 50.00000000000, 1285.20321949185, 11.09417775777, 4.50000015917, 0.00000000000, 0.00000000087, -0.00000003334
74, 50.00000000000, 1302.28849934435, 19.34588545048, 4.50000015917, 0.00000000000, -0.00000000012, -0.00000000084
75, 50.00000000000, 1319.43011547206, 11.58202330279, 4.50000015917, 0.00000000000, -0.00000000017, -0.00000006643
76, 50.00000000000, 1336.65884571800, 19.12413146827, 4.50000015917, 0.00000000000, 0.00000000191, -0.00000000078
77, 50.00000000000, 1353.92688466430, 10.96287422454, 4.50000015917, 0.00000000000, -0.00000000157, -0.00000006460
78, 50.00000000000, 1371.07217439485, 19.29133873508, 4.50000015917, 0.00000000000, -0.00000000714, 0.00000000251
79, 50.00000000000, 1388.33923411825, 11.24879607032, 4.50000015917, 0.00000000000, 0.00000007816, -0.00000003649
