0, 50.00000000000, 15.58778881241, 15.32844736635, 4.50000015917, 0.00000000000, 0.00000000000, 0.00000000000
1, 50.00000000000, 23.96365435110, 11.62248449225, 4.50000015917, 0.00000000000, 0.00000000000, 0.00000000000
2, 50.00000000000, 47.89865272535, 12.65544214959, 4.50000015917, 0.00000000000, 0.00000000000, 0.00000000000
3, 50.00000000000, 59.49969771438, 17.70651433927, 4.50000015917, 0.00000000000, 0.00000000000, 0.00000000000
4, 50.00000000000, 79.11628069074, 13.86076401133, 4.50000015917, 0.00000000000, 0.00000000000, 0.00000000000
5, 50.00000000000, 99.71041959385, 13.93007435199, 4.50000015917, 0.00000000000, 0.00000000000, 0.00000000000
6, 50.00000000000, 115.82036366933, 15.11090124316, 4.50000015917, 0.00000000000, 0.00000000000, 0.00000000000
7, 50.00000000000, 133.78612295547, 17.03404344499, 4.50000015917, 0.00000000000, 0.00000000000, 0.00000000000
8, 50.00000000000, 150.79888510204, 12.63225906058, 4.50000015917, 0.00000000000, 0.00000000000, 0.00000000000
9, 50.00000000000, 166.89498008804, 11.34729908344, 4.50000015917, 0.00000000000, 0.00000000000, 0.00000000000
10, 50.00000000000, 186.92909451252, 14.23011844069, 4.50000015917, 0.00000000000, 0.00000000000, 0.00000000000
11, 50.00000000000, 200.92565106967, 12.78942562677, 4.50000015917, 0.00000000000, 0.00000000000, 0.00000000000
12, 50.00000000000, nan, 7.28428828132, 4.50000015917, 0.00000000000, nan, 0.00000000000
13, 50.00000000000, 220.35721944430, 11.08696381250, 4.50000015917, 0.00000000000, -0.00000000074, -0.00000003104
14, 50.00000000000, 238.33168322283, 18.21231850108, 4.50000015917, 0.00000000000, 0.00000000208, 0.00000000037
15, 50.00000000000, 256.20771090771, 11.56122336695, 4.50000015917, 0.00000000000, -0.00000000131, -0.00000005438
16, 50.00000000000, 273.82179739824, 18.58344133840, 4.50000015917, 0.00000000000, -0.00000000442, -0.00000000028
17, 50.00000000000, 291.50651182671, 11.25339310662, 4.50000015917, 0.00000000000, -0.00000000201, -0.00000005720
18, 50.00000000000, 309.12104185420, 18.51822262499, 4.50000015917, 0.00000000000, 0.00000000420, 0.00000000084
19, 50.00000000000, 326.82341256578, 11.15275667495, 4.50000015917, 0.00000000000, -0.00000000324, -0.00000002815
20, 50.00000000000, 346.06824996802, 11.12959991020, 4.50000015917, 0.00000000000, 0.00000000360, -0.00000002918
21, 50.00000000000, 363.63165111042, 18.79082410755, 4.50000015917, 0.00000000000, -0.00000000043, -0.00000000146
22, 50.00000000000, 381.19579793028, 10.98105095481, 4.50000015917, 0.00000000000, -0.00000000013, -0.00000005862
23, 50.00000000000, 398.77686562577, 18.73794203531, 4.50000015917, 0.00000000000, -0.00000000054, -0.00000000030
24, 50.00000000000, 416.31875031764, 11.07767080841, 4.50000015917, 0.00000000000, 0.00000000152, -0.00000002946
25, 50.00000000000, 435.74406171913, 11.41684928403, 4.50000015917, 0.00000000000, -0.00000000085, -0.00000003036
26, 50.00000000000, 453.17807986963, 18.95123121415, 4.50000015917, 0.00000000000, -0.00000000423, -0.00000000123
27, 50.00000000000, 470.60183570145, 11.26094597739, 4.50000015917, 0.00000000000, 0.00000000214, -0.00000006047
28, 50.00000000000, 488.12682496842, 18.82817977220, 4.50000015917, 0.00000000000, 0.00000000489, -0.00000000184
29, 50.00000000000, 505.66702435264, 11.55714844108, 4.50000015917, 0.00000000000, 0.00000000074, -0.00000005891
30, 50.00000000000, 523.12705953757, 18.85342878271, 4.50000015917, 0.00000000000, -0.00000000446, -0.00000000162
31, 50.00000000000, 540.63730727720, 10.98434131189, 4.50000015917, 0.00000000000, 0.00000000046, -0.00000005962
32, 50.00000000000, 558.20539154929, 18.78302031448, 4.50000015917, 0.00000000000, -0.00000000062, 0.00000000027
33, 50.00000000000, 575.63274386837, 11.37679505714, 4.50000015917, 0.00000000000, -0.00000000188, -0.00000003095
34, 50.00000000000, 594.90146272349, 11.39774922529, 4.50000015917, 0.00000000000, 0.00000000086, -0.00000003060
35, 50.00000000000, 612.25290237126, 18.86412117936, 4.50000015917, 0.00000000000, 0.00000000058, 0.00000000030
36, 50.00000000000, 629.73559408831, 11.00795890778, 4.50000015917, 0.00000000000, -0.00000000047, -0.00000006121
37, 50.00000000000, 647.12662531924, 18.88538560648, 4.50000015917, 0.00000000000, -0.00000000292, 0.00000000041
38, 50.00000000000, 664.52075447291, 11.23150700756, 4.50000015917, 0.00000000000, 0.00000000109, -0.00000006168
39, 50.00000000000, 681.99613268134, 18.86266907917, 4.50000015917, 0.00000000000, 0.00000000503, -0.00000000005
40, 50.00000000000, 699.39947824832, 11.56289010871, 4.50000015917, 0.00000000000, -0.00000000059, -0.00000006103
41, 50.00000000000, 716.82377739094, 18.87054582980, 4.50000015917, 0.00000000000, -0.00000000228, 0.00000000060
42, 50.00000000000, 734.22006754807, 10.96702864556, 4.50000015917, 0.00000000000, 0.00000000106, -0.00000006146
43, 50.00000000000, 751.61469618391, 19.05207377468, 4.50000015917, 0.00000000000, -0.00000000010, -0.00000000111
44, 50.00000000000, 768.94527353106, 11.39453677288, 4.50000015917, 0.00000000000, -0.00000000286, -0.00000003149
45, 50.00000000000, 788.12323308370, 11.43587852858, 4.50000015917, 0.00000000000, 0.00000000321, -0.00000003257
46, 50.00000000000, 805.38276461699, 19.17741241229, 4.50000015917, 0.00000000000, 0.00000000235, -0.00000000163
47, 50.00000000000, 822.63445952786, 11.55769007099, 4.50000015917, 0.00000000000, -0.00000000063, -0.00000006293
48, 50.00000000000, 839.89853857956, 19.06550014053, 4.50000015917, 0.00000000000, -0.00000000752, 0.00000000001
49, 50.00000000000, 857.22912528022, 11.27908021910, 4.50000015917, 0.00000000000, -0.00000000010, -0.00000006463
50, 50.00000000000, 874.50916840455, 18.99677647112, 4.50000015917, 0.00000000000, 0.00000000505, 0.00000000017
51, 50.00000000000, 891.82447275242, 11.59884808826, 4.50000015917, 0.00000000000, -0.00000000070, -0.00000006186
52, 50.00000000000, 909.25736400128, 18.86049516052, 4.50000015917, 0.00000000000, 0.00000000039, -0.00000000015
53, 50.00000000000, 926.76773451053, 11.22701172072, 4.50000015917, 0.00000000000, -0.00000000104, -0.00000003005
54, 50.00000000000, 946.02686262361, 11.26141154965, 4.50000015917, 0.00000000000, -0.00000000088, -0.00000003075
55, 50.00000000000, 963.45105200869, 18.90991052928, 4.50000015917, 0.00000000000, 0.00000000356, 0.00000000010
56, 50.00000000000, 980.83844025155, 11.37304526305, 4.50000015917, 0.00000000000, -0.00000000169, -0.00000003089
57, 50.00000000000, 1000.19523556180, 11.40394940236, 4.50000015917, 0.00000000000, 0.00000000022, -0.00000003110
58, 50.00000000000, 1017.49521845664, 19.03994151348, 4.50000015917, 0.00000000000, -0.00000000138, -0.00000000097
59, 50.00000000000, 1034.82640278903, 11.26983293452, 4.50000015917, 0.00000000000, 0.00000000031, -0.00000003039
60, 50.00000000000, 1054.11186679118, 11.41319290338, 4.50000015917, 0.00000000000, 0.00000000142, -0.00000003308
61, 50.00000000000, 1071.37104608394, 19.11497249067, 4.50000015917, 0.00000000000, -0.00000000399, -0.00000000049
62, 50.00000000000, 1088.65605937419, 11.23721991055, 4.50000015917, 0.00000000000, 0.00000000111, -0.00000006401
63, 50.00000000000, 1105.96290411053, 19.19882717628, 4.50000015917, 0.00000000000, -0.00000000010, -0.00000000125
64, 50.00000000000, 1123.17875399542, 11.25581797790, 4.50000015917, 0.00000000000, 0.00000000087, -0.00000003193
65, 50.00000000000, 1142.40932498816, 11.41604955124, 4.50000015917, 0.00000000000, 0.00000000096, -0.00000003355
66, 50.00000000000, 1159.62495259880, 19.18633397920, 4.50000015917, 0.00000000000, 0.00000000267, -0.00000000061
67, 50.00000000000, 1176.77411185162, 11.57020343558, 4.50000015917, 0.00000000000, 0.00000000046, -0.00000006453
68, 50.00000000000, 1193.98724635044, 19.08789562599, 4.50000015917, 0.00000000000, -0.00000000234, -0.00000000014
69, 50.00000000000, 1211.28505455887, 11.38864267881, 4.50000015917, 0.00000000000, -0.00000000128, -0.00000003265
70, 50.00000000000, 1230.51773136394, 11.43198552941, 4.50000015917, 0.00000000000, -0.00000000011, -0.00000003187
71, 50.00000000000, 1247.81314284057, 19.03365152958, 4.50000015917, 0.00000000000, 0.00000000155, -0.00000000032
72, 50.00000000000, 1265.13750239045, 11.12648184698, 4.50000015917, 0.00000000000, -0.00000000294, -0.00000003178
73, 50.00000000000, 1284.32938223680, 11.28601266847, 4.50000015917, 0.00000000000, 0.00000000062, -0.00000003139
74, 50.00000000000, 1301.63290807044, 19.08359923428, 4.50000015917, 0.00000000000, 0.00000000095, -0.00000000183
75, 50.00000000000, 1319.01967368767, 11.30333627317, 4.50000015917, 0.00000000000, -0.00000000320, -0.00000006237
76, 50.00000000000, 1336.39244654119, 18.97255079973, 4.50000015917, 0.00000000000, -0.00000000004, 0.00000000132
77, 50.00000000000, 1353.69694629697, 11.21490719354, 4.50000015917, 0.00000000000, 0.00000000200, -0.00000006317
78, 50.00000000000, 1371.08092762837, 19.02899206822, 4.50000015917, 0.00000000000, 0.00000000905, -0.00000000360
79, 50.00000000000, 1387.99309278832, 11.44482525195, 4.50000015917, 0.00000000000, -0.00000012646, -0.00000002881
