0, 50.00000000000, 9.96671662682, 17.00638922268, 4.12500003222, 0.00000000000, 0.00000000530, 0.00000000490
1, 50.00000000000, 11.80948097647, 35.27788296261, 4.12500003222, 0.00000000000, 0.00000000034, 0.00000000182
2, 50.00000000000, 37.57889815928, 16.48121249054, 4.12500003222, 0.00000000000, -0.00000000009, -0.00000000383
3, 50.00000000000, 55.61332072594, 2.39669531756, 4.12500003222, 0.00000000000, 0.00000000100, 0.00000002529
4, 50.00000000000, 70.28056907687, 3.34856162979, 4.12500003222, 0.00000000000, 0.00000000084, -0.00000000700
5, 50.00000000000, 87.20750342612, 35.60939529522, 4.12500003222, 0.00000000000, -0.00000000038, -0.00000000921
6, 50.00000000000, 101.97837267322, 3.40301363484, 4.12500003222, 0.00000000000, 0.00000000141, -0.00000000724
7, 50.00000000000, 117.51346154949, 3.21930286156, 4.12500003222, 0.00000000000, 0.00000000026, -0.00000000119
8, 50.00000000000, 134.11975879010, 2.81565191193, 4.12500003222, 0.00000000000, 0.00000000111, 0.00000001696
9, 50.00000000000, 153.63225189549, 16.88468348137, 4.12500003222, 0.00000000000, -0.00000000003, 0.00000000377
10, 50.00000000000, 164.52951177341, 3.76170676992, 4.12500003222, 0.00000000000, 0.00000000048, -0.00000001287
11, 50.00000000000, 158.42349833769, 37.35196600690, 4.12500003222, 0.00000000000, -0.00000000057, -0.00000000194
12, 50.00000000000, 209.17512682012, 3.78739355198, 4.12500003222, 0.00000000000, 0.00000000315, -0.00000000079
13, 50.00000000000, 227.97892870911, 16.81367439796, 4.12500003222, 0.00000000000, -0.00000000057, -0.00000000601
14, 50.00000000000, 239.42681170565, 4.26631138847, 4.12500003222, 0.00000000000, -0.00000000260, -0.00000002173
15, 50.00000000000, 254.50377853044, 3.02596985153, 4.12500003222, 0.00000000000, 0.00000000012, 0.00000000603
16, 50.00000000000, 208.22667173402, -30000000.00000000000, 0.00000000000, 0.00000000000, 0.00000115154, 0.66000001198
17, 50.00000000000, 213.76424265825, -30000000.00000000000, 0.00000000000, 0.00000000000, 0.00000049963, 0.66000001198
18, 50.00000000000, 229.94224378330, -30000000.00000000000, 0.00000000000, 0.00000000000, 0.00000015379, 0.66000001198
19, 50.00000000000, 244.13286548676, -30000000.00000000000, 0.00000000000, 0.00000000000, -0.00000014619, 0.66000001198
20, 50.00000000000, 253.96796257493, -30000000.00000000000, 0.00000000000, 0.00000000000, -0.00000066756, 0.66000001198
21, 50.00000000000, 264.79881561854, -30000000.00000000000, 0.00000000000, 0.00000000000, -0.00000005951, 0.66000001198
22, 50.00000000000, 280.63535351577, -30000000.00000000000, 0.00000000000, 0.00000000000, 0.00000016067, 0.66000001198
23, 50.00000000000, 294.70160323369, -30000000.00000000000, 0.00000000000, 0.00000000000, 0.00000011490, 0.66000001198
24, 50.00000000000, 307.60294978990, -30000000.00000000000, 0.00000000000, 0.00000000000, -0.00000007892, 0.66000001198
25, 50.00000000000, 350.00883744385, 3.70554064802, 4.12500003222, 0.00000000000, 0.00000000722, 0.00000000106
26, 50.00000000000, 326.68704206073, -30000000.00000000000, 0.00000000000, 0.00000000000, -0.00000005264, 0.66000001198
27, 50.00000000000, 339.94151297158, -30000000.00000000000, 0.00000000000, 0.00000000000, -0.00000014168, 0.66000001198
28, 50.00000000000, 354.06282115022, -30000000.00000000000, 0.00000000000, 0.00000000000, 0.00000098921, 0.66000001198
29, 50.00000000000, 365.55035494571, -30000000.00000000000, 0.00000000000, 0.00000000000, 0.00000040642, 0.66000001198
30, 50.00000000000, 376.87332328468, -30000000.00000000000, 0.00000000000, 0.00000000000, -0.00000101942, 0.66000001198
31, 50.00000000000, 388.71777236206, -30000000.00000000000, 0.00000000000, 0.00000000000, -0.00000044471, 0.66000001198
32, 50.00000000000, 402.99085056884, -30000000.00000000000, 0.00000000000, 0.00000000000, 0.00000077614, 0.66000001198
33, 50.00000000000, 414.83214489825, -30000000.00000000000, 0.00000000000, 0.00000000000, 0.00000039648, 0.66000001198
34, 50.00000000000, 426.04141033366, -30000000.00000000000, 0.00000000000, 0.00000000000, 0.00000005786, 0.66000001198
35, 50.00000000000, 437.83710673625, -30000000.00000000000, 0.00000000000, 0.00000000000, -0.00000027553, 0.66000001198
36, 50.00000000000, 450.99594423687, -30000000.00000000000, 0.00000000000, 0.00000000000, 0.00000047505, 0.66000001198
37, 50.00000000000, 463.37733766994, -30000000.00000000000, 0.00000000000, 0.00000000000, 0.00000100725, 0.66000001198
38, 50.00000000000, 475.67371066930, -30000000.00000000000, 0.00000000000, 0.00000000000, 0.00000042633, 0.66000001198
39, 50.00000000000, 486.90878113248, -30000000.00000000000, 0.00000000000, 0.00000000000, -0.00000028420, 0.66000001198
40, 50.00000000000, 499.79379532237, -30000000.00000000000, 0.00000000000, 0.00000000000, -0.00000084553, 0.66000001198
41, 50.00000000000, 511.55568440894, -30000000.00000000000, 0.00000000000, 0.00000000000, -0.00000087892, 0.66000001198
42, 50.00000000000, 523.33515310431, -30000000.00000000000, 0.00000000000, 0.00000000000, -0.00000093565, 0.66000001198
43, 50.00000000000, 535.28943235250, -30000000.00000000000, 0.00000000000, 0.00000000000, -0.00000047899, 0.66000001198
44, 50.00000000000, 550.12278541250, -30000000.00000000000, 0.00000000000, 0.00000000000, 0.00000057207, 0.66000001198
45, 50.00000000000, 553.49673051157, 17.05987345939, 4.12500003222, 0.00000000000, -0.00000000840, -0.00000000405
46, 50.00000000000, 562.21812298774, 2.87333230946, 4.12500003222, 0.00000000000, -0.00000000515, 0.00000002013
47, 50.00000000000, 586.28339126059, -30000000.00000000000, 0.00000000000, 0.00000000000, 0.00000044714, 0.66000001198
48, 50.00000000000, 597.74581124727, -30000000.00000000000, 0.00000000000, 0.00000000000, -0.00000038109, 0.66000001198
49, 50.00000000000, 608.48360297781, -30000000.00000000000, 0.00000000000, 0.00000000000, -0.00000012533, 0.66000001198
50, 50.00000000000, 624.73614211956, -30000000.00000000000, 0.00000000000, 0.00000000000, 0.00000063119, 0.66000001198
51, 50.00000000000, 635.82581923760, -30000000.00000000000, 0.00000000000, 0.00000000000, 0.00000012379, 0.66000001198
52, 50.00000000000, 621.08674089089, 16.54086636045, 4.12500003222, 0.00000000000, -0.00000000439, 0.00000000449
53, 50.00000000000, 642.99021663670, 53.57851035017, 4.12500003222, 0.00000000000, 0.00000000106, 0.00000000103
54, 50.00000000000, 669.59336286181, -30000000.00000000000, 0.00000000000, 0.00000000000, -0.00000035752, 0.66000001198
55, 50.00000000000, 681.16847803971, -30000000.00000000000, 0.00000000000, 0.00000000000, -0.00000029181, 0.66000001198
56, 50.00000000000, 670.14048144540, 16.91346109134, 4.12500003222, 0.00000000000, 0.00000000080, 0.00000000950
57, 50.00000000000, 708.72372100008, -30000000.00000000000, 0.00000000000, 0.00000000000, -0.00000007479, 0.66000001198
58, 50.00000000000, 723.17185629108, -30000000.00000000000, 0.00000000000, 0.00000000000, 0.00000020975, 0.66000001198
59, 50.00000000000, 693.02460718715, 3.76672683882, 4.12500003222, 0.00000000000, 0.00000000163, -0.00000000777
60, 50.00000000000, 742.96208129179, -30000000.00000000000, 0.00000000000, 0.00000000000, -0.00000077548, 0.66000001198
61, 50.00000000000, 759.35408853091, -30000000.00000000000, 0.00000000000, 0.00000000000, 0.00000044091, 0.66000001198
62, 50.00000000000, 732.97077293347, 16.78477763879, 4.12500003222, 0.00000000000, 0.00000000115, 0.00000000250
63, 50.00000000000, 780.12593893422, -30000000.00000000000, 0.00000000000, 0.00000000000, 0.00000010643, 0.66000001198
64, 50.00000000000, 794.14408114276, -30000000.00000000000, 0.00000000000, 0.00000000000, -0.00000070843, 0.66000001198
65, 50.00000000000, 752.05063218820, 3.31632644079, 4.12500003222, 0.00000000000, -0.00000000212, 0.00000001649
66, 50.00000000000, 766.64580922086, 4.45881395116, 4.12500003222, 0.00000000000, -0.00000000051, -0.00000001850
67, 50.00000000000, 781.23961890313, 2.66488391926, 4.12500003222, 0.00000000000, -0.00000000600, 0.00000002283
68, 50.00000000000, 810.64368266066, 3.26587067684, 4.12500003222, 0.00000000000, 0.00000000136, 0.00000001461
69, 50.00000000000, 825.12361382420, 3.58392585991, 4.12500003222, 0.00000000000, -0.00000000583, 0.00000001045
70, 50.00000000000, 858.32300762008, 54.63918514850, 4.12500003222, 0.00000000000, 0.00000000102, 0.00000000131
71, 50.00000000000, 853.78533040959, 2.97011100873, 4.12500003222, 0.00000000000, 0.00000000165, 0.00000000180
72, 50.00000000000, 864.60426992549, 17.41579884863, 4.12500003222, 0.00000000000, -0.00000000265, 0.00000001614
73, 50.00000000000, 880.44341196030, 3.54336373891, 4.12500003222, 0.00000000000, -0.00000000025, 0.00000000780
74, 50.00000000000, 893.77625657862, 16.50489261115, 4.12500003222, 0.00000000000, 0.00000000145, -0.00000000353
75, 50.00000000000, 918.67872554475, 3.27940418988, 4.12500003222, 0.00000000000, -0.00000000070, 0.00000000233
76, 50.00000000000, 932.63491369714, 3.58109098962, 4.12500003222, 0.00000000000, 0.00000000035, -0.00000000137
77, 50.00000000000, 961.05821007522, 2.85378286557, 4.12500003222, 0.00000000000, -0.00000000054, 0.00000000471
78, 50.00000000000, 963.30542989421, 17.38815767352, 4.12500003222, 0.00000000000, -0.00000000199, -0.00000000251
79, 50.00000000000, 989.86183579410, 2.78517896721, 4.12500003222, 0.00000000000, -0.00000000405, 0.00000000957
80, 50.00000000000, 10.11133419158, 3.30956330199, 4.12500003222, 0.00000000000, 0.00000000321, 0.00000000341
81, 50.00000000000, 25.31726766325, 3.55048862621, 4.12500003222, 0.00000000000, -0.00000000029, -0.00000000723
82, 50.00000000000, 40.30753232152, 2.47123154597, 4.12500003222, 0.00000000000, 0.00000000097, 0.00000000693
83, 50.00000000000, 51.38113284305, 34.95823133090, 4.12500003222, 0.00000000000, 0.00000000260, 0.00000000260
84, 50.00000000000, 61.79128671925, 17.19349480026, 4.12500003222, 0.00000000000, -0.00000000161, -0.00000001197
85, 50.00000000000, 73.92678448998, 16.73314751991, 4.12500003222, 0.00000000000, -0.00000000232, -0.00000000402
86, 50.00000000000, 98.34408225837, 16.40576205777, 4.12500003222, 0.00000000000, -0.00000000207, 0.00000000297
87, 50.00000000000, 112.14425635989, 17.04817902586, 4.12500003222, 0.00000000000, 0.00000000139, 0.00000000044
88, 50.00000000000, 126.34280958406, 15.81332950906, 4.12500003222, 0.00000000000, 0.00000000278, 0.00000001082
89, 50.00000000000, 149.60215999890, 2.12600780361, 4.12500003222, 0.00000000000, -0.00000000090, 0.00000002872
90, 50.00000000000, 179.42632636830, 3.85231330253, 4.12500003222, 0.00000000000, 0.00000000240, 0.00000000482
91, 50.00000000000, 198.42119954312, 16.44801358482, 4.12500003222, 0.00000000000, -0.00000000200, 0.00000000539
92, 50.00000000000, 175.63502302503, 36.37387423818, 4.12500003222, 0.00000000000, 0.00000000038, 0.00000000019
93, 50.00000000000, 224.39399516908, 3.38644020421, 4.12500003222, 0.00000000000, 0.00000000032, -0.00000000017
94, 50.00000000000, 210.72216609908, 32.62480902776, 4.12500003222, 0.00000000000, -0.00000000190, 0.00000001846
95, 50.00000000000, 243.31609978806, 16.91525047365, 4.12500003222, 0.00000000000, 0.00000000425, 0.00000000992
96, 50.00000000000, 202.57338299038, -30000000.00000000000, 0.00000000000, 0.00000000000, 0.00000076275, 0.66000001198
97, 50.00000000000, 222.79919618003, -30000000.00000000000, 0.00000000000, 0.00000000000, 0.00000051856, 0.66000001198
98, 50.00000000000, 232.29331374866, -30000000.00000000000, 0.00000000000, 0.00000000000, 0.00000014132, 0.66000001198
99, 50.00000000000, 291.45435656772, 16.81856871765, 4.12500003222, 0.00000000000, 0.00000000080, 0.00000000264
100, 50.00000000000, 255.36277568580, -30000000.00000000000, 0.00000000000, 0.00000000000, -0.00000000119, 0.66000001198
101, 50.00000000000, 268.01820305228, -30000000.00000000000, 0.00000000000, 0.00000000000, 0.00000017156, 0.66000001198
102, 50.00000000000, 279.54431787454, -30000000.00000000000, 0.00000000000, 0.00000000000, -0.00000012189, 0.66000001198
103, 50.00000000000, 287.21717044596, -30000000.00000000000, 0.00000000000, 0.00000000000, -0.00000049127, 0.66000001198
104, 50.00000000000, 333.34123451880, 4.18455922467, 4.12500003222, 0.00000000000, -0.00000000278, -0.00000001234
105, 50.00000000000, 316.98498441959, -30000000.00000000000, 0.00000000000, 0.00000000000, 0.00000037156, 0.66000001198
106, 50.00000000000, 328.60562503386, -30000000.00000000000, 0.00000000000, 0.00000000000, 0.00000022329, 0.66000001198
107, 50.00000000000, 340.49179333036, -30000000.00000000000, 0.00000000000, 0.00000000000, -0.00000021861, 0.66000001198
108, 50.00000000000, 353.17113961610, -30000000.00000000000, 0.00000000000, 0.00000000000, 0.00000066808, 0.66000001198
109, 50.00000000000, 392.60561578943, 16.43501070977, 4.12500003222, 0.00000000000, -0.00000000054, 0.00000000684
110, 50.00000000000, 375.71693185738, -30000000.00000000000, 0.00000000000, 0.00000000000, -0.00000084570, 0.66000001198
111, 50.00000000000, 391.30410018324, -30000000.00000000000, 0.00000000000, 0.00000000000, 0.00000051196, 0.66000001198
112, 50.00000000000, 403.00882992711, -30000000.00000000000, 0.00000000000, 0.00000000000, 0.00000077365, 0.66000001198
113, 50.00000000000, 414.26956395077, -30000000.00000000000, 0.00000000000, 0.00000000000, 0.00000048845, 0.66000001198
114, 50.00000000000, 426.35895140178, -30000000.00000000000, 0.00000000000, 0.00000000000, 0.00000045446, 0.66000001198
115, 50.00000000000, 438.44262294446, -30000000.00000000000, 0.00000000000, 0.00000000000, -0.00000038823, 0.66000001198
116, 50.00000000000, 465.16598681143, 16.52298616220, 4.12500003222, 0.00000000000, -0.00000000127, -0.00000001162
117, 50.00000000000, 459.94167153366, -30000000.00000000000, 0.00000000000, 0.00000000000, -0.00000005460, 0.66000001198
118, 50.00000000000, 472.81325649713, -30000000.00000000000, 0.00000000000, 0.00000000000, -0.00000079077, 0.66000001198
119, 50.00000000000, 490.26450346520, -30000000.00000000000, 0.00000000000, 0.00000000000, 0.00000033916, 0.66000001198
120, 50.00000000000, 502.10377594791, -30000000.00000000000, 0.00000000000, 0.00000000000, 0.00000005694, 0.66000001198
121, 50.00000000000, 513.68825014400, -30000000.00000000000, 0.00000000000, 0.00000000000, 0.00000052916, 0.66000001198
122, 50.00000000000, 515.03667522148, 13.72095157262, 4.12500003222, 0.00000000000, 0.00000000489, 0.00000000078
123, 50.00000000000, 537.80393209933, -30000000.00000000000, 0.00000000000, 0.00000000000, 0.00000000747, 0.66000001198
124, 50.00000000000, 549.63186092820, -30000000.00000000000, 0.00000000000, 0.00000000000, 0.00000065370, 0.66000001198
125, 50.00000000000, 563.75545288424, -30000000.00000000000, 0.00000000000, 0.00000000000, 0.00000056012, 0.66000001198
126, 50.00000000000, 573.03290200298, -30000000.00000000000, 0.00000000000, 0.00000000000, -0.00000027657, 0.66000001198
127, 50.00000000000, 585.50473027267, -30000000.00000000000, 0.00000000000, 0.00000000000, -0.00000033269, 0.66000001198
128, 50.00000000000, 599.75141877230, -30000000.00000000000, 0.00000000000, 0.00000000000, 0.00000019743, 0.66000001198
129, 50.00000000000, 610.99472710897, -30000000.00000000000, 0.00000000000, 0.00000000000, 0.00000026081, 0.66000001198
130, 50.00000000000, 622.61268288177, -30000000.00000000000, 0.00000000000, 0.00000000000, 0.00000058286, 0.66000001198
131, 50.00000000000, 634.90067491307, -30000000.00000000000, 0.00000000000, 0.00000000000, -0.00000018296, 0.66000001198
132, 50.00000000000, 646.63026146695, -30000000.00000000000, 0.00000000000, 0.00000000000, -0.00000070736, 0.66000001198
133, 50.00000000000, 658.68726744672, -30000000.00000000000, 0.00000000000, 0.00000000000, -0.00000016096, 0.66000001198
134, 50.00000000000, 659.08598214779, 66.68782866984, 4.12500003222, 0.00000000000, -0.00000000104, -0.00000000076
135, 50.00000000000, 682.51015144925, -30000000.00000000000, 0.00000000000, 0.00000000000, 0.00000002062, 0.66000001198
136, 50.00000000000, 695.76920200740, -30000000.00000000000, 0.00000000000, 0.00000000000, 0.00000024950, 0.66000001198
137, 50.00000000000, 705.99403140370, -30000000.00000000000, 0.00000000000, 0.00000000000, -0.00000017018, 0.66000001198
138, 50.00000000000, 721.66005879673, -30000000.00000000000, 0.00000000000, 0.00000000000, 0.00000037606, 0.66000001198
139, 50.00000000000, 728.14226897706, 52.99222707474, 4.12500003222, 0.00000000000, -0.00000000123, 0.00000000166
140, 50.00000000000, 744.08043469145, -30000000.00000000000, 0.00000000000, 0.00000000000, -0.00000045231, 0.66000001198
141, 50.00000000000, 707.90867332388, 2.70317061050, 4.12500003222, 0.00000000000, -0.00000000178, 0.00000000687
142, 50.00000000000, 722.57970993764, 4.01478815865, 4.12500003222, 0.00000000000, 0.00000000184, -0.00000000944
143, 50.00000000000, 782.19483095101, -30000000.00000000000, 0.00000000000, 0.00000000000, -0.00000012319, 0.66000001198
144, 50.00000000000, 795.14437985823, -30000000.00000000000, 0.00000000000, 0.00000000000, -0.00000079004, 0.66000001198
145, 50.00000000000, 793.06074456870, 34.20969640334, 4.12500003222, 0.00000000000, 0.00000000277, 0.00000000343
146, 50.00000000000, 777.90793453249, 17.02601751076, 4.12500003222, 0.00000000000, 0.00000000211, -0.00000000729
147, 50.00000000000, 831.22753770971, 36.68579987091, 4.12500003222, 0.00000000000, -0.00000000011, -0.00000001014
148, 50.00000000000, 840.19990384512, 52.79970614199, 4.12500003222, 0.00000000000, -0.00000000018, 0.00000000671
149, 50.00000000000, 821.35207144966, 17.67224184098, 4.12500003222, 0.00000000000, 0.00000000227, -0.00000001432
150, 50.00000000000, 836.18008703345, 17.18920262971, 4.12500003222, 0.00000000000, -0.00000000153, 0.00000000561
151, 50.00000000000, 850.35480242164, 16.91311143967, 4.12500003222, 0.00000000000, -0.00000000312, 0.00000000537
152, 50.00000000000, 888.93427025998, 49.19457567501, 4.12500003222, 0.00000000000, -0.00000000280, 0.00000000534
153, 50.00000000000, 897.20634752561, 33.78503637031, 4.12500003222, 0.00000000000, 0.00000000083, -0.00000000432
154, 50.00000000000, 892.03810633951, 2.76219113890, 4.12500003222, 0.00000000000, 0.00000000111, 0.00000000381
155, 50.00000000000, 922.24177447184, 17.22959163516, 4.12500003222, 0.00000000000, 0.00000000072, -0.00000000204
156, 50.00000000000, 936.15726409607, 17.21315637080, 4.12500003222, 0.00000000000, -0.00000000074, -0.00000001118
157, 50.00000000000, 949.76317623459, 16.50305166585, 4.12500003222, 0.00000000000, -0.00000000153, -0.00000000120
158, 50.00000000000, 975.37854302102, 4.30326970949, 4.12500003222, 0.00000000000, 0.00000000204, -0.00000000883
159, 50.00000000000, 989.53489764916, 17.09010868147, 4.12500003222, 0.00000000000, -0.00000000628, -0.00000000528
160, 50.00000000000, 10.07108270254, 57.77298342541, 4.12500003222, 0.00000000000, 0.00000000109, 0.00000000188
161, 50.00000000000, 23.56050418447, 16.83795257041, 4.12500003222, 0.00000000000, -0.00000000049, 0.00000001259
162, 50.00000000000, 33.78500999250, 33.27609887528, 4.12500003222, 0.00000000000, -0.00000000088, -0.00000000397
163, 50.00000000000, 42.00662897409, 53.52548972879, 4.12500003222, 0.00000000000, -0.00000000091, 0.00000000030
164, 50.00000000000, 59.44867084872, 55.63892094532, 4.12500003222, 0.00000000000, 0.00000000088, -0.00000000292
165, 50.00000000000, 69.87139329591, 35.98203996338, 4.12500003222, 0.00000000000, -0.00000000088, -0.00000001091
166, 50.00000000000, 85.49382121020, 17.45250192959, 4.12500003222, 0.00000000000, -0.00000000086, 0.00000001245
167, 50.00000000000, 104.83015522230, 70.15484082797, 4.12500003222, 0.00000000000, -0.00000000138, -0.00000000410
168, 50.00000000000, 123.53470419556, 33.53638994106, 4.12500003222, 0.00000000000, 0.00000000080, 0.00000000045
169, 50.00000000000, 139.96111752119, 16.95127533998, 4.12500003222, 0.00000000000, -0.00000000175, 0.00000000103
170, 50.00000000000, 140.80526576703, 34.87229721908, 4.12500003222, 0.00000000000, 0.00000000007, -0.00000000361
171, 50.00000000000, 183.38567992745, 17.58457708393, 4.12500003222, 0.00000000000, -0.00000000061, -0.00000001822
172, 50.00000000000, 194.14739961803, 2.96224959988, 4.12500003222, 0.00000000000, 0.00000000273, 0.00000001454
173, 50.00000000000, 193.41253711515, 36.55772792162, 4.12500003222, 0.00000000000, 0.00000000094, -0.00000000074
174, 50.00000000000, 202.32349120103, 54.79977843270, 4.12500003222, 0.00000000000, 0.00000000066, -0.00000001034
175, 50.00000000000, 218.45602149781, 49.32793563497, 4.12500003222, 0.00000000000, 0.00000000020, -0.00000000229
176, 50.00000000000, 258.74047174074, 16.39505146503, 4.12500003222, 0.00000000000, 0.00000000072, 0.00000001522
177, 50.00000000000, 269.27917461384, 4.12776574795, 4.12500003222, 0.00000000000, -0.00000000171, -0.00000001778
178, 50.00000000000, 284.68440047260, 3.59048424971, 4.12500003222, 0.00000000000, 0.00000000324, 0.00000000239
179, 50.00000000000, 243.14466202411, -30000000.00000000000, 0.00000000000, 0.00000000000, -0.00000041561, 0.66000001198
180, 50.00000000000, 271.54227345330, 112.10205228561, 4.12500003222, 0.00000000000, -0.00000000145, 0.00000000363
181, 50.00000000000, 269.40669222376, -30000000.00000000000, 0.00000000000, 0.00000000000, 0.00000040018, 0.66000001198
182, 50.00000000000, 299.56407081048, 36.65981995722, 4.12500003222, 0.00000000000, 0.00000000053, -0.00000000918
183, 50.00000000000, 288.96575128891, -30000000.00000000000, 0.00000000000, 0.00000000000, -0.00000079869, 0.66000001198
184, 50.00000000000, 301.84392918219, -30000000.00000000000, 0.00000000000, 0.00000000000, -0.00000092892, 0.66000001198
185, 50.00000000000, 358.38163529075, 17.03768140264, 4.12500003222, 0.00000000000, 0.00000000383, -0.00000002383
186, 50.00000000000, 339.20360202568, 39.53910461044, 4.12500003222, 0.00000000000, 0.00000000099, -0.00000000711
187, 50.00000000000, 375.12362632232, 16.89129222226, 4.12500003222, 0.00000000000, -0.00000000143, 0.00000000894
188, 50.00000000000, 354.96528109766, -30000000.00000000000, 0.00000000000, 0.00000000000, 0.00000085333, 0.66000001198
189, 50.00000000000, 401.48927224751, 3.73815901626, 4.12500003222, 0.00000000000, 0.00000000392, 0.00000000170
190, 50.00000000000, 377.91496853261, -30000000.00000000000, 0.00000000000, 0.00000000000, -0.00000117520, 0.66000001198
191, 50.00000000000, 419.29597299240, 3.28392841223, 4.12500003222, 0.00000000000, 0.00000000071, 0.00000000717
192, 50.00000000000, 409.09839476080, 51.75344208529, 4.12500003222, 0.00000000000, 0.00000000019, 0.00000000411
193, 50.00000000000, 428.52318204787, 84.31568658474, 4.12500003222, 0.00000000000, -0.00000000211, -0.00000000462
194, 50.00000000000, 446.14140903995, 16.04034943609, 4.12500003222, 0.00000000000, 0.00000000217, 0.00000000881
195, 50.00000000000, 445.94066808099, 49.80650997384, 4.12500003222, 0.00000000000, 0.00000000121, -0.00000000005
196, 50.00000000000, 450.26242220928, -30000000.00000000000, 0.00000000000, 0.00000000000, -0.00000030861, 0.66000001198
197, 50.00000000000, 464.90035624323, -30000000.00000000000, 0.00000000000, 0.00000000000, 0.00000067639, 0.66000001198
198, 50.00000000000, 475.88661363049, -30000000.00000000000, 0.00000000000, 0.00000000000, 0.00000084178, 0.66000001198
199, 50.00000000000, 483.49549177002, 15.65929428784, 4.12500003222, 0.00000000000, 0.00000000089, -0.00000000472
200, 50.00000000000, 500.07872982327, -30000000.00000000000, 0.00000000000, 0.00000000000, -0.00000044850, 0.66000001198
201, 50.00000000000, 509.19553992739, 34.42898161306, 4.12500003222, 0.00000000000, -0.00000000210, -0.00000000995
202, 50.00000000000, 524.77836579294, -30000000.00000000000, 0.00000000000, 0.00000000000, -0.00000030112, 0.66000001198
203, 50.00000000000, 536.72895892946, -30000000.00000000000, 0.00000000000, 0.00000000000, 0.00000018858, 0.66000001198
204, 50.00000000000, 544.80301881656, 4.12883377866, 4.12500003222, 0.00000000000, 0.00000000082, -0.00000000142
205, 50.00000000000, 560.76085666437, -30000000.00000000000, 0.00000000000, 0.00000000000, -0.00000021032, 0.66000001198
206, 50.00000000000, 578.16603327864, -30000000.00000000000, 0.00000000000, 0.00000000000, 0.00000059922, 0.66000001198
207, 50.00000000000, 570.45392267666, 17.08855039318, 4.12500003222, 0.00000000000, -0.00000000657, -0.00000000826
208, 50.00000000000, 596.80202163893, -30000000.00000000000, 0.00000000000, 0.00000000000, -0.00000066822, 0.66000001198
209, 50.00000000000, 587.21962519552, 16.93729814544, 4.12500003222, 0.00000000000, 0.00000000002, -0.00000000487
210, 50.00000000000, 619.88729024059, -30000000.00000000000, 0.00000000000, 0.00000000000, -0.00000072238, 0.66000001198
211, 50.00000000000, 632.67490424169, -30000000.00000000000, 0.00000000000, 0.00000000000, -0.00000074873, 0.66000001198
212, 50.00000000000, 647.34120047629, -30000000.00000000000, 0.00000000000, 0.00000000000, -0.00000082565, 0.66000001198
213, 50.00000000000, 629.20068894753, 3.74482744754, 4.12500003222, 0.00000000000, -0.00000000167, -0.00000000509
214, 50.00000000000, 637.76620721478, 16.66577930999, 4.12500003222, 0.00000000000, -0.00000000231, 0.00000000714
215, 50.00000000000, 687.21588419121, -30000000.00000000000, 0.00000000000, 0.00000000000, 0.00000041688, 0.66000001198
216, 50.00000000000, 661.90424454381, 3.16238060049, 4.12500003222, 0.00000000000, -0.00000000496, 0.00000000738
217, 50.00000000000, 677.66368846070, 3.60899178890, 4.12500003222, 0.00000000000, -0.00000000144, 0.00000000049
218, 50.00000000000, 719.24773235755, -30000000.00000000000, 0.00000000000, 0.00000000000, -0.00000025155, 0.66000001198
219, 50.00000000000, 686.38856996039, 16.60832843428, 4.12500003222, 0.00000000000, -0.00000000229, 0.00000001355
220, 50.00000000000, 702.92782584795, 17.12436719405, 4.12500003222, 0.00000000000, -0.00000000269, -0.00000000015
221, 50.00000000000, 753.45855696009, -30000000.00000000000, 0.00000000000, 0.00000000000, 0.00000015299, 0.66000001198
222, 50.00000000000, 765.57542554208, 52.60024787386, 4.12500003222, 0.00000000000, -0.00000000067, 0.00000000409
223, 50.00000000000, 737.29660541348, 3.69405576180, 4.12500003222, 0.00000000000, 0.00000000241, 0.00000000170
224, 50.00000000000, 790.93703551773, -30000000.00000000000, 0.00000000000, 0.00000000000, -0.00000045398, 0.66000001198
225, 50.00000000000, 747.99765199402, 17.13106764927, 4.12500003222, 0.00000000000, -0.00000000140, -0.00000001559
226, 50.00000000000, 812.15328169091, 71.98294198888, 4.12500003222, 0.00000000000, -0.00000000102, -0.00000000397
227, 50.00000000000, 820.95668978834, 52.34240136703, 4.12500003222, 0.00000000000, 0.00000000099, 0.00000000290
228, 50.00000000000, 796.20431628082, 2.94600920378, 4.12500003222, 0.00000000000, -0.00000000182, 0.00000000605
229, 50.00000000000, 851.09194571298, 35.51697684410, 4.12500003222, 0.00000000000, -0.00000000285, -0.00000000848
230, 50.00000000000, 839.39762460253, 3.07891234651, 4.12500003222, 0.00000000000, -0.00000000208, 0.00000001007
231, 50.00000000000, 871.60393649646, 38.39445056576, 4.12500003222, 0.00000000000, 0.00000000025, 0.00000000388
232, 50.00000000000, 867.92339678270, 4.32346990370, 4.12500003222, 0.00000000000, -0.00000000095, -0.00000001628
233, 50.00000000000, 925.68126922782, 89.81429589615, 4.12500003222, 0.00000000000, 0.00000000078, -0.00000000004
234, 50.00000000000, 879.48111831460, 18.43086361281, 4.12500003222, 0.00000000000, 0.00000000062, -0.00000001966
235, 50.00000000000, 904.86720826350, 2.99014241734, 4.12500003222, 0.00000000000, -0.00000000027, 0.00000001726
236, 50.00000000000, 946.77164844026, 3.11258376158, 4.12500003222, 0.00000000000, -0.00000000048, 0.00000000560
237, 50.00000000000, 954.33798645398, 35.29607978092, 4.12500003222, 0.00000000000, -0.00000000086, 0.00000000479
238, 50.00000000000, 972.36327071173, 36.51164954811, 4.12500003222, 0.00000000000, 0.00000000184, 0.00000000452
239, 50.00000000000, 976.66725491853, 17.62766998742, 4.12500003222, 0.00000000000, -0.00000000092, -0.00000000021
240, 50.00000000000, 10.07389910833, 95.08987760589, 4.12500003222, 0.00000000000, -0.00000000505, 0.00000000117
241, 50.00000000000, 24.87257823834, 48.24851596424, 4.12500003222, 0.00000000000, -0.00000000023, 0.00000000105
242, 50.00000000000, 28.21105587164, 67.37919974841, 4.12500003222, 0.00000000000, 0.00000000054, -0.00000000753
243, 50.00000000000, 50.07430418963, 16.46382592116, 4.12500003222, 0.00000000000, -0.00000000017, -0.00000000762
244, 50.00000000000, 66.70365416950, 73.83154275486, 4.12500003222, 0.00000000000, 0.00000000207, -0.00000000160
245, 50.00000000000, 86.24505061208, 3.99249341214, 4.12500003222, 0.00000000000, -0.00000000069, -0.00000002553
246, 50.00000000000, 96.16809416127, 103.99912299867, 4.12500003222, 0.00000000000, 0.00000000107, -0.00000000454
247, 50.00000000000, 105.52815392047, 35.05070228972, 4.12500003222, 0.00000000000, 0.00000000072, -0.00000000178
248, 50.00000000000, 112.90473205118, 88.48336299040, 4.12500003222, 0.00000000000, 0.00000000040, 0.00000000830
249, 50.00000000000, 123.09872452554, 72.81754430951, 4.12500003222, 0.00000000000, 0.00000000152, -0.00000000493
250, 50.00000000000, 168.32639190766, 16.49149555547, 4.12500003222, 0.00000000000, 0.00000000214, 0.00000002137
251, 50.00000000000, 159.34200032784, 74.36174629518, 4.12500003222, 0.00000000000, -0.00000000036, 0.00000000829
252, 50.00000000000, 213.48119592022, 16.74230291175, 4.12500003222, 0.00000000000, -0.00000000249, -0.00000001617
253, 50.00000000000, 187.69853285198, 91.81639383084, 4.12500003222, 0.00000000000, 0.00000000107, -0.00000000425
254, 50.00000000000, 196.41376844288, 71.94197930041, 4.12500003222, 0.00000000000, -0.00000000173, 0.00000000029
255, 50.00000000000, 228.68711007807, 33.40895356785, 4.12500003222, 0.00000000000, 0.00000000094, 0.00000000994
256, 50.00000000000, 246.47712709559, 35.28284672431, 4.12500003222, 0.00000000000, -0.00000000016, 0.00000000544
257, 50.00000000000, 219.73668488582, -30000000.00000000000, 0.00000000000, 0.00000000000, 0.00000108519, 0.66000001198
258, 50.00000000000, 274.72506753239, 16.58030718853, 4.12500003222, 0.00000000000, 0.00000000202, 0.00000002018
259, 50.00000000000, 241.17362709907, -30000000.00000000000, 0.00000000000, 0.00000000000, -0.00000007953, 0.66000001198
260, 50.00000000000, 269.95733851504, 56.16661599429, 4.12500003222, 0.00000000000, 0.00000000026, -0.00000000342
261, 50.00000000000, 300.63089923849, 3.94682141946, 4.12500003222, 0.00000000000, 0.00000000364, 0.00000000611
262, 50.00000000000, 316.67238107953, 4.56422587317, 4.12500003222, 0.00000000000, -0.00000000029, -0.00000000788
263, 50.00000000000, 325.03085803121, 17.11606658426, 4.12500003222, 0.00000000000, 0.00000000129, 0.00000000061
264, 50.00000000000, 309.82719426171, 109.55178120580, 4.12500003222, 0.00000000000, -0.00000000011, -0.00000000036
265, 50.00000000000, 341.76208671504, 16.93807837832, 4.12500003222, 0.00000000000, 0.00000000063, 0.00000001605
266, 50.00000000000, 366.98476969178, 3.29869208763, 4.12500003222, 0.00000000000, -0.00000000382, 0.00000001813
267, 50.00000000000, 384.19901097268, 3.65955761796, 4.12500003222, 0.00000000000, 0.00000000020, -0.00000000054
268, 50.00000000000, 355.10798477331, 53.01240100777, 4.12500003222, 0.00000000000, 0.00000000230, 0.00000000292
269, 50.00000000000, 365.18212613355, 71.60819780354, 4.12500003222, 0.00000000000, 0.00000000089, 0.00000000179
270, 50.00000000000, 386.01645155302, 110.01353749629, 4.12500003222, 0.00000000000, -0.00000000052, -0.00000000793
271, 50.00000000000, 399.28504586253, 36.05578170733, 4.12500003222, 0.00000000000, -0.00000000125, -0.00000000690
272, 50.00000000000, 404.90911886879, 107.70917345755, 4.12500003222, 0.00000000000, -0.00000000034, -0.00000000305
273, 50.00000000000, 437.48864781748, 3.23823160283, 4.12500003222, 0.00000000000, -0.00000000340, 0.00000000505
274, 50.00000000000, 436.22763115764, 34.59683688599, 4.12500003222, 0.00000000000, 0.00000000087, -0.00000001058
275, 50.00000000000, 455.19202043169, 32.56050262846, 4.12500003222, 0.00000000000, -0.00000000159, -0.00000000465
276, 50.00000000000, 449.12474806271, -30000000.00000000000, 0.00000000000, 0.00000000000, -0.00000009040, 0.66000001198
277, 50.00000000000, 474.06683021902, 3.49260609647, 4.12500003222, 0.00000000000, -0.00000000236, 0.00000000557
278, 50.00000000000, 480.36060719624, -30000000.00000000000, 0.00000000000, 0.00000000000, 0.00000030051, 0.66000001198
279, 50.00000000000, 487.65962462827, -30000000.00000000000, 0.00000000000, 0.00000000000, -0.00000045952, 0.66000001198
280, 50.00000000000, 499.31225978442, 12.99635830977, 4.12500003222, 0.00000000000, 0.00000000191, -0.00000000332
281, 50.00000000000, 504.91878346104, 50.93252969100, 4.12500003222, 0.00000000000, -0.00000000068, 0.00000000787
282, 50.00000000000, 524.99911811660, 51.24275587185, 4.12500003222, 0.00000000000, -0.00000000077, -0.00000000456
283, 50.00000000000, 527.12085634073, 3.64020042437, 4.12500003222, 0.00000000000, -0.00000000384, 0.00000001236
284, 50.00000000000, 548.77789151137, -30000000.00000000000, 0.00000000000, 0.00000000000, 0.00000035540, 0.66000001198
285, 50.00000000000, 557.47265283682, 34.32893223966, 4.12500003222, 0.00000000000, 0.00000000370, 0.00000001089
286, 50.00000000000, 572.51606919716, -30000000.00000000000, 0.00000000000, 0.00000000000, -0.00000063155, 0.66000001198
287, 50.00000000000, 581.79851681794, 109.70971238285, 4.12500003222, 0.00000000000, 0.00000000067, 0.00000000350
288, 50.00000000000, 593.58585153696, 34.86788417212, 4.12500003222, 0.00000000000, 0.00000000081, -0.00000000052
289, 50.00000000000, 579.04094928831, 4.05487293625, 4.12500003222, 0.00000000000, 0.00000000100, -0.00000000110
290, 50.00000000000, 611.84366655141, 35.15822208244, 4.12500003222, 0.00000000000, 0.00000000035, -0.00000000588
291, 50.00000000000, 604.17421600785, 16.70481981948, 4.12500003222, 0.00000000000, 0.00000000269, -0.00000000035
292, 50.00000000000, 630.70709811348, 35.11633251607, 4.12500003222, 0.00000000000, 0.00000000184, -0.00000000330
293, 50.00000000000, 648.78183492785, 33.61305212580, 4.12500003222, 0.00000000000, -0.00000000034, 0.00000000302
294, 50.00000000000, 674.18851324103, 81.25953523020, 4.12500003222, 0.00000000000, 0.00000000048, 0.00000000227
295, 50.00000000000, 654.04009950103, 16.53097100624, 4.12500003222, 0.00000000000, 0.00000000077, -0.00000000568
296, 50.00000000000, 692.17779530577, 74.18181710457, 4.12500003222, 0.00000000000, 0.00000000140, 0.00000000175
297, 50.00000000000, 698.50727337762, 35.14654993240, 4.12500003222, 0.00000000000, -0.00000000155, -0.00000000361
298, 50.00000000000, 712.82359335695, 69.22606567092, 4.12500003222, 0.00000000000, -0.00000000343, -0.00000000728
299, 50.00000000000, 718.66352613895, 32.99626893278, 4.12500003222, 0.00000000000, 0.00000000006, 0.00000000191
300, 50.00000000000, 737.46889553295, 35.61235334201, 4.12500003222, 0.00000000000, -0.00000000122, 0.00000000116
301, 50.00000000000, 717.86739200285, 16.66539083792, 4.12500003222, 0.00000000000, -0.00000000207, 0.00000000793
302, 50.00000000000, 772.76851801286, -30000000.00000000000, 0.00000000000, 0.00000000000, 0.00000071440, 0.66000001198
303, 50.00000000000, 774.90844094208, 72.90576901246, 4.12500003222, 0.00000000000, -0.00000000001, -0.00000001217
304, 50.00000000000, 783.88903364110, 52.06347231313, 4.12500003222, 0.00000000000, -0.00000000006, 0.00000000870
305, 50.00000000000, 763.03194968130, 17.69448804791, 4.12500003222, 0.00000000000, -0.00000000043, -0.00000001773
306, 50.00000000000, 812.37772533834, 35.29814463855, 4.12500003222, 0.00000000000, -0.00000000101, 0.00000000244
307, 50.00000000000, 791.78709810635, 16.57143822372, 4.12500003222, 0.00000000000, -0.00000000249, 0.00000000727
308, 50.00000000000, 806.56982124328, 17.06198761073, 4.12500003222, 0.00000000000, -0.00000000054, -0.00000001603
309, 50.00000000000, 849.02013957997, 91.57709152269, 4.12500003222, 0.00000000000, 0.00000000209, 0.00000000052
310, 50.00000000000, 869.05420015806, 95.00680624862, 4.12500003222, 0.00000000000, 0.00000000051, -0.00000000210
311, 50.00000000000, 875.44533352440, 114.84953048470, 4.12500003222, 0.00000000000, 0.00000000191, -0.00000000383
312, 50.00000000000, 896.12912125190, 67.69960799427, 4.12500003222, 0.00000000000, -0.00000000107, -0.00000000733
313, 50.00000000000, 907.17860673547, 102.71970580780, 4.12500003222, 0.00000000000, 0.00000000075, 0.00000000814
314, 50.00000000000, 936.75389676905, 71.86146769016, 4.12500003222, 0.00000000000, 0.00000000085, 0.00000000033
315, 50.00000000000, 908.16939861773, 18.00038674762, 4.12500003222, 0.00000000000, -0.00000000464, -0.00000001061
316, 50.00000000000, 935.64708184095, 34.61058747480, 4.12500003222, 0.00000000000, 0.00000000078, 0.00000000796
317, 50.00000000000, 957.69951737469, 73.40162138964, 4.12500003222, 0.00000000000, 0.00000000079, -0.00000000163
318, 50.00000000000, 981.58483030472, 110.71550975563, 4.12500003222, 0.00000000000, 0.00000000386, -0.00000001077
319, 50.00000000000, 984.99784032920, 56.07689080239, 4.12500003222, 0.00000000000, -0.00000000202, -0.00000000807
320, 50.00000000000, 10.09316434849, 76.70630161039, 4.12500003222, 0.00000000000, 0.00000000042, -0.00000000334
321, 50.00000000000, 26.20493514668, 104.68995074982, 4.12500003222, 0.00000000000, 0.00000000035, 0.00000000135
322, 50.00000000000, 26.76446584389, 84.43780152426, 4.12500003222, 0.00000000000, -0.00000000155, 0.00000000281
323, 50.00000000000, 47.53314144562, 74.33329443648, 4.12500003222, 0.00000000000, -0.00000000122, 0.00000000473
324, 50.00000000000, 59.67403115513, 95.10470422412, 4.12500003222, 0.00000000000, -0.00000000178, -0.00000000331
325, 50.00000000000, 77.27116851729, 52.73259553424, 4.12500003222, 0.00000000000, 0.00000000034, 0.00000000804
326, 50.00000000000, 85.48899687509, 70.87829452709, 4.12500003222, 0.00000000000, -0.00000000177, -0.00000000724
327, 50.00000000000, 95.65380011573, 51.18436840544, 4.12500003222, 0.00000000000, 0.00000000179, 0.00000001323
328, 50.00000000000, 114.03778197261, 53.53844025733, 4.12500003222, 0.00000000000, -0.00000000160, -0.00000000293
329, 50.00000000000, 121.48601837771, 128.51353221441, 4.12500003222, 0.00000000000, -0.00000000392, -0.00000000367
330, 50.00000000000, 149.32434968087, 55.77859434030, 4.12500003222, 0.00000000000, 0.00000000054, -0.00000000356
331, 50.00000000000, 141.24262815263, 73.52045193060, 4.12500003222, 0.00000000000, -0.00000000014, 0.00000000484
332, 50.00000000000, 168.79548574513, 94.41873004503, 4.12500003222, 0.00000000000, 0.00000000016, -0.00000000502
333, 50.00000000000, 184.47245817645, 53.04231166752, 4.12500003222, 0.00000000000, 0.00000000147, 0.00000000807
334, 50.00000000000, 199.10098499078, 106.96702445694, 4.12500003222, 0.00000000000, -0.00000000009, -0.00000000099
335, 50.00000000000, 216.72578329526, 102.34436811042, 4.12500003222, 0.00000000000, -0.00000000093, 0.00000000641
336, 50.00000000000, 226.44208542501, 136.11263494513, 4.12500003222, 0.00000000000, -0.00000000206, 0.00000000654
337, 50.00000000000, 227.11550746594, 87.81570642855, 4.12500003222, 0.00000000000, 0.00000000067, -0.00000000240
338, 50.00000000000, 252.27931906452, 55.33407828995, 4.12500003222, 0.00000000000, -0.00000000004, -0.00000000401
339, 50.00000000000, 264.12624493117, 36.86184849459, 4.12500003222, 0.00000000000, -0.00000000010, -0.00000000254
340, 50.00000000000, 281.62449077239, 36.79443933860, 4.12500003222, 0.00000000000, 0.00000000051, -0.00000000381
341, 50.00000000000, 275.76582174619, 74.87167419909, 4.12500003222, 0.00000000000, -0.00000000129, -0.00000000366
342, 50.00000000000, 308.18014955328, 18.14912401513, 4.12500003222, 0.00000000000, -0.00000000103, -0.00000002302
343, 50.00000000000, 301.01883902906, 91.64707358533, 4.12500003222, 0.00000000000, -0.00000000119, 0.00000000885
344, 50.00000000000, 319.53554882500, 92.29007807971, 4.12500003222, 0.00000000000, -0.00000000010, 0.00000000108
345, 50.00000000000, 318.50726736574, 35.39066378851, 4.12500003222, 0.00000000000, -0.00000000015, 0.00000000675
346, 50.00000000000, 322.64193999827, 54.87417912650, 4.12500003222, 0.00000000000, -0.00000000017, -0.00000000491
347, 50.00000000000, 347.90547305817, 74.85198759127, 4.12500003222, 0.00000000000, -0.00000000087, 0.00000000142
348, 50.00000000000, 361.34049450310, 35.00200032829, 4.12500003222, 0.00000000000, 0.00000000190, 0.00000000275
349, 50.00000000000, 380.70304979557, 35.89346363271, 4.12500003222, 0.00000000000, 0.00000000077, 0.00000000110
350, 50.00000000000, 383.03336917513, 72.57583484675, 4.12500003222, 0.00000000000, -0.00000000027, 0.00000000334
351, 50.00000000000, 428.31411754131, 16.63819799861, 4.12500003222, 0.00000000000, -0.00000000093, -0.00000000310
352, 50.00000000000, 411.04864532989, 89.47186901079, 4.12500003222, 0.00000000000, 0.00000000227, -0.00000000356
353, 50.00000000000, 418.56223709375, 68.92496071693, 4.12500003222, 0.00000000000, 0.00000000002, -0.00000000300
354, 50.00000000000, 417.79491826158, 33.25372176382, 4.12500003222, 0.00000000000, 0.00000000086, 0.00000000565
355, 50.00000000000, 455.68066332344, 4.24741889011, 4.12500003222, 0.00000000000, 0.00000000474, -0.00000000536
356, 50.00000000000, 447.41080758060, 80.61611391762, 4.12500003222, 0.00000000000, -0.00000000180, 0.00000000633
357, 50.00000000000, 464.98237872495, 82.04753851882, 4.12500003222, 0.00000000000, -0.00000000246, -0.00000000703
358, 50.00000000000, 474.61373928290, 32.36683085940, 4.12500003222, 0.00000000000, -0.00000000029, 0.00000000391
359, 50.00000000000, 486.60887252915, 50.25745919872, 4.12500003222, 0.00000000000, -0.00000000023, 0.00000000221
360, 50.00000000000, 498.66645754218, 70.74110689325, 4.12500003222, 0.00000000000, 0.00000000289, -0.00000001168
361, 50.00000000000, 504.36813374747, 107.59970125262, 4.12500003222, 0.00000000000, -0.00000000060, -0.00000000417
362, 50.00000000000, 517.38585521096, 68.90466026688, 4.12500003222, 0.00000000000, 0.00000000018, -0.00000000527
363, 50.00000000000, 536.25073326965, 69.71655805578, 4.12500003222, 0.00000000000, 0.00000000276, 0.00000000238
364, 50.00000000000, 536.41584605521, 16.68708165582, 4.12500003222, 0.00000000000, -0.00000001011, -0.00000000810
365, 50.00000000000, 548.78722659388, 106.95165803052, 4.12500003222, 0.00000000000, -0.00000000090, 0.00000000149
366, 50.00000000000, 575.57132212345, 35.87752047634, 4.12500003222, 0.00000000000, -0.00000000061, 0.00000000068
367, 50.00000000000, 583.49482341023, 53.38460128017, 4.12500003222, 0.00000000000, 0.00000000090, 0.00000000028
368, 50.00000000000, 585.69955604392, 89.88754369997, 4.12500003222, 0.00000000000, -0.00000000063, 0.00000000126
369, 50.00000000000, 602.15598986227, 52.20054191491, 4.12500003222, 0.00000000000, 0.00000000175, 0.00000000321
370, 50.00000000000, 614.53117215771, 119.92304986618, 4.12500003222, 0.00000000000, -0.00000000037, 0.00000000099
371, 50.00000000000, 612.58688604561, 3.30755410373, 4.12500003222, 0.00000000000, -0.00000000101, 0.00000000411
372, 50.00000000000, 629.59628226451, 66.48063719905, 4.12500003222, 0.00000000000, -0.00000000141, -0.00000001057
373, 50.00000000000, 638.27409720284, 94.65311627708, 4.12500003222, 0.00000000000, 0.00000000168, 0.00000000904
374, 50.00000000000, 663.03251131996, 45.37146109779, 4.12500003222, 0.00000000000, -0.00000000055, 0.00000000686
375, 50.00000000000, 676.44861959450, 60.04395828783, 4.12500003222, 0.00000000000, 0.00000000003, -0.00000000583
376, 50.00000000000, 679.93966072654, 37.17032861428, 4.12500003222, 0.00000000000, -0.00000000101, 0.00000000445
377, 50.00000000000, 695.15461516685, 133.34529991988, 4.12500003222, 0.00000000000, 0.00000000249, -0.00000000859
378, 50.00000000000, 710.51776286569, 48.91004238633, 4.12500003222, 0.00000000000, 0.00000000313, 0.00000000687
379, 50.00000000000, 725.03608059510, 86.77571981486, 4.12500003222, 0.00000000000, -0.00000000110, -0.00000000062
380, 50.00000000000, 735.04190479792, 71.93832888916, 4.12500003222, 0.00000000000, 0.00000000148, -0.00000001003
381, 50.00000000000, 746.67450649620, 52.36782481440, 4.12500003222, 0.00000000000, 0.00000000038, 0.00000000433
382, 50.00000000000, 756.06164107979, 34.39297874511, 4.12500003222, 0.00000000000, 0.00000000000, 0.00000000854
383, 50.00000000000, 775.02808668951, 34.34491996088, 4.12500003222, 0.00000000000, 0.00000000377, 0.00000000140
384, 50.00000000000, 786.19778042572, 123.24661878436, 4.12500003222, 0.00000000000, 0.00000000082, -0.00000000573
385, 50.00000000000, 805.47509475759, 88.93078984609, 4.12500003222, 0.00000000000, 0.00000000099, 0.00000000568
386, 50.00000000000, 822.03402103393, 161.26829753782, 4.12500003222, 0.00000000000, 0.00000000041, 0.00000000182
387, 50.00000000000, 816.43762652675, 104.99596540593, 4.12500003222, 0.00000000000, -0.00000000032, 0.00000000321
388, 50.00000000000, 829.45666465761, 70.37701950111, 4.12500003222, 0.00000000000, -0.00000000271, -0.00000000756
389, 50.00000000000, 863.28137769000, 129.19615243566, 4.12500003222, 0.00000000000, -0.00000000078, 0.00000000479
390, 50.00000000000, 864.15920534460, 74.94031743506, 4.12500003222, 0.00000000000, -0.00000000111, 0.00000000708
391, 50.00000000000, 875.77880666503, 60.92827234426, 4.12500003222, 0.00000000000, 0.00000000208, -0.00000000420
392, 50.00000000000, 901.17890648528, 139.73536639865, 4.12500003222, 0.00000000000, 0.00000000061, 0.00000000089
393, 50.00000000000, 912.46852992060, 125.73146751782, 4.12500003222, 0.00000000000, 0.00000000039, -0.00000001197
394, 50.00000000000, 916.60651686869, 35.59002040171, 4.12500003222, 0.00000000000, -0.00000000049, 0.00000000128
395, 50.00000000000, 939.05569130955, 145.16935019044, 4.12500003222, 0.00000000000, 0.00000000152, -0.00000000270
396, 50.00000000000, 946.49430923515, 53.78665504333, 4.12500003222, 0.00000000000, 0.00000000102, 0.00000000236
397, 50.00000000000, 965.74849680738, 54.17024210340, 4.12500003222, 0.00000000000, 0.00000000178, 0.00000000867
398, 50.00000000000, 977.44279823408, 74.34965980872, 4.12500003222, 0.00000000000, -0.00000000474, -0.00000000803
399, 50.00000000000, 989.85552125641, 35.29671433939, 4.12500003222, 0.00000000000, -0.00000000087, 0.00000000224
400, 50.00000000000, 10.02914789148, 154.35964922553, 4.12500003222, 0.00000000000, 0.00000000009, 0.00000000556
401, 50.00000000000, 28.37723603456, 125.68390725147, 4.12500003222, 0.00000000000, -0.00000000034, -0.00000000014
402, 50.00000000000, 43.39787728364, 110.90257345614, 4.12500003222, 0.00000000000, -0.00000000133, 0.00000000508
403, 50.00000000000, 47.83945516150, 133.66544672658, 4.12500003222, 0.00000000000, -0.00000000098, -0.00000000226
404, 50.00000000000, 70.35432975334, 130.33481562691, 4.12500003222, 0.00000000000, -0.00000000164, 0.00000000376
405, 50.00000000000, 78.06688047201, 90.00345415454, 4.12500003222, 0.00000000000, -0.00000000045, 0.00000000023
406, 50.00000000000, 100.07908113670, 156.96198655310, 4.12500003222, 0.00000000000, -0.00000000028, 0.00000000080
407, 50.00000000000, 95.38569720921, 85.57381531672, 4.12500003222, 0.00000000000, 0.00000000007, 0.00000000219
408, 50.00000000000, 119.78544397513, 149.91246723515, 4.12500003222, 0.00000000000, -0.00000000103, 0.00000000038
409, 50.00000000000, 131.76372000506, 53.41810435727, 4.12500003222, 0.00000000000, 0.00000000092, 0.00000000221
410, 50.00000000000, 149.75425943825, 94.97328167981, 4.12500003222, 0.00000000000, 0.00000000011, -0.00000000473
411, 50.00000000000, 160.44863690197, 112.45703762545, 4.12500003222, 0.00000000000, 0.00000000049, -0.00000000078
412, 50.00000000000, 167.19291453600, 57.22335326734, 4.12500003222, 0.00000000000, 0.00000000115, -0.00000000593
413, 50.00000000000, 174.75199693894, 129.76136389215, 4.12500003222, 0.00000000000, -0.00000000081, -0.00000000644
414, 50.00000000000, 188.52417323948, 144.86569291281, 4.12500003222, 0.00000000000, 0.00000000234, -0.00000000962
415, 50.00000000000, 207.47022354291, 86.75670242058, 4.12500003222, 0.00000000000, -0.00000000136, 0.00000000090
416, 50.00000000000, 218.31394409673, 68.97521460581, 4.12500003222, 0.00000000000, -0.00000000107, -0.00000000040
417, 50.00000000000, 238.48272262049, 71.97323037499, 4.12500003222, 0.00000000000, -0.00000000076, 0.00000000039
418, 50.00000000000, 245.42925054535, 91.28712768254, 4.12500003222, 0.00000000000, 0.00000000081, 0.00000000065
419, 50.00000000000, 257.04789192800, 73.24032673580, 4.12500003222, 0.00000000000, 0.00000000149, 0.00000000265
420, 50.00000000000, 264.26595091599, 91.57048299249, 4.12500003222, 0.00000000000, 0.00000000026, 0.00000000363
421, 50.00000000000, 279.02537835591, 165.56261672578, 4.12500003222, 0.00000000000, -0.00000000023, -0.00000000003
422, 50.00000000000, 290.94467218169, 112.66826074564, 4.12500003222, 0.00000000000, 0.00000000125, -0.00000001249
423, 50.00000000000, 305.24448656719, 53.51928653253, 4.12500003222, 0.00000000000, -0.00000000068, 0.00000001221
424, 50.00000000000, 319.94858810990, 127.59429892484, 4.12500003222, 0.00000000000, -0.00000000156, 0.00000000296
425, 50.00000000000, 328.92354574204, 110.01008008221, 4.12500003222, 0.00000000000, -0.00000000091, 0.00000000008
426, 50.00000000000, 329.38178774586, 75.91282331556, 4.12500003222, 0.00000000000, 0.00000000188, -0.00000000081
427, 50.00000000000, 339.19934415332, 59.30142246539, 4.12500003222, 0.00000000000, -0.00000000177, 0.00000000245
428, 50.00000000000, 367.47653768939, 107.71472070566, 4.12500003222, 0.00000000000, -0.00000000022, 0.00000000582
429, 50.00000000000, 372.87527432266, 54.00118577343, 4.12500003222, 0.00000000000, 0.00000000126, -0.00000000408
430, 50.00000000000, 410.09092225408, 16.93057578823, 4.12500003222, 0.00000000000, 0.00000000174, -0.00000000665
431, 50.00000000000, 393.23892432424, 91.66796074711, 4.12500003222, 0.00000000000, 0.00000000013, -0.00000000186
432, 50.00000000000, 407.25021789896, 143.77640080966, 4.12500003222, 0.00000000000, -0.00000000025, -0.00000001039
433, 50.00000000000, 419.49788057145, 123.29043543514, 4.12500003222, 0.00000000000, 0.00000000123, 0.00000001515
434, 50.00000000000, 427.11382628694, 50.78245984212, 4.12500003222, 0.00000000000, -0.00000000160, 0.00000000062
435, 50.00000000000, 439.81287791715, 97.33021525362, 4.12500003222, 0.00000000000, -0.00000000113, 0.00000000896
436, 50.00000000000, 458.50396034000, 145.77321574915, 4.12500003222, 0.00000000000, -0.00000000140, 0.00000000505
437, 50.00000000000, 456.78884842092, 100.92299182848, 4.12500003222, 0.00000000000, -0.00000000181, -0.00000000604
438, 50.00000000000, 468.85825447629, 113.56025669707, 4.12500003222, 0.00000000000, 0.00000000001, 0.00000001052
439, 50.00000000000, 482.80640327238, 77.59691826955, 4.12500003222, 0.00000000000, -0.00000000057, 0.00000001274
440, 50.00000000000, 492.52436951739, 31.07203059478, 4.12500003222, 0.00000000000, 0.00000000038, 0.00000000958
441, 50.00000000000, 510.44455179368, 86.67396097931, 4.12500003222, 0.00000000000, 0.00000000005, 0.00000000614
442, 50.00000000000, 524.78162515293, 29.79904473551, 4.12500003222, 0.00000000000, 0.00000000101, 0.00000000090
443, 50.00000000000, 532.99610050878, 119.26694228251, 4.12500003222, 0.00000000000, 0.00000000088, 0.00000000090
444, 50.00000000000, 539.90608740572, 37.37539413644, 4.12500003222, 0.00000000000, 0.00000001088, -0.00000001370
445, 50.00000000000, 546.92700361052, 53.24402349492, 4.12500003222, 0.00000000000, 0.00000000077, 0.00000000932
446, 50.00000000000, 565.09812056822, 54.79520901725, 4.12500003222, 0.00000000000, 0.00000000046, -0.00000000059
447, 50.00000000000, 574.38136695951, 153.34302915155, 4.12500003222, 0.00000000000, -0.00000000099, -0.00000000046
448, 50.00000000000, 592.96684924935, 70.73031258119, 4.12500003222, 0.00000000000, 0.00000000072, 0.00000000081
449, 50.00000000000, 604.66226725217, 87.27089831867, 4.12500003222, 0.00000000000, -0.00000000086, -0.00000000132
450, 50.00000000000, 595.95090757364, 3.98196047221, 4.12500003222, 0.00000000000, -0.00000000472, -0.00000000489
451, 50.00000000000, 621.14751421978, 50.95443115213, 4.12500003222, 0.00000000000, 0.00000000102, 0.00000000649
452, 50.00000000000, 624.01265415523, 82.96962636961, 4.12500003222, 0.00000000000, -0.00000000087, 0.00000000239
453, 50.00000000000, 643.37090859479, 77.00664899054, 4.12500003222, 0.00000000000, 0.00000000026, -0.00000000910
454, 50.00000000000, 664.66860515764, 122.59901975412, 4.12500003222, 0.00000000000, 0.00000000069, 0.00000000519
455, 50.00000000000, 645.62252751233, 3.01294616209, 4.12500003222, 0.00000000000, 0.00000000046, 0.00000000326
456, 50.00000000000, 693.99017426662, 54.62079557309, 4.12500003222, 0.00000000000, 0.00000000149, 0.00000000357
457, 50.00000000000, 699.89241357021, 110.33849291646, 4.12500003222, 0.00000000000, 0.00000000027, 0.00000000359
458, 50.00000000000, 717.61528393597, 104.01601611126, 4.12500003222, 0.00000000000, -0.00000000181, 0.00000000355
459, 50.00000000000, 728.75234150816, 119.29918487228, 4.12500003222, 0.00000000000, -0.00000000219, 0.00000000014
460, 50.00000000000, 737.34946228320, 101.92102693872, 4.12500003222, 0.00000000000, -0.00000000311, 0.00000001154
461, 50.00000000000, 745.95443397281, 122.58453171923, 4.12500003222, 0.00000000000, -0.00000000203, -0.00000000052
462, 50.00000000000, 755.92271334654, 70.96141121966, 4.12500003222, 0.00000000000, 0.00000000002, -0.00000000419
463, 50.00000000000, 775.33787110388, 106.27244704210, 4.12500003222, 0.00000000000, 0.00000000004, 0.00000000488
464, 50.00000000000, 778.17274505275, 138.94122502919, 4.12500003222, 0.00000000000, -0.00000000167, 0.00000000669
465, 50.00000000000, 796.05364991349, 141.62859804682, 4.12500003222, 0.00000000000, -0.00000000007, 0.00000000429
466, 50.00000000000, 802.47813231650, 52.98335323976, 4.12500003222, 0.00000000000, -0.00000000045, 0.00000000242
467, 50.00000000000, 825.05964755118, 124.91711046572, 4.12500003222, 0.00000000000, -0.00000000008, -0.00000000027
468, 50.00000000000, 827.99931050040, 88.76859835558, 4.12500003222, 0.00000000000, 0.00000000120, -0.00000000774
469, 50.00000000000, 846.13603567455, 72.96716654904, 4.12500003222, 0.00000000000, -0.00000000055, 0.00000000260
470, 50.00000000000, 871.09461316634, 149.34431824007, 4.12500003222, 0.00000000000, 0.00000000015, 0.00000000469
471, 50.00000000000, 882.64353374684, 80.78440493626, 4.12500003222, 0.00000000000, -0.00000000099, -0.00000000293
472, 50.00000000000, 894.68361312043, 117.92981784892, 4.12500003222, 0.00000000000, 0.00000000074, 0.00000000301
473, 50.00000000000, 907.73727998563, 52.20985674117, 4.12500003222, 0.00000000000, 0.00000000011, 0.00000000032
474, 50.00000000000, 917.25486995197, 69.29746727382, 4.12500003222, 0.00000000000, 0.00000000014, 0.00000000544
475, 50.00000000000, 941.08752185157, 107.07792670109, 4.12500003222, 0.00000000000, -0.00000000181, 0.00000000594
476, 50.00000000000, 949.73422769730, 124.99172697083, 4.12500003222, 0.00000000000, -0.00000000268, 0.00000000743
477, 50.00000000000, 959.89947762401, 109.03332260470, 4.12500003222, 0.00000000000, -0.00000000316, -0.00000001334
478, 50.00000000000, 989.99364546155, 130.72656898293, 4.12500003222, 0.00000000000, 0.00000000549, -0.00000000458
479, 50.00000000000, 989.95966989003, 89.47244088440, 4.12500003222, 0.00000000000, 0.00000000013, 0.00000000761
480, 50.00000000000, 10.08774278496, 114.95057767534, 4.12500003222, 0.00000000000, 0.00000000012, 0.00000000158
481, 50.00000000000, 26.47993553667, 165.13225951291, 4.12500003222, 0.00000000000, 0.00000000038, 0.00000000255
482, 50.00000000000, 42.15135264836, 92.85666803100, 4.12500003222, 0.00000000000, 0.00000000136, 0.00000000419
483, 50.00000000000, 59.67284806121, 116.45588042275, 4.12500003222, 0.00000000000, 0.00000000013, -0.00000000323
484, 50.00000000000, 63.70642576518, 147.91925927742, 4.12500003222, 0.00000000000, 0.00000000051, 0.00000000272
485, 50.00000000000, 76.07417043135, 108.21091214486, 4.12500003222, 0.00000000000, 0.00000000098, 0.00000000351
486, 50.00000000000, 87.51661329563, 123.09120879418, 4.12500003222, 0.00000000000, 0.00000000025, 0.00000000170
487, 50.00000000000, 102.89421076125, 136.18749479692, 4.12500003222, 0.00000000000, -0.00000000005, 0.00000001736
488, 50.00000000000, 105.29376284793, 119.17343226970, 4.12500003222, 0.00000000000, 0.00000000168, -0.00000000576
489, 50.00000000000, 131.55115645975, 92.94963761391, 4.12500003222, 0.00000000000, 0.00000000001, 0.00000000441
490, 50.00000000000, 138.97829300497, 115.06171223246, 4.12500003222, 0.00000000000, -0.00000000113, -0.00000000742
491, 50.00000000000, 154.50094929951, 130.04914451698, 4.12500003222, 0.00000000000, 0.00000000117, 0.00000000254
492, 50.00000000000, 168.57219390193, 146.75454045213, 4.12500003222, 0.00000000000, -0.00000000004, 0.00000000078
493, 50.00000000000, 177.86227278123, 74.46606040867, 4.12500003222, 0.00000000000, 0.00000000094, -0.00000000065
494, 50.00000000000, 193.93989290644, 124.52224906798, 4.12500003222, 0.00000000000, 0.00000000081, 0.00000000541
495, 50.00000000000, 214.98394145320, 121.59969187312, 4.12500003222, 0.00000000000, 0.00000000027, -0.00000000519
496, 50.00000000000, 234.77218430166, 54.10978864569, 4.12500003222, 0.00000000000, 0.00000000227, -0.00000000331
497, 50.00000000000, 233.73865751581, 108.71744406301, 4.12500003222, 0.00000000000, -0.00000000108, 0.00000000141
498, 50.00000000000, 243.72960714371, 147.81481273829, 4.12500003222, 0.00000000000, -0.00000000328, 0.00000000054
499, 50.00000000000, 258.61682621610, 161.67225151956, 4.12500003222, 0.00000000000, 0.00000000004, 0.00000000006
500, 50.00000000000, 252.96736961509, 110.43225754064, 4.12500003222, 0.00000000000, 0.00000000104, 0.00000000578
501, 50.00000000000, 282.98004495058, 93.18938907829, 4.12500003222, 0.00000000000, -0.00000000236, 0.00000000007
502, 50.00000000000, 293.54551204946, 74.06396315370, 4.12500003222, 0.00000000000, 0.00000000349, -0.00000000608
503, 50.00000000000, 300.54600297720, 129.19654137413, 4.12500003222, 0.00000000000, 0.00000000099, 0.00000000907
504, 50.00000000000, 311.48816864677, 73.10852789987, 4.12500003222, 0.00000000000, 0.00000000040, -0.00000000104
505, 50.00000000000, 339.01788119482, 125.84716603813, 4.12500003222, 0.00000000000, -0.00000000130, -0.00000000190
506, 50.00000000000, 349.03447755433, 159.77077826223, 4.12500003222, 0.00000000000, -0.00000000015, -0.00000000449
507, 50.00000000000, 338.33727059585, 93.07600553096, 4.12500003222, 0.00000000000, -0.00000000045, -0.00000000356
508, 50.00000000000, 359.29588300033, 126.00860823642, 4.12500003222, 0.00000000000, 0.00000000155, -0.00000000605
509, 50.00000000000, 390.92455679154, 55.74754793608, 4.12500003222, 0.00000000000, -0.00000000073, -0.00000000870
510, 50.00000000000, 375.30687359208, 90.56791679369, 4.12500003222, 0.00000000000, 0.00000000038, -0.00000000089
511, 50.00000000000, 387.69624632650, 143.49184723890, 4.12500003222, 0.00000000000, 0.00000000022, 0.00000000169
512, 50.00000000000, 398.06785746459, 125.10406571128, 4.12500003222, 0.00000000000, 0.00000000047, 0.00000000809
513, 50.00000000000, 425.12710937088, 144.68241448621, 4.12500003222, 0.00000000000, 0.00000000232, -0.00000000208
514, 50.00000000000, 436.83668713448, 65.80374256091, 4.12500003222, 0.00000000000, -0.00000000105, 0.00000000051
515, 50.00000000000, 439.89433215075, 157.69819078175, 4.12500003222, 0.00000000000, 0.00000000144, -0.00000001060
516, 50.00000000000, 440.49434389986, 116.11245707808, 4.12500003222, 0.00000000000, -0.00000000049, -0.00000000405
517, 50.00000000000, 456.93600464045, 127.79158381214, 4.12500003222, 0.00000000000, 0.00000000190, -0.00000000589
518, 50.00000000000, 475.72642675785, 96.35070744724, 4.12500003222, 0.00000000000, 0.00000000392, 0.00000000534
519, 50.00000000000, 476.41617993584, 132.53399215453, 4.12500003222, 0.00000000000, 0.00000000081, -0.00000000400
520, 50.00000000000, 491.10229953173, 146.42381410009, 4.12500003222, 0.00000000000, -0.00000000034, 0.00000000085
521, 50.00000000000, 496.92259109207, 127.90738678398, 4.12500003222, 0.00000000000, -0.00000000080, 0.00000000399
522, 50.00000000000, 522.28714647735, 105.05621088554, 4.12500003222, 0.00000000000, -0.00000000107, -0.00000000910
523, 50.00000000000, 530.68424593012, 139.35872833261, 4.12500003222, 0.00000000000, 0.00000000071, -0.00000000230
524, 50.00000000000, 545.96697458775, 89.04080037462, 4.12500003222, 0.00000000000, 0.00000000137, 0.00000000054
525, 50.00000000000, 556.60321127719, 74.48485693735, 4.12500003222, 0.00000000000, -0.00000000357, -0.00000001406
526, 50.00000000000, 564.63836727841, 116.68367745092, 4.12500003222, 0.00000000000, 0.00000000283, 0.00000000049
527, 50.00000000000, 566.45806213512, 94.07385502663, 4.12500003222, 0.00000000000, -0.00000000081, 0.00000000386
528, 50.00000000000, 600.15980083721, 105.62993268039, 4.12500003222, 0.00000000000, 0.00000000067, 0.00000000189
529, 50.00000000000, 610.45000348721, 141.06349240061, 4.12500003222, 0.00000000000, -0.00000000147, -0.00000000080
530, 50.00000000000, 611.41898618325, 69.72806669292, 4.12500003222, 0.00000000000, -0.00000000206, -0.00000000676
531, 50.00000000000, 633.27498556329, 115.34066475747, 4.12500003222, 0.00000000000, -0.00000000015, -0.00000000375
532, 50.00000000000, 646.48162299756, 130.47988982228, 4.12500003222, 0.00000000000, 0.00000000056, -0.00000000155
533, 50.00000000000, 651.62889359541, 109.64666467347, 4.12500003222, 0.00000000000, -0.00000000238, -0.00000000436
534, 50.00000000000, 669.86916271557, 103.07574739978, 4.12500003222, 0.00000000000, -0.00000000292, -0.00000000790
535, 50.00000000000, 677.99668573366, 139.19543054046, 4.12500003222, 0.00000000000, -0.00000000259, -0.00000000689
536, 50.00000000000, 687.72095059380, 95.42451236549, 4.12500003222, 0.00000000000, -0.00000000195, -0.00000000047
537, 50.00000000000, 705.55230117849, 88.88602321602, 4.12500003222, 0.00000000000, 0.00000000012, 0.00000000075
538, 50.00000000000, 711.78217372142, 125.47805803221, 4.12500003222, 0.00000000000, 0.00000000206, -0.00000000146
539, 50.00000000000, 728.91959366602, 138.46849679968, 4.12500003222, 0.00000000000, 0.00000000123, -0.00000001295
540, 50.00000000000, 730.22575496807, 155.47091189286, 4.12500003222, 0.00000000000, 0.00000000037, 0.00000000489
541, 50.00000000000, 746.76581838673, 86.85512232034, 4.12500003222, 0.00000000000, 0.00000000099, -0.00000000315
542, 50.00000000000, 764.38789200152, 126.39022375440, 4.12500003222, 0.00000000000, -0.00000000015, 0.00000000582
543, 50.00000000000, 785.66392706370, 90.13868248137, 4.12500003222, 0.00000000000, -0.00000000036, -0.00000000158
544, 50.00000000000, 793.47507635788, 72.05759484512, 4.12500003222, 0.00000000000, -0.00000000030, -0.00000000422
545, 50.00000000000, 802.90044784644, 161.30842761889, 4.12500003222, 0.00000000000, -0.00000000205, -0.00000000016
546, 50.00000000000, 805.91231636366, 123.63869808556, 4.12500003222, 0.00000000000, 0.00000000010, 0.00000000125
547, 50.00000000000, 844.23461017607, 125.87491719803, 4.12500003222, 0.00000000000, 0.00000000070, 0.00000000406
548, 50.00000000000, 836.07887493514, 106.65903210768, 4.12500003222, 0.00000000000, 0.00000000054, 0.00000000285
549, 50.00000000000, 856.00879086134, 109.12965619178, 4.12500003222, 0.00000000000, -0.00000000113, 0.00000000357
550, 50.00000000000, 859.77817251968, 166.50799671382, 4.12500003222, 0.00000000000, 0.00000000050, 0.00000000031
551, 50.00000000000, 882.73173414868, 133.88917555086, 4.12500003222, 0.00000000000, -0.00000000090, -0.00000000082
552, 50.00000000000, 904.45448727731, 83.95103293977, 4.12500003222, 0.00000000000, 0.00000000114, 0.00000000261
553, 50.00000000000, 920.02303779254, 144.97424832809, 4.12500003222, 0.00000000000, -0.00000000145, 0.00000000049
554, 50.00000000000, 928.83646135217, 163.44276533755, 4.12500003222, 0.00000000000, 0.00000000003, -0.00000000017
555, 50.00000000000, 927.28542997572, 52.82222281779, 4.12500003222, 0.00000000000, 0.00000000042, -0.00000000163
556, 50.00000000000, 948.05426132162, 89.70429169389, 4.12500003222, 0.00000000000, 0.00000000087, 0.00000000160
557, 50.00000000000, 969.37467349764, 92.62643187845, 4.12500003222, 0.00000000000, -0.00000000123, -0.00000000473
558, 50.00000000000, 975.42058821449, 140.52916875149, 4.12500003222, 0.00000000000, -0.00000000056, 0.00000001215
559, 50.00000000000, 989.98934210021, 152.13399529450, 4.12500003222, 0.00000000000, -0.00000000013, 0.00000000154
560, 50.00000000000, 9.85873373184, 136.21799922298, 4.12500003222, 0.00000000000, -0.00000000007, -0.00000000636
561, 50.00000000000, 28.55751565836, 146.01710260279, 4.12500003222, 0.00000000000, 0.00000000231, -0.00000000667
562, 50.00000000000, 42.88665136348, 176.37416694546, 4.12500003222, 0.00000000000, -0.00000000156, 0.00000000090
563, 50.00000000000, 44.92242762153, 156.15414062009, 4.12500003222, 0.00000000000, 0.00000000192, -0.00000000145
564, 50.00000000000, 60.22427220318, 168.45971819804, 4.12500003222, 0.00000000000, 0.00000000145, -0.00000000005
565, 50.00000000000, 79.33520797616, 163.54755800274, 4.12500003222, 0.00000000000, 0.00000000099, -0.00000000196
566, 50.00000000000, 84.48266966568, 143.85065448523, 4.12500003222, 0.00000000000, 0.00000000009, 0.00000000100
567, 50.00000000000, 115.77892124954, 171.80410713865, 4.12500003222, 0.00000000000, -0.00000000049, -0.00000000366
568, 50.00000000000, 118.76758943768, 107.63014861248, 4.12500003222, 0.00000000000, 0.00000000131, -0.00000000528
569, 50.00000000000, 135.01754100635, 165.26523653071, 4.12500003222, 0.00000000000, 0.00000000029, -0.00000000171
570, 50.00000000000, 136.74655516159, 137.08755475223, 4.12500003222, 0.00000000000, 0.00000000108, -0.00000000093
571, 50.00000000000, 149.76968736970, 149.58075678269, 4.12500003222, 0.00000000000, 0.00000000093, 0.00000000648
572, 50.00000000000, 162.47477978223, 164.45248162495, 4.12500003222, 0.00000000000, -0.00000000121, 0.00000000448
573, 50.00000000000, 182.01957507552, 161.18835054711, 4.12500003222, 0.00000000000, -0.00000000243, 0.00000000973
574, 50.00000000000, 179.86004083872, 110.81028695658, 4.12500003222, 0.00000000000, 0.00000000051, -0.00000000251
575, 50.00000000000, 207.61996175141, 140.12615208711, 4.12500003222, 0.00000000000, 0.00000000269, 0.00000000266
576, 50.00000000000, 202.23567454307, 158.74046060225, 4.12500003222, 0.00000000000, 0.00000000028, 0.00000000220
577, 50.00000000000, 222.92712877700, 156.82821522360, 4.12500003222, 0.00000000000, 0.00000000149, -0.00000000607
578, 50.00000000000, 241.74388579318, 126.90314000527, 4.12500003222, 0.00000000000, 0.00000000308, -0.00000000420
579, 50.00000000000, 259.70968297446, 132.54925829823, 4.12500003222, 0.00000000000, -0.00000000022, -0.00000001718
580, 50.00000000000, 271.67065350119, 146.25645173515, 4.12500003222, 0.00000000000, 0.00000000225, 0.00000000971
581, 50.00000000000, 281.20023850137, 130.19451688349, 4.12500003222, 0.00000000000, 0.00000000042, -0.00000000059
582, 50.00000000000, 287.44449319450, 55.10631612354, 4.12500003222, 0.00000000000, 0.00000000049, 0.00000000694
583, 50.00000000000, 291.35368822119, 149.16728549575, 4.12500003222, 0.00000000000, 0.00000000052, -0.00000000670
584, 50.00000000000, 311.01276670755, 147.51197331437, 4.12500003222, 0.00000000000, 0.00000000113, -0.00000000304
585, 50.00000000000, 331.22205189857, 145.40918369576, 4.12500003222, 0.00000000000, 0.00000000058, 0.00000000353
586, 50.00000000000, 349.28798516530, 140.70858117707, 4.12500003222, 0.00000000000, -0.00000000075, 0.00000000950
587, 50.00000000000, 348.44009778000, 108.39178946606, 4.12500003222, 0.00000000000, -0.00000000001, 0.00000000452
588, 50.00000000000, 357.06261330856, 91.75850593284, 4.12500003222, 0.00000000000, -0.00000000100, -0.00000000467
589, 50.00000000000, 367.27884225680, 146.27197978336, 4.12500003222, 0.00000000000, -0.00000000048, 0.00000000120
590, 50.00000000000, 377.91904873801, 127.34750547113, 4.12500003222, 0.00000000000, -0.00000000085, 0.00000000186
591, 50.00000000000, 400.89719135130, 70.89846973455, 4.12500003222, 0.00000000000, 0.00000000133, 0.00000000644
592, 50.00000000000, 398.51928138695, 160.80965844752, 4.12500003222, 0.00000000000, -0.00000000116, 0.00000000178
593, 50.00000000000, 418.61859445146, 161.82029055905, 4.12500003222, 0.00000000000, -0.00000000080, 0.00000000380
594, 50.00000000000, 423.05586862147, 104.68245247732, 4.12500003222, 0.00000000000, 0.00000000235, -0.00000000127
595, 50.00000000000, 439.64244216992, 134.49974071661, 4.12500003222, 0.00000000000, -0.00000000123, 0.00000001200
596, 50.00000000000, 455.68009758657, 64.40861919580, 4.12500003222, 0.00000000000, 0.00000000145, 0.00000000364
597, 50.00000000000, 465.01914551574, 48.26601064009, 4.12500003222, 0.00000000000, 0.00000000297, 0.00000000115
598, 50.00000000000, 473.63524028832, 63.64041033532, 4.12500003222, 0.00000000000, -0.00000000288, -0.00000000583
599, 50.00000000000, 486.57593110601, 111.83629344087, 4.12500003222, 0.00000000000, -0.00000000126, 0.00000000330
600, 50.00000000000, 493.64298199758, 91.85590400685, 4.12500003222, 0.00000000000, -0.00000000054, 0.00000000624
601, 50.00000000000, 515.36509402192, 123.55855543170, 4.12500003222, 0.00000000000, -0.00000000069, 0.00000000538
602, 50.00000000000, 510.89218121512, 143.24622033642, 4.12500003222, 0.00000000000, -0.00000000003, 0.00000000018
603, 50.00000000000, 528.20036979003, 87.23141894205, 4.12500003222, 0.00000000000, 0.00000000096, -0.00000000249
604, 50.00000000000, 548.65296897938, 126.08102983625, 4.12500003222, 0.00000000000, 0.00000000183, 0.00000000585
605, 50.00000000000, 561.80672173486, 138.86341056871, 4.12500003222, 0.00000000000, -0.00000000104, 0.00000000033
606, 50.00000000000, 574.65856743299, 72.94730402309, 4.12500003222, 0.00000000000, 0.00000000056, 0.00000000231
607, 50.00000000000, 578.90123020185, 132.05923195531, 4.12500003222, 0.00000000000, 0.00000000088, 0.00000000042
608, 50.00000000000, 592.80153456627, 149.24224086976, 4.12500003222, 0.00000000000, 0.00000000073, -0.00000000812
609, 50.00000000000, 596.47807109242, 126.05570769610, 4.12500003222, 0.00000000000, -0.00000000020, 0.00000000332
610, 50.00000000000, 618.79145667844, 100.37191144285, 4.12500003222, 0.00000000000, 0.00000000092, 0.00000001094
611, 50.00000000000, 628.08993350367, 134.60565314391, 4.12500003222, 0.00000000000, 0.00000000030, 0.00000000055
612, 50.00000000000, 640.48659676076, 150.72508961968, 4.12500003222, 0.00000000000, 0.00000000018, -0.00000000044
613, 50.00000000000, 659.55057322740, 143.46332284226, 4.12500003222, 0.00000000000, -0.00000000025, 0.00000000180
614, 50.00000000000, 656.89815293966, 87.92244664943, 4.12500003222, 0.00000000000, 0.00000000456, 0.00000000912
615, 50.00000000000, 672.96002568078, 159.21744481043, 4.12500003222, 0.00000000000, 0.00000000006, 0.00000000029
616, 50.00000000000, 682.34943419915, 116.15692951670, 4.12500003222, 0.00000000000, 0.00000000195, 0.00000001210
617, 50.00000000000, 692.51766519312, 153.15869971743, 4.12500003222, 0.00000000000, 0.00000000008, 0.00000000067
618, 50.00000000000, 711.17399638640, 145.50280306944, 4.12500003222, 0.00000000000, -0.00000000048, 0.00000000256
619, 50.00000000000, 747.19385088357, 141.32073291966, 4.12500003222, 0.00000000000, 0.00000000183, 0.00000000121
620, 50.00000000000, 748.75605846578, 161.71781399917, 4.12500003222, 0.00000000000, 0.00000000030, 0.00000000156
621, 50.00000000000, 763.73481255730, 149.51858452597, 4.12500003222, 0.00000000000, 0.00000000118, -0.00000000036
622, 50.00000000000, 756.10490100490, 106.44682109607, 4.12500003222, 0.00000000000, -0.00000000043, 0.00000000073
623, 50.00000000000, 765.60389178106, 89.82533469517, 4.12500003222, 0.00000000000, 0.00000000138, -0.00000000115
624, 50.00000000000, 782.85686430799, 160.19933278283, 4.12500003222, 0.00000000000, 0.00000000045, -0.00000000593
625, 50.00000000000, 796.01810182482, 106.59570573609, 4.12500003222, 0.00000000000, 0.00000000136, -0.00000000163
626, 50.00000000000, 814.59064638897, 143.90394098280, 4.12500003222, 0.00000000000, -0.00000000039, -0.00000000319
627, 50.00000000000, 833.30865383926, 144.49643421312, 4.12500003222, 0.00000000000, -0.00000000087, -0.00000000858
628, 50.00000000000, 841.09262996211, 160.88884217184, 4.12500003222, 0.00000000000, 0.00000000052, 0.00000001063
629, 50.00000000000, 852.45074226292, 146.33185107210, 4.12500003222, 0.00000000000, 0.00000000128, -0.00000000791
630, 50.00000000000, 878.84347559799, 171.00549823488, 4.12500003222, 0.00000000000, -0.00000000110, -0.00000000529
631, 50.00000000000, 888.52138025538, 98.06305033265, 4.12500003222, 0.00000000000, 0.00000000100, 0.00000000620
632, 50.00000000000, 889.36156280536, 153.64831773436, 4.12500003222, 0.00000000000, -0.00000000054, 0.00000000569
633, 50.00000000000, 907.99123009443, 160.82954976754, 4.12500003222, 0.00000000000, -0.00000000109, -0.00000000432
634, 50.00000000000, 923.68783685211, 109.32282868581, 4.12500003222, 0.00000000000, -0.00000000199, 0.00000000331
635, 50.00000000000, 931.39552522634, 127.89409114536, 4.12500003222, 0.00000000000, 0.00000000055, -0.00000000735
636, 50.00000000000, 949.79822146510, 162.25946559647, 4.12500003222, 0.00000000000, -0.00000000018, 0.00000000048
637, 50.00000000000, 957.46086490704, 143.43477050964, 4.12500003222, 0.00000000000, 0.00000000115, -0.00000000049
638, 50.00000000000, 968.89236473252, 124.29892887488, 4.12500003222, 0.00000000000, 0.00000000065, 0.00000000582
639, 50.00000000000, 969.96166647088, 160.93371631562, 4.12500003222, 0.00000000000, 0.00000000130, -0.00000000268
