0, 50.00000000000, 10.47746410697, 16.24279167365, 4.12500003222, 0.00000000000, 0.00000000573, 0.00000000318
1, 50.00000000000, 12.38768370405, 36.60028987676, 4.12500003222, 0.00000000000, 0.00000000075, -0.00000000186
2, 50.00000000000, 37.58740559360, 16.29937349897, 4.12500003222, 0.00000000000, -0.00000000120, 0.00000001436
3, 50.00000000000, 55.40010644045, 2.51298614394, 4.12500003222, 0.00000000000, 0.00000000193, 0.00000001640
4, 50.00000000000, 69.90426374081, 2.91358873927, 4.12500003222, 0.00000000000, -0.00000000237, 0.00000000001
5, 50.00000000000, 87.87594098022, 34.23190962195, 4.12500003222, 0.00000000000, 0.00000000087, 0.00000000775
6, 50.00000000000, 101.41496576382, 2.48872419125, 4.12500003222, 0.00000000000, 0.00000000141, -0.00000000335
7, 50.00000000000, 117.12455918369, 3.49253810030, 4.12500003222, 0.00000000000, 0.00000000219, -0.00000000417
8, 50.00000000000, 132.37101460856, 3.93527310618, 4.12500003222, 0.00000000000, -0.00000000053, 0.00000000232
9, 50.00000000000, 151.44731796774, 16.80035808106, 4.12500003222, 0.00000000000, -0.00000000161, 0.00000000076
10, 50.00000000000, 162.23677349703, 3.35044751090, 4.12500003222, 0.00000000000, 0.00000000017, 0.00000000054
11, 50.00000000000, 158.19245361271, 35.93795525220, 4.12500003222, 0.00000000000, -0.00000000103, 0.00000000662
12, 50.00000000000, 206.97805011307, 3.31433340495, 4.12500003222, 0.00000000000, 0.00000000200, -0.00000000231
13, 50.00000000000, 225.86462421473, 16.69819244212, 4.12500003222, 0.00000000000, 0.00000000500, 0.00000000317
14, 50.00000000000, 237.18872248755, 3.25785691778, 4.12500003222, 0.00000000000, 0.00000000237, 0.00000000747
15, 50.00000000000, 252.25569427740, 3.68317419867, 4.12500003222, 0.00000000000, -0.00000000090, 0.00000000641
16, 50.00000000000, 208.22667173402, -30000000.00000000000, 0.00000000000, 0.00000000000, 0.00000115154, 0.66000001198
17, 50.00000000000, 213.76424265825, -30000000.00000000000, 0.00000000000, 0.00000000000, 0.00000049963, 0.66000001198
18, 50.00000000000, 229.94224378330, -30000000.00000000000, 0.00000000000, 0.00000000000, 0.00000015379, 0.66000001198
19, 50.00000000000, 244.13286548676, -30000000.00000000000, 0.00000000000, 0.00000000000, -0.00000014619, 0.66000001198
20, 50.00000000000, 253.96796257493, -30000000.00000000000, 0.00000000000, 0.00000000000, -0.00000066756, 0.66000001198
21, 50.00000000000, 264.79881561854, -30000000.00000000000, 0.00000000000, 0.00000000000, -0.00000005951, 0.66000001198
22, 50.00000000000, 280.63535351577, -30000000.00000000000, 0.00000000000, 0.00000000000, 0.00000016067, 0.66000001198
23, 50.00000000000, 294.70160323369, -30000000.00000000000, 0.00000000000, 0.00000000000, 0.00000011490, 0.66000001198
24, 50.00000000000, 307.60294978990, -30000000.00000000000, 0.00000000000, 0.00000000000, -0.00000007892, 0.66000001198
25, 50.00000000000, 345.86141675735, 4.26074383853, 4.12500003222, 0.00000000000, 0.00000000307, -0.00000000735
26, 50.00000000000, 326.68704206073, -30000000.00000000000, 0.00000000000, 0.00000000000, -0.00000005264, 0.66000001198
27, 50.00000000000, 339.94151297158, -30000000.00000000000, 0.00000000000, 0.00000000000, -0.00000014168, 0.66000001198
28, 50.00000000000, 354.06282115022, -30000000.00000000000, 0.00000000000, 0.00000000000, 0.00000098921, 0.66000001198
29, 50.00000000000, 365.55035494571, -30000000.00000000000, 0.00000000000, 0.00000000000, 0.00000040642, 0.66000001198
30, 50.00000000000, 376.87332328468, -30000000.00000000000, 0.00000000000, 0.00000000000, -0.00000101942, 0.66000001198
31, 50.00000000000, 388.71777236206, -30000000.00000000000, 0.00000000000, 0.00000000000, -0.00000044471, 0.66000001198
32, 50.00000000000, 402.99085056884, -30000000.00000000000, 0.00000000000, 0.00000000000, 0.00000077614, 0.66000001198
33, 50.00000000000, 414.83214489825, -30000000.00000000000, 0.00000000000, 0.00000000000, 0.00000039648, 0.66000001198
34, 50.00000000000, 426.04141033366, -30000000.00000000000, 0.00000000000, 0.00000000000, 0.00000005786, 0.66000001198
35, 50.00000000000, 437.83710673625, -30000000.00000000000, 0.00000000000, 0.00000000000, -0.00000027553, 0.66000001198
36, 50.00000000000, 450.99594423687, -30000000.00000000000, 0.00000000000, 0.00000000000, 0.00000047505, 0.66000001198
37, 50.00000000000, 463.37733766994, -30000000.00000000000, 0.00000000000, 0.00000000000, 0.00000100725, 0.66000001198
38, 50.00000000000, 475.67371066930, -30000000.00000000000, 0.00000000000, 0.00000000000, 0.00000042633, 0.66000001198
39, 50.00000000000, 486.90878113248, -30000000.00000000000, 0.00000000000, 0.00000000000, -0.00000028420, 0.66000001198
40, 50.00000000000, 499.79379532237, -30000000.00000000000, 0.00000000000, 0.00000000000, -0.00000084553, 0.66000001198
41, 50.00000000000, 511.55568440894, -30000000.00000000000, 0.00000000000, 0.00000000000, -0.00000087892, 0.66000001198
42, 50.00000000000, 523.33515310431, -30000000.00000000000, 0.00000000000, 0.00000000000, -0.00000093565, 0.66000001198
43, 50.00000000000, 535.28943235250, -30000000.00000000000, 0.00000000000, 0.00000000000, -0.00000047899, 0.66000001198
44, 50.00000000000, 550.12278541250, -30000000.00000000000, 0.00000000000, 0.00000000000, 0.00000057207, 0.66000001198
45, 50.00000000000, 558.70643099343, 16.45088812271, 4.12500003222, 0.00000000000, -0.00000000158, -0.00000000368
46, 50.00000000000, 566.65771054146, 4.14920927118, 4.12500003222, 0.00000000000, -0.00000000182, -0.00000000504
47, 50.00000000000, 586.28339126059, -30000000.00000000000, 0.00000000000, 0.00000000000, 0.00000044714, 0.66000001198
48, 50.00000000000, 597.74581124727, -30000000.00000000000, 0.00000000000, 0.00000000000, -0.00000038109, 0.66000001198
49, 50.00000000000, 608.48360297781, -30000000.00000000000, 0.00000000000, 0.00000000000, -0.00000012533, 0.66000001198
50, 50.00000000000, 624.73614211956, -30000000.00000000000, 0.00000000000, 0.00000000000, 0.00000063119, 0.66000001198
51, 50.00000000000, 635.82581923760, -30000000.00000000000, 0.00000000000, 0.00000000000, 0.00000012379, 0.66000001198
52, 50.00000000000, 624.40551988526, 16.96815912379, 4.12500003222, 0.00000000000, 0.00000000386, -0.00000001087
53, 50.00000000000, 643.12346324550, 52.86071608993, 4.12500003222, 0.00000000000, -0.00000000278, 0.00000000207
54, 50.00000000000, 669.59336286181, -30000000.00000000000, 0.00000000000, 0.00000000000, -0.00000035752, 0.66000001198
55, 50.00000000000, 681.16847803971, -30000000.00000000000, 0.00000000000, 0.00000000000, -0.00000029181, 0.66000001198
56, 50.00000000000, 672.94837623128, 17.12811247041, 4.12500003222, 0.00000000000, -0.00000000045, -0.00000000823
57, 50.00000000000, 708.72372100008, -30000000.00000000000, 0.00000000000, 0.00000000000, -0.00000007479, 0.66000001198
58, 50.00000000000, 723.17185629108, -30000000.00000000000, 0.00000000000, 0.00000000000, 0.00000020975, 0.66000001198
59, 50.00000000000, 695.66035373104, 3.44405440882, 4.12500003222, 0.00000000000, -0.00000000259, 0.00000001229
60, 50.00000000000, 742.96208129179, -30000000.00000000000, 0.00000000000, 0.00000000000, -0.00000077548, 0.66000001198
61, 50.00000000000, 759.35408853091, -30000000.00000000000, 0.00000000000, 0.00000000000, 0.00000044091, 0.66000001198
62, 50.00000000000, 735.70704777599, 16.35475408755, 4.12500003222, 0.00000000000, -0.00000000324, 0.00000001919
63, 50.00000000000, 780.12593893422, -30000000.00000000000, 0.00000000000, 0.00000000000, 0.00000010643, 0.66000001198
64, 50.00000000000, 794.14408114276, -30000000.00000000000, 0.00000000000, 0.00000000000, -0.00000070843, 0.66000001198
65, 50.00000000000, 755.12708686168, 4.29814631543, 4.12500003222, 0.00000000000, 0.00000000049, -0.00000001398
66, 50.00000000000, 769.98884479256, 4.50143346724, 4.12500003222, 0.00000000000, -0.00000000368, -0.00000000872
67, 50.00000000000, 784.58733746237, 5.01288097006, 4.12500003222, 0.00000000000, -0.00000000035, -0.00000002709
68, 50.00000000000, 813.80740951944, 2.80469881011, 4.12500003222, 0.00000000000, -0.00000000322, 0.00000001008
69, 50.00000000000, 828.25859742542, 3.65696786803, 4.12500003222, 0.00000000000, -0.00000000077, 0.00000000454
70, 50.00000000000, 858.54609758470, 55.89484128589, 4.12500003222, 0.00000000000, 0.00000000107, -0.00000001057
71, 50.00000000000, 856.78687794792, 2.79301672985, 4.12500003222, 0.00000000000, -0.00000000259, 0.00000002163
72, 50.00000000000, 867.23158162600, 17.58029360192, 4.12500003222, 0.00000000000, -0.00000000091, -0.00000000621
73, 50.00000000000, 883.75246336382, 3.34393703627, 4.12500003222, 0.00000000000, -0.00000000063, 0.00000001734
74, 50.00000000000, 896.20438161136, 16.25142351541, 4.12500003222, 0.00000000000, -0.00000000479, 0.00000001270
75, 50.00000000000, 920.13227737991, 3.66596646764, 4.12500003222, 0.00000000000, -0.00000000264, -0.00000000211
76, 50.00000000000, 933.93743433739, 3.63832941418, 4.12500003222, 0.00000000000, -0.00000000033, -0.00000001387
77, 50.00000000000, 962.05627880788, 3.53169143363, 4.12500003222, 0.00000000000, -0.00000000051, -0.00000000584
78, 50.00000000000, 962.57218865096, 17.13714416423, 4.12500003222, 0.00000000000, -0.00000000100, 0.00000000396
79, 50.00000000000, 990.01610654997, 3.50747343277, 4.12500003222, 0.00000000000, -0.00000000473, -0.00000001079
80, 50.00000000000, 10.21808608001, 2.21284977464, 4.12500003222, 0.00000000000, 0.00000000334, 0.00000002525
81, 50.00000000000, 25.30639071362, 3.11279907653, 4.12500003222, 0.00000000000, 0.00000000006, 0.00000000051
82, 50.00000000000, 40.26888128871, 3.12343675016, 4.12500003222, 0.00000000000, -0.00000000001, -0.00000001012
83, 50.00000000000, 51.57802353727, 35.13533510083, 4.12500003222, 0.00000000000, -0.00000000092, -0.00000000536
84, 50.00000000000, 61.88954092984, 17.76359134931, 4.12500003222, 0.00000000000, 0.00000000166, -0.00000001321
85, 50.00000000000, 74.06704547894, 16.26364880765, 4.12500003222, 0.00000000000, -0.00000000325, 0.00000000027
86, 50.00000000000, 97.92276712279, 16.43751146544, 4.12500003222, 0.00000000000, -0.00000000006, -0.00000000051
87, 50.00000000000, 109.81965908086, 16.76161057997, 4.12500003222, 0.00000000000, 0.00000000160, -0.00000000426
88, 50.00000000000, 122.60819994470, 17.26923773739, 4.12500003222, 0.00000000000, 0.00000000059, -0.00000000378
89, 50.00000000000, 147.27167695659, 3.08087498856, 4.12500003222, 0.00000000000, -0.00000000019, 0.00000001448
90, 50.00000000000, 177.24193858087, 3.90351727703, 4.12500003222, 0.00000000000, -0.00000000007, -0.00000000826
91, 50.00000000000, 196.43816486383, 16.68242445122, 4.12500003222, 0.00000000000, 0.00000000144, 0.00000000857
92, 50.00000000000, 175.34563314720, 33.93678092809, 4.12500003222, 0.00000000000, -0.00000000031, 0.00000000716
93, 50.00000000000, 222.07549318942, 4.24434756388, 4.12500003222, 0.00000000000, -0.00000000101, -0.00000002242
94, 50.00000000000, 210.25960974840, 34.44312216008, 4.12500003222, 0.00000000000, 0.00000000026, -0.00000000494
95, 50.00000000000, 240.98967537635, 16.66911791180, 4.12500003222, 0.00000000000, 0.00000000076, 0.00000000385
96, 50.00000000000, 202.57338299038, -30000000.00000000000, 0.00000000000, 0.00000000000, 0.00000076275, 0.66000001198
97, 50.00000000000, 222.79919618003, -30000000.00000000000, 0.00000000000, 0.00000000000, 0.00000051856, 0.66000001198
98, 50.00000000000, 232.29331374866, -30000000.00000000000, 0.00000000000, 0.00000000000, 0.00000014132, 0.66000001198
99, 50.00000000000, 288.50620365909, 17.04459861831, 4.12500003222, 0.00000000000, 0.00000000391, 0.00000000103
100, 50.00000000000, 255.36277568580, -30000000.00000000000, 0.00000000000, 0.00000000000, -0.00000000119, 0.66000001198
101, 50.00000000000, 268.01820305228, -30000000.00000000000, 0.00000000000, 0.00000000000, 0.00000017156, 0.66000001198
102, 50.00000000000, 279.54431787454, -30000000.00000000000, 0.00000000000, 0.00000000000, -0.00000012189, 0.66000001198
103, 50.00000000000, 287.21717044596, -30000000.00000000000, 0.00000000000, 0.00000000000, -0.00000049127, 0.66000001198
104, 50.00000000000, 329.63245953977, 3.69339747522, 4.12500003222, 0.00000000000, 0.00000000153, 0.00000000444
105, 50.00000000000, 316.98498441959, -30000000.00000000000, 0.00000000000, 0.00000000000, 0.00000037156, 0.66000001198
106, 50.00000000000, 328.60562503386, -30000000.00000000000, 0.00000000000, 0.00000000000, 0.00000022329, 0.66000001198
107, 50.00000000000, 340.49179333036, -30000000.00000000000, 0.00000000000, 0.00000000000, -0.00000021861, 0.66000001198
108, 50.00000000000, 353.17113961610, -30000000.00000000000, 0.00000000000, 0.00000000000, 0.00000066808, 0.66000001198
109, 50.00000000000, 389.02026936534, 16.63639050208, 4.12500003222, 0.00000000000, 0.00000000104, 0.00000000209
110, 50.00000000000, 375.71693185738, -30000000.00000000000, 0.00000000000, 0.00000000000, -0.00000084570, 0.66000001198
111, 50.00000000000, 391.30410018324, -30000000.00000000000, 0.00000000000, 0.00000000000, 0.00000051196, 0.66000001198
112, 50.00000000000, 403.00882992711, -30000000.00000000000, 0.00000000000, 0.00000000000, 0.00000077365, 0.66000001198
113, 50.00000000000, 414.26956395077, -30000000.00000000000, 0.00000000000, 0.00000000000, 0.00000048845, 0.66000001198
114, 50.00000000000, 426.35895140178, -30000000.00000000000, 0.00000000000, 0.00000000000, 0.00000045446, 0.66000001198
115, 50.00000000000, 438.44262294446, -30000000.00000000000, 0.00000000000, 0.00000000000, -0.00000038823, 0.66000001198
116, 50.00000000000, 464.83123102174, 15.68510941288, 4.12500003222, 0.00000000000, -0.00000000337, 0.00000001097
117, 50.00000000000, 459.94167153366, -30000000.00000000000, 0.00000000000, 0.00000000000, -0.00000005460, 0.66000001198
118, 50.00000000000, 472.81325649713, -30000000.00000000000, 0.00000000000, 0.00000000000, -0.00000079077, 0.66000001198
119, 50.00000000000, 490.26450346520, -30000000.00000000000, 0.00000000000, 0.00000000000, 0.00000033916, 0.66000001198
120, 50.00000000000, 502.10377594791, -30000000.00000000000, 0.00000000000, 0.00000000000, 0.00000005694, 0.66000001198
121, 50.00000000000, 513.68825014400, -30000000.00000000000, 0.00000000000, 0.00000000000, 0.00000052916, 0.66000001198
122, 50.00000000000, 514.99695451390, 10.11358523929, 4.12500003222, 0.00000000000, -0.00000000087, 0.00000000318
123, 50.00000000000, 537.80393209933, -30000000.00000000000, 0.00000000000, 0.00000000000, 0.00000000747, 0.66000001198
124, 50.00000000000, 549.63186092820, -30000000.00000000000, 0.00000000000, 0.00000000000, 0.00000065370, 0.66000001198
125, 50.00000000000, 563.75545288424, -30000000.00000000000, 0.00000000000, 0.00000000000, 0.00000056012, 0.66000001198
126, 50.00000000000, 573.03290200298, -30000000.00000000000, 0.00000000000, 0.00000000000, -0.00000027657, 0.66000001198
127, 50.00000000000, 585.50473027267, -30000000.00000000000, 0.00000000000, 0.00000000000, -0.00000033269, 0.66000001198
128, 50.00000000000, 599.75141877230, -30000000.00000000000, 0.00000000000, 0.00000000000, 0.00000019743, 0.66000001198
129, 50.00000000000, 610.99472710897, -30000000.00000000000, 0.00000000000, 0.00000000000, 0.00000026081, 0.66000001198
130, 50.00000000000, 622.61268288177, -30000000.00000000000, 0.00000000000, 0.00000000000, 0.00000058286, 0.66000001198
131, 50.00000000000, 634.90067491307, -30000000.00000000000, 0.00000000000, 0.00000000000, -0.00000018296, 0.66000001198
132, 50.00000000000, 646.63026146695, -30000000.00000000000, 0.00000000000, 0.00000000000, -0.00000070736, 0.66000001198
133, 50.00000000000, 658.68726744672, -30000000.00000000000, 0.00000000000, 0.00000000000, -0.00000016096, 0.66000001198
134, 50.00000000000, 659.97717818858, 66.54551118439, 4.12500003222, 0.00000000000, 0.00000000093, -0.00000000061
135, 50.00000000000, 682.51015144925, -30000000.00000000000, 0.00000000000, 0.00000000000, 0.00000002062, 0.66000001198
136, 50.00000000000, 695.76920200740, -30000000.00000000000, 0.00000000000, 0.00000000000, 0.00000024950, 0.66000001198
137, 50.00000000000, 705.99403140370, -30000000.00000000000, 0.00000000000, 0.00000000000, -0.00000017018, 0.66000001198
138, 50.00000000000, 721.66005879673, -30000000.00000000000, 0.00000000000, 0.00000000000, 0.00000037606, 0.66000001198
139, 50.00000000000, 728.37367665393, 53.36044213852, 4.12500003222, 0.00000000000, -0.00000000131, -0.00000000557
140, 50.00000000000, 744.08043469145, -30000000.00000000000, 0.00000000000, 0.00000000000, -0.00000045231, 0.66000001198
141, 50.00000000000, 710.81215700460, 3.67760626002, 4.12500003222, 0.00000000000, -0.00000000185, -0.00000000164
142, 50.00000000000, 725.37911140495, 3.23195703860, 4.12500003222, 0.00000000000, -0.00000000179, -0.00000000242
143, 50.00000000000, 782.19483095101, -30000000.00000000000, 0.00000000000, 0.00000000000, -0.00000012319, 0.66000001198
144, 50.00000000000, 795.14437985823, -30000000.00000000000, 0.00000000000, 0.00000000000, -0.00000079004, 0.66000001198
145, 50.00000000000, 792.76647564871, 37.08915888168, 4.12500003222, 0.00000000000, -0.00000000186, -0.00000000245
146, 50.00000000000, 780.78801196756, 17.77335954109, 4.12500003222, 0.00000000000, -0.00000000251, -0.00000000254
147, 50.00000000000, 831.67413069178, 36.48059895061, 4.12500003222, 0.00000000000, 0.00000000136, -0.00000000778
148, 50.00000000000, 840.72716255820, 52.90195357015, 4.12500003222, 0.00000000000, 0.00000000188, -0.00000000486
149, 50.00000000000, 824.17591547967, 17.71535603388, 4.12500003222, 0.00000000000, -0.00000000083, -0.00000001299
150, 50.00000000000, 838.77578202475, 17.59203785458, 4.12500003222, 0.00000000000, 0.00000000077, -0.00000001016
151, 50.00000000000, 853.15158229641, 16.33603006848, 4.12500003222, 0.00000000000, 0.00000000137, -0.00000000787
152, 50.00000000000, 889.36580723047, 49.09451920948, 4.12500003222, 0.00000000000, -0.00000000187, 0.00000000437
153, 50.00000000000, 898.63973129995, 34.19994792091, 4.12500003222, 0.00000000000, -0.00000000147, -0.00000000807
154, 50.00000000000, 895.72694474499, 2.74442327542, 4.12500003222, 0.00000000000, 0.00000000182, -0.00000000053
155, 50.00000000000, 925.32319779270, 17.52786869492, 4.12500003222, 0.00000000000, -0.00000000160, -0.00000000073
156, 50.00000000000, 938.36170187033, 16.76998608354, 4.12500003222, 0.00000000000, 0.00000000043, 0.00000001494
157, 50.00000000000, 949.82347257254, 17.56780377441, 4.12500003222, 0.00000000000, -0.00000000171, -0.00000000160
158, 50.00000000000, 975.95362445554, 4.10843210602, 4.12500003222, 0.00000000000, 0.00000000026, -0.00000001863
159, 50.00000000000, 989.59353255482, 16.31685802529, 4.12500003222, 0.00000000000, -0.00000000574, 0.00000001671
160, 50.00000000000, 10.01678351673, 58.67608728426, 4.12500003222, 0.00000000000, 0.00000000030, 0.00000000074
161, 50.00000000000, 23.68682684822, 16.97516402051, 4.12500003222, 0.00000000000, 0.00000000219, 0.00000001490
162, 50.00000000000, 33.80064181436, 33.88410844228, 4.12500003222, 0.00000000000, 0.00000000176, -0.00000000895
163, 50.00000000000, 42.95748695339, 53.03612791294, 4.12500003222, 0.00000000000, 0.00000000037, 0.00000000665
164, 50.00000000000, 60.51023335711, 54.54944423701, 4.12500003222, 0.00000000000, -0.00000000049, 0.00000000394
165, 50.00000000000, 70.17144060228, 34.93292820863, 4.12500003222, 0.00000000000, 0.00000000201, 0.00000000013
166, 50.00000000000, 85.81169961457, 16.77591604306, 4.12500003222, 0.00000000000, -0.00000000123, 0.00000000238
167, 50.00000000000, 105.20180683498, 69.40296915249, 4.12500003222, 0.00000000000, 0.00000000215, -0.00000000125
168, 50.00000000000, 123.61577801425, 34.86998821454, 4.12500003222, 0.00000000000, -0.00000000050, 0.00000000298
169, 50.00000000000, 136.84156721027, 17.12232574523, 4.12500003222, 0.00000000000, 0.00000000003, -0.00000001629
170, 50.00000000000, 141.08716123436, 36.55735967748, 4.12500003222, 0.00000000000, 0.00000000043, 0.00000000512
171, 50.00000000000, 181.26602768982, 16.55299731013, 4.12500003222, 0.00000000000, 0.00000000113, 0.00000001674
172, 50.00000000000, 192.12900145213, 4.17083505612, 4.12500003222, 0.00000000000, 0.00000000030, -0.00000002067
173, 50.00000000000, 192.65660704643, 36.27715883082, 4.12500003222, 0.00000000000, -0.00000000073, -0.00000000025
174, 50.00000000000, 201.88379540987, 53.73573727192, 4.12500003222, 0.00000000000, -0.00000000160, 0.00000000240
175, 50.00000000000, 218.45129737173, 50.62910358740, 4.12500003222, 0.00000000000, 0.00000000116, -0.00000000281
176, 50.00000000000, 256.18765203122, 17.33169800747, 4.12500003222, 0.00000000000, 0.00000000093, -0.00000001446
177, 50.00000000000, 266.82039204760, 3.00959315879, 4.12500003222, 0.00000000000, -0.00000000167, 0.00000001133
178, 50.00000000000, 281.90892659244, 3.82287269841, 4.12500003222, 0.00000000000, -0.00000000243, -0.00000000075
179, 50.00000000000, 243.14466202411, -30000000.00000000000, 0.00000000000, 0.00000000000, -0.00000041561, 0.66000001198
180, 50.00000000000, 270.95045002457, 111.97802571489, 4.12500003222, 0.00000000000, 0.00000000239, -0.00000000496
181, 50.00000000000, 269.40669222376, -30000000.00000000000, 0.00000000000, 0.00000000000, 0.00000040018, 0.66000001198
182, 50.00000000000, 299.31770517313, 36.60943966484, 4.12500003222, 0.00000000000, -0.00000000084, -0.00000001277
183, 50.00000000000, 288.96575128891, -30000000.00000000000, 0.00000000000, 0.00000000000, -0.00000079869, 0.66000001198
184, 50.00000000000, 301.84392918219, -30000000.00000000000, 0.00000000000, 0.00000000000, -0.00000092892, 0.66000001198
185, 50.00000000000, 354.05609011146, 16.86568291803, 4.12500003222, 0.00000000000, 0.00000000544, -0.00000000116
186, 50.00000000000, 340.46066794473, 37.83794679858, 4.12500003222, 0.00000000000, -0.00000000239, 0.00000000086
187, 50.00000000000, 371.37492388441, 16.81717829926, 4.12500003222, 0.00000000000, 0.00000000097, -0.00000000342
188, 50.00000000000, 354.96528109766, -30000000.00000000000, 0.00000000000, 0.00000000000, 0.00000085333, 0.66000001198
189, 50.00000000000, 398.11661203644, 4.28920806144, 4.12500003222, 0.00000000000, 0.00000000192, -0.00000000483
190, 50.00000000000, 377.91496853261, -30000000.00000000000, 0.00000000000, 0.00000000000, -0.00000117520, 0.66000001198
191, 50.00000000000, 416.01164348107, 3.71884688249, 4.12500003222, 0.00000000000, 0.00000000271, -0.00000000673
192, 50.00000000000, 407.80799481688, 50.90736127246, 4.12500003222, 0.00000000000, 0.00000000026, 0.00000000170
193, 50.00000000000, 428.80551451443, 84.76377525853, 4.12500003222, 0.00000000000, 0.00000000142, -0.00000000749
194, 50.00000000000, 444.03386045590, 16.18887744438, 4.12500003222, 0.00000000000, 0.00000000422, -0.00000000349
195, 50.00000000000, 443.83016972240, 48.70920241812, 4.12500003222, 0.00000000000, -0.00000000227, -0.00000000240
196, 50.00000000000, 450.26242220928, -30000000.00000000000, 0.00000000000, 0.00000000000, -0.00000030861, 0.66000001198
197, 50.00000000000, 464.90035624323, -30000000.00000000000, 0.00000000000, 0.00000000000, 0.00000067639, 0.66000001198
198, 50.00000000000, 475.88661363049, -30000000.00000000000, 0.00000000000, 0.00000000000, 0.00000084178, 0.66000001198
199, 50.00000000000, 483.27321084686, 15.53914902890, 4.12500003222, 0.00000000000, -0.00000000072, -0.00000000318
200, 50.00000000000, 500.07872982327, -30000000.00000000000, 0.00000000000, 0.00000000000, -0.00000044850, 0.66000001198
201, 50.00000000000, 509.90516097121, 30.99137940172, 4.12500003222, 0.00000000000, -0.00000000075, 0.00000000188
202, 50.00000000000, 524.77836579294, -30000000.00000000000, 0.00000000000, 0.00000000000, -0.00000030112, 0.66000001198
203, 50.00000000000, 536.72895892946, -30000000.00000000000, 0.00000000000, 0.00000000000, 0.00000018858, 0.66000001198
204, 50.00000000000, 548.71292878234, 4.16508175228, 4.12500003222, 0.00000000000, 0.00000000253, -0.00000000115
205, 50.00000000000, 560.76085666437, -30000000.00000000000, 0.00000000000, 0.00000000000, -0.00000021032, 0.66000001198
206, 50.00000000000, 578.16603327864, -30000000.00000000000, 0.00000000000, 0.00000000000, 0.00000059922, 0.66000001198
207, 50.00000000000, 575.89317702680, 17.32362550454, 4.12500003222, 0.00000000000, 0.00000000115, -0.00000000994
208, 50.00000000000, 596.80202163893, -30000000.00000000000, 0.00000000000, 0.00000000000, -0.00000066822, 0.66000001198
209, 50.00000000000, 592.63735279595, 16.83725889495, 4.12500003222, 0.00000000000, -0.00000000212, 0.00000000851
210, 50.00000000000, 619.88729024059, -30000000.00000000000, 0.00000000000, 0.00000000000, -0.00000072238, 0.66000001198
211, 50.00000000000, 632.67490424169, -30000000.00000000000, 0.00000000000, 0.00000000000, -0.00000074873, 0.66000001198
212, 50.00000000000, 647.34120047629, -30000000.00000000000, 0.00000000000, 0.00000000000, -0.00000082565, 0.66000001198
213, 50.00000000000, 632.70948494087, 3.51685981164, 4.12500003222, 0.00000000000, -0.00000000299, 0.00000001168
214, 50.00000000000, 640.65282519028, 16.99283655144, 4.12500003222, 0.00000000000, 0.00000000092, -0.00000001333
215, 50.00000000000, 687.21588419121, -30000000.00000000000, 0.00000000000, 0.00000000000, 0.00000041688, 0.66000001198
216, 50.00000000000, 664.73722787885, 2.39166162928, 4.12500003222, 0.00000000000, 0.00000000168, 0.00000001720
217, 50.00000000000, 680.42394652466, 3.61188853550, 4.12500003222, 0.00000000000, 0.00000000044, 0.00000000962
218, 50.00000000000, 719.24773235755, -30000000.00000000000, 0.00000000000, 0.00000000000, -0.00000025155, 0.66000001198
219, 50.00000000000, 689.10132496556, 17.66995602556, 4.12500003222, 0.00000000000, 0.00000000102, -0.00000002479
220, 50.00000000000, 705.53788112793, 16.82821488380, 4.12500003222, 0.00000000000, -0.00000000243, 0.00000000175
221, 50.00000000000, 753.45855696009, -30000000.00000000000, 0.00000000000, 0.00000000000, 0.00000015299, 0.66000001198
222, 50.00000000000, 765.38450875962, 52.58887769128, 4.12500003222, 0.00000000000, -0.00000000005, 0.00000000260
223, 50.00000000000, 740.32493548893, 3.22142001223, 4.12500003222, 0.00000000000, 0.00000000436, -0.00000000225
224, 50.00000000000, 790.93703551773, -30000000.00000000000, 0.00000000000, 0.00000000000, -0.00000045398, 0.66000001198
225, 50.00000000000, 750.55343144647, 17.70020832329, 4.12500003222, 0.00000000000, -0.00000000182, -0.00000001101
226, 50.00000000000, 812.35177919917, 70.93398847699, 4.12500003222, 0.00000000000, 0.00000000145, -0.00000000762
227, 50.00000000000, 821.00477963660, 51.42114903070, 4.12500003222, 0.00000000000, -0.00000000121, 0.00000000014
228, 50.00000000000, 798.91827651203, 3.46591574906, 4.12500003222, 0.00000000000, 0.00000000005, -0.00000000770
229, 50.00000000000, 852.82028853554, 34.33044663122, 4.12500003222, 0.00000000000, -0.00000000071, 0.00000001541
230, 50.00000000000, 842.47807713378, 4.43670554879, 4.12500003222, 0.00000000000, -0.00000000245, -0.00000000795
231, 50.00000000000, 872.31199650830, 37.98796725065, 4.12500003222, 0.00000000000, -0.00000000148, 0.00000000997
232, 50.00000000000, 871.09472091362, 3.45766624158, 4.12500003222, 0.00000000000, -0.00000000218, 0.00000000768
233, 50.00000000000, 925.24391766917, 90.04333655252, 4.12500003222, 0.00000000000, 0.00000000261, -0.00000000988
234, 50.00000000000, 881.92085679396, 18.00244205823, 4.12500003222, 0.00000000000, 0.00000000156, -0.00000001017
235, 50.00000000000, 907.66493941399, 4.31167109066, 4.12500003222, 0.00000000000, -0.00000000047, -0.00000000266
236, 50.00000000000, 948.08782518932, 3.51625892441, 4.12500003222, 0.00000000000, 0.00000000254, 0.00000000029
237, 50.00000000000, 953.66400843643, 35.00204843198, 4.12500003222, 0.00000000000, -0.00000000168, -0.00000000439
238, 50.00000000000, 972.05377975932, 36.06015430927, 4.12500003222, 0.00000000000, 0.00000000011, -0.00000000619
239, 50.00000000000, 976.26008825625, 17.59642154380, 4.12500003222, 0.00000000000, -0.00000000105, 0.00000001050
240, 50.00000000000, 10.12229263625, 95.94706477940, 4.12500003222, 0.00000000000, 0.00000000118, 0.00000000638
241, 50.00000000000, 25.42305301392, 49.96597048693, 4.12500003222, 0.00000000000, -0.00000000198, 0.00000000121
242, 50.00000000000, 30.41558121169, 69.14608108391, 4.12500003222, 0.00000000000, -0.00000000174, -0.00000000523
243, 50.00000000000, 50.10567886654, 15.74220177953, 4.12500003222, 0.00000000000, 0.00000000028, 0.00000000354
244, 50.00000000000, 68.76536920080, 74.66079770983, 4.12500003222, 0.00000000000, 0.00000000050, -0.00000000906
245, 50.00000000000, 85.67039489785, 2.46109758766, 4.12500003222, 0.00000000000, 0.00000000138, 0.00000000430
246, 50.00000000000, 96.60250454941, 104.39575108004, 4.12500003222, 0.00000000000, -0.00000000276, -0.00000000441
247, 50.00000000000, 106.17955078889, 34.03720548432, 4.12500003222, 0.00000000000, -0.00000000043, 0.00000000419
248, 50.00000000000, 113.15988830958, 89.47416814111, 4.12500003222, 0.00000000000, -0.00000000123, 0.00000000160
249, 50.00000000000, 123.02348640523, 73.05099945082, 4.12500003222, 0.00000000000, -0.00000000059, 0.00000000541
250, 50.00000000000, 166.19883356990, 16.73424830005, 4.12500003222, 0.00000000000, 0.00000000206, 0.00000001101
251, 50.00000000000, 158.53432158331, 75.23619335702, 4.12500003222, 0.00000000000, 0.00000000124, -0.00000000479
252, 50.00000000000, 211.35019831875, 16.61743805995, 4.12500003222, 0.00000000000, -0.00000000124, 0.00000000389
253, 50.00000000000, 187.32033102655, 90.17302770473, 4.12500003222, 0.00000000000, 0.00000000002, -0.00000000212
254, 50.00000000000, 195.88414250664, 72.60993469025, 4.12500003222, 0.00000000000, 0.00000000082, -0.00000000458
255, 50.00000000000, 227.89471847037, 33.28403752257, 4.12500003222, 0.00000000000, 0.00000000035, 0.00000001242
256, 50.00000000000, 245.51755512739, 36.88631682720, 4.12500003222, 0.00000000000, -0.00000000076, -0.00000000127
257, 50.00000000000, 219.73668488582, -30000000.00000000000, 0.00000000000, 0.00000000000, 0.00000108519, 0.66000001198
258, 50.00000000000, 271.85286096698, 17.02608023565, 4.12500003222, 0.00000000000, 0.00000000199, -0.00000000419
259, 50.00000000000, 241.17362709907, -30000000.00000000000, 0.00000000000, 0.00000000000, -0.00000007953, 0.66000001198
260, 50.00000000000, 269.59030792697, 55.40616089200, 4.12500003222, 0.00000000000, 0.00000000048, -0.00000000276
261, 50.00000000000, 297.21378898703, 3.37168061183, 4.12500003222, 0.00000000000, 0.00000000124, 0.00000000297
262, 50.00000000000, 313.32414585145, 2.91465763036, 4.12500003222, 0.00000000000, 0.00000000135, 0.00000000757
263, 50.00000000000, 320.73510155399, 16.63964049527, 4.12500003222, 0.00000000000, 0.00000000239, -0.00000000142
264, 50.00000000000, 309.52526276679, 108.54244590870, 4.12500003222, 0.00000000000, 0.00000000042, 0.00000000005
265, 50.00000000000, 336.82582306087, 17.30361599551, 4.12500003222, 0.00000000000, -0.00000000371, 0.00000000390
266, 50.00000000000, 362.97361934985, 3.74834489156, 4.12500003222, 0.00000000000, 0.00000000078, 0.00000000496
267, 50.00000000000, 380.42600710540, 3.81311971305, 4.12500003222, 0.00000000000, 0.00000000005, 0.00000000109
268, 50.00000000000, 355.50350402280, 53.73896721618, 4.12500003222, 0.00000000000, -0.00000000027, 0.00000000045
269, 50.00000000000, 365.28820081729, 73.29772542639, 4.12500003222, 0.00000000000, 0.00000000004, -0.00000000142
270, 50.00000000000, 386.21592280050, 108.36544442947, 4.12500003222, 0.00000000000, 0.00000000099, 0.00000000463
271, 50.00000000000, 397.46540553412, 34.61038695277, 4.12500003222, 0.00000000000, 0.00000000009, -0.00000000074
272, 50.00000000000, 405.39431338977, 108.60577227705, 4.12500003222, 0.00000000000, -0.00000000005, -0.00000000294
273, 50.00000000000, 434.86539549521, 3.38679925556, 4.12500003222, 0.00000000000, 0.00000000033, 0.00000000082
274, 50.00000000000, 434.28809274911, 32.03508482794, 4.12500003222, 0.00000000000, 0.00000000268, 0.00000000603
275, 50.00000000000, 453.27545156382, 31.23705708552, 4.12500003222, 0.00000000000, 0.00000000096, -0.00000000362
276, 50.00000000000, 449.12474806271, -30000000.00000000000, 0.00000000000, 0.00000000000, -0.00000009040, 0.66000001198
277, 50.00000000000, 473.26382822641, 3.49983494031, 4.12500003222, 0.00000000000, 0.00000000512, 0.00000000782
278, 50.00000000000, 480.36060719624, -30000000.00000000000, 0.00000000000, 0.00000000000, 0.00000030051, 0.66000001198
279, 50.00000000000, 487.65962462827, -30000000.00000000000, 0.00000000000, 0.00000000000, -0.00000045952, 0.66000001198
280, 50.00000000000, 498.93642128733, 11.51391093139, 4.12500003222, 0.00000000000, 0.00000000111, 0.00000000041
281, 50.00000000000, 506.66105332152, 51.23010243021, 4.12500003222, 0.00000000000, -0.00000000111, -0.00000000929
282, 50.00000000000, 525.06756119140, 47.57852794202, 4.12500003222, 0.00000000000, 0.00000000058, 0.00000000538
283, 50.00000000000, 530.38446233131, 5.09001036996, 4.12500003222, 0.00000000000, -0.00000000001, 0.00000000862
284, 50.00000000000, 548.77789151137, -30000000.00000000000, 0.00000000000, 0.00000000000, 0.00000035540, 0.66000001198
285, 50.00000000000, 555.57239048491, 34.49938372290, 4.12500003222, 0.00000000000, -0.00000000179, 0.00000000456
286, 50.00000000000, 572.51606919716, -30000000.00000000000, 0.00000000000, 0.00000000000, -0.00000063155, 0.66000001198
287, 50.00000000000, 581.61045872654, 109.05341597583, 4.12500003222, 0.00000000000, -0.00000000019, 0.00000000452
288, 50.00000000000, 590.75430547854, 35.62527331056, 4.12500003222, 0.00000000000, -0.00000000028, -0.00000000518
289, 50.00000000000, 583.45729884855, 4.14493599225, 4.12500003222, 0.00000000000, -0.00000000408, -0.00000000290
290, 50.00000000000, 609.74356776039, 33.31218305742, 4.12500003222, 0.00000000000, -0.00000000248, 0.00000000279
291, 50.00000000000, 608.49037964463, 16.15108584824, 4.12500003222, 0.00000000000, -0.00000000267, 0.00000000531
292, 50.00000000000, 631.62632898931, 34.40544339709, 4.12500003222, 0.00000000000, -0.00000000026, 0.00000000016
293, 50.00000000000, 650.50099316887, 35.09795105659, 4.12500003222, 0.00000000000, -0.00000000215, -0.00000000764
294, 50.00000000000, 674.56738941681, 81.88859223130, 4.12500003222, 0.00000000000, 0.00000000075, -0.00000000144
295, 50.00000000000, 657.29722586691, 16.21166992982, 4.12500003222, 0.00000000000, -0.00000000198, 0.00000001825
296, 50.00000000000, 692.76592786323, 75.93486849158, 4.12500003222, 0.00000000000, -0.00000000040, -0.00000000036
297, 50.00000000000, 698.95490264633, 35.41392974099, 4.12500003222, 0.00000000000, 0.00000000065, -0.00000000250
298, 50.00000000000, 713.31841746277, 69.05251842536, 4.12500003222, 0.00000000000, -0.00000000075, -0.00000000157
299, 50.00000000000, 719.13856819964, 32.99763110341, 4.12500003222, 0.00000000000, 0.00000000096, 0.00000000857
300, 50.00000000000, 737.08750783100, 35.16522081098, 4.12500003222, 0.00000000000, -0.00000000561, -0.00000000999
301, 50.00000000000, 721.19564287901, 16.38746266713, 4.12500003222, 0.00000000000, 0.00000000182, 0.00000000926
302, 50.00000000000, 772.76851801286, -30000000.00000000000, 0.00000000000, 0.00000000000, 0.00000071440, 0.66000001198
303, 50.00000000000, 774.68004334758, 70.64683474626, 4.12500003222, 0.00000000000, -0.00000000094, 0.00000000221
304, 50.00000000000, 784.05918675844, 54.21464615685, 4.12500003222, 0.00000000000, -0.00000000126, -0.00000000321
305, 50.00000000000, 765.65083599928, 17.15925820471, 4.12500003222, 0.00000000000, 0.00000000013, 0.00000000020
306, 50.00000000000, 811.25170982485, 35.16733357066, 4.12500003222, 0.00000000000, -0.00000000066, -0.00000000653
307, 50.00000000000, 795.85860010294, 17.43667764635, 4.12500003222, 0.00000000000, 0.00000000054, -0.00000000164
308, 50.00000000000, 809.90776077321, 16.42834270017, 4.12500003222, 0.00000000000, 0.00000000421, 0.00000000425
309, 50.00000000000, 849.73751424987, 90.16966258939, 4.12500003222, 0.00000000000, -0.00000000147, 0.00000000696
310, 50.00000000000, 869.16219199281, 93.26093175023, 4.12500003222, 0.00000000000, 0.00000000054, 0.00000001385
311, 50.00000000000, 875.23583844108, 113.51663397480, 4.12500003222, 0.00000000000, -0.00000000041, 0.00000000061
312, 50.00000000000, 896.32996813592, 67.57407486706, 4.12500003222, 0.00000000000, -0.00000000070, -0.00000001048
313, 50.00000000000, 906.81785153724, 103.69581365990, 4.12500003222, 0.00000000000, 0.00000000013, -0.00000000935
314, 50.00000000000, 936.58405977083, 70.46153012140, 4.12500003222, 0.00000000000, -0.00000000048, 0.00000000431
315, 50.00000000000, 910.69885839956, 18.32548830072, 4.12500003222, 0.00000000000, -0.00000000080, -0.00000002478
316, 50.00000000000, 936.23452679942, 36.71909153583, 4.12500003222, 0.00000000000, 0.00000000088, -0.00000001626
317, 50.00000000000, 957.38043190701, 69.26459511432, 4.12500003222, 0.00000000000, 0.00000000043, 0.00000000936
318, 50.00000000000, 981.47172746855, 106.01253183043, 4.12500003222, 0.00000000000, 0.00000000168, 0.00000000403
319, 50.00000000000, 985.08774966877, 52.87265377641, 4.12500003222, 0.00000000000, 0.00000000149, 0.00000000004
320, 50.00000000000, 9.97597674217, 77.32296012373, 4.12500003222, 0.00000000000, 0.00000000100, -0.00000001158
321, 50.00000000000, 26.23908147381, 104.34970306587, 4.12500003222, 0.00000000000, 0.00000000048, 0.00000000390
322, 50.00000000000, 24.98903961754, 85.80667952400, 4.12500003222, 0.00000000000, -0.00000000035, 0.00000000497
323, 50.00000000000, 50.74420520610, 74.49419622317, 4.12500003222, 0.00000000000, 0.00000000109, -0.00000001634
324, 50.00000000000, 59.70241011673, 95.10689403948, 4.12500003222, 0.00000000000, -0.00000000078, -0.00000000187
325, 50.00000000000, 77.98060745577, 53.79689010887, 4.12500003222, 0.00000000000, 0.00000000038, 0.00000000154
326, 50.00000000000, 86.36911059636, 70.38349519520, 4.12500003222, 0.00000000000, -0.00000000408, -0.00000000652
327, 50.00000000000, 96.28827927525, 52.74144105004, 4.12500003222, 0.00000000000, -0.00000000185, -0.00000000325
328, 50.00000000000, 114.53273591491, 53.05130387168, 4.12500003222, 0.00000000000, -0.00000000091, -0.00000000133
329, 50.00000000000, 120.80513445069, 128.68031619476, 4.12500003222, 0.00000000000, 0.00000000288, -0.00000000226
330, 50.00000000000, 149.46796326494, 57.29657639943, 4.12500003222, 0.00000000000, 0.00000000145, -0.00000000762
331, 50.00000000000, 140.49938478441, 74.98352986559, 4.12500003222, 0.00000000000, 0.00000000193, 0.00000000349
332, 50.00000000000, 168.36319855421, 91.00119462033, 4.12500003222, 0.00000000000, 0.00000000069, 0.00000000553
333, 50.00000000000, 184.34137092220, 54.14344371860, 4.12500003222, 0.00000000000, -0.00000000032, -0.00000000186
334, 50.00000000000, 197.59130887267, 106.39244465830, 4.12500003222, 0.00000000000, 0.00000000011, 0.00000000179
335, 50.00000000000, 215.60322346365, 103.17521700368, 4.12500003222, 0.00000000000, 0.00000000237, -0.00000000339
336, 50.00000000000, 224.90850678767, 135.43863131479, 4.12500003222, 0.00000000000, 0.00000000243, 0.00000000246
337, 50.00000000000, 226.53307183299, 87.04796667590, 4.12500003222, 0.00000000000, -0.00000000266, 0.00000001243
338, 50.00000000000, 252.00168736289, 54.88719522894, 4.12500003222, 0.00000000000, 0.00000000020, 0.00000000212
339, 50.00000000000, 263.31286259319, 35.90913363812, 4.12500003222, 0.00000000000, -0.00000000119, 0.00000000373
340, 50.00000000000, 281.15832520959, 35.45462051116, 4.12500003222, 0.00000000000, -0.00000000101, 0.00000000477
341, 50.00000000000, 275.33209418851, 72.71051823773, 4.12500003222, 0.00000000000, -0.00000000024, 0.00000000461
342, 50.00000000000, 304.79597638987, 16.41045740251, 4.12500003222, 0.00000000000, 0.00000000523, 0.00000001886
343, 50.00000000000, 300.74437642178, 89.87168711247, 4.12500003222, 0.00000000000, 0.00000000060, 0.00000000168
344, 50.00000000000, 319.16543185690, 90.67571627221, 4.12500003222, 0.00000000000, 0.00000000082, -0.00000000142
345, 50.00000000000, 319.35399469188, 34.46623944804, 4.12500003222, 0.00000000000, 0.00000000116, -0.00000001685
346, 50.00000000000, 322.74593176142, 51.32837960455, 4.12500003222, 0.00000000000, 0.00000000080, 0.00000000842
347, 50.00000000000, 347.54255058764, 72.79274168950, 4.12500003222, 0.00000000000, -0.00000000064, 0.00000000680
348, 50.00000000000, 360.14079601702, 35.03657808464, 4.12500003222, 0.00000000000, 0.00000000050, 0.00000000203
349, 50.00000000000, 379.07754114949, 34.23417811275, 4.12500003222, 0.00000000000, 0.00000000035, 0.00000000450
350, 50.00000000000, 383.01407109411, 71.09287127138, 4.12500003222, 0.00000000000, -0.00000000011, 0.00000000310
351, 50.00000000000, 425.59080613215, 16.13484407605, 4.12500003222, 0.00000000000, -0.00000000058, -0.00000000220
352, 50.00000000000, 411.30034524223, 87.80544222582, 4.12500003222, 0.00000000000, 0.00000000050, 0.00000000032
353, 50.00000000000, 418.33862810995, 67.31174562647, 4.12500003222, 0.00000000000, -0.00000000267, 0.00000000972
354, 50.00000000000, 415.94111940172, 32.78148083606, 4.12500003222, 0.00000000000, 0.00000000082, 0.00000000669
355, 50.00000000000, 454.53000821435, 4.37945219860, 4.12500003222, 0.00000000000, -0.00000000457, 0.00000000304
356, 50.00000000000, 447.70262549074, 80.80888841382, 4.12500003222, 0.00000000000, -0.00000000047, 0.00000000569
357, 50.00000000000, 465.81034894674, 77.50530277466, 4.12500003222, 0.00000000000, -0.00000000154, 0.00000001171
358, 50.00000000000, 474.81297487669, 34.40732998923, 4.12500003222, 0.00000000000, 0.00000000079, -0.00000000593
359, 50.00000000000, 488.38575107705, 51.42295744890, 4.12500003222, 0.00000000000, -0.00000000031, 0.00000000108
360, 50.00000000000, 500.35422886805, 68.90284725007, 4.12500003222, 0.00000000000, 0.00000000137, 0.00000000253
361, 50.00000000000, 504.70492175855, 105.92231854845, 4.12500003222, 0.00000000000, 0.00000000008, 0.00000000470
362, 50.00000000000, 518.44686430975, 66.19199484705, 4.12500003222, 0.00000000000, 0.00000000217, 0.00000000048
363, 50.00000000000, 537.12774142309, 65.86221397257, 4.12500003222, 0.00000000000, 0.00000000026, 0.00000000388
364, 50.00000000000, 541.25594048758, 16.84055485469, 4.12500003222, 0.00000000000, -0.00000000238, -0.00000000322
365, 50.00000000000, 549.33549687434, 103.71765877911, 4.12500003222, 0.00000000000, -0.00000000035, 0.00000001082
366, 50.00000000000, 572.74490042740, 35.18153143457, 4.12500003222, 0.00000000000, -0.00000000032, 0.00000000077
367, 50.00000000000, 583.61399294094, 53.40630020851, 4.12500003222, 0.00000000000, 0.00000000022, 0.00000000296
368, 50.00000000000, 585.84390954247, 89.45805768538, 4.12500003222, 0.00000000000, -0.00000000175, 0.00000000312
369, 50.00000000000, 602.00527590873, 52.14095300375, 4.12500003222, 0.00000000000, 0.00000000098, -0.00000000111
370, 50.00000000000, 614.62309859618, 122.02061481155, 4.12500003222, 0.00000000000, -0.00000000430, -0.00000000877
371, 50.00000000000, 616.49314479413, 3.84896427337, 4.12500003222, 0.00000000000, 0.00000000318, -0.00000001057
372, 50.00000000000, 628.80617078140, 65.96600397949, 4.12500003222, 0.00000000000, -0.00000000153, -0.00000000925
373, 50.00000000000, 638.54021233441, 94.51045393002, 4.12500003222, 0.00000000000, -0.00000000119, 0.00000000281
374, 50.00000000000, 663.55926566863, 47.00241433062, 4.12500003222, 0.00000000000, 0.00000000313, 0.00000000469
375, 50.00000000000, 677.33232799358, 60.50866466464, 4.12500003222, 0.00000000000, -0.00000000080, -0.00000000177
376, 50.00000000000, 680.53574136633, 37.86678767045, 4.12500003222, 0.00000000000, 0.00000000091, 0.00000000868
377, 50.00000000000, 694.74971719611, 131.90734475817, 4.12500003222, 0.00000000000, -0.00000000179, 0.00000000520
378, 50.00000000000, 710.98597695888, 49.37167237544, 4.12500003222, 0.00000000000, -0.00000000001, 0.00000000352
379, 50.00000000000, 725.43492383233, 85.91775592553, 4.12500003222, 0.00000000000, 0.00000000027, 0.00000000729
380, 50.00000000000, 735.41859393433, 69.83515615054, 4.12500003222, 0.00000000000, 0.00000000144, 0.00000000394
381, 50.00000000000, 746.89710796733, 54.33727262790, 4.12500003222, 0.00000000000, 0.00000000048, -0.00000000247
382, 50.00000000000, 755.88077884764, 35.39927926282, 4.12500003222, 0.00000000000, 0.00000000002, 0.00000000512
383, 50.00000000000, 774.40759567652, 35.04608533523, 4.12500003222, 0.00000000000, -0.00000000093, 0.00000000409
384, 50.00000000000, 786.42352759748, 123.97728693553, 4.12500003222, 0.00000000000, 0.00000000044, -0.00000000792
385, 50.00000000000, 806.45280465027, 88.29775139913, 4.12500003222, 0.00000000000, -0.00000000207, 0.00000001181
386, 50.00000000000, 821.54919460533, 161.74790021121, 4.12500003222, 0.00000000000, 0.00000000077, 0.00000000185
387, 50.00000000000, 817.60010495191, 106.36805480078, 4.12500003222, 0.00000000000, -0.00000000121, -0.00000000484
388, 50.00000000000, 829.72128501394, 67.43973961042, 4.12500003222, 0.00000000000, -0.00000000210, 0.00000000377
389, 50.00000000000, 863.70399294095, 132.26081993901, 4.12500003222, 0.00000000000, -0.00000000139, -0.00000000649
390, 50.00000000000, 864.42884699177, 76.36335025585, 4.12500003222, 0.00000000000, -0.00000000154, -0.00000001007
391, 50.00000000000, 875.87790258682, 60.25804876362, 4.12500003222, 0.00000000000, 0.00000000278, 0.00000000125
392, 50.00000000000, 901.40516011951, 138.50867574824, 4.12500003222, 0.00000000000, -0.00000000092, 0.00000000335
393, 50.00000000000, 913.06528026765, 123.38513642757, 4.12500003222, 0.00000000000, -0.00000000068, -0.00000000231
394, 50.00000000000, 917.67777070068, 34.91396772751, 4.12500003222, 0.00000000000, 0.00000000235, 0.00000000598
395, 50.00000000000, 939.69421079731, 145.15290873492, 4.12500003222, 0.00000000000, -0.00000000047, -0.00000001279
396, 50.00000000000, 946.26901748869, 54.09470381708, 4.12500003222, 0.00000000000, -0.00000000025, -0.00000000380
397, 50.00000000000, 965.35301045273, 52.55077752532, 4.12500003222, 0.00000000000, 0.00000000045, 0.00000000319
398, 50.00000000000, 977.57668877256, 69.65098154144, 4.12500003222, 0.00000000000, -0.00000000082, 0.00000000365
399, 50.00000000000, 989.90535367487, 34.68318930730, 4.12500003222, 0.00000000000, -0.00000000079, -0.00000000159
400, 50.00000000000, 10.07722593742, 152.54606755178, 4.12500003222, 0.00000000000, 0.00000000033, 0.00000000328
401, 50.00000000000, 28.40371694660, 125.42521631480, 4.12500003222, 0.00000000000, 0.00000000023, -0.00000000370
402, 50.00000000000, 43.19301492101, 110.64703408916, 4.12500003222, 0.00000000000, -0.00000000334, 0.00000000430
403, 50.00000000000, 47.29264848929, 133.17657326823, 4.12500003222, 0.00000000000, 0.00000000047, -0.00000000491
404, 50.00000000000, 69.39618297928, 131.32965386997, 4.12500003222, 0.00000000000, -0.00000000213, -0.00000000704
405, 50.00000000000, 78.70677645738, 90.87819764080, 4.12500003222, 0.00000000000, 0.00000000168, 0.00000000329
406, 50.00000000000, 98.41992492071, 159.39853533148, 4.12500003222, 0.00000000000, 0.00000000018, -0.00000000164
407, 50.00000000000, 95.75955515943, 84.38435072414, 4.12500003222, 0.00000000000, 0.00000000311, 0.00000001374
408, 50.00000000000, 118.26576580801, 149.58381678546, 4.12500003222, 0.00000000000, 0.00000000087, -0.00000000121
409, 50.00000000000, 132.19156965464, 54.67372742976, 4.12500003222, 0.00000000000, -0.00000000157, 0.00000000014
410, 50.00000000000, 149.50172375777, 95.23718019415, 4.12500003222, 0.00000000000, 0.00000000087, -0.00000000354
411, 50.00000000000, 159.92277129326, 111.61074121960, 4.12500003222, 0.00000000000, 0.00000000021, 0.00000000244
412, 50.00000000000, 166.81430470969, 55.03394490003, 4.12500003222, 0.00000000000, -0.00000000028, -0.00000000113
413, 50.00000000000, 173.60170950821, 128.71795091478, 4.12500003222, 0.00000000000, 0.00000000127, -0.00000000041
414, 50.00000000000, 187.54491586000, 145.72179526821, 4.12500003222, 0.00000000000, 0.00000000027, -0.00000000245
415, 50.00000000000, 206.69185044626, 87.05720136508, 4.12500003222, 0.00000000000, 0.00000000019, -0.00000000156
416, 50.00000000000, 217.58876945513, 69.78191991743, 4.12500003222, 0.00000000000, -0.00000000130, -0.00000000319
417, 50.00000000000, 238.67726139834, 73.94075079903, 4.12500003222, 0.00000000000, 0.00000000284, -0.00000000755
418, 50.00000000000, 244.98068144054, 93.33245119020, 4.12500003222, 0.00000000000, -0.00000000220, -0.00000001187
419, 50.00000000000, 256.95549561346, 74.62874472730, 4.12500003222, 0.00000000000, 0.00000000027, -0.00000000308
420, 50.00000000000, 263.80351397927, 91.72513263287, 4.12500003222, 0.00000000000, 0.00000000036, 0.00000000214
421, 50.00000000000, 277.66990603856, 164.55759695776, 4.12500003222, 0.00000000000, 0.00000000354, -0.00000000707
422, 50.00000000000, 290.51069087195, 109.50463710506, 4.12500003222, 0.00000000000, -0.00000000033, 0.00000000064
423, 50.00000000000, 305.42854450979, 52.35818981493, 4.12500003222, 0.00000000000, -0.00000000097, 0.00000001317
424, 50.00000000000, 319.71847541529, 125.91158832461, 4.12500003222, 0.00000000000, -0.00000000100, 0.00000000061
425, 50.00000000000, 328.66047558407, 107.82762735334, 4.12500003222, 0.00000000000, 0.00000000035, 0.00000000106
426, 50.00000000000, 328.94042994733, 71.91427935878, 4.12500003222, 0.00000000000, 0.00000000131, 0.00000000711
427, 50.00000000000, 338.68512431362, 56.82770982911, 4.12500003222, 0.00000000000, 0.00000000195, -0.00000000430
428, 50.00000000000, 367.42090675586, 107.30235079255, 4.12500003222, 0.00000000000, -0.00000000030, 0.00000001262
429, 50.00000000000, 372.74711445573, 53.16495661794, 4.12500003222, 0.00000000000, 0.00000000003, -0.00000000093
430, 50.00000000000, 406.97604754850, 16.87351941660, 4.12500003222, 0.00000000000, 0.00000000003, -0.00000000568
431, 50.00000000000, 393.47742084310, 90.89422376796, 4.12500003222, 0.00000000000, 0.00000000026, -0.00000000248
432, 50.00000000000, 407.39308964988, 142.65309505036, 4.12500003222, 0.00000000000, -0.00000000023, -0.00000000056
433, 50.00000000000, 420.83619305076, 125.11846077114, 4.12500003222, 0.00000000000, 0.00000000079, -0.00000000031
434, 50.00000000000, 425.81508320071, 50.76594713307, 4.12500003222, 0.00000000000, 0.00000000223, -0.00000000877
435, 50.00000000000, 439.79302092826, 98.89823441913, 4.12500003222, 0.00000000000, 0.00000000322, -0.00000000922
436, 50.00000000000, 459.97867344537, 143.98843878987, 4.12500003222, 0.00000000000, -0.00000000062, 0.00000001022
437, 50.00000000000, 457.33918392148, 98.70960964794, 4.12500003222, 0.00000000000, 0.00000000154, -0.00000000396
438, 50.00000000000, 469.05504808567, 113.20510422463, 4.12500003222, 0.00000000000, 0.00000000185, -0.00000000229
439, 50.00000000000, 483.60837196673, 73.64700699693, 4.12500003222, 0.00000000000, 0.00000000067, 0.00000000630
440, 50.00000000000, 492.80455571487, 33.65501938747, 4.12500003222, 0.00000000000, -0.00000000067, -0.00000000133
441, 50.00000000000, 510.64157598700, 84.74578337896, 4.12500003222, 0.00000000000, -0.00000000044, 0.00000000134
442, 50.00000000000, 525.86723343357, 25.54388859255, 4.12500003222, 0.00000000000, -0.00000000338, -0.00000000572
443, 50.00000000000, 533.56731494053, 114.72048004789, 4.12500003222, 0.00000000000, 0.00000000178, 0.00000001044
444, 50.00000000000, 538.64396474986, 36.80006342055, 4.12500003222, 0.00000000000, 0.00000000262, -0.00000000373
445, 50.00000000000, 547.75100282994, 52.08273303792, 4.12500003222, 0.00000000000, -0.00000000402, 0.00000000306
446, 50.00000000000, 565.47162337767, 54.06454342059, 4.12500003222, 0.00000000000, 0.00000000069, -0.00000000052
447, 50.00000000000, 575.01083670101, 151.84609289859, 4.12500003222, 0.00000000000, 0.00000000154, 0.00000000324
448, 50.00000000000, 593.34270135499, 72.26020945049, 4.12500003222, 0.00000000000, 0.00000000006, -0.00000000345
449, 50.00000000000, 605.28486605278, 88.37375990962, 4.12500003222, 0.00000000000, 0.00000000283, -0.00000001112
450, 50.00000000000, 599.84660868323, 4.12130133309, 4.12500003222, 0.00000000000, 0.00000000049, -0.00000001080
451, 50.00000000000, 620.90485297374, 49.46598013041, 4.12500003222, 0.00000000000, 0.00000000076, 0.00000000428
452, 50.00000000000, 623.61357880645, 83.68254742293, 4.12500003222, 0.00000000000, -0.00000000019, 0.00000000237
453, 50.00000000000, 643.75572490516, 74.50592119957, 4.12500003222, 0.00000000000, 0.00000000106, 0.00000000901
454, 50.00000000000, 664.26546192067, 123.30234596289, 4.12500003222, 0.00000000000, 0.00000000180, -0.00000000151
455, 50.00000000000, 648.55137625764, 4.39148100696, 4.12500003222, 0.00000000000, -0.00000000459, -0.00000001162
456, 50.00000000000, 694.61604186661, 56.53899384408, 4.12500003222, 0.00000000000, 0.00000000006, -0.00000000615
457, 50.00000000000, 700.09687785876, 110.12885749074, 4.12500003222, 0.00000000000, -0.00000000031, 0.00000000371
458, 50.00000000000, 717.77266116288, 106.35008561889, 4.12500003222, 0.00000000000, -0.00000000018, -0.00000001042
459, 50.00000000000, 728.46729265627, 120.31472676653, 4.12500003222, 0.00000000000, 0.00000000081, 0.00000000662
460, 50.00000000000, 737.04139505235, 104.97862291163, 4.12500003222, 0.00000000000, 0.00000000080, -0.00000000573
461, 50.00000000000, 745.46283885182, 125.12095096821, 4.12500003222, 0.00000000000, 0.00000000228, -0.00000000372
462, 50.00000000000, 755.85887344115, 71.96671353653, 4.12500003222, 0.00000000000, -0.00000000109, -0.00000000255
463, 50.00000000000, 775.09948737496, 107.37644053416, 4.12500003222, 0.00000000000, 0.00000000147, 0.00000000271
464, 50.00000000000, 778.22937399295, 140.08876974243, 4.12500003222, 0.00000000000, -0.00000000119, 0.00000000478
465, 50.00000000000, 796.26252473695, 141.69356777450, 4.12500003222, 0.00000000000, -0.00000000049, 0.00000000139
466, 50.00000000000, 802.67474796834, 53.42322991714, 4.12500003222, 0.00000000000, 0.00000000024, 0.00000000088
467, 50.00000000000, 825.83912263705, 125.80765284840, 4.12500003222, 0.00000000000, -0.00000000057, -0.00000000291
468, 50.00000000000, 828.25506653851, 86.18489655464, 4.12500003222, 0.00000000000, 0.00000000068, 0.00000000422
469, 50.00000000000, 846.34552397026, 72.55394958668, 4.12500003222, 0.00000000000, 0.00000000092, -0.00000000160
470, 50.00000000000, 871.37702550969, 151.50316410663, 4.12500003222, 0.00000000000, -0.00000000030, -0.00000000531
471, 50.00000000000, 883.02615793753, 80.30339911797, 4.12500003222, 0.00000000000, 0.00000000079, -0.00000000208
472, 50.00000000000, 894.34431239479, 117.58637838134, 4.12500003222, 0.00000000000, -0.00000000182, 0.00000000809
473, 50.00000000000, 908.53390003482, 52.11355052185, 4.12500003222, 0.00000000000, -0.00000000253, 0.00000000382
474, 50.00000000000, 917.21275471625, 71.70056640514, 4.12500003222, 0.00000000000, 0.00000000152, -0.00000000577
475, 50.00000000000, 941.42636286078, 105.91660578823, 4.12500003222, 0.00000000000, 0.00000000151, -0.00000000194
476, 50.00000000000, 950.24225826838, 124.22096365815, 4.12500003222, 0.00000000000, -0.00000000234, 0.00000000617
477, 50.00000000000, 960.22245657619, 105.00860665830, 4.12500003222, 0.00000000000, -0.00000000028, -0.00000000440
478, 50.00000000000, 989.95150671467, 126.83844625034, 4.12500003222, 0.00000000000, 0.00000000012, -0.00000000497
479, 50.00000000000, 989.93940900932, 87.22146150998, 4.12500003222, 0.00000000000, 0.00000000004, -0.00000000070
480, 50.00000000000, 10.02000441067, 116.08151224146, 4.12500003222, 0.00000000000, 0.00000000004, -0.00000000481
481, 50.00000000000, 26.32328102683, 162.38234555059, 4.12500003222, 0.00000000000, 0.00000000093, 0.00000001050
482, 50.00000000000, 41.53751795876, 89.07875935605, 4.12500003222, 0.00000000000, 0.00000000248, 0.00000001157
483, 50.00000000000, 59.31405249550, 115.56400588296, 4.12500003222, 0.00000000000, 0.00000000334, 0.00000000457
484, 50.00000000000, 62.60286398143, 147.83583495296, 4.12500003222, 0.00000000000, 0.00000000095, 0.00000000804
485, 50.00000000000, 76.22604186286, 109.57658205874, 4.12500003222, 0.00000000000, 0.00000000406, 0.00000000028
486, 50.00000000000, 87.47509285133, 125.11158810916, 4.12500003222, 0.00000000000, 0.00000000017, -0.00000000755
487, 50.00000000000, 102.23026909490, 139.82241748608, 4.12500003222, 0.00000000000, 0.00000000161, -0.00000000335
488, 50.00000000000, 104.71240947891, 120.30160409246, 4.12500003222, 0.00000000000, -0.00000000210, 0.00000000741
489, 50.00000000000, 131.07846726263, 94.50072230356, 4.12500003222, 0.00000000000, -0.00000000192, -0.00000000849
490, 50.00000000000, 138.77041061000, 114.41440298703, 4.12500003222, 0.00000000000, -0.00000000031, 0.00000001207
491, 50.00000000000, 154.64791370377, 130.75034681700, 4.12500003222, 0.00000000000, -0.00000000069, -0.00000000150
492, 50.00000000000, 168.86724837894, 148.81220922863, 4.12500003222, 0.00000000000, 0.00000000000, -0.00000000730
493, 50.00000000000, 177.02125743296, 73.08605248274, 4.12500003222, 0.00000000000, 0.00000000041, -0.00000000007
494, 50.00000000000, 192.80356572922, 124.90324874465, 4.12500003222, 0.00000000000, 0.00000000037, 0.00000000172
495, 50.00000000000, 213.40790682655, 120.46617217690, 4.12500003222, 0.00000000000, -0.00000000058, 0.00000000262
496, 50.00000000000, 234.54889536513, 54.88087823739, 4.12500003222, 0.00000000000, 0.00000000081, -0.00000000060
497, 50.00000000000, 232.55336800469, 108.38801605792, 4.12500003222, 0.00000000000, -0.00000000215, -0.00000000520
498, 50.00000000000, 241.52688219125, 145.95244331386, 4.12500003222, 0.00000000000, 0.00000000226, -0.00000000412
499, 50.00000000000, 258.31885779650, 154.87066689317, 4.12500003222, 0.00000000000, -0.00000000062, -0.00000000362
500, 50.00000000000, 252.48148197671, 109.94360002172, 4.12500003222, 0.00000000000, 0.00000000348, 0.00000000590
501, 50.00000000000, 282.20676999100, 91.95906413326, 4.12500003222, 0.00000000000, -0.00000000076, 0.00000000034
502, 50.00000000000, 293.62210354532, 72.29986954613, 4.12500003222, 0.00000000000, 0.00000000048, -0.00000000026
503, 50.00000000000, 300.50007721825, 126.85232175432, 4.12500003222, 0.00000000000, 0.00000000044, 0.00000000083
504, 50.00000000000, 311.47544264898, 70.75994498106, 4.12500003222, 0.00000000000, -0.00000000140, -0.00000000045
505, 50.00000000000, 338.51614836145, 124.44420356774, 4.12500003222, 0.00000000000, -0.00000000270, 0.00000000412
506, 50.00000000000, 348.62128196650, 159.14340919532, 4.12500003222, 0.00000000000, -0.00000000013, -0.00000000527
507, 50.00000000000, 337.90817527553, 90.53846227997, 4.12500003222, 0.00000000000, 0.00000000091, -0.00000000118
508, 50.00000000000, 359.79542785261, 124.71801188442, 4.12500003222, 0.00000000000, -0.00000000005, 0.00000000376
509, 50.00000000000, 390.25724938595, 53.30962679612, 4.12500003222, 0.00000000000, 0.00000000099, -0.00000000195
510, 50.00000000000, 375.37671239330, 91.86522983661, 4.12500003222, 0.00000000000, 0.00000000105, -0.00000000980
511, 50.00000000000, 388.09352322368, 145.11367785015, 4.12500003222, 0.00000000000, -0.00000000195, -0.00000000102
512, 50.00000000000, 398.27354710354, 126.30031553089, 4.12500003222, 0.00000000000, 0.00000000059, 0.00000000078
513, 50.00000000000, 425.59359343495, 142.94663206875, 4.12500003222, 0.00000000000, -0.00000000203, 0.00000000243
514, 50.00000000000, 436.61000545179, 66.42182310749, 4.12500003222, 0.00000000000, -0.00000000124, 0.00000000080
515, 50.00000000000, 441.10209829890, 155.58967090500, 4.12500003222, 0.00000000000, 0.00000000030, -0.00000000061
516, 50.00000000000, 441.56613559270, 115.42988443651, 4.12500003222, 0.00000000000, -0.00000000142, 0.00000000700
517, 50.00000000000, 457.67526637774, 126.03322513796, 4.12500003222, 0.00000000000, -0.00000000314, -0.00000000209
518, 50.00000000000, 475.60339517432, 94.14953524283, 4.12500003222, 0.00000000000, -0.00000000119, -0.00000000017
519, 50.00000000000, 477.73493217865, 132.45053055777, 4.12500003222, 0.00000000000, 0.00000000258, -0.00000000707
520, 50.00000000000, 491.53014706712, 147.89986744114, 4.12500003222, 0.00000000000, 0.00000000028, -0.00000000098
521, 50.00000000000, 497.68690642880, 127.35220111276, 4.12500003222, 0.00000000000, -0.00000000202, -0.00000000526
522, 50.00000000000, 522.93506041061, 100.50219990680, 4.12500003222, 0.00000000000, -0.00000000321, -0.00000000289
523, 50.00000000000, 530.50607280766, 138.18334668478, 4.12500003222, 0.00000000000, 0.00000000167, -0.00000000963
524, 50.00000000000, 545.56370385249, 86.93881438035, 4.12500003222, 0.00000000000, 0.00000000214, -0.00000000393
525, 50.00000000000, 556.71845407106, 72.56241457975, 4.12500003222, 0.00000000000, -0.00000000015, -0.00000000201
526, 50.00000000000, 564.02049033282, 115.46363529767, 4.12500003222, 0.00000000000, 0.00000000015, 0.00000001170
527, 50.00000000000, 566.15285675025, 94.00160180562, 4.12500003222, 0.00000000000, -0.00000000189, -0.00000001073
528, 50.00000000000, 600.24466135619, 104.87590880823, 4.12500003222, 0.00000000000, -0.00000000265, 0.00000001375
529, 50.00000000000, 610.47174303054, 139.51591590161, 4.12500003222, 0.00000000000, 0.00000000003, 0.00000000834
530, 50.00000000000, 611.20442143947, 68.63752586890, 4.12500003222, 0.00000000000, -0.00000000109, 0.00000000033
531, 50.00000000000, 633.97513499322, 114.15340027915, 4.12500003222, 0.00000000000, 0.00000000432, 0.00000000695
532, 50.00000000000, 646.52896185845, 129.23133705074, 4.12500003222, 0.00000000000, 0.00000000145, -0.00000000311
533, 50.00000000000, 651.53728756685, 108.14038591914, 4.12500003222, 0.00000000000, 0.00000000334, 0.00000000297
534, 50.00000000000, 669.76067659698, 103.02491563954, 4.12500003222, 0.00000000000, -0.00000000171, 0.00000000031
535, 50.00000000000, 677.16352164148, 137.95382518740, 4.12500003222, 0.00000000000, 0.00000000091, -0.00000000051
536, 50.00000000000, 687.43850531701, 96.82667565796, 4.12500003222, 0.00000000000, 0.00000000123, -0.00000000594
537, 50.00000000000, 706.24999527115, 88.80229717316, 4.12500003222, 0.00000000000, 0.00000000023, 0.00000000395
538, 50.00000000000, 711.82081822606, 126.56862752559, 4.12500003222, 0.00000000000, -0.00000000000, 0.00000000022
539, 50.00000000000, 728.41094093532, 139.62598002278, 4.12500003222, 0.00000000000, 0.00000000031, -0.00000000988
540, 50.00000000000, 729.65268177884, 157.24380014317, 4.12500003222, 0.00000000000, -0.00000000087, 0.00000000528
541, 50.00000000000, 746.20969918357, 88.35900997093, 4.12500003222, 0.00000000000, -0.00000000046, 0.00000000011
542, 50.00000000000, 764.18097375678, 127.26755338895, 4.12500003222, 0.00000000000, -0.00000000065, 0.00000000470
543, 50.00000000000, 785.11854284398, 88.15187919115, 4.12500003222, 0.00000000000, 0.00000000062, 0.00000000308
544, 50.00000000000, 793.70334815068, 70.89710396299, 4.12500003222, 0.00000000000, 0.00000000013, 0.00000000108
545, 50.00000000000, 802.38756659708, 160.25037135566, 4.12500003222, 0.00000000000, -0.00000000072, 0.00000000123
546, 50.00000000000, 806.36031927671, 124.45428336521, 4.12500003222, 0.00000000000, -0.00000000066, -0.00000000050
547, 50.00000000000, 844.66437931382, 127.02786395154, 4.12500003222, 0.00000000000, 0.00000000082, -0.00000000219
548, 50.00000000000, 836.90439446220, 106.09239015480, 4.12500003222, 0.00000000000, 0.00000000018, 0.00000000409
549, 50.00000000000, 856.26647892109, 110.56889305578, 4.12500003222, 0.00000000000, 0.00000000041, 0.00000000259
550, 50.00000000000, 859.45833275169, 166.23028817696, 4.12500003222, 0.00000000000, 0.00000000048, 0.00000000367
551, 50.00000000000, 882.51830619875, 133.53471483838, 4.12500003222, 0.00000000000, 0.00000000219, 0.00000000317
552, 50.00000000000, 903.71561703125, 84.33835510466, 4.12500003222, 0.00000000000, 0.00000000142, 0.00000001168
553, 50.00000000000, 920.32069535458, 141.99188302880, 4.12500003222, 0.00000000000, 0.00000000082, 0.00000000388
554, 50.00000000000, 928.75270025357, 161.72295987282, 4.12500003222, 0.00000000000, -0.00000000022, -0.00000000055
555, 50.00000000000, 927.33519575332, 52.81577743927, 4.12500003222, 0.00000000000, -0.00000000264, 0.00000000462
556, 50.00000000000, 947.59502427463, 88.01407930554, 4.12500003222, 0.00000000000, -0.00000000131, -0.00000000079
557, 50.00000000000, 969.35195196878, 87.34295330334, 4.12500003222, 0.00000000000, -0.00000000150, 0.00000000028
558, 50.00000000000, 975.49087798589, 139.39529798247, 4.12500003222, 0.00000000000, -0.00000000021, -0.00000000474
559, 50.00000000000, 989.87273864230, 149.55615104541, 4.12500003222, 0.00000000000, -0.00000000079, 0.00000000241
560, 50.00000000000, 9.99872246652, 134.19862247327, 4.12500003222, 0.00000000000, -0.00000000003, 0.00000000089
561, 50.00000000000, 28.62699219581, 143.96688133398, 4.12500003222, 0.00000000000, 0.00000000122, -0.00000000647
562, 50.00000000000, 41.74621725157, 176.21463044824, 4.12500003222, 0.00000000000, -0.00000000128, 0.00000000041
563, 50.00000000000, 44.76825019199, 155.53623705465, 4.12500003222, 0.00000000000, 0.00000000109, -0.00000000332
564, 50.00000000000, 60.19530604372, 169.50340127218, 4.12500003222, 0.00000000000, -0.00000000043, -0.00000000139
565, 50.00000000000, 78.37424518731, 163.08848800561, 4.12500003222, 0.00000000000, 0.00000000046, -0.00000000190
566, 50.00000000000, 83.78166604170, 143.43390602854, 4.12500003222, 0.00000000000, -0.00000000282, 0.00000000906
567, 50.00000000000, 115.30430476425, 168.77988935514, 4.12500003222, 0.00000000000, 0.00000000094, 0.00000000139
568, 50.00000000000, 118.73742108141, 109.29311271593, 4.12500003222, 0.00000000000, 0.00000000168, -0.00000000715
569, 50.00000000000, 133.95717882303, 160.23470246068, 4.12500003222, 0.00000000000, 0.00000000189, -0.00000000458
570, 50.00000000000, 136.59603520467, 137.20736253206, 4.12500003222, 0.00000000000, -0.00000000094, 0.00000000428
571, 50.00000000000, 150.25749954233, 149.97344957424, 4.12500003222, 0.00000000000, -0.00000000059, 0.00000000258
572, 50.00000000000, 161.50923194042, 165.93366969103, 4.12500003222, 0.00000000000, -0.00000000142, 0.00000000498
573, 50.00000000000, 181.50564270360, 166.33365955046, 4.12500003222, 0.00000000000, 0.00000000018, -0.00000000115
574, 50.00000000000, 178.77218264065, 108.03459136967, 4.12500003222, 0.00000000000, 0.00000000025, 0.00000000105
575, 50.00000000000, 206.60224723303, 141.30316760173, 4.12500003222, 0.00000000000, 0.00000000033, -0.00000000042
576, 50.00000000000, 201.35598471442, 159.95301953893, 4.12500003222, 0.00000000000, 0.00000000066, 0.00000000167
577, 50.00000000000, 222.34840068962, 156.27967356203, 4.12500003222, 0.00000000000, -0.00000000049, -0.00000000203
578, 50.00000000000, 241.13342405480, 124.83454327237, 4.12500003222, 0.00000000000, 0.00000000013, 0.00000000810
579, 50.00000000000, 259.46011399454, 131.57576069397, 4.12500003222, 0.00000000000, -0.00000000219, 0.00000000401
580, 50.00000000000, 273.51247687587, 144.20030623852, 4.12500003222, 0.00000000000, -0.00000000211, 0.00000000172
581, 50.00000000000, 281.31125540945, 127.64465611564, 4.12500003222, 0.00000000000, -0.00000000075, -0.00000000004
582, 50.00000000000, 287.58268401441, 54.72430192418, 4.12500003222, 0.00000000000, -0.00000000099, -0.00000000476
583, 50.00000000000, 291.63954652117, 146.69022034547, 4.12500003222, 0.00000000000, 0.00000000067, 0.00000000651
584, 50.00000000000, 311.33028948199, 145.61057406657, 4.12500003222, 0.00000000000, -0.00000000007, -0.00000000069
585, 50.00000000000, 331.11313058716, 144.16118400522, 4.12500003222, 0.00000000000, 0.00000000031, 0.00000000455
586, 50.00000000000, 349.05920062365, 139.95331280314, 4.12500003222, 0.00000000000, 0.00000000217, 0.00000000361
587, 50.00000000000, 348.29357585638, 109.16800072623, 4.12500003222, 0.00000000000, 0.00000000066, -0.00000000821
588, 50.00000000000, 356.55200866449, 91.56527691274, 4.12500003222, 0.00000000000, -0.00000000083, -0.00000000359
589, 50.00000000000, 367.09998484748, 145.47546724375, 4.12500003222, 0.00000000000, -0.00000000204, 0.00000000065
590, 50.00000000000, 378.38499248934, 127.22166824742, 4.12500003222, 0.00000000000, -0.00000000006, -0.00000000373
591, 50.00000000000, 400.85366859583, 72.55145766121, 4.12500003222, 0.00000000000, 0.00000000155, -0.00000000434
592, 50.00000000000, 399.74247217343, 160.86488770589, 4.12500003222, 0.00000000000, -0.00000000062, 0.00000000200
593, 50.00000000000, 419.49337511064, 160.05010187935, 4.12500003222, 0.00000000000, 0.00000000071, 0.00000000432
594, 50.00000000000, 423.02879587481, 103.78516319320, 4.12500003222, 0.00000000000, -0.00000000261, 0.00000000485
595, 50.00000000000, 441.18271852614, 135.31351105510, 4.12500003222, 0.00000000000, 0.00000000180, -0.00000000568
596, 50.00000000000, 454.74128729860, 63.25695451235, 4.12500003222, 0.00000000000, -0.00000000183, 0.00000000227
597, 50.00000000000, 461.70219461872, 45.87450559933, 4.12500003222, 0.00000000000, 0.00000000267, 0.00000000789
598, 50.00000000000, 472.72921049827, 60.22416843886, 4.12500003222, 0.00000000000, -0.00000000285, -0.00000000140
599, 50.00000000000, 486.76321130595, 110.66061540200, 4.12500003222, 0.00000000000, 0.00000000136, 0.00000000583
600, 50.00000000000, 493.35027576100, 90.04137140281, 4.12500003222, 0.00000000000, -0.00000000038, 0.00000000035
601, 50.00000000000, 516.26909178454, 121.95432811924, 4.12500003222, 0.00000000000, -0.00000000067, 0.00000000018
602, 50.00000000000, 511.14497888499, 140.65258977136, 4.12500003222, 0.00000000000, 0.00000000050, 0.00000000325
603, 50.00000000000, 528.28374576097, 82.41248682953, 4.12500003222, 0.00000000000, -0.00000000031, 0.00000000006
604, 50.00000000000, 547.85831714353, 126.04277247383, 4.12500003222, 0.00000000000, 0.00000000077, -0.00000000065
605, 50.00000000000, 561.15258230689, 139.52525695125, 4.12500003222, 0.00000000000, -0.00000000181, -0.00000000910
606, 50.00000000000, 574.84567154531, 73.10106389082, 4.12500003222, 0.00000000000, 0.00000000005, 0.00000000262
607, 50.00000000000, 578.19512746757, 130.76721681473, 4.12500003222, 0.00000000000, -0.00000000320, -0.00000000849
608, 50.00000000000, 592.28394298368, 142.67667036970, 4.12500003222, 0.00000000000, -0.00000000008, 0.00000000832
609, 50.00000000000, 596.19170501383, 124.83055449602, 4.12500003222, 0.00000000000, -0.00000000173, -0.00000000525
610, 50.00000000000, 619.06171937513, 104.59729214042, 4.12500003222, 0.00000000000, -0.00000000157, -0.00000001660
611, 50.00000000000, 628.47073094818, 133.23975219591, 4.12500003222, 0.00000000000, 0.00000000234, 0.00000000297
612, 50.00000000000, 640.54503823837, 147.79471469117, 4.12500003222, 0.00000000000, -0.00000000120, 0.00000000466
613, 50.00000000000, 659.21540463422, 144.51283477472, 4.12500003222, 0.00000000000, -0.00000000165, -0.00000000235
614, 50.00000000000, 656.86005318921, 87.98910005335, 4.12500003222, 0.00000000000, -0.00000000074, 0.00000000039
615, 50.00000000000, 672.76639605643, 157.62879228699, 4.12500003222, 0.00000000000, 0.00000000062, 0.00000000359
616, 50.00000000000, 682.56168055346, 117.42542719476, 4.12500003222, 0.00000000000, -0.00000000306, -0.00000000015
617, 50.00000000000, 691.63719600098, 153.23939866670, 4.12500003222, 0.00000000000, 0.00000000192, -0.00000000286
618, 50.00000000000, 710.46507972726, 146.20881306360, 4.12500003222, 0.00000000000, -0.00000000042, 0.00000000250
619, 50.00000000000, 746.84865557777, 143.00932262602, 4.12500003222, 0.00000000000, 0.00000000176, -0.00000000228
620, 50.00000000000, 748.50060544528, 162.14794042014, 4.12500003222, 0.00000000000, 0.00000000053, 0.00000000355
621, 50.00000000000, 763.57954276916, 149.84032810567, 4.12500003222, 0.00000000000, 0.00000000142, 0.00000000292
622, 50.00000000000, 755.82793333601, 108.18929821890, 4.12500003222, 0.00000000000, 0.00000000023, -0.00000000113
623, 50.00000000000, 765.72259667754, 89.92784183530, 4.12500003222, 0.00000000000, -0.00000000049, -0.00000000083
624, 50.00000000000, 782.72504632383, 159.56812761750, 4.12500003222, 0.00000000000, 0.00000000010, -0.00000000259
625, 50.00000000000, 796.32479228535, 105.92350592852, 4.12500003222, 0.00000000000, 0.00000000002, 0.00000000029
626, 50.00000000000, 814.71416611902, 143.49294728593, 4.12500003222, 0.00000000000, -0.00000000006, -0.00000000169
627, 50.00000000000, 833.26727735889, 145.32274753638, 4.12500003222, 0.00000000000, 0.00000000090, -0.00000000110
628, 50.00000000000, 840.69820789690, 163.98003531997, 4.12500003222, 0.00000000000, -0.00000000138, 0.00000000014
629, 50.00000000000, 851.96954553685, 147.23408259091, 4.12500003222, 0.00000000000, 0.00000000153, 0.00000000245
630, 50.00000000000, 879.36444650794, 169.91137364370, 4.12500003222, 0.00000000000, -0.00000000077, 0.00000000203
631, 50.00000000000, 888.27940746668, 99.01411268506, 4.12500003222, 0.00000000000, -0.00000000036, 0.00000000060
632, 50.00000000000, 890.06808188231, 154.15067461445, 4.12500003222, 0.00000000000, 0.00000000148, -0.00000000243
633, 50.00000000000, 908.59480038706, 159.98892355053, 4.12500003222, 0.00000000000, 0.00000000025, -0.00000000541
634, 50.00000000000, 923.94222369381, 106.69836076757, 4.12500003222, 0.00000000000, -0.00000000010, 0.00000001718
635, 50.00000000000, 931.89574582703, 125.73018709844, 4.12500003222, 0.00000000000, -0.00000000106, -0.00000000123
636, 50.00000000000, 950.16268156944, 161.23239743857, 4.12500003222, 0.00000000000, 0.00000000168, 0.00000000343
637, 50.00000000000, 957.94974349674, 141.29587508136, 4.12500003222, 0.00000000000, 0.00000000004, -0.00000000432
638, 50.00000000000, 969.13307260244, 121.24748659688, 4.12500003222, 0.00000000000, 0.00000000139, 0.00000001201
639, 50.00000000000, 970.65412215703, 158.22014247497, 4.12500003222, 0.00000000000, -0.00000000021, 0.00000000130
