0, 50.00000000000, 10.26160077440, 17.39426201071, 4.12500003222, 0.00000000000, 0.00000000539, -0.00000000516
1, 50.00000000000, 15.41266780050, 34.40771920771, 4.12500003222, 0.00000000000, 0.00000000055, 0.00000000158
2, 50.00000000000, 37.64625380798, 16.61011373863, 4.12500003222, 0.00000000000, 0.00000000144, 0.00000000722
3, 50.00000000000, 55.05232656233, 2.74631056881, 4.12500003222, 0.00000000000, 0.00000000639, 0.00000002098
4, 50.00000000000, 69.50182240247, 2.95491219521, 4.12500003222, 0.00000000000, 0.00000000152, 0.00000001115
5, 50.00000000000, 88.01921452975, 34.61500243993, 4.12500003222, 0.00000000000, 0.00000000131, 0.00000000944
6, 50.00000000000, 100.55976535661, 2.22224806902, 4.12500003222, 0.00000000000, -0.00000000011, 0.00000000765
7, 50.00000000000, 115.83119488841, 3.65712358241, 4.12500003222, 0.00000000000, 0.00000000045, -0.00000000773
8, 50.00000000000, 130.17528293922, 3.78930723203, 4.12500003222, 0.00000000000, -0.00000000048, -0.00000000374
9, 50.00000000000, 150.06913771339, 17.12612026864, 4.12500003222, 0.00000000000, 0.00000000156, 0.00000000422
10, 50.00000000000, 160.46119078369, 3.20124387879, 4.12500003222, 0.00000000000, 0.00000000180, 0.00000000866
11, 50.00000000000, 157.82060689861, 34.89365764798, 4.12500003222, 0.00000000000, 0.00000000022, 0.00000000632
12, 50.00000000000, 204.87885615700, 3.12123589591, 4.12500003222, 0.00000000000, -0.00000000003, 0.00000000158
13, 50.00000000000, 223.12504609757, 16.45289596082, 4.12500003222, 0.00000000000, 0.00000000309, 0.00000001502
14, 50.00000000000, 234.74954415240, 4.58104187401, 4.12500003222, 0.00000000000, 0.00000000456, -0.00000001463
15, 50.00000000000, 249.76214078719, 4.04120070236, 4.12500003222, 0.00000000000, 0.00000000222, -0.00000000743
16, 50.00000000000, 208.22667173402, -30000000.00000000000, 0.00000000000, 0.00000000000, 0.00000115154, 0.66000001198
17, 50.00000000000, 213.76424265825, -30000000.00000000000, 0.00000000000, 0.00000000000, 0.00000049963, 0.66000001198
18, 50.00000000000, 229.94224378330, -30000000.00000000000, 0.00000000000, 0.00000000000, 0.00000015379, 0.66000001198
19, 50.00000000000, 244.13286548676, -30000000.00000000000, 0.00000000000, 0.00000000000, -0.00000014619, 0.66000001198
20, 50.00000000000, 253.96796257493, -30000000.00000000000, 0.00000000000, 0.00000000000, -0.00000066756, 0.66000001198
21, 50.00000000000, 264.79881561854, -30000000.00000000000, 0.00000000000, 0.00000000000, -0.00000005951, 0.66000001198
22, 50.00000000000, 280.63535351577, -30000000.00000000000, 0.00000000000, 0.00000000000, 0.00000016067, 0.66000001198
23, 50.00000000000, 294.70160323369, -30000000.00000000000, 0.00000000000, 0.00000000000, 0.00000011490, 0.66000001198
24, 50.00000000000, 307.60294978990, -30000000.00000000000, 0.00000000000, 0.00000000000, -0.00000007892, 0.66000001198
25, 50.00000000000, 342.68423035693, 4.18739534062, 4.12500003222, 0.00000000000, 0.00000000041, 0.00000000034
26, 50.00000000000, 326.68704206073, -30000000.00000000000, 0.00000000000, 0.00000000000, -0.00000005264, 0.66000001198
27, 50.00000000000, 339.94151297158, -30000000.00000000000, 0.00000000000, 0.00000000000, -0.00000014168, 0.66000001198
28, 50.00000000000, 354.06282115022, -30000000.00000000000, 0.00000000000, 0.00000000000, 0.00000098921, 0.66000001198
29, 50.00000000000, 365.55035494571, -30000000.00000000000, 0.00000000000, 0.00000000000, 0.00000040642, 0.66000001198
30, 50.00000000000, 376.87332328468, -30000000.00000000000, 0.00000000000, 0.00000000000, -0.00000101942, 0.66000001198
31, 50.00000000000, 388.71777236206, -30000000.00000000000, 0.00000000000, 0.00000000000, -0.00000044471, 0.66000001198
32, 50.00000000000, 402.99085056884, -30000000.00000000000, 0.00000000000, 0.00000000000, 0.00000077614, 0.66000001198
33, 50.00000000000, 414.83214489825, -30000000.00000000000, 0.00000000000, 0.00000000000, 0.00000039648, 0.66000001198
34, 50.00000000000, 426.04141033366, -30000000.00000000000, 0.00000000000, 0.00000000000, 0.00000005786, 0.66000001198
35, 50.00000000000, 437.83710673625, -30000000.00000000000, 0.00000000000, 0.00000000000, -0.00000027553, 0.66000001198
36, 50.00000000000, 450.99594423687, -30000000.00000000000, 0.00000000000, 0.00000000000, 0.00000047505, 0.66000001198
37, 50.00000000000, 463.37733766994, -30000000.00000000000, 0.00000000000, 0.00000000000, 0.00000100725, 0.66000001198
38, 50.00000000000, 475.67371066930, -30000000.00000000000, 0.00000000000, 0.00000000000, 0.00000042633, 0.66000001198
39, 50.00000000000, 486.90878113248, -30000000.00000000000, 0.00000000000, 0.00000000000, -0.00000028420, 0.66000001198
40, 50.00000000000, 499.79379532237, -30000000.00000000000, 0.00000000000, 0.00000000000, -0.00000084553, 0.66000001198
41, 50.00000000000, 511.55568440894, -30000000.00000000000, 0.00000000000, 0.00000000000, -0.00000087892, 0.66000001198
42, 50.00000000000, 523.33515310431, -30000000.00000000000, 0.00000000000, 0.00000000000, -0.00000093565, 0.66000001198
43, 50.00000000000, 535.28943235250, -30000000.00000000000, 0.00000000000, 0.00000000000, -0.00000047899, 0.66000001198
44, 50.00000000000, 550.12278541250, -30000000.00000000000, 0.00000000000, 0.00000000000, 0.00000057207, 0.66000001198
45, 50.00000000000, 560.31848826199, 16.47793833835, 4.12500003222, 0.00000000000, -0.00000000043, -0.00000000086
46, 50.00000000000, 568.04938664987, 3.69434518727, 4.12500003222, 0.00000000000, -0.00000000036, 0.00000000830
47, 50.00000000000, 586.28339126059, -30000000.00000000000, 0.00000000000, 0.00000000000, 0.00000044714, 0.66000001198
48, 50.00000000000, 597.74581124727, -30000000.00000000000, 0.00000000000, 0.00000000000, -0.00000038109, 0.66000001198
49, 50.00000000000, 608.48360297781, -30000000.00000000000, 0.00000000000, 0.00000000000, -0.00000012533, 0.66000001198
50, 50.00000000000, 624.73614211956, -30000000.00000000000, 0.00000000000, 0.00000000000, 0.00000063119, 0.66000001198
51, 50.00000000000, 635.82581923760, -30000000.00000000000, 0.00000000000, 0.00000000000, 0.00000012379, 0.66000001198
52, 50.00000000000, 626.15607578524, 15.86937516421, 4.12500003222, 0.00000000000, -0.00000000768, 0.00000002654
53, 50.00000000000, 643.30301933782, 53.26906128752, 4.12500003222, 0.00000000000, 0.00000000235, -0.00000000307
54, 50.00000000000, 669.59336286181, -30000000.00000000000, 0.00000000000, 0.00000000000, -0.00000035752, 0.66000001198
55, 50.00000000000, 681.16847803971, -30000000.00000000000, 0.00000000000, 0.00000000000, -0.00000029181, 0.66000001198
56, 50.00000000000, 675.23741169521, 17.48499542645, 4.12500003222, 0.00000000000, 0.00000000206, -0.00000001175
57, 50.00000000000, 708.72372100008, -30000000.00000000000, 0.00000000000, 0.00000000000, -0.00000007479, 0.66000001198
58, 50.00000000000, 723.17185629108, -30000000.00000000000, 0.00000000000, 0.00000000000, 0.00000020975, 0.66000001198
59, 50.00000000000, 698.21325831281, 4.19789207067, 4.12500003222, 0.00000000000, 0.00000000035, -0.00000000015
60, 50.00000000000, 742.96208129179, -30000000.00000000000, 0.00000000000, 0.00000000000, -0.00000077548, 0.66000001198
61, 50.00000000000, 759.35408853091, -30000000.00000000000, 0.00000000000, 0.00000000000, 0.00000044091, 0.66000001198
62, 50.00000000000, 738.35120490300, 16.14989970795, 4.12500003222, 0.00000000000, -0.00000000209, 0.00000001852
63, 50.00000000000, 780.12593893422, -30000000.00000000000, 0.00000000000, 0.00000000000, 0.00000010643, 0.66000001198
64, 50.00000000000, 794.14408114276, -30000000.00000000000, 0.00000000000, 0.00000000000, -0.00000070843, 0.66000001198
65, 50.00000000000, 757.64949662955, 3.82178470401, 4.12500003222, 0.00000000000, 0.00000000005, -0.00000000506
66, 50.00000000000, 772.31092061207, 4.81892119257, 4.12500003222, 0.00000000000, 0.00000000025, -0.00000001515
67, 50.00000000000, 786.80037223448, 3.54889455618, 4.12500003222, 0.00000000000, -0.00000000170, 0.00000000659
68, 50.00000000000, 816.08897537399, 4.01373444720, 4.12500003222, 0.00000000000, -0.00000000206, -0.00000000299
69, 50.00000000000, 830.63155697811, 3.58527488701, 4.12500003222, 0.00000000000, -0.00000000399, -0.00000000494
70, 50.00000000000, 857.86500415907, 55.39310092298, 4.12500003222, 0.00000000000, -0.00000000165, 0.00000000356
71, 50.00000000000, 858.79135793726, 3.09904296395, 4.12500003222, 0.00000000000, 0.00000000016, 0.00000000202
72, 50.00000000000, 870.47236380295, 17.07997960426, 4.12500003222, 0.00000000000, -0.00000000211, 0.00000001226
73, 50.00000000000, 885.14029846563, 5.13140496575, 4.12500003222, 0.00000000000, -0.00000000024, -0.00000000999
74, 50.00000000000, 900.14860504967, 17.12801749693, 4.12500003222, 0.00000000000, 0.00000000155, -0.00000000603
75, 50.00000000000, 920.46477367016, 5.29544237055, 4.12500003222, 0.00000000000, 0.00000000105, -0.00000000725
76, 50.00000000000, 932.88510180388, 3.05218772970, 4.12500003222, 0.00000000000, 0.00000000101, 0.00000000106
77, 50.00000000000, 960.62783645867, 3.60377297804, 4.12500003222, 0.00000000000, 0.00000000260, -0.00000001296
78, 50.00000000000, 964.07893079270, 17.41439681839, 4.12500003222, 0.00000000000, -0.00000000059, -0.00000000591
79, 50.00000000000, 989.50131613146, 3.53273917714, 4.12500003222, 0.00000000000, -0.00000000427, -0.00000000266
80, 50.00000000000, 10.24685342025, 3.35257604232, 4.12500003222, 0.00000000000, 0.00000000385, 0.00000000040
81, 50.00000000000, 25.01178059339, 3.85546995227, 4.12500003222, 0.00000000000, 0.00000000218, -0.00000001793
82, 50.00000000000, 39.93368522429, 2.78307737187, 4.12500003222, 0.00000000000, -0.00000000028, -0.00000000562
83, 50.00000000000, 52.17889053175, 34.69487178702, 4.12500003222, 0.00000000000, -0.00000000169, -0.00000000122
84, 50.00000000000, 61.87378911833, 17.62397647546, 4.12500003222, 0.00000000000, -0.00000000483, -0.00000002442
85, 50.00000000000, 73.96100772152, 16.86984466340, 4.12500003222, 0.00000000000, -0.00000000398, -0.00000002687
86, 50.00000000000, 97.71025232783, 16.39122736466, 4.12500003222, 0.00000000000, -0.00000000038, -0.00000000319
87, 50.00000000000, 109.68977412630, 16.79078658378, 4.12500003222, 0.00000000000, 0.00000000275, -0.00000000205
88, 50.00000000000, 121.96598064855, 17.74960900995, 4.12500003222, 0.00000000000, 0.00000000048, -0.00000000053
89, 50.00000000000, 145.35099024194, 3.68732814326, 4.12500003222, 0.00000000000, 0.00000000278, -0.00000001325
90, 50.00000000000, 175.20743159062, 3.33260089201, 4.12500003222, 0.00000000000, -0.00000000071, 0.00000001297
91, 50.00000000000, 194.05081617145, 16.75412458667, 4.12500003222, 0.00000000000, 0.00000000059, 0.00000001826
92, 50.00000000000, 175.05530664530, 36.30628176513, 4.12500003222, 0.00000000000, -0.00000000033, 0.00000000027
93, 50.00000000000, 219.78647785084, 3.64127066102, 4.12500003222, 0.00000000000, -0.00000000021, -0.00000001298
94, 50.00000000000, 209.70714000854, 33.67575598340, 4.12500003222, 0.00000000000, 0.00000000307, 0.00000000197
95, 50.00000000000, 238.44343644783, 17.50622555148, 4.12500003222, 0.00000000000, 0.00000000095, -0.00000000962
96, 50.00000000000, 202.57338299038, -30000000.00000000000, 0.00000000000, 0.00000000000, 0.00000076275, 0.66000001198
97, 50.00000000000, 222.79919618003, -30000000.00000000000, 0.00000000000, 0.00000000000, 0.00000051856, 0.66000001198
98, 50.00000000000, 232.29331374866, -30000000.00000000000, 0.00000000000, 0.00000000000, 0.00000014132, 0.66000001198
99, 50.00000000000, 284.84107555447, 17.19991737255, 4.12500003222, 0.00000000000, 0.00000000212, -0.00000000387
100, 50.00000000000, 255.36277568580, -30000000.00000000000, 0.00000000000, 0.00000000000, -0.00000000119, 0.66000001198
101, 50.00000000000, 268.01820305228, -30000000.00000000000, 0.00000000000, 0.00000000000, 0.00000017156, 0.66000001198
102, 50.00000000000, 279.54431787454, -30000000.00000000000, 0.00000000000, 0.00000000000, -0.00000012189, 0.66000001198
103, 50.00000000000, 287.21717044596, -30000000.00000000000, 0.00000000000, 0.00000000000, -0.00000049127, 0.66000001198
104, 50.00000000000, 326.21467835321, 3.64277956511, 4.12500003222, 0.00000000000, 0.00000000381, 0.00000000309
105, 50.00000000000, 316.98498441959, -30000000.00000000000, 0.00000000000, 0.00000000000, 0.00000037156, 0.66000001198
106, 50.00000000000, 328.60562503386, -30000000.00000000000, 0.00000000000, 0.00000000000, 0.00000022329, 0.66000001198
107, 50.00000000000, 340.49179333036, -30000000.00000000000, 0.00000000000, 0.00000000000, -0.00000021861, 0.66000001198
108, 50.00000000000, 353.17113961610, -30000000.00000000000, 0.00000000000, 0.00000000000, 0.00000066808, 0.66000001198
109, 50.00000000000, 386.39969076498, 16.48484365589, 4.12500003222, 0.00000000000, -0.00000000189, 0.00000002853
110, 50.00000000000, 375.71693185738, -30000000.00000000000, 0.00000000000, 0.00000000000, -0.00000084570, 0.66000001198
111, 50.00000000000, 391.30410018324, -30000000.00000000000, 0.00000000000, 0.00000000000, 0.00000051196, 0.66000001198
112, 50.00000000000, 403.00882992711, -30000000.00000000000, 0.00000000000, 0.00000000000, 0.00000077365, 0.66000001198
113, 50.00000000000, 414.26956395077, -30000000.00000000000, 0.00000000000, 0.00000000000, 0.00000048845, 0.66000001198
114, 50.00000000000, 426.35895140178, -30000000.00000000000, 0.00000000000, 0.00000000000, 0.00000045446, 0.66000001198
115, 50.00000000000, 438.44262294446, -30000000.00000000000, 0.00000000000, 0.00000000000, -0.00000038823, 0.66000001198
116, 50.00000000000, 464.57108472423, 17.45791102598, 4.12500003222, 0.00000000000, 0.00000000678, -0.00000002880
117, 50.00000000000, 459.94167153366, -30000000.00000000000, 0.00000000000, 0.00000000000, -0.00000005460, 0.66000001198
118, 50.00000000000, 472.81325649713, -30000000.00000000000, 0.00000000000, 0.00000000000, -0.00000079077, 0.66000001198
119, 50.00000000000, 490.26450346520, -30000000.00000000000, 0.00000000000, 0.00000000000, 0.00000033916, 0.66000001198
120, 50.00000000000, 502.10377594791, -30000000.00000000000, 0.00000000000, 0.00000000000, 0.00000005694, 0.66000001198
121, 50.00000000000, 513.68825014400, -30000000.00000000000, 0.00000000000, 0.00000000000, 0.00000052916, 0.66000001198
122, 50.00000000000, 516.26046140752, 10.24892029385, 4.12500003222, 0.00000000000, -0.00000000047, 0.00000000212
123, 50.00000000000, 537.80393209933, -30000000.00000000000, 0.00000000000, 0.00000000000, 0.00000000747, 0.66000001198
124, 50.00000000000, 549.63186092820, -30000000.00000000000, 0.00000000000, 0.00000000000, 0.00000065370, 0.66000001198
125, 50.00000000000, 563.75545288424, -30000000.00000000000, 0.00000000000, 0.00000000000, 0.00000056012, 0.66000001198
126, 50.00000000000, 573.03290200298, -30000000.00000000000, 0.00000000000, 0.00000000000, -0.00000027657, 0.66000001198
127, 50.00000000000, 585.50473027267, -30000000.00000000000, 0.00000000000, 0.00000000000, -0.00000033269, 0.66000001198
128, 50.00000000000, 599.75141877230, -30000000.00000000000, 0.00000000000, 0.00000000000, 0.00000019743, 0.66000001198
129, 50.00000000000, 610.99472710897, -30000000.00000000000, 0.00000000000, 0.00000000000, 0.00000026081, 0.66000001198
130, 50.00000000000, 622.61268288177, -30000000.00000000000, 0.00000000000, 0.00000000000, 0.00000058286, 0.66000001198
131, 50.00000000000, 634.90067491307, -30000000.00000000000, 0.00000000000, 0.00000000000, -0.00000018296, 0.66000001198
132, 50.00000000000, 646.63026146695, -30000000.00000000000, 0.00000000000, 0.00000000000, -0.00000070736, 0.66000001198
133, 50.00000000000, 658.68726744672, -30000000.00000000000, 0.00000000000, 0.00000000000, -0.00000016096, 0.66000001198
134, 50.00000000000, 659.88583000080, 68.57661690881, 4.12500003222, 0.00000000000, 0.00000000366, -0.00000000939
135, 50.00000000000, 682.51015144925, -30000000.00000000000, 0.00000000000, 0.00000000000, 0.00000002062, 0.66000001198
136, 50.00000000000, 695.76920200740, -30000000.00000000000, 0.00000000000, 0.00000000000, 0.00000024950, 0.66000001198
137, 50.00000000000, 705.99403140370, -30000000.00000000000, 0.00000000000, 0.00000000000, -0.00000017018, 0.66000001198
138, 50.00000000000, 721.66005879673, -30000000.00000000000, 0.00000000000, 0.00000000000, 0.00000037606, 0.66000001198
139, 50.00000000000, 728.79348960275, 52.22683723172, 4.12500003222, 0.00000000000, -0.00000000026, 0.00000000188
140, 50.00000000000, 744.08043469145, -30000000.00000000000, 0.00000000000, 0.00000000000, -0.00000045231, 0.66000001198
141, 50.00000000000, 713.15385202925, 3.24390128531, 4.12500003222, 0.00000000000, -0.00000000253, 0.00000001093
142, 50.00000000000, 727.70699938079, 2.93269542954, 4.12500003222, 0.00000000000, -0.00000000251, -0.00000000182
143, 50.00000000000, 782.19483095101, -30000000.00000000000, 0.00000000000, 0.00000000000, -0.00000012319, 0.66000001198
144, 50.00000000000, 795.14437985823, -30000000.00000000000, 0.00000000000, 0.00000000000, -0.00000079004, 0.66000001198
145, 50.00000000000, 793.32239433125, 35.70969899715, 4.12500003222, 0.00000000000, 0.00000000245, -0.00000000170
146, 50.00000000000, 783.21162753517, 18.32081167772, 4.12500003222, 0.00000000000, -0.00000000013, -0.00000001801
147, 50.00000000000, 830.89948167502, 35.78139158387, 4.12500003222, 0.00000000000, 0.00000000306, 0.00000000160
148, 50.00000000000, 839.55391275764, 53.37873888202, 4.12500003222, 0.00000000000, -0.00000000073, 0.00000000209
149, 50.00000000000, 826.72059429728, 16.94355286828, 4.12500003222, 0.00000000000, -0.00000000108, 0.00000000255
150, 50.00000000000, 841.42150117177, 17.35831574774, 4.12500003222, 0.00000000000, -0.00000000197, 0.00000000772
151, 50.00000000000, 856.10743012705, 17.00588504130, 4.12500003222, 0.00000000000, -0.00000000359, 0.00000001092
152, 50.00000000000, 888.78611449359, 48.53878694491, 4.12500003222, 0.00000000000, 0.00000000008, -0.00000000161
153, 50.00000000000, 898.25503289647, 33.81319346332, 4.12500003222, 0.00000000000, 0.00000000030, 0.00000000715
154, 50.00000000000, 896.74284324903, 2.88232745407, 4.12500003222, 0.00000000000, 0.00000000113, 0.00000000204
155, 50.00000000000, 928.02339718997, 17.32215884657, 4.12500003222, 0.00000000000, -0.00000000294, 0.00000000239
156, 50.00000000000, 940.57529507840, 16.10430881558, 4.12500003222, 0.00000000000, -0.00000000268, 0.00000000750
157, 50.00000000000, 952.01391839209, 16.86619528056, 4.12500003222, 0.00000000000, -0.00000000483, 0.00000000569
158, 50.00000000000, 974.93967573127, 3.42131166105, 4.12500003222, 0.00000000000, -0.00000000090, -0.00000001569
159, 50.00000000000, 989.76035284657, 16.55369762055, 4.12500003222, 0.00000000000, -0.00000000539, 0.00000000762
160, 50.00000000000, 10.30511867790, 51.81156272895, 4.12500003222, 0.00000000000, 0.00000000217, -0.00000000590
161, 50.00000000000, 23.86242033563, 16.59618125537, 4.12500003222, 0.00000000000, -0.00000000202, 0.00000001793
162, 50.00000000000, 34.31283998373, 32.70567370909, 4.12500003222, 0.00000000000, -0.00000000243, 0.00000000996
163, 50.00000000000, 44.06942547275, 51.21548268136, 4.12500003222, 0.00000000000, -0.00000000080, 0.00000000359
164, 50.00000000000, 61.16969582328, 53.28328291090, 4.12500003222, 0.00000000000, 0.00000000131, 0.00000000100
165, 50.00000000000, 70.35811244838, 34.20312453981, 4.12500003222, 0.00000000000, 0.00000000011, 0.00000001539
166, 50.00000000000, 85.76604549745, 17.58029108753, 4.12500003222, 0.00000000000, 0.00000000094, -0.00000001912
167, 50.00000000000, 105.31685276201, 68.45588459856, 4.12500003222, 0.00000000000, -0.00000000306, 0.00000001241
168, 50.00000000000, 123.23418414174, 36.24495814265, 4.12500003222, 0.00000000000, -0.00000000007, -0.00000001146
169, 50.00000000000, 135.73194258636, 16.83390636171, 4.12500003222, 0.00000000000, -0.00000000243, 0.00000000572
170, 50.00000000000, 140.62416142109, 35.22233918990, 4.12500003222, 0.00000000000, -0.00000000086, 0.00000000321
171, 50.00000000000, 179.23369337148, 17.79808232783, 4.12500003222, 0.00000000000, 0.00000000079, -0.00000001988
172, 50.00000000000, 189.82264612684, 3.49300669640, 4.12500003222, 0.00000000000, -0.00000000253, -0.00000000639
173, 50.00000000000, 192.76710305651, 35.15413896091, 4.12500003222, 0.00000000000, 0.00000000294, -0.00000001200
174, 50.00000000000, 201.40001895462, 53.50739517122, 4.12500003222, 0.00000000000, -0.00000000087, 0.00000000390
175, 50.00000000000, 217.99982244803, 50.34963784649, 4.12500003222, 0.00000000000, 0.00000000035, -0.00000000737
176, 50.00000000000, 253.89382320352, 17.13557127456, 4.12500003222, 0.00000000000, 0.00000000104, -0.00000000453
177, 50.00000000000, 264.84894995338, 4.40575453800, 4.12500003222, 0.00000000000, 0.00000000315, 0.00000000125
178, 50.00000000000, 279.74364986181, 3.37911626997, 4.12500003222, 0.00000000000, 0.00000000083, 0.00000001366
179, 50.00000000000, 243.14466202411, -30000000.00000000000, 0.00000000000, 0.00000000000, -0.00000041561, 0.66000001198
180, 50.00000000000, 270.81169721983, 109.13735356862, 4.12500003222, 0.00000000000, -0.00000000058, 0.00000000766
181, 50.00000000000, 269.40669222376, -30000000.00000000000, 0.00000000000, 0.00000000000, 0.00000040018, 0.66000001198
182, 50.00000000000, 300.63930885586, 34.55446188152, 4.12500003222, 0.00000000000, 0.00000000242, -0.00000000412
183, 50.00000000000, 288.96575128891, -30000000.00000000000, 0.00000000000, 0.00000000000, -0.00000079869, 0.66000001198
184, 50.00000000000, 301.84392918219, -30000000.00000000000, 0.00000000000, 0.00000000000, -0.00000092892, 0.66000001198
185, 50.00000000000, 350.58770678862, 16.41275735388, 4.12500003222, 0.00000000000, 0.00000000456, 0.00000001333
186, 50.00000000000, 339.56219628407, 38.21048655032, 4.12500003222, 0.00000000000, -0.00000000153, -0.00000000212
187, 50.00000000000, 368.25698349658, 16.99497773024, 4.12500003222, 0.00000000000, -0.00000000202, -0.00000000543
188, 50.00000000000, 354.96528109766, -30000000.00000000000, 0.00000000000, 0.00000000000, 0.00000085333, 0.66000001198
189, 50.00000000000, 395.43540478184, 4.61418238764, 4.12500003222, 0.00000000000, 0.00000000763, -0.00000002705
190, 50.00000000000, 377.91496853261, -30000000.00000000000, 0.00000000000, 0.00000000000, -0.00000117520, 0.66000001198
191, 50.00000000000, 413.36965033544, 3.36116983912, 4.12500003222, 0.00000000000, -0.00000000062, 0.00000001368
192, 50.00000000000, 407.37622193435, 51.67410578400, 4.12500003222, 0.00000000000, 0.00000000039, -0.00000000272
193, 50.00000000000, 428.77981522429, 83.12700195339, 4.12500003222, 0.00000000000, -0.00000000292, -0.00000000782
194, 50.00000000000, 441.67507014543, 14.90561315675, 4.12500003222, 0.00000000000, -0.00000000466, 0.00000000458
195, 50.00000000000, 443.50895817540, 46.52940795496, 4.12500003222, 0.00000000000, -0.00000000046, 0.00000000667
196, 50.00000000000, 450.26242220928, -30000000.00000000000, 0.00000000000, 0.00000000000, -0.00000030861, 0.66000001198
197, 50.00000000000, 464.90035624323, -30000000.00000000000, 0.00000000000, 0.00000000000, 0.00000067639, 0.66000001198
198, 50.00000000000, 475.88661363049, -30000000.00000000000, 0.00000000000, 0.00000000000, 0.00000084178, 0.66000001198
199, 50.00000000000, 484.22699040506, 15.57837491469, 4.12500003222, 0.00000000000, -0.00000000256, -0.00000001111
200, 50.00000000000, 500.07872982327, -30000000.00000000000, 0.00000000000, 0.00000000000, -0.00000044850, 0.66000001198
201, 50.00000000000, 511.51614361249, 30.50435464644, 4.12500003222, 0.00000000000, -0.00000000116, 0.00000000182
202, 50.00000000000, 524.77836579294, -30000000.00000000000, 0.00000000000, 0.00000000000, -0.00000030112, 0.66000001198
203, 50.00000000000, 536.72895892946, -30000000.00000000000, 0.00000000000, 0.00000000000, 0.00000018858, 0.66000001198
204, 50.00000000000, 550.34890426130, 3.31968346243, 4.12500003222, 0.00000000000, -0.00000000136, 0.00000000847
205, 50.00000000000, 560.76085666437, -30000000.00000000000, 0.00000000000, 0.00000000000, -0.00000021032, 0.66000001198
206, 50.00000000000, 578.16603327864, -30000000.00000000000, 0.00000000000, 0.00000000000, 0.00000059922, 0.66000001198
207, 50.00000000000, 577.58326758017, 16.62154648691, 4.12500003222, 0.00000000000, -0.00000000672, 0.00000000353
208, 50.00000000000, 596.80202163893, -30000000.00000000000, 0.00000000000, 0.00000000000, -0.00000066822, 0.66000001198
209, 50.00000000000, 594.26416838351, 16.43903839671, 4.12500003222, 0.00000000000, -0.00000000077, 0.00000000717
210, 50.00000000000, 619.88729024059, -30000000.00000000000, 0.00000000000, 0.00000000000, -0.00000072238, 0.66000001198
211, 50.00000000000, 632.67490424169, -30000000.00000000000, 0.00000000000, 0.00000000000, -0.00000074873, 0.66000001198
212, 50.00000000000, 647.34120047629, -30000000.00000000000, 0.00000000000, 0.00000000000, -0.00000082565, 0.66000001198
213, 50.00000000000, 634.93062180117, 3.97161031220, 4.12500003222, 0.00000000000, 0.00000000347, -0.00000001125
214, 50.00000000000, 642.57677845744, 16.78516378696, 4.12500003222, 0.00000000000, 0.00000000225, 0.00000000036
215, 50.00000000000, 687.21588419121, -30000000.00000000000, 0.00000000000, 0.00000000000, 0.00000041688, 0.66000001198
216, 50.00000000000, 667.10816993149, 4.01971521058, 4.12500003222, 0.00000000000, -0.00000000310, -0.00000000474
217, 50.00000000000, 682.81156481911, 3.10977827958, 4.12500003222, 0.00000000000, -0.00000000293, 0.00000001547
218, 50.00000000000, 719.24773235755, -30000000.00000000000, 0.00000000000, 0.00000000000, -0.00000025155, 0.66000001198
219, 50.00000000000, 691.24648862811, 17.44990532761, 4.12500003222, 0.00000000000, -0.00000000102, -0.00000000355
220, 50.00000000000, 708.05174064415, 16.93549026512, 4.12500003222, 0.00000000000, -0.00000000183, -0.00000001549
221, 50.00000000000, 753.45855696009, -30000000.00000000000, 0.00000000000, 0.00000000000, 0.00000015299, 0.66000001198
222, 50.00000000000, 765.49722651725, 52.67477726538, 4.12500003222, 0.00000000000, 0.00000000058, 0.00000000641
223, 50.00000000000, 742.85215804151, 3.62080099361, 4.12500003222, 0.00000000000, 0.00000000252, -0.00000001066
224, 50.00000000000, 790.93703551773, -30000000.00000000000, 0.00000000000, 0.00000000000, -0.00000045398, 0.66000001198
225, 50.00000000000, 753.13111046950, 17.45281792984, 4.12500003222, 0.00000000000, -0.00000000158, -0.00000000670
226, 50.00000000000, 812.41082135090, 71.72406141950, 4.12500003222, 0.00000000000, 0.00000000024, -0.00000000240
227, 50.00000000000, 820.88669228952, 53.21140371663, 4.12500003222, 0.00000000000, 0.00000000032, -0.00000000227
228, 50.00000000000, 801.51723747667, 3.47760732069, 4.12500003222, 0.00000000000, -0.00000000012, -0.00000000725
229, 50.00000000000, 850.37538806467, 37.25178251558, 4.12500003222, 0.00000000000, 0.00000000100, -0.00000000531
230, 50.00000000000, 844.82557270804, 3.69184198817, 4.12500003222, 0.00000000000, -0.00000000201, -0.00000001192
231, 50.00000000000, 871.53292972151, 38.46097102613, 4.12500003222, 0.00000000000, 0.00000000888, -0.00000001407
232, 50.00000000000, 872.69654798002, 3.41245816743, 4.12500003222, 0.00000000000, -0.00000000154, -0.00000000810
233, 50.00000000000, 924.14913776783, 87.54243218950, 4.12500003222, 0.00000000000, 0.00000000057, 0.00000000651
234, 50.00000000000, 885.06624044746, 18.00039975435, 4.12500003222, 0.00000000000, -0.00000000553, 0.00000002314
235, 50.00000000000, 908.97993283192, 3.29361162780, 4.12500003222, 0.00000000000, -0.00000000075, 0.00000000351
236, 50.00000000000, 946.78634025628, 2.96174839837, 4.12500003222, 0.00000000000, -0.00000000207, -0.00000000046
237, 50.00000000000, 954.59234610847, 34.62625105699, 4.12500003222, 0.00000000000, -0.00000000113, 0.00000000182
238, 50.00000000000, 972.95046547916, 33.15020953431, 4.12500003222, 0.00000000000, -0.00000000104, 0.00000001470
239, 50.00000000000, 976.63359355987, 15.80908111194, 4.12500003222, 0.00000000000, 0.00000000061, 0.00000001292
240, 50.00000000000, 10.05354490341, 90.96917195735, 4.12500003222, 0.00000000000, 0.00000000127, 0.00000000170
241, 50.00000000000, 26.54750426722, 51.09816393523, 4.12500003222, 0.00000000000, -0.00000000444, 0.00000000802
242, 50.00000000000, 34.88219303340, 68.02260214848, 4.12500003222, 0.00000000000, -0.00000000362, 0.00000000158
243, 50.00000000000, 50.08455133537, 16.36466238591, 4.12500003222, 0.00000000000, 0.00000000446, -0.00000000467
244, 50.00000000000, 69.16437533049, 71.46386402426, 4.12500003222, 0.00000000000, -0.00000000159, 0.00000000152
245, 50.00000000000, 85.05636083035, 2.90948814725, 4.12500003222, 0.00000000000, -0.00000000043, 0.00000001061
246, 50.00000000000, 96.06927776918, 103.18359963229, 4.12500003222, 0.00000000000, -0.00000000082, -0.00000000235
247, 50.00000000000, 106.12241816350, 35.85665322678, 4.12500003222, 0.00000000000, 0.00000000307, -0.00000001066
248, 50.00000000000, 113.05233999957, 87.96077088164, 4.12500003222, 0.00000000000, -0.00000000159, 0.00000001128
249, 50.00000000000, 123.24415057881, 74.02508307268, 4.12500003222, 0.00000000000, 0.00000000085, -0.00000001177
250, 50.00000000000, 164.55461815928, 17.57221324959, 4.12500003222, 0.00000000000, 0.00000000174, -0.00000001846
251, 50.00000000000, 158.57284589132, 74.68319298188, 4.12500003222, 0.00000000000, 0.00000000007, -0.00000000329
252, 50.00000000000, 208.21484989840, 16.88485493778, 4.12500003222, 0.00000000000, -0.00000000153, 0.00000000270
253, 50.00000000000, 186.57737273777, 88.50769827898, 4.12500003222, 0.00000000000, -0.00000000038, 0.00000000768
254, 50.00000000000, 195.32751686809, 72.08883051885, 4.12500003222, 0.00000000000, 0.00000000021, -0.00000001650
255, 50.00000000000, 228.10072759558, 34.19676060484, 4.12500003222, 0.00000000000, -0.00000000120, 0.00000000264
256, 50.00000000000, 245.86899058075, 35.44736980227, 4.12500003222, 0.00000000000, 0.00000000029, 0.00000000332
257, 50.00000000000, 219.73668488582, -30000000.00000000000, 0.00000000000, 0.00000000000, 0.00000108519, 0.66000001198
258, 50.00000000000, 269.34767110604, 18.00771503830, 4.12500003222, 0.00000000000, 0.00000000120, -0.00000002856
259, 50.00000000000, 241.17362709907, -30000000.00000000000, 0.00000000000, 0.00000000000, -0.00000007953, 0.66000001198
260, 50.00000000000, 269.78754099474, 52.99771895064, 4.12500003222, 0.00000000000, -0.00000000091, 0.00000000946
261, 50.00000000000, 294.53766833501, 3.04635610363, 4.12500003222, 0.00000000000, 0.00000000232, 0.00000001017
262, 50.00000000000, 310.15750522163, 3.60933710745, 4.12500003222, 0.00000000000, -0.00000000009, -0.00000000700
263, 50.00000000000, 316.80185520955, 16.40830114384, 4.12500003222, 0.00000000000, -0.00000000206, 0.00000001302
264, 50.00000000000, 309.04970241224, 110.55975154931, 4.12500003222, 0.00000000000, -0.00000000049, -0.00000000100
265, 50.00000000000, 333.63540954322, 17.23450755639, 4.12500003222, 0.00000000000, 0.00000000158, -0.00000000487
266, 50.00000000000, 359.92021522571, 3.30241234065, 4.12500003222, 0.00000000000, 0.00000000212, 0.00000001391
267, 50.00000000000, 377.44703249614, 4.40237040195, 4.12500003222, 0.00000000000, -0.00000000495, -0.00000001478
268, 50.00000000000, 354.79839795642, 54.59023121158, 4.12500003222, 0.00000000000, 0.00000000053, -0.00000000149
269, 50.00000000000, 364.84127083136, 70.90319429047, 4.12500003222, 0.00000000000, 0.00000000008, 0.00000000496
270, 50.00000000000, 386.68440226907, 107.81475359979, 4.12500003222, 0.00000000000, 0.00000000045, 0.00000000339
271, 50.00000000000, 395.92965896128, 34.21660794001, 4.12500003222, 0.00000000000, -0.00000000001, -0.00000000311
272, 50.00000000000, 405.46702972755, 106.31043387272, 4.12500003222, 0.00000000000, -0.00000000119, 0.00000000269
273, 50.00000000000, 431.95130654321, 3.05985020249, 4.12500003222, 0.00000000000, 0.00000000205, 0.00000001084
274, 50.00000000000, 432.88194146961, 31.21225830026, 4.12500003222, 0.00000000000, -0.00000000105, -0.00000000091
275, 50.00000000000, 451.61528191040, 28.28762955920, 4.12500003222, 0.00000000000, -0.00000000322, 0.00000000697
276, 50.00000000000, 449.12474806271, -30000000.00000000000, 0.00000000000, 0.00000000000, -0.00000009040, 0.66000001198
277, 50.00000000000, 472.81908066837, 4.62898166074, 4.12500003222, 0.00000000000, 0.00000000009, 0.00000000281
278, 50.00000000000, 480.36060719624, -30000000.00000000000, 0.00000000000, 0.00000000000, 0.00000030051, 0.66000001198
279, 50.00000000000, 487.65962462827, -30000000.00000000000, 0.00000000000, 0.00000000000, -0.00000045952, 0.66000001198
280, 50.00000000000, 500.20691577826, 11.62022005987, 4.12500003222, 0.00000000000, -0.00000000293, -0.00000000119
281, 50.00000000000, 508.01603374322, 48.27525329266, 4.12500003222, 0.00000000000, 0.00000000063, 0.00000000597
282, 50.00000000000, 526.41818267209, 48.39003062480, 4.12500003222, 0.00000000000, -0.00000000127, -0.00000000550
283, 50.00000000000, 531.71121585689, 5.52785662642, 4.12500003222, 0.00000000000, -0.00000000287, -0.00000000288
284, 50.00000000000, 548.77789151137, -30000000.00000000000, 0.00000000000, 0.00000000000, 0.00000035540, 0.66000001198
285, 50.00000000000, 556.90952103885, 34.66709758147, 4.12500003222, 0.00000000000, 0.00000000028, 0.00000000330
286, 50.00000000000, 572.51606919716, -30000000.00000000000, 0.00000000000, 0.00000000000, -0.00000063155, 0.66000001198
287, 50.00000000000, 581.80249481024, 107.55365798898, 4.12500003222, 0.00000000000, 0.00000000128, 0.00000000223
288, 50.00000000000, 591.96348480470, 34.07248764868, 4.12500003222, 0.00000000000, -0.00000000031, 0.00000000200
289, 50.00000000000, 585.11160709401, 3.39417499589, 4.12500003222, 0.00000000000, -0.00000000100, -0.00000000209
290, 50.00000000000, 610.69280166695, 33.01824244518, 4.12500003222, 0.00000000000, 0.00000000303, -0.00000000105
291, 50.00000000000, 610.22434564350, 15.71274704160, 4.12500003222, 0.00000000000, 0.00000000487, 0.00000000814
292, 50.00000000000, 631.36220277556, 34.35607802779, 4.12500003222, 0.00000000000, 0.00000000116, 0.00000000078
293, 50.00000000000, 649.93713019625, 33.96407745135, 4.12500003222, 0.00000000000, 0.00000000061, 0.00000000414
294, 50.00000000000, 674.58878639832, 81.67035972252, 4.12500003222, 0.00000000000, 0.00000000025, -0.00000000465
295, 50.00000000000, 658.92994001995, 17.46164169564, 4.12500003222, 0.00000000000, -0.00000000316, -0.00000001415
296, 50.00000000000, 692.68732530102, 74.45717594265, 4.12500003222, 0.00000000000, -0.00000000175, -0.00000000250
297, 50.00000000000, 699.49221664399, 36.30877271223, 4.12500003222, 0.00000000000, -0.00000000288, -0.00000000724
298, 50.00000000000, 713.64003667441, 67.70867189278, 4.12500003222, 0.00000000000, -0.00000000126, 0.00000000439
299, 50.00000000000, 718.82275160965, 34.11463035812, 4.12500003222, 0.00000000000, 0.00000000220, -0.00000000182
300, 50.00000000000, 737.86141633331, 33.92973864736, 4.12500003222, 0.00000000000, -0.00000000060, 0.00000000436
301, 50.00000000000, 723.54745618056, 16.73417870848, 4.12500003222, 0.00000000000, -0.00000000334, 0.00000000168
302, 50.00000000000, 772.76851801286, -30000000.00000000000, 0.00000000000, 0.00000000000, 0.00000071440, 0.66000001198
303, 50.00000000000, 774.83899646096, 72.69824529840, 4.12500003222, 0.00000000000, 0.00000000013, -0.00000000535
304, 50.00000000000, 784.02431241801, 52.22620539997, 4.12500003222, 0.00000000000, 0.00000000008, 0.00000001289
305, 50.00000000000, 768.16934220080, 17.54609479810, 4.12500003222, 0.00000000000, -0.00000000285, -0.00000000167
306, 50.00000000000, 812.17063255498, 34.40547037532, 4.12500003222, 0.00000000000, -0.00000000028, 0.00000001147
307, 50.00000000000, 797.84821817303, 17.03258618447, 4.12500003222, 0.00000000000, -0.00000000268, -0.00000000182
308, 50.00000000000, 812.34537592189, 17.21371643062, 4.12500003222, 0.00000000000, -0.00000000015, -0.00000002864
309, 50.00000000000, 849.75447514584, 92.30081864530, 4.12500003222, 0.00000000000, -0.00000000055, 0.00000000316
310, 50.00000000000, 868.67270515965, 96.87389001811, 4.12500003222, 0.00000000000, 0.00000000106, -0.00000000444
311, 50.00000000000, 875.47745049471, 114.63558918654, 4.12500003222, 0.00000000000, -0.00000000246, -0.00000000394
312, 50.00000000000, 895.82132010277, 66.50708290172, 4.12500003222, 0.00000000000, 0.00000000028, -0.00000000064
313, 50.00000000000, 906.40202103376, 102.82141372555, 4.12500003222, 0.00000000000, 0.00000000072, -0.00000000572
314, 50.00000000000, 936.52801870410, 70.06420099904, 4.12500003222, 0.00000000000, -0.00000000090, -0.00000000003
315, 50.00000000000, 913.77777189396, 17.93328570348, 4.12500003222, 0.00000000000, 0.00000000161, -0.00000001269
316, 50.00000000000, 936.56858395714, 34.93009764180, 4.12500003222, 0.00000000000, 0.00000000171, -0.00000000693
317, 50.00000000000, 957.84340009176, 69.36135912154, 4.12500003222, 0.00000000000, 0.00000000254, -0.00000000343
318, 50.00000000000, 982.41512729065, 104.78337133529, 4.12500003222, 0.00000000000, 0.00000000036, 0.00000000298
319, 50.00000000000, 985.54064856977, 50.88861922336, 4.12500003222, 0.00000000000, -0.00000000491, 0.00000001608
320, 50.00000000000, 9.56586118517, 69.00451539237, 4.12500003222, 0.00000000000, -0.00000000112, 0.00000000461
321, 50.00000000000, 25.96867324934, 101.75879588215, 4.12500003222, 0.00000000000, -0.00000000039, -0.00000000090
322, 50.00000000000, 24.84082479403, 82.24058408896, 4.12500003222, 0.00000000000, -0.00000000012, -0.00000000312
323, 50.00000000000, 51.76361423636, 72.56674227230, 4.12500003222, 0.00000000000, -0.00000000087, -0.00000000052
324, 50.00000000000, 60.06204189630, 92.42089708433, 4.12500003222, 0.00000000000, -0.00000000151, 0.00000000236
325, 50.00000000000, 78.59053729124, 52.87817387240, 4.12500003222, 0.00000000000, 0.00000000059, -0.00000000422
326, 50.00000000000, 86.97577029034, 69.07794214894, 4.12500003222, 0.00000000000, 0.00000000109, -0.00000000261
327, 50.00000000000, 96.44198487679, 51.81130249688, 4.12500003222, 0.00000000000, 0.00000000001, 0.00000000122
328, 50.00000000000, 114.66665065587, 54.18463631182, 4.12500003222, 0.00000000000, 0.00000000254, -0.00000000988
329, 50.00000000000, 120.52506846056, 127.44470780119, 4.12500003222, 0.00000000000, 0.00000000282, -0.00000000361
330, 50.00000000000, 149.43149500732, 53.54250970773, 4.12500003222, 0.00000000000, 0.00000000131, 0.00000000492
331, 50.00000000000, 140.83421847135, 73.58735467612, 4.12500003222, 0.00000000000, 0.00000000111, 0.00000000244
332, 50.00000000000, 168.10980975856, 92.99947476281, 4.12500003222, 0.00000000000, 0.00000000072, -0.00000000170
333, 50.00000000000, 184.17080410069, 52.25416848155, 4.12500003222, 0.00000000000, 0.00000000036, 0.00000000864
334, 50.00000000000, 196.87707228025, 104.71589834542, 4.12500003222, 0.00000000000, 0.00000000077, 0.00000000045
335, 50.00000000000, 214.72821392899, 100.06232468278, 4.12500003222, 0.00000000000, 0.00000000051, 0.00000002126
336, 50.00000000000, 225.08128373139, 131.05162539765, 4.12500003222, 0.00000000000, -0.00000000226, 0.00000000395
337, 50.00000000000, 226.24429381736, 86.83154164626, 4.12500003222, 0.00000000000, 0.00000000598, -0.00000000653
338, 50.00000000000, 252.18206941507, 54.08742328409, 4.12500003222, 0.00000000000, -0.00000000005, -0.00000000321
339, 50.00000000000, 263.65359268148, 34.90901726830, 4.12500003222, 0.00000000000, -0.00000000272, 0.00000000630
340, 50.00000000000, 281.87555754644, 35.89190883904, 4.12500003222, 0.00000000000, -0.00000000072, -0.00000000182
341, 50.00000000000, 275.12311518881, 71.63862698637, 4.12500003222, 0.00000000000, 0.00000000001, -0.00000000202
342, 50.00000000000, 300.18040840189, 16.37789547089, 4.12500003222, 0.00000000000, 0.00000000102, -0.00000000200
343, 50.00000000000, 300.37795580461, 91.80480351718, 4.12500003222, 0.00000000000, 0.00000000032, -0.00000000146
344, 50.00000000000, 318.92116210435, 92.02048502354, 4.12500003222, 0.00000000000, -0.00000000046, 0.00000000057
345, 50.00000000000, 319.89967958138, 35.18824622541, 4.12500003222, 0.00000000000, -0.00000000560, 0.00000001676
346, 50.00000000000, 322.85805130319, 55.66196915361, 4.12500003222, 0.00000000000, 0.00000000326, -0.00000001125
347, 50.00000000000, 347.61440696852, 75.65116057022, 4.12500003222, 0.00000000000, -0.00000000097, -0.00000000605
348, 50.00000000000, 358.73368926215, 35.67338824999, 4.12500003222, 0.00000000000, -0.00000000085, -0.00000000136
349, 50.00000000000, 377.53663755360, 34.24908969603, 4.12500003222, 0.00000000000, -0.00000000037, -0.00000000167
350, 50.00000000000, 382.61445919994, 71.23028763844, 4.12500003222, 0.00000000000, 0.00000000072, 0.00000000020
351, 50.00000000000, 422.54002888010, 15.92000394180, 4.12500003222, 0.00000000000, 0.00000000620, 0.00000000430
352, 50.00000000000, 411.35465472125, 85.51983770420, 4.12500003222, 0.00000000000, -0.00000000155, 0.00000000296
353, 50.00000000000, 418.47318689101, 66.03728057863, 4.12500003222, 0.00000000000, 0.00000000042, 0.00000000404
354, 50.00000000000, 414.09986758510, 33.78637009741, 4.12500003222, 0.00000000000, 0.00000000158, -0.00000000412
355, 50.00000000000, 453.78777817548, 5.90011865164, 4.12500003222, 0.00000000000, 0.00000000565, -0.00000000868
356, 50.00000000000, 447.45546720533, 79.20047326253, 4.12500003222, 0.00000000000, 0.00000000221, 0.00000001129
357, 50.00000000000, 465.87119000465, 76.58663099005, 4.12500003222, 0.00000000000, 0.00000000100, 0.00000000086
358, 50.00000000000, 476.18718318289, 34.33987890522, 4.12500003222, 0.00000000000, -0.00000000029, -0.00000000158
359, 50.00000000000, 489.73270873238, 49.07165979484, 4.12500003222, 0.00000000000, -0.00000000204, 0.00000000905
360, 50.00000000000, 501.01166560738, 67.11771300024, 4.12500003222, 0.00000000000, -0.00000000001, -0.00000000080
361, 50.00000000000, 504.95990780814, 105.06074002501, 4.12500003222, 0.00000000000, -0.00000000053, -0.00000000248
362, 50.00000000000, 519.20263458503, 67.59349518135, 4.12500003222, 0.00000000000, 0.00000000012, -0.00000000658
363, 50.00000000000, 537.54363812871, 66.56545325273, 4.12500003222, 0.00000000000, 0.00000000182, 0.00000000646
364, 50.00000000000, 542.83011018442, 16.97979893601, 4.12500003222, 0.00000000000, 0.00000000358, 0.00000000388
365, 50.00000000000, 549.33054361427, 105.25824292484, 4.12500003222, 0.00000000000, -0.00000000276, 0.00000000891
366, 50.00000000000, 574.08381513494, 35.25963756243, 4.12500003222, 0.00000000000, -0.00000000057, -0.00000000121
367, 50.00000000000, 584.11205183906, 52.52750588230, 4.12500003222, 0.00000000000, -0.00000000085, 0.00000000050
368, 50.00000000000, 586.19845135389, 89.02667225505, 4.12500003222, 0.00000000000, 0.00000000047, -0.00000000042
369, 50.00000000000, 602.25938976397, 51.06148805067, 4.12500003222, 0.00000000000, 0.00000000093, 0.00000000065
370, 50.00000000000, 615.07174344617, 119.19373531674, 4.12500003222, 0.00000000000, -0.00000000147, 0.00000000197
371, 50.00000000000, 618.64992349395, 2.28345275082, 4.12500003222, 0.00000000000, -0.00000000554, 0.00000001232
372, 50.00000000000, 629.61947575452, 65.18248257027, 4.12500003222, 0.00000000000, -0.00000000143, 0.00000000051
373, 50.00000000000, 638.60774978978, 95.57675050352, 4.12500003222, 0.00000000000, -0.00000000177, -0.00000000064
374, 50.00000000000, 663.08307331347, 46.74744765500, 4.12500003222, 0.00000000000, -0.00000000188, 0.00000000219
375, 50.00000000000, 676.87895542062, 58.41406519867, 4.12500003222, 0.00000000000, -0.00000000064, 0.00000001341
376, 50.00000000000, 681.00727615147, 37.42190725704, 4.12500003222, 0.00000000000, 0.00000000035, 0.00000000345
377, 50.00000000000, 694.52240533753, 133.76661196978, 4.12500003222, 0.00000000000, 0.00000000013, -0.00000000115
378, 50.00000000000, 711.06166414638, 49.56042211253, 4.12500003222, 0.00000000000, 0.00000000042, 0.00000000842
379, 50.00000000000, 725.20370091948, 85.80036864511, 4.12500003222, 0.00000000000, -0.00000000097, 0.00000000183
380, 50.00000000000, 735.69447841704, 70.66272798784, 4.12500003222, 0.00000000000, -0.00000000034, -0.00000000369
381, 50.00000000000, 746.95795169057, 52.06840838028, 4.12500003222, 0.00000000000, -0.00000000065, 0.00000000411
382, 50.00000000000, 756.56331051298, 36.01289926319, 4.12500003222, 0.00000000000, -0.00000000074, -0.00000000401
383, 50.00000000000, 774.77047643996, 36.04060609167, 4.12500003222, 0.00000000000, 0.00000000013, -0.00000000654
384, 50.00000000000, 788.22841368626, 121.01761904978, 4.12500003222, 0.00000000000, -0.00000000348, 0.00000000875
385, 50.00000000000, 807.27702518002, 88.48231601107, 4.12500003222, 0.00000000000, -0.00000000368, 0.00000000940
386, 50.00000000000, 821.11442324732, 162.89038175912, 4.12500003222, 0.00000000000, -0.00000000025, -0.00000000035
387, 50.00000000000, 818.21713077097, 106.45986513824, 4.12500003222, 0.00000000000, -0.00000000048, -0.00000000208
388, 50.00000000000, 829.62478514214, 70.54657142787, 4.12500003222, 0.00000000000, 0.00000000004, -0.00000000695
389, 50.00000000000, 863.50366941322, 132.63596061173, 4.12500003222, 0.00000000000, -0.00000000020, -0.00000000486
390, 50.00000000000, 864.03273910364, 75.66689611200, 4.12500003222, 0.00000000000, 0.00000000228, 0.00000000294
391, 50.00000000000, 875.30680243901, 60.08909196707, 4.12500003222, 0.00000000000, 0.00000000094, 0.00000000544
392, 50.00000000000, 901.53393885577, 137.26594577503, 4.12500003222, 0.00000000000, -0.00000000019, -0.00000000204
393, 50.00000000000, 912.70704950474, 120.92127334512, 4.12500003222, 0.00000000000, -0.00000000005, 0.00000000502
394, 50.00000000000, 916.95110724943, 34.08512338436, 4.12500003222, 0.00000000000, -0.00000000134, 0.00000000671
395, 50.00000000000, 939.57844888038, 143.03786569889, 4.12500003222, 0.00000000000, -0.00000000168, -0.00000000471
396, 50.00000000000, 946.37191870671, 52.57515239336, 4.12500003222, 0.00000000000, 0.00000000024, 0.00000000067
397, 50.00000000000, 965.80368495399, 52.68011565564, 4.12500003222, 0.00000000000, 0.00000000265, -0.00000000731
398, 50.00000000000, 977.21105068824, 68.37020036481, 4.12500003222, 0.00000000000, 0.00000000181, 0.00000000149
399, 50.00000000000, 989.77732543912, 34.71382707814, 4.12500003222, 0.00000000000, -0.00000000159, -0.00000001479
400, 50.00000000000, 10.10783537128, 151.15188332797, 4.12500003222, 0.00000000000, 0.00000000016, 0.00000000116
401, 50.00000000000, 27.98364607082, 121.59897409187, 4.12500003222, 0.00000000000, 0.00000000006, -0.00000000286
402, 50.00000000000, 43.13276790647, 108.72774791138, 4.12500003222, 0.00000000000, 0.00000000233, -0.00000000695
403, 50.00000000000, 47.79480450155, 129.88912924328, 4.12500003222, 0.00000000000, -0.00000000099, 0.00000000569
404, 50.00000000000, 69.53626896547, 128.28938486754, 4.12500003222, 0.00000000000, 0.00000000396, 0.00000000613
405, 50.00000000000, 78.71339500174, 87.09647337082, 4.12500003222, 0.00000000000, 0.00000000101, 0.00000001037
406, 50.00000000000, 98.20470559709, 158.33216651991, 4.12500003222, 0.00000000000, 0.00000000084, -0.00000000331
407, 50.00000000000, 96.16748997731, 84.57151661686, 4.12500003222, 0.00000000000, -0.00000000054, -0.00000000140
408, 50.00000000000, 117.31232542073, 146.79698080194, 4.12500003222, 0.00000000000, 0.00000000044, 0.00000001345
409, 50.00000000000, 132.01063227198, 53.82903702744, 4.12500003222, 0.00000000000, 0.00000000063, 0.00000000526
410, 50.00000000000, 149.26178668564, 94.37697479521, 4.12500003222, 0.00000000000, 0.00000000100, -0.00000000238
411, 50.00000000000, 159.13146125508, 111.49843072597, 4.12500003222, 0.00000000000, 0.00000000151, -0.00000000707
412, 50.00000000000, 166.76219506018, 54.66191152535, 4.12500003222, 0.00000000000, 0.00000000024, 0.00000000145
413, 50.00000000000, 172.75758321041, 126.52739512631, 4.12500003222, 0.00000000000, 0.00000000046, 0.00000000070
414, 50.00000000000, 187.14022436918, 143.14936333919, 4.12500003222, 0.00000000000, 0.00000000190, -0.00000000477
415, 50.00000000000, 206.13290838594, 85.37072786922, 4.12500003222, 0.00000000000, -0.00000000149, -0.00000000579
416, 50.00000000000, 217.55178933480, 67.71004471508, 4.12500003222, 0.00000000000, -0.00000000212, 0.00000000610
417, 50.00000000000, 238.02276177326, 71.04962113765, 4.12500003222, 0.00000000000, -0.00000000113, 0.00000000639
418, 50.00000000000, 244.27217789356, 92.26470485251, 4.12500003222, 0.00000000000, 0.00000000181, -0.00000001064
419, 50.00000000000, 256.58981475074, 71.95869045083, 4.12500003222, 0.00000000000, 0.00000000128, 0.00000000327
420, 50.00000000000, 263.23918623694, 90.65991347767, 4.12500003222, 0.00000000000, 0.00000000095, -0.00000000274
421, 50.00000000000, 275.56544356348, 161.98627788874, 4.12500003222, 0.00000000000, 0.00000000038, 0.00000000385
422, 50.00000000000, 289.94591895081, 110.04450923067, 4.12500003222, 0.00000000000, 0.00000000030, 0.00000000034
423, 50.00000000000, 305.74665944120, 54.97114336557, 4.12500003222, 0.00000000000, 0.00000000397, -0.00000001487
424, 50.00000000000, 319.19261816489, 126.80158319295, 4.12500003222, 0.00000000000, -0.00000000179, 0.00000000379
425, 50.00000000000, 328.13543887460, 108.79969352539, 4.12500003222, 0.00000000000, -0.00000000030, 0.00000000567
426, 50.00000000000, 329.24501889497, 75.75429589003, 4.12500003222, 0.00000000000, -0.00000000013, -0.00000000213
427, 50.00000000000, 338.85912897168, 59.31622050235, 4.12500003222, 0.00000000000, 0.00000000130, 0.00000000388
428, 50.00000000000, 367.94539484134, 107.73324495366, 4.12500003222, 0.00000000000, -0.00000000262, 0.00000000325
429, 50.00000000000, 372.05678421789, 52.24409980977, 4.12500003222, 0.00000000000, 0.00000000039, 0.00000000234
430, 50.00000000000, 405.01530002464, 16.87137476314, 4.12500003222, 0.00000000000, 0.00000000190, 0.00000000061
431, 50.00000000000, 393.56507528636, 89.40716980966, 4.12500003222, 0.00000000000, -0.00000000088, -0.00000000126
432, 50.00000000000, 408.36721660341, 142.28779759835, 4.12500003222, 0.00000000000, -0.00000000039, -0.00000000337
433, 50.00000000000, 420.77951662185, 122.80228324026, 4.12500003222, 0.00000000000, 0.00000000245, 0.00000000898
434, 50.00000000000, 425.50268848247, 48.26665832638, 4.12500003222, 0.00000000000, 0.00000000008, 0.00000000749
435, 50.00000000000, 439.68674800160, 96.25620300256, 4.12500003222, 0.00000000000, 0.00000000129, 0.00000000064
436, 50.00000000000, 460.49841066132, 143.52732976646, 4.12500003222, 0.00000000000, -0.00000000152, 0.00000000354
437, 50.00000000000, 457.13138040172, 96.71499056619, 4.12500003222, 0.00000000000, 0.00000000035, -0.00000000067
438, 50.00000000000, 469.48047895060, 109.61370267746, 4.12500003222, 0.00000000000, -0.00000000057, 0.00000000788
439, 50.00000000000, 483.24160415445, 70.88720868733, 4.12500003222, 0.00000000000, 0.00000000088, 0.00000000246
440, 50.00000000000, 494.18357906766, 32.55935466525, 4.12500003222, 0.00000000000, -0.00000000042, -0.00000000734
441, 50.00000000000, 511.34316946950, 85.03611774715, 4.12500003222, 0.00000000000, -0.00000000069, 0.00000000259
442, 50.00000000000, 527.35466309629, 25.33899869917, 4.12500003222, 0.00000000000, 0.00000000011, -0.00000000312
443, 50.00000000000, 533.82117837544, 116.88374256144, 4.12500003222, 0.00000000000, 0.00000000048, 0.00000000007
444, 50.00000000000, 540.25390206600, 36.86601485957, 4.12500003222, 0.00000000000, -0.00000000312, 0.00000000074
445, 50.00000000000, 547.99618804132, 52.97587784266, 4.12500003222, 0.00000000000, -0.00000000024, -0.00000000095
446, 50.00000000000, 565.84560179438, 55.17067539290, 4.12500003222, 0.00000000000, -0.00000000142, -0.00000000853
447, 50.00000000000, 575.83983812415, 152.41526970450, 4.12500003222, 0.00000000000, 0.00000000080, -0.00000000734
448, 50.00000000000, 593.70831561412, 70.63369300097, 4.12500003222, 0.00000000000, -0.00000000038, -0.00000000305
449, 50.00000000000, 605.66161305423, 85.51493263011, 4.12500003222, 0.00000000000, 0.00000000033, 0.00000000386
450, 50.00000000000, 601.80497177545, 3.14559183998, 4.12500003222, 0.00000000000, -0.00000000234, -0.00000000298
451, 50.00000000000, 620.99118170131, 49.70565608186, 4.12500003222, 0.00000000000, 0.00000000198, -0.00000000147
452, 50.00000000000, 624.47451486381, 82.97104816287, 4.12500003222, 0.00000000000, -0.00000000086, 0.00000000085
453, 50.00000000000, 643.51157136163, 75.54167229658, 4.12500003222, 0.00000000000, -0.00000000040, 0.00000000582
454, 50.00000000000, 664.85219447606, 121.53557430614, 4.12500003222, 0.00000000000, -0.00000000051, 0.00000001182
455, 50.00000000000, 651.09072944460, 3.52082482290, 4.12500003222, 0.00000000000, 0.00000000114, 0.00000001082
456, 50.00000000000, 694.44234564733, 56.04461061909, 4.12500003222, 0.00000000000, 0.00000000137, -0.00000000458
457, 50.00000000000, 699.57178694135, 111.54810104724, 4.12500003222, 0.00000000000, -0.00000000055, -0.00000000851
458, 50.00000000000, 716.47229896800, 103.83091704757, 4.12500003222, 0.00000000000, 0.00000000262, 0.00000000181
459, 50.00000000000, 727.04549995617, 119.00425903280, 4.12500003222, 0.00000000000, -0.00000000079, -0.00000000099
460, 50.00000000000, 736.40942650510, 103.39226566411, 4.12500003222, 0.00000000000, -0.00000000240, -0.00000000034
461, 50.00000000000, 743.82294543219, 123.33334849890, 4.12500003222, 0.00000000000, 0.00000000138, 0.00000000805
462, 50.00000000000, 755.61791577669, 70.99937543882, 4.12500003222, 0.00000000000, -0.00000000050, -0.00000000087
463, 50.00000000000, 773.92967936229, 108.84854114017, 4.12500003222, 0.00000000000, -0.00000000107, -0.00000000376
464, 50.00000000000, 777.73171464222, 136.04074008431, 4.12500003222, 0.00000000000, 0.00000000217, -0.00000000433
465, 50.00000000000, 796.17567639077, 139.83381916014, 4.12500003222, 0.00000000000, 0.00000000027, -0.00000000108
466, 50.00000000000, 802.49901527116, 53.53501138351, 4.12500003222, 0.00000000000, 0.00000000005, 0.00000000075
467, 50.00000000000, 825.86817816578, 126.27086499297, 4.12500003222, 0.00000000000, -0.00000000031, 0.00000000013
468, 50.00000000000, 828.38549140819, 88.52759906789, 4.12500003222, 0.00000000000, 0.00000000035, -0.00000000128
469, 50.00000000000, 846.27498490199, 74.43579057113, 4.12500003222, 0.00000000000, 0.00000000028, -0.00000000394
470, 50.00000000000, 870.89925733651, 150.91949229297, 4.12500003222, 0.00000000000, 0.00000000231, -0.00000000588
471, 50.00000000000, 882.26030673250, 80.04209551572, 4.12500003222, 0.00000000000, 0.00000000070, -0.00000000002
472, 50.00000000000, 894.33251872581, 118.00437781244, 4.12500003222, 0.00000000000, 0.00000000125, -0.00000000382
473, 50.00000000000, 907.91970231774, 50.57427223046, 4.12500003222, 0.00000000000, -0.00000000025, 0.00000000127
474, 50.00000000000, 916.54268672045, 69.42391889327, 4.12500003222, 0.00000000000, -0.00000000072, 0.00000000029
475, 50.00000000000, 941.29470068417, 103.59798869604, 4.12500003222, 0.00000000000, 0.00000000100, -0.00000000327
476, 50.00000000000, 950.43279966109, 124.23650926635, 4.12500003222, 0.00000000000, -0.00000000019, -0.00000001503
477, 50.00000000000, 960.24475182318, 102.92593298983, 4.12500003222, 0.00000000000, -0.00000000057, 0.00000000995
478, 50.00000000000, 989.93129706261, 126.74109985483, 4.12500003222, 0.00000000000, 0.00000000008, -0.00000000479
479, 50.00000000000, 989.95434522859, 83.61312921909, 4.12500003222, 0.00000000000, 0.00000000006, 0.00000000390
480, 50.00000000000, 10.01585836170, 112.67715404407, 4.12500003222, 0.00000000000, -0.00000000217, 0.00000000037
481, 50.00000000000, 26.64384822202, 162.38288681407, 4.12500003222, 0.00000000000, -0.00000000296, -0.00000000637
482, 50.00000000000, 41.77140032106, 88.95469517278, 4.12500003222, 0.00000000000, -0.00000000022, -0.00000000175
483, 50.00000000000, 59.87738640294, 114.29656213225, 4.12500003222, 0.00000000000, -0.00000000347, -0.00000000967
484, 50.00000000000, 62.81213115547, 146.21392257362, 4.12500003222, 0.00000000000, 0.00000000148, 0.00000000663
485, 50.00000000000, 76.54447065651, 106.89874176294, 4.12500003222, 0.00000000000, -0.00000000160, -0.00000000118
486, 50.00000000000, 86.72172984651, 121.52319389130, 4.12500003222, 0.00000000000, 0.00000000067, 0.00000000580
487, 50.00000000000, 100.87705038269, 138.74512771916, 4.12500003222, 0.00000000000, -0.00000000069, -0.00000000153
488, 50.00000000000, 104.41038200254, 120.48798690650, 4.12500003222, 0.00000000000, 0.00000000012, -0.00000000777
489, 50.00000000000, 131.11468104161, 93.41251370475, 4.12500003222, 0.00000000000, 0.00000000005, -0.00000000362
490, 50.00000000000, 137.89649717671, 113.42750524618, 4.12500003222, 0.00000000000, -0.00000000184, 0.00000000783
491, 50.00000000000, 153.38040178942, 128.50650441730, 4.12500003222, 0.00000000000, -0.00000000137, 0.00000000943
492, 50.00000000000, 168.01888386884, 144.29247680089, 4.12500003222, 0.00000000000, -0.00000000251, 0.00000000616
493, 50.00000000000, 176.63277200072, 72.79255530354, 4.12500003222, 0.00000000000, 0.00000000022, -0.00000000316
494, 50.00000000000, 191.84872757738, 123.58976033996, 4.12500003222, 0.00000000000, 0.00000000163, 0.00000000415
495, 50.00000000000, 210.78520066642, 119.56881777559, 4.12500003222, 0.00000000000, 0.00000000079, -0.00000000696
496, 50.00000000000, 234.61776569594, 52.68510747353, 4.12500003222, 0.00000000000, 0.00000000119, -0.00000000017
497, 50.00000000000, 230.57676810645, 109.30544582075, 4.12500003222, 0.00000000000, 0.00000000045, 0.00000000378
498, 50.00000000000, 240.84317124891, 142.57522856534, 4.12500003222, 0.00000000000, -0.00000000114, 0.00000000720
499, 50.00000000000, 256.32427649398, 152.77966985730, 4.12500003222, 0.00000000000, 0.00000000067, -0.00000000209
500, 50.00000000000, 252.27397485329, 109.22695015441, 4.12500003222, 0.00000000000, -0.00000000122, 0.00000000327
501, 50.00000000000, 281.99140292697, 90.58582114630, 4.12500003222, 0.00000000000, -0.00000000082, 0.00000000034
502, 50.00000000000, 293.33579451209, 71.67218937155, 4.12500003222, 0.00000000000, -0.00000000127, 0.00000000350
503, 50.00000000000, 299.94564997750, 129.12961100091, 4.12500003222, 0.00000000000, 0.00000000031, -0.00000000056
504, 50.00000000000, 311.28447632159, 73.15250738011, 4.12500003222, 0.00000000000, 0.00000000042, 0.00000000057
505, 50.00000000000, 337.68444269746, 126.78009361378, 4.12500003222, 0.00000000000, -0.00000000212, -0.00000000920
506, 50.00000000000, 349.58400128163, 158.44390518678, 4.12500003222, 0.00000000000, -0.00000000012, 0.00000000013
507, 50.00000000000, 337.96247387867, 92.36651056713, 4.12500003222, 0.00000000000, 0.00000000158, 0.00000000059
508, 50.00000000000, 358.98471345371, 124.59297847628, 4.12500003222, 0.00000000000, 0.00000000195, -0.00000000083
509, 50.00000000000, 389.58440618431, 51.62538401476, 4.12500003222, 0.00000000000, -0.00000000007, 0.00000000362
510, 50.00000000000, 375.17550748063, 90.70277728899, 4.12500003222, 0.00000000000, 0.00000000078, -0.00000000643
511, 50.00000000000, 387.88735198060, 145.26270818293, 4.12500003222, 0.00000000000, -0.00000000201, -0.00000000388
512, 50.00000000000, 398.54990091280, 126.05026009490, 4.12500003222, 0.00000000000, 0.00000000038, -0.00000000400
513, 50.00000000000, 426.46972894816, 142.95774834988, 4.12500003222, 0.00000000000, -0.00000000037, -0.00000000277
514, 50.00000000000, 436.42414294750, 65.77811902346, 4.12500003222, 0.00000000000, -0.00000000192, -0.00000000937
515, 50.00000000000, 441.99826486488, 155.59173744026, 4.12500003222, 0.00000000000, 0.00000000142, -0.00000000190
516, 50.00000000000, 441.40939227431, 113.76605152512, 4.12500003222, 0.00000000000, 0.00000000122, 0.00000000644
517, 50.00000000000, 457.82337707930, 124.70895052071, 4.12500003222, 0.00000000000, 0.00000000107, -0.00000000096
518, 50.00000000000, 476.09560750208, 91.40521988926, 4.12500003222, 0.00000000000, -0.00000000010, 0.00000000590
519, 50.00000000000, 477.68991563604, 130.27992294800, 4.12500003222, 0.00000000000, 0.00000000069, -0.00000000897
520, 50.00000000000, 490.35661710097, 145.75199582791, 4.12500003222, 0.00000000000, 0.00000000067, -0.00000000365
521, 50.00000000000, 497.49729251546, 124.79874405159, 4.12500003222, 0.00000000000, 0.00000000287, 0.00000001559
522, 50.00000000000, 523.05719780258, 101.12404748594, 4.12500003222, 0.00000000000, 0.00000000082, 0.00000000438
523, 50.00000000000, 530.40322743206, 138.52248967606, 4.12500003222, 0.00000000000, -0.00000000352, -0.00000000636
524, 50.00000000000, 547.29895291025, 87.04728069400, 4.12500003222, 0.00000000000, 0.00000000029, -0.00000000014
525, 50.00000000000, 557.03432221688, 71.98336614209, 4.12500003222, 0.00000000000, 0.00000000026, -0.00000000333
526, 50.00000000000, 564.83534002425, 114.86338932382, 4.12500003222, 0.00000000000, -0.00000000076, 0.00000000503
527, 50.00000000000, 566.73156156884, 92.61615847892, 4.12500003222, 0.00000000000, 0.00000000100, -0.00000000856
528, 50.00000000000, 600.76590134167, 105.11434245304, 4.12500003222, 0.00000000000, 0.00000000107, -0.00000000773
529, 50.00000000000, 610.62194606695, 137.05219816670, 4.12500003222, 0.00000000000, -0.00000000062, 0.00000000620
530, 50.00000000000, 611.78949770786, 66.81194586350, 4.12500003222, 0.00000000000, -0.00000000109, 0.00000000155
531, 50.00000000000, 634.05957406896, 115.38053950823, 4.12500003222, 0.00000000000, -0.00000000021, -0.00000000903
532, 50.00000000000, 647.21531322236, 128.02526385263, 4.12500003222, 0.00000000000, 0.00000000142, 0.00000000998
533, 50.00000000000, 652.40520199587, 107.73616648267, 4.12500003222, 0.00000000000, -0.00000000278, 0.00000000355
534, 50.00000000000, 670.59751557896, 102.86629134669, 4.12500003222, 0.00000000000, 0.00000000205, -0.00000000141
535, 50.00000000000, 676.91270063540, 140.58522227832, 4.12500003222, 0.00000000000, 0.00000000152, -0.00000000786
536, 50.00000000000, 687.90301179715, 95.53726451866, 4.12500003222, 0.00000000000, -0.00000000032, 0.00000000795
537, 50.00000000000, 705.73046179801, 88.66926973079, 4.12500003222, 0.00000000000, -0.00000000090, 0.00000000599
538, 50.00000000000, 711.12663004497, 125.57602314270, 4.12500003222, 0.00000000000, -0.00000000249, 0.00000000471
539, 50.00000000000, 727.48160774111, 138.11791697079, 4.12500003222, 0.00000000000, 0.00000000204, -0.00000000455
540, 50.00000000000, 729.79082052836, 156.60915237926, 4.12500003222, 0.00000000000, -0.00000000053, 0.00000000332
541, 50.00000000000, 746.24508931432, 88.18340507375, 4.12500003222, 0.00000000000, 0.00000000149, -0.00000000210
542, 50.00000000000, 761.80008584358, 127.53492397874, 4.12500003222, 0.00000000000, -0.00000000280, 0.00000000234
543, 50.00000000000, 785.82408888306, 90.54796419491, 4.12500003222, 0.00000000000, -0.00000000054, 0.00000000270
544, 50.00000000000, 793.70611440387, 71.82218543399, 4.12500003222, 0.00000000000, -0.00000000081, -0.00000000125
545, 50.00000000000, 801.74858422425, 159.10659358795, 4.12500003222, 0.00000000000, -0.00000000016, 0.00000000039
546, 50.00000000000, 807.18798045937, 123.19718178044, 4.12500003222, 0.00000000000, 0.00000000198, 0.00000000707
547, 50.00000000000, 844.62561804114, 128.16437274660, 4.12500003222, 0.00000000000, 0.00000000156, 0.00000000009
548, 50.00000000000, 837.23926707986, 109.46834948230, 4.12500003222, 0.00000000000, -0.00000000018, -0.00000000229
549, 50.00000000000, 856.44059019982, 112.11725599074, 4.12500003222, 0.00000000000, -0.00000000066, 0.00000000269
550, 50.00000000000, 859.73002445790, 165.82783115334, 4.12500003222, 0.00000000000, -0.00000000082, 0.00000000364
551, 50.00000000000, 882.24794260913, 131.90796931391, 4.12500003222, 0.00000000000, -0.00000000014, 0.00000001462
552, 50.00000000000, 903.00993621986, 84.14650447608, 4.12500003222, 0.00000000000, 0.00000000084, -0.00000000015
553, 50.00000000000, 920.79369565320, 139.49890294318, 4.12500003222, 0.00000000000, 0.00000000122, 0.00000000366
554, 50.00000000000, 929.27904974991, 160.12602887627, 4.12500003222, 0.00000000000, -0.00000000188, -0.00000000300
555, 50.00000000000, 927.10363263047, 52.41760606243, 4.12500003222, 0.00000000000, -0.00000000020, -0.00000000008
556, 50.00000000000, 949.47112993177, 84.37817781596, 4.12500003222, 0.00000000000, -0.00000000409, 0.00000001361
557, 50.00000000000, 970.18434460658, 87.40669187409, 4.12500003222, 0.00000000000, 0.00000000117, -0.00000000516
558, 50.00000000000, 975.81559655943, 139.44627576738, 4.12500003222, 0.00000000000, -0.00000000174, -0.00000000407
559, 50.00000000000, 989.88519831680, 149.43222182438, 4.12500003222, 0.00000000000, -0.00000000084, 0.00000000375
560, 50.00000000000, 10.01466541005, 132.62965675774, 4.12500003222, 0.00000000000, 0.00000000004, -0.00000000172
561, 50.00000000000, 28.34709392612, 140.70247721207, 4.12500003222, 0.00000000000, 0.00000000055, 0.00000000601
562, 50.00000000000, 40.75181057839, 174.42173329371, 4.12500003222, 0.00000000000, 0.00000000288, -0.00000000482
563, 50.00000000000, 44.26930923473, 151.60974180874, 4.12500003222, 0.00000000000, -0.00000000069, 0.00000000943
564, 50.00000000000, 58.56973844029, 167.79058981112, 4.12500003222, 0.00000000000, 0.00000000035, -0.00000000410
565, 50.00000000000, 77.46487100489, 163.56168105446, 4.12500003222, 0.00000000000, -0.00000000100, -0.00000000483
566, 50.00000000000, 82.65045179814, 142.66546049238, 4.12500003222, 0.00000000000, -0.00000000119, 0.00000000343
567, 50.00000000000, 115.29756849716, 170.30632475954, 4.12500003222, 0.00000000000, 0.00000000110, -0.00000000888
568, 50.00000000000, 117.81282499173, 107.14721333854, 4.12500003222, 0.00000000000, -0.00000000230, 0.00000000188
569, 50.00000000000, 132.79784870269, 158.09318334677, 4.12500003222, 0.00000000000, -0.00000000123, 0.00000000040
570, 50.00000000000, 136.34630939359, 136.25345951645, 4.12500003222, 0.00000000000, 0.00000000190, 0.00000000176
571, 50.00000000000, 149.98589175793, 150.36085817585, 4.12500003222, 0.00000000000, -0.00000000104, -0.00000000592
572, 50.00000000000, 162.21299814495, 164.64620151776, 4.12500003222, 0.00000000000, 0.00000000115, 0.00000000334
573, 50.00000000000, 181.21052770741, 160.75037304224, 4.12500003222, 0.00000000000, -0.00000000018, 0.00000000434
574, 50.00000000000, 178.68632690644, 109.51092698109, 4.12500003222, 0.00000000000, -0.00000000018, -0.00000001167
575, 50.00000000000, 206.01912595206, 138.90042068182, 4.12500003222, 0.00000000000, 0.00000000165, 0.00000000009
576, 50.00000000000, 201.50614212444, 158.93851380245, 4.12500003222, 0.00000000000, -0.00000000043, -0.00000000074
577, 50.00000000000, 221.62242718027, 153.54389828859, 4.12500003222, 0.00000000000, 0.00000000217, -0.00000000454
578, 50.00000000000, 242.06532654304, 125.16722636734, 4.12500003222, 0.00000000000, 0.00000000119, -0.00000000979
579, 50.00000000000, 259.74210395399, 129.69493103027, 4.12500003222, 0.00000000000, 0.00000000021, -0.00000000545
580, 50.00000000000, 272.27714655913, 143.52554034489, 4.12500003222, 0.00000000000, 0.00000000019, 0.00000000659
581, 50.00000000000, 280.85653897361, 128.10692460220, 4.12500003222, 0.00000000000, 0.00000000374, -0.00000000617
582, 50.00000000000, 287.97562937989, 52.45957982847, 4.12500003222, 0.00000000000, -0.00000000182, 0.00000000629
583, 50.00000000000, 290.94832442700, 148.12568518545, 4.12500003222, 0.00000000000, -0.00000000037, -0.00000000315
584, 50.00000000000, 310.76286852421, 146.56135250790, 4.12500003222, 0.00000000000, 0.00000000073, -0.00000000093
585, 50.00000000000, 330.85225089361, 145.66297962722, 4.12500003222, 0.00000000000, 0.00000000091, 0.00000000227
586, 50.00000000000, 349.37271639809, 139.61795706217, 4.12500003222, 0.00000000000, 0.00000000030, 0.00000000745
587, 50.00000000000, 347.43864767877, 109.68120758604, 4.12500003222, 0.00000000000, 0.00000000048, -0.00000000202
588, 50.00000000000, 356.91053843373, 91.83471336650, 4.12500003222, 0.00000000000, 0.00000000049, 0.00000000167
589, 50.00000000000, 367.31259521324, 144.66297174472, 4.12500003222, 0.00000000000, 0.00000000108, 0.00000000438
590, 50.00000000000, 378.07919374317, 127.59630560799, 4.12500003222, 0.00000000000, 0.00000000152, -0.00000000279
591, 50.00000000000, 400.48027391456, 69.66183763159, 4.12500003222, 0.00000000000, 0.00000000052, 0.00000000149
592, 50.00000000000, 399.87255782398, 159.51595665139, 4.12500003222, 0.00000000000, 0.00000000171, 0.00000000549
593, 50.00000000000, 420.73157061906, 159.78153906823, 4.12500003222, 0.00000000000, -0.00000000231, 0.00000000782
594, 50.00000000000, 423.39576703864, 104.22784265245, 4.12500003222, 0.00000000000, 0.00000000120, -0.00000000487
595, 50.00000000000, 441.47199843473, 134.15311083407, 4.12500003222, 0.00000000000, -0.00000000042, -0.00000000759
596, 50.00000000000, 454.95663909004, 62.85093867492, 4.12500003222, 0.00000000000, -0.00000000053, -0.00000001480
597, 50.00000000000, 460.92677866681, 43.28429197035, 4.12500003222, 0.00000000000, -0.00000000145, 0.00000000103
598, 50.00000000000, 472.88917382738, 56.09114495820, 4.12500003222, 0.00000000000, -0.00000000044, 0.00000000578
599, 50.00000000000, 487.25988022058, 109.27639020981, 4.12500003222, 0.00000000000, -0.00000000078, -0.00000000725
600, 50.00000000000, 493.42887014333, 86.55455584598, 4.12500003222, 0.00000000000, -0.00000000053, 0.00000001158
601, 50.00000000000, 516.00305452782, 120.85911731852, 4.12500003222, 0.00000000000, -0.00000000152, 0.00000001834
602, 50.00000000000, 510.00422075320, 144.04114069424, 4.12500003222, 0.00000000000, 0.00000000035, -0.00000001876
603, 50.00000000000, 529.56066893940, 84.22429816477, 4.12500003222, 0.00000000000, 0.00000000109, -0.00000000448
604, 50.00000000000, 547.77045191780, 128.18675423946, 4.12500003222, 0.00000000000, -0.00000000384, -0.00000000989
605, 50.00000000000, 562.73381757671, 136.77499069130, 4.12500003222, 0.00000000000, 0.00000000315, 0.00000000717
606, 50.00000000000, 575.26598637551, 70.40114624665, 4.12500003222, 0.00000000000, 0.00000000030, 0.00000001516
607, 50.00000000000, 578.91100130172, 129.29297065187, 4.12500003222, 0.00000000000, -0.00000000127, -0.00000000081
608, 50.00000000000, 592.63899684708, 141.72381145533, 4.12500003222, 0.00000000000, 0.00000000013, 0.00000000705
609, 50.00000000000, 596.30938827953, 122.66236235501, 4.12500003222, 0.00000000000, -0.00000000048, 0.00000000381
610, 50.00000000000, 619.90926005527, 102.27054270985, 4.12500003222, 0.00000000000, 0.00000000100, -0.00000001212
611, 50.00000000000, 628.92954542379, 132.53987627287, 4.12500003222, 0.00000000000, 0.00000000008, 0.00000000779
612, 50.00000000000, 640.18067696532, 149.61471013892, 4.12500003222, 0.00000000000, 0.00000000003, -0.00000000491
613, 50.00000000000, 658.63699808571, 143.97067216238, 4.12500003222, 0.00000000000, -0.00000000056, -0.00000000467
614, 50.00000000000, 657.12786702842, 89.50229926457, 4.12500003222, 0.00000000000, -0.00000000055, -0.00000000377
615, 50.00000000000, 672.16761116471, 159.24600320840, 4.12500003222, 0.00000000000, -0.00000000102, 0.00000000126
616, 50.00000000000, 682.58172477581, 118.34686697366, 4.12500003222, 0.00000000000, 0.00000000230, -0.00000000257
617, 50.00000000000, 691.42275714192, 154.94193822306, 4.12500003222, 0.00000000000, 0.00000000062, -0.00000000089
618, 50.00000000000, 710.22478965930, 147.66274380663, 4.12500003222, 0.00000000000, 0.00000000018, -0.00000000116
619, 50.00000000000, 746.35684673115, 144.26820831417, 4.12500003222, 0.00000000000, -0.00000000196, -0.00000000633
620, 50.00000000000, 749.02149917809, 165.13716573758, 4.12500003222, 0.00000000000, 0.00000000191, -0.00000000220
621, 50.00000000000, 763.96204508765, 148.34684468291, 4.12500003222, 0.00000000000, -0.00000000075, 0.00000000648
622, 50.00000000000, 754.79848278335, 108.25030643215, 4.12500003222, 0.00000000000, 0.00000000272, -0.00000000666
623, 50.00000000000, 765.47047320471, 89.45192349058, 4.12500003222, 0.00000000000, 0.00000000070, 0.00000000124
624, 50.00000000000, 782.66307600210, 153.45708262864, 4.12500003222, 0.00000000000, 0.00000000132, 0.00000000669
625, 50.00000000000, 798.76359346163, 106.39276114753, 4.12500003222, 0.00000000000, 0.00000000223, -0.00000001367
626, 50.00000000000, 814.52873611844, 143.05476558618, 4.12500003222, 0.00000000000, -0.00000000009, -0.00000000090
627, 50.00000000000, 833.20519430074, 145.06909716501, 4.12500003222, 0.00000000000, -0.00000000014, 0.00000000040
628, 50.00000000000, 840.51769541614, 164.54228542586, 4.12500003222, 0.00000000000, -0.00000000052, -0.00000000003
629, 50.00000000000, 851.89592476469, 147.42950443763, 4.12500003222, 0.00000000000, -0.00000000028, 0.00000000272
630, 50.00000000000, 879.26375258417, 170.87828062518, 4.12500003222, 0.00000000000, 0.00000000069, -0.00000000237
631, 50.00000000000, 888.12429072576, 97.78410063344, 4.12500003222, 0.00000000000, -0.00000000074, 0.00000000336
632, 50.00000000000, 889.43850504357, 151.86543201605, 4.12500003222, 0.00000000000, 0.00000000102, 0.00000000353
633, 50.00000000000, 908.89189945660, 155.70930866621, 4.12500003222, 0.00000000000, 0.00000000078, 0.00000000074
634, 50.00000000000, 923.70567115648, 106.02040796329, 4.12500003222, 0.00000000000, 0.00000000013, -0.00000000447
635, 50.00000000000, 932.03458816737, 122.73772741206, 4.12500003222, 0.00000000000, 0.00000000160, 0.00000000915
636, 50.00000000000, 949.84434012836, 159.95888978791, 4.12500003222, 0.00000000000, 0.00000000074, 0.00000000096
637, 50.00000000000, 958.27825266328, 140.82150479014, 4.12500003222, 0.00000000000, -0.00000000019, 0.00000000827
638, 50.00000000000, 969.25591743246, 121.44101789583, 4.12500003222, 0.00000000000, 0.00000000177, 0.00000000024
639, 50.00000000000, 970.38406341297, 159.98704085604, 4.12500003222, 0.00000000000, -0.00000000057, -0.00000000483
