0, 50.00000000000, 10.27321467225, 17.13632238895, 4.12500003222, 0.00000000000, 0.00000000625, 0.00000002283
1, 50.00000000000, 23.75796501221, 31.54113429208, 4.12500003222, 0.00000000000, -0.00000000243, -0.00000001120
2, 50.00000000000, 33.86641033785, 18.25608862083, 4.12500003222, 0.00000000000, -0.00000000198, -0.00000001021
3, 50.00000000000, 50.23497221495, 2.48203241664, 4.12500003222, 0.00000000000, -0.00000000315, -0.00000001245
4, 50.00000000000, 61.86590426650, 2.97585239753, 4.12500003222, 0.00000000000, -0.00000000274, -0.00000001403
5, 50.00000000000, 85.15406274172, 30.94929533714, 4.12500003222, 0.00000000000, 0.00000001023, -0.00000000207
6, 50.00000000000, 87.88747526432, 2.88397694966, 4.12500003222, 0.00000000000, -0.00000000067, -0.00000001743
7, 50.00000000000, 101.28068709378, 3.83588590758, 4.12500003222, 0.00000000000, 0.00000000132, -0.00000000044
8, 50.00000000000, 114.99497491947, 2.07023614468, 4.12500003222, 0.00000000000, 0.00000000270, 0.00000000885
9, 50.00000000000, 136.85992907058, 16.75051545622, 4.12500003222, 0.00000000000, 0.00000000609, -0.00000000321
10, 50.00000000000, 141.91462263141, 2.08823667488, 4.12500003222, 0.00000000000, 0.00000000103, 0.00000000895
11, 50.00000000000, 153.24679082405, 31.81760838062, 4.12500003222, 0.00000000000, -0.00000000011, 0.00000000497
12, 50.00000000000, 179.94983191464, 2.95517273642, 4.12500003222, 0.00000000000, 0.00000000181, 0.00000001209
13, 50.00000000000, 198.79643022858, 16.11863254529, 4.12500003222, 0.00000000000, 0.00000000351, -0.00000000630
14, 50.00000000000, 208.77543325126, 2.21217435563, 4.12500003222, 0.00000000000, 0.00000000946, 0.00000003007
15, 50.00000000000, 223.54424958593, 4.11494685930, 4.12500003222, 0.00000000000, 0.00000000213, -0.00000000907
16, 50.00000000000, 208.22667173402, -30000000.00000000000, 0.00000000000, 0.00000000000, 0.00000115154, 0.66000001198
17, 50.00000000000, 213.76424265825, -30000000.00000000000, 0.00000000000, 0.00000000000, 0.00000049963, 0.66000001198
18, 50.00000000000, 229.94224378330, -30000000.00000000000, 0.00000000000, 0.00000000000, 0.00000015379, 0.66000001198
19, 50.00000000000, 244.13286548676, -30000000.00000000000, 0.00000000000, 0.00000000000, -0.00000014619, 0.66000001198
20, 50.00000000000, 253.96796257493, -30000000.00000000000, 0.00000000000, 0.00000000000, -0.00000066756, 0.66000001198
21, 50.00000000000, 264.79881561854, -30000000.00000000000, 0.00000000000, 0.00000000000, -0.00000005951, 0.66000001198
22, 50.00000000000, 280.63535351577, -30000000.00000000000, 0.00000000000, 0.00000000000, 0.00000016067, 0.66000001198
23, 50.00000000000, 294.70160323369, -30000000.00000000000, 0.00000000000, 0.00000000000, 0.00000011490, 0.66000001198
24, 50.00000000000, 307.60294978990, -30000000.00000000000, 0.00000000000, 0.00000000000, -0.00000007892, 0.66000001198
25, 50.00000000000, 317.90542162059, 3.12499230666, 4.12500003222, 0.00000000000, 0.00000000247, -0.00000000215
26, 50.00000000000, 326.68704206073, -30000000.00000000000, 0.00000000000, 0.00000000000, -0.00000005264, 0.66000001198
27, 50.00000000000, 339.94151297158, -30000000.00000000000, 0.00000000000, 0.00000000000, -0.00000014168, 0.66000001198
28, 50.00000000000, 354.06282115022, -30000000.00000000000, 0.00000000000, 0.00000000000, 0.00000098921, 0.66000001198
29, 50.00000000000, 365.55035494571, -30000000.00000000000, 0.00000000000, 0.00000000000, 0.00000040642, 0.66000001198
30, 50.00000000000, 376.87332328468, -30000000.00000000000, 0.00000000000, 0.00000000000, -0.00000101942, 0.66000001198
31, 50.00000000000, 388.71777236206, -30000000.00000000000, 0.00000000000, 0.00000000000, -0.00000044471, 0.66000001198
32, 50.00000000000, 402.99085056884, -30000000.00000000000, 0.00000000000, 0.00000000000, 0.00000077614, 0.66000001198
33, 50.00000000000, 414.83214489825, -30000000.00000000000, 0.00000000000, 0.00000000000, 0.00000039648, 0.66000001198
34, 50.00000000000, 426.04141033366, -30000000.00000000000, 0.00000000000, 0.00000000000, 0.00000005786, 0.66000001198
35, 50.00000000000, 437.83710673625, -30000000.00000000000, 0.00000000000, 0.00000000000, -0.00000027553, 0.66000001198
36, 50.00000000000, 450.99594423687, -30000000.00000000000, 0.00000000000, 0.00000000000, 0.00000047505, 0.66000001198
37, 50.00000000000, 463.37733766994, -30000000.00000000000, 0.00000000000, 0.00000000000, 0.00000100725, 0.66000001198
38, 50.00000000000, 475.67371066930, -30000000.00000000000, 0.00000000000, 0.00000000000, 0.00000042633, 0.66000001198
39, 50.00000000000, 486.90878113248, -30000000.00000000000, 0.00000000000, 0.00000000000, -0.00000028420, 0.66000001198
40, 50.00000000000, 499.79379532237, -30000000.00000000000, 0.00000000000, 0.00000000000, -0.00000084553, 0.66000001198
41, 50.00000000000, 511.55568440894, -30000000.00000000000, 0.00000000000, 0.00000000000, -0.00000087892, 0.66000001198
42, 50.00000000000, 523.33515310431, -30000000.00000000000, 0.00000000000, 0.00000000000, -0.00000093565, 0.66000001198
43, 50.00000000000, 535.28943235250, -30000000.00000000000, 0.00000000000, 0.00000000000, -0.00000047899, 0.66000001198
44, 50.00000000000, 550.12278541250, -30000000.00000000000, 0.00000000000, 0.00000000000, 0.00000057207, 0.66000001198
45, 50.00000000000, 566.74227201790, 15.08574819487, 4.12500003222, 0.00000000000, -0.00000000319, 0.00000000798
46, 50.00000000000, 576.50097792125, 4.21877443442, 4.12500003222, 0.00000000000, 0.00000000182, -0.00000000892
47, 50.00000000000, 586.28339126059, -30000000.00000000000, 0.00000000000, 0.00000000000, 0.00000044714, 0.66000001198
48, 50.00000000000, 597.74581124727, -30000000.00000000000, 0.00000000000, 0.00000000000, -0.00000038109, 0.66000001198
49, 50.00000000000, 608.48360297781, -30000000.00000000000, 0.00000000000, 0.00000000000, -0.00000012533, 0.66000001198
50, 50.00000000000, 624.73614211956, -30000000.00000000000, 0.00000000000, 0.00000000000, 0.00000063119, 0.66000001198
51, 50.00000000000, 635.82581923760, -30000000.00000000000, 0.00000000000, 0.00000000000, 0.00000012379, 0.66000001198
52, 50.00000000000, 643.39580675088, 15.71177620796, 4.12500003222, 0.00000000000, -0.00000000604, -0.00000000776
53, 50.00000000000, 652.55213064085, 44.67836291181, 4.12500003222, 0.00000000000, -0.00000000057, -0.00000000188
54, 50.00000000000, 669.59336286181, -30000000.00000000000, 0.00000000000, 0.00000000000, -0.00000035752, 0.66000001198
55, 50.00000000000, 681.16847803971, -30000000.00000000000, 0.00000000000, 0.00000000000, -0.00000029181, 0.66000001198
56, 50.00000000000, 696.24562670037, 17.02513089251, 4.12500003222, 0.00000000000, -0.00000000484, -0.00000002032
57, 50.00000000000, 708.72372100008, -30000000.00000000000, 0.00000000000, 0.00000000000, -0.00000007479, 0.66000001198
58, 50.00000000000, 723.17185629108, -30000000.00000000000, 0.00000000000, 0.00000000000, 0.00000020975, 0.66000001198
59, 50.00000000000, 720.49488659596, 3.60669605433, 4.12500003222, 0.00000000000, -0.00000000246, -0.00000000492
60, 50.00000000000, 742.96208129179, -30000000.00000000000, 0.00000000000, 0.00000000000, -0.00000077548, 0.66000001198
61, 50.00000000000, 759.35408853091, -30000000.00000000000, 0.00000000000, 0.00000000000, 0.00000044091, 0.66000001198
62, 50.00000000000, 759.51109574613, 16.54446319672, 4.12500003222, 0.00000000000, -0.00000000540, -0.00000000277
63, 50.00000000000, 780.12593893422, -30000000.00000000000, 0.00000000000, 0.00000000000, 0.00000010643, 0.66000001198
64, 50.00000000000, 794.14408114276, -30000000.00000000000, 0.00000000000, 0.00000000000, -0.00000070843, 0.66000001198
65, 50.00000000000, 782.13638861465, 3.26710244075, 4.12500003222, 0.00000000000, -0.00000000417, -0.00000000897
66, 50.00000000000, 796.04169531239, 3.18517342502, 4.12500003222, 0.00000000000, -0.00000000339, -0.00000001516
67, 50.00000000000, 809.93934003456, 3.48018415318, 4.12500003222, 0.00000000000, -0.00000000349, -0.00000000909
68, 50.00000000000, 834.09042234173, 2.62000938992, 4.12500003222, 0.00000000000, -0.00000000184, 0.00000001005
69, 50.00000000000, 845.90310248295, 3.16714171781, 4.12500003222, 0.00000000000, -0.00000000165, 0.00000001659
70, 50.00000000000, 862.58745985029, 45.07642843016, 4.12500003222, 0.00000000000, -0.00000000161, 0.00000001874
71, 50.00000000000, 869.40534445659, 3.04843524818, 4.12500003222, 0.00000000000, -0.00000000199, -0.00000000689
72, 50.00000000000, 887.02160375163, 17.55412613872, 4.12500003222, 0.00000000000, -0.00000000048, -0.00000000268
73, 50.00000000000, 892.98273005545, 3.32239228281, 4.12500003222, 0.00000000000, -0.00000000331, -0.00000000674
74, 50.00000000000, 910.68172960654, 16.71386798495, 4.12500003222, 0.00000000000, -0.00000000217, -0.00000000810
75, 50.00000000000, 928.10786053354, 1.93965450384, 4.12500003222, 0.00000000000, -0.00000000324, 0.00000000720
76, 50.00000000000, 940.03147045505, 2.18888230161, 4.12500003222, 0.00000000000, -0.00000000140, 0.00000001604
77, 50.00000000000, 963.76775910097, 2.82378198002, 4.12500003222, 0.00000000000, -0.00000000169, 0.00000001380
78, 50.00000000000, 967.58684902264, 18.19176535810, 4.12500003222, 0.00000000000, 0.00000000040, -0.00000001347
79, 50.00000000000, 989.87307321295, 2.34777899371, 4.12500003222, 0.00000000000, 0.00000005719, 0.00000000111
80, 50.00000000000, 10.08462262674, 4.30036955848, 4.12500003222, 0.00000000000, 0.00000000551, -0.00000003057
81, 50.00000000000, 24.37178189767, 1.93372843297, 4.12500003222, 0.00000000000, -0.00000000556, -0.00000000228
82, 50.00000000000, 37.70700902651, 4.35536791707, 4.12500003222, 0.00000000000, -0.00000000521, -0.00000001883
83, 50.00000000000, 52.58327436197, 31.52937351494, 4.12500003222, 0.00000000000, 0.00000000188, -0.00000000343
84, 50.00000000000, 57.07267173904, 16.51999821209, 4.12500003222, 0.00000000000, 0.00000000184, 0.00000000436
85, 50.00000000000, 68.61299347245, 15.71704341845, 4.12500003222, 0.00000000000, 0.00000000218, 0.00000002116
86, 50.00000000000, 91.73098530588, 15.99645273869, 4.12500003222, 0.00000000000, 0.00000000042, 0.00000000096
87, 50.00000000000, 102.85503036539, 19.04213903798, 4.12500003222, 0.00000000000, -0.00000000125, -0.00000000948
88, 50.00000000000, 113.84601997943, 15.86689877277, 4.12500003222, 0.00000000000, 0.00000000111, -0.00000001293
89, 50.00000000000, 129.13474335095, 2.81686720081, 4.12500003222, 0.00000000000, 0.00000000288, -0.00000000494
90, 50.00000000000, 153.71822433147, 2.25837610818, 4.12500003222, 0.00000000000, 0.00000000307, -0.00000000165
91, 50.00000000000, 171.75217923771, 17.11886227779, 4.12500003222, 0.00000000000, 0.00000000563, -0.00000000589
92, 50.00000000000, 168.86536673576, 33.54400330790, 4.12500003222, 0.00000000000, 0.00000000151, -0.00000000126
93, 50.00000000000, 194.15954219163, 2.99023286356, 4.12500003222, 0.00000000000, 0.00000000497, 0.00000001198
94, 50.00000000000, 200.45757408336, 32.48473632905, 4.12500003222, 0.00000000000, 0.00000000182, 0.00000000606
95, 50.00000000000, 212.60411058408, 15.95533423882, 4.12500003222, 0.00000000000, -0.00000000042, -0.00000001272
96, 50.00000000000, 202.57338299038, -30000000.00000000000, 0.00000000000, 0.00000000000, 0.00000076275, 0.66000001198
97, 50.00000000000, 222.79919618003, -30000000.00000000000, 0.00000000000, 0.00000000000, 0.00000051856, 0.66000001198
98, 50.00000000000, 232.29331374866, -30000000.00000000000, 0.00000000000, 0.00000000000, 0.00000014132, 0.66000001198
99, 50.00000000000, 257.91946926965, 16.62579380939, 4.12500003222, 0.00000000000, 0.00000000118, -0.00000000665
100, 50.00000000000, 255.36277568580, -30000000.00000000000, 0.00000000000, 0.00000000000, -0.00000000119, 0.66000001198
101, 50.00000000000, 268.01820305228, -30000000.00000000000, 0.00000000000, 0.00000000000, 0.00000017156, 0.66000001198
102, 50.00000000000, 279.54431787454, -30000000.00000000000, 0.00000000000, 0.00000000000, -0.00000012189, 0.66000001198
103, 50.00000000000, 287.21717044596, -30000000.00000000000, 0.00000000000, 0.00000000000, -0.00000049127, 0.66000001198
104, 50.00000000000, 300.80687530219, 3.88331462918, 4.12500003222, 0.00000000000, -0.00000000168, -0.00000000963
105, 50.00000000000, 316.98498441959, -30000000.00000000000, 0.00000000000, 0.00000000000, 0.00000037156, 0.66000001198
106, 50.00000000000, 328.60562503386, -30000000.00000000000, 0.00000000000, 0.00000000000, 0.00000022329, 0.66000001198
107, 50.00000000000, 340.49179333036, -30000000.00000000000, 0.00000000000, 0.00000000000, -0.00000021861, 0.66000001198
108, 50.00000000000, 353.17113961610, -30000000.00000000000, 0.00000000000, 0.00000000000, 0.00000066808, 0.66000001198
109, 50.00000000000, 362.99196628060, 15.65849153904, 4.12500003222, 0.00000000000, -0.00000000002, -0.00000000745
110, 50.00000000000, 375.71693185738, -30000000.00000000000, 0.00000000000, 0.00000000000, -0.00000084570, 0.66000001198
111, 50.00000000000, 391.30410018324, -30000000.00000000000, 0.00000000000, 0.00000000000, 0.00000051196, 0.66000001198
112, 50.00000000000, 403.00882992711, -30000000.00000000000, 0.00000000000, 0.00000000000, 0.00000077365, 0.66000001198
113, 50.00000000000, 414.26956395077, -30000000.00000000000, 0.00000000000, 0.00000000000, 0.00000048845, 0.66000001198
114, 50.00000000000, 426.35895140178, -30000000.00000000000, 0.00000000000, 0.00000000000, 0.00000045446, 0.66000001198
115, 50.00000000000, 438.44262294446, -30000000.00000000000, 0.00000000000, 0.00000000000, -0.00000038823, 0.66000001198
116, 50.00000000000, 461.97884398738, 12.38068058322, 4.12500003222, 0.00000000000, -0.00000000579, 0.00000001155
117, 50.00000000000, 459.94167153366, -30000000.00000000000, 0.00000000000, 0.00000000000, -0.00000005460, 0.66000001198
118, 50.00000000000, 472.81325649713, -30000000.00000000000, 0.00000000000, 0.00000000000, -0.00000079077, 0.66000001198
119, 50.00000000000, 490.26450346520, -30000000.00000000000, 0.00000000000, 0.00000000000, 0.00000033916, 0.66000001198
120, 50.00000000000, 502.10377594791, -30000000.00000000000, 0.00000000000, 0.00000000000, 0.00000005694, 0.66000001198
121, 50.00000000000, 513.68825014400, -30000000.00000000000, 0.00000000000, 0.00000000000, 0.00000052916, 0.66000001198
122, 50.00000000000, 520.89186288379, 7.54837372052, 4.12500003222, 0.00000000000, 0.00000000142, 0.00000000385
123, 50.00000000000, 537.80393209933, -30000000.00000000000, 0.00000000000, 0.00000000000, 0.00000000747, 0.66000001198
124, 50.00000000000, 549.63186092820, -30000000.00000000000, 0.00000000000, 0.00000000000, 0.00000065370, 0.66000001198
125, 50.00000000000, 563.75545288424, -30000000.00000000000, 0.00000000000, 0.00000000000, 0.00000056012, 0.66000001198
126, 50.00000000000, 573.03290200298, -30000000.00000000000, 0.00000000000, 0.00000000000, -0.00000027657, 0.66000001198
127, 50.00000000000, 585.50473027267, -30000000.00000000000, 0.00000000000, 0.00000000000, -0.00000033269, 0.66000001198
128, 50.00000000000, 599.75141877230, -30000000.00000000000, 0.00000000000, 0.00000000000, 0.00000019743, 0.66000001198
129, 50.00000000000, 610.99472710897, -30000000.00000000000, 0.00000000000, 0.00000000000, 0.00000026081, 0.66000001198
130, 50.00000000000, 622.61268288177, -30000000.00000000000, 0.00000000000, 0.00000000000, 0.00000058286, 0.66000001198
131, 50.00000000000, 634.90067491307, -30000000.00000000000, 0.00000000000, 0.00000000000, -0.00000018296, 0.66000001198
132, 50.00000000000, 646.63026146695, -30000000.00000000000, 0.00000000000, 0.00000000000, -0.00000070736, 0.66000001198
133, 50.00000000000, 658.68726744672, -30000000.00000000000, 0.00000000000, 0.00000000000, -0.00000016096, 0.66000001198
134, 50.00000000000, 667.18004639856, 54.08049001845, 4.12500003222, 0.00000000000, 0.00000000315, 0.00000000138
135, 50.00000000000, 682.51015144925, -30000000.00000000000, 0.00000000000, 0.00000000000, 0.00000002062, 0.66000001198
136, 50.00000000000, 695.76920200740, -30000000.00000000000, 0.00000000000, 0.00000000000, 0.00000024950, 0.66000001198
137, 50.00000000000, 705.99403140370, -30000000.00000000000, 0.00000000000, 0.00000000000, -0.00000017018, 0.66000001198
138, 50.00000000000, 721.66005879673, -30000000.00000000000, 0.00000000000, 0.00000000000, 0.00000037606, 0.66000001198
139, 50.00000000000, 732.46234788748, 49.55863247289, 4.12500003222, 0.00000000000, -0.00000000279, 0.00000000253
140, 50.00000000000, 744.08043469145, -30000000.00000000000, 0.00000000000, 0.00000000000, -0.00000045231, 0.66000001198
141, 50.00000000000, 736.51679485809, 2.94981148757, 4.12500003222, 0.00000000000, -0.00000000403, 0.00000000376
142, 50.00000000000, 752.06923875324, 2.98333448173, 4.12500003222, 0.00000000000, 0.00000000067, 0.00000000483
143, 50.00000000000, 782.19483095101, -30000000.00000000000, 0.00000000000, 0.00000000000, -0.00000012319, 0.66000001198
144, 50.00000000000, 795.14437985823, -30000000.00000000000, 0.00000000000, 0.00000000000, -0.00000079004, 0.66000001198
145, 50.00000000000, 792.47147472564, 32.27596000377, 4.12500003222, 0.00000000000, -0.00000000252, -0.00000000691
146, 50.00000000000, 802.61958707902, 15.91850716378, 4.12500003222, 0.00000000000, -0.00000000041, 0.00000001782
147, 50.00000000000, 828.54622784641, 31.30827875362, 4.12500003222, 0.00000000000, 0.00000000080, -0.00000000377
148, 50.00000000000, 842.28035964050, 38.86321159689, 4.12500003222, 0.00000000000, 0.00000000115, -0.00000000959
149, 50.00000000000, 847.31695874448, 18.08425110196, 4.12500003222, 0.00000000000, -0.00000000275, -0.00000001882
150, 50.00000000000, 862.55118325238, 17.35396026198, 4.12500003222, 0.00000000000, -0.00000000188, -0.00000002760
151, 50.00000000000, 875.11111509864, 17.02239817741, 4.12500003222, 0.00000000000, -0.00000000351, 0.00000000792
152, 50.00000000000, 890.10108908415, 33.65233172840, 4.12500003222, 0.00000000000, -0.00000000227, 0.00000000880
153, 50.00000000000, 905.76959041541, 31.65760351554, 4.12500003222, 0.00000000000, -0.00000000122, -0.00000000490
154, 50.00000000000, 904.81963801572, 2.55815921712, 4.12500003222, 0.00000000000, -0.00000000064, -0.00000000231
155, 50.00000000000, 933.57911811415, 15.89280961554, 4.12500003222, 0.00000000000, 0.00000000251, 0.00000000465
156, 50.00000000000, 945.22676964114, 16.73299096007, 4.12500003222, 0.00000000000, -0.00000000232, -0.00000000012
157, 50.00000000000, 956.31980214157, 15.66501176656, 4.12500003222, 0.00000000000, 0.00000000011, -0.00000000541
158, 50.00000000000, 975.73107532215, 1.60625626552, 4.12500003222, 0.00000000000, -0.00000000292, 0.00000002424
159, 50.00000000000, 989.81792848862, 16.14592023678, 4.12500003222, 0.00000000000, -0.00000000737, 0.00000002171
160, 50.00000000000, 10.24715212540, 35.72285873860, 4.12500003222, 0.00000000000, 0.00000000383, 0.00000000180
161, 50.00000000000, 22.28744570907, 15.20151758912, 4.12500003222, 0.00000000000, 0.00000000142, 0.00000000488
162, 50.00000000000, 37.74703876260, 36.05933304878, 4.12500003222, 0.00000000000, 0.00000000361, -0.00000000565
163, 50.00000000000, 48.15451123275, 47.92594873770, 4.12500003222, 0.00000000000, -0.00000000105, 0.00000000413
164, 50.00000000000, 62.83108037297, 45.02785936837, 4.12500003222, 0.00000000000, 0.00000000281, 0.00000000221
165, 50.00000000000, 69.22498520968, 30.68228787213, 4.12500003222, 0.00000000000, 0.00000000582, -0.00000000345
166, 50.00000000000, 80.18324751761, 15.70680411088, 4.12500003222, 0.00000000000, 0.00000000305, 0.00000000847
167, 50.00000000000, 98.64828069837, 58.76201883669, 4.12500003222, 0.00000000000, 0.00000001845, -0.00000000702
168, 50.00000000000, 121.65370711869, 32.13570708216, 4.12500003222, 0.00000000000, -0.00000000375, 0.00000000258
169, 50.00000000000, 125.24090399302, 16.25109712803, 4.12500003222, 0.00000000000, 0.00000000433, -0.00000000527
170, 50.00000000000, 137.28861465855, 32.69232720894, 4.12500003222, 0.00000000000, -0.00000000291, -0.00000000059
171, 50.00000000000, 160.31816391127, 16.74057064796, 4.12500003222, 0.00000000000, 0.00000000318, -0.00000001132
172, 50.00000000000, 166.32738143901, 2.95722056679, 4.12500003222, 0.00000000000, 0.00000000359, 0.00000000267
173, 50.00000000000, 184.85964887754, 32.83864049105, 4.12500003222, 0.00000000000, 0.00000000064, 0.00000000143
174, 50.00000000000, 193.33423865147, 49.52653019723, 4.12500003222, 0.00000000000, -0.00000000072, -0.00000000200
175, 50.00000000000, 209.46223693008, 48.25676735685, 4.12500003222, 0.00000000000, -0.00000000606, 0.00000000666
176, 50.00000000000, 227.18091730235, 16.88744479505, 4.12500003222, 0.00000000000, 0.00000000215, -0.00000001960
177, 50.00000000000, 238.42918845491, 3.07669659151, 4.12500003222, 0.00000000000, 0.00000000331, 0.00000001272
178, 50.00000000000, 253.41302302232, 3.74599839062, 4.12500003222, 0.00000000000, 0.00000000639, 0.00000000079
179, 50.00000000000, 243.14466202411, -30000000.00000000000, 0.00000000000, 0.00000000000, -0.00000041561, 0.66000001198
180, 50.00000000000, 266.46885896908, 97.18641605371, 4.12500003222, 0.00000000000, -0.00000000080, 0.00000000421
181, 50.00000000000, 269.40669222376, -30000000.00000000000, 0.00000000000, 0.00000000000, 0.00000040018, 0.66000001198
182, 50.00000000000, 282.29799387953, 30.97411941022, 4.12500003222, 0.00000000000, 0.00000000680, -0.00000001223
183, 50.00000000000, 288.96575128891, -30000000.00000000000, 0.00000000000, 0.00000000000, -0.00000079869, 0.66000001198
184, 50.00000000000, 301.84392918219, -30000000.00000000000, 0.00000000000, 0.00000000000, -0.00000092892, 0.66000001198
185, 50.00000000000, 325.87340962459, 16.53765495570, 4.12500003222, 0.00000000000, -0.00000000054, 0.00000000019
186, 50.00000000000, 331.69369318938, 33.99869733575, 4.12500003222, 0.00000000000, 0.00000000087, -0.00000000067
187, 50.00000000000, 342.77121001036, 16.16029975809, 4.12500003222, 0.00000000000, 0.00000000425, 0.00000000884
188, 50.00000000000, 354.96528109766, -30000000.00000000000, 0.00000000000, 0.00000000000, 0.00000085333, 0.66000001198
189, 50.00000000000, 373.61623379581, 4.65346939724, 4.12500003222, 0.00000000000, -0.00000000158, -0.00000000561
190, 50.00000000000, 377.91496853261, -30000000.00000000000, 0.00000000000, 0.00000000000, -0.00000117520, 0.66000001198
191, 50.00000000000, 394.01270427467, 2.71133137737, 4.12500003222, 0.00000000000, 0.00000000372, 0.00000000667
192, 50.00000000000, 407.97008918650, 38.72725258815, 4.12500003222, 0.00000000000, -0.00000000225, -0.00000000228
193, 50.00000000000, 425.77255650027, 70.94989576710, 4.12500003222, 0.00000000000, -0.00000000001, 0.00000000052
194, 50.00000000000, 430.16335874801, 7.95410303556, 4.12500003222, 0.00000000000, 0.00000000077, -0.00000000095
195, 50.00000000000, 444.19157418868, 41.54212993539, 4.12500003222, 0.00000000000, 0.00000000019, -0.00000001203
196, 50.00000000000, 450.26242220928, -30000000.00000000000, 0.00000000000, 0.00000000000, -0.00000030861, 0.66000001198
197, 50.00000000000, 464.90035624323, -30000000.00000000000, 0.00000000000, 0.00000000000, 0.00000067639, 0.66000001198
198, 50.00000000000, 475.88661363049, -30000000.00000000000, 0.00000000000, 0.00000000000, 0.00000084178, 0.66000001198
199, 50.00000000000, 489.47372612907, 10.68793058449, 4.12500003222, 0.00000000000, 0.00000000769, -0.00000000007
200, 50.00000000000, 500.07872982327, -30000000.00000000000, 0.00000000000, 0.00000000000, -0.00000044850, 0.66000001198
201, 50.00000000000, 515.09500241489, 24.98719618801, 4.12500003222, 0.00000000000, -0.00000000003, 0.00000000465
202, 50.00000000000, 524.77836579294, -30000000.00000000000, 0.00000000000, 0.00000000000, -0.00000030112, 0.66000001198
203, 50.00000000000, 536.72895892946, -30000000.00000000000, 0.00000000000, 0.00000000000, 0.00000018858, 0.66000001198
204, 50.00000000000, 556.23447228655, 3.57491721759, 4.12500003222, 0.00000000000, -0.00000000319, 0.00000001299
205, 50.00000000000, 560.76085666437, -30000000.00000000000, 0.00000000000, 0.00000000000, -0.00000021032, 0.66000001198
206, 50.00000000000, 578.16603327864, -30000000.00000000000, 0.00000000000, 0.00000000000, 0.00000059922, 0.66000001198
207, 50.00000000000, 585.97926233251, 16.23579636724, 4.12500003222, 0.00000000000, 0.00000000215, -0.00000000841
208, 50.00000000000, 596.80202163893, -30000000.00000000000, 0.00000000000, 0.00000000000, -0.00000066822, 0.66000001198
209, 50.00000000000, 604.67757744349, 15.00741959132, 4.12500003222, 0.00000000000, -0.00000000088, 0.00000000635
210, 50.00000000000, 619.88729024059, -30000000.00000000000, 0.00000000000, 0.00000000000, -0.00000072238, 0.66000001198
211, 50.00000000000, 632.67490424169, -30000000.00000000000, 0.00000000000, 0.00000000000, -0.00000074873, 0.66000001198
212, 50.00000000000, 647.34120047629, -30000000.00000000000, 0.00000000000, 0.00000000000, -0.00000082565, 0.66000001198
213, 50.00000000000, 653.28674059272, 4.02806966435, 4.12500003222, 0.00000000000, -0.00000000438, 0.00000000384
214, 50.00000000000, 663.14169686209, 16.04537249355, 4.12500003222, 0.00000000000, -0.00000000541, -0.00000000112
215, 50.00000000000, 687.21588419121, -30000000.00000000000, 0.00000000000, 0.00000000000, 0.00000041688, 0.66000001198
216, 50.00000000000, 687.69646104758, 3.65579865109, 4.12500003222, 0.00000000000, 0.00000000120, -0.00000000137
217, 50.00000000000, 704.08517466186, 3.53214883177, 4.12500003222, 0.00000000000, -0.00000000442, 0.00000000150
218, 50.00000000000, 719.24773235755, -30000000.00000000000, 0.00000000000, 0.00000000000, -0.00000025155, 0.66000001198
219, 50.00000000000, 712.70828766120, 16.11975824601, 4.12500003222, 0.00000000000, -0.00000000021, 0.00000000366
220, 50.00000000000, 728.96544320697, 16.20328916124, 4.12500003222, 0.00000000000, -0.00000000098, -0.00000000232
221, 50.00000000000, 753.45855696009, -30000000.00000000000, 0.00000000000, 0.00000000000, 0.00000015299, 0.66000001198
222, 50.00000000000, 767.78033302590, 48.12199915953, 4.12500003222, 0.00000000000, 0.00000000046, -0.00000000289
223, 50.00000000000, 767.60544271224, 3.83560765668, 4.12500003222, 0.00000000000, -0.00000000242, -0.00000000559
224, 50.00000000000, 790.93703551773, -30000000.00000000000, 0.00000000000, 0.00000000000, -0.00000045398, 0.66000001198
225, 50.00000000000, 774.16921672046, 16.71853252285, 4.12500003222, 0.00000000000, -0.00000000333, 0.00000000592
226, 50.00000000000, 818.43590073802, 59.16743888679, 4.12500003222, 0.00000000000, -0.00000000093, 0.00000000680
227, 50.00000000000, 820.47352722847, 43.75011410519, 4.12500003222, 0.00000000000, -0.00000000202, 0.00000000810
228, 50.00000000000, 822.42920907187, 3.70610157462, 4.12500003222, 0.00000000000, 0.00000000146, -0.00000000239
229, 50.00000000000, 856.65090034474, 31.44501485739, 4.12500003222, 0.00000000000, -0.00000000891, 0.00000001249
230, 50.00000000000, 857.54332438253, 3.61199276828, 4.12500003222, 0.00000000000, -0.00000000051, 0.00000000918
231, 50.00000000000, 873.71015172368, 33.03194666476, 4.12500003222, 0.00000000000, 0.00000000293, -0.00000000611
232, 50.00000000000, 881.19298745180, 3.53439108572, 4.12500003222, 0.00000000000, 0.00000000038, -0.00000000745
233, 50.00000000000, 912.71599235590, 75.40260831431, 4.12500003222, 0.00000000000, -0.00000000108, 0.00000000555
234, 50.00000000000, 898.82262216852, 16.55739764039, 4.12500003222, 0.00000000000, -0.00000000413, -0.00000000108
235, 50.00000000000, 916.58905355100, 4.13055082145, 4.12500003222, 0.00000000000, -0.00000000128, -0.00000001132
236, 50.00000000000, 951.84929745812, 1.58348654030, 4.12500003222, 0.00000000000, 0.00000000043, 0.00000001675
237, 50.00000000000, 956.78987045768, 31.55223784734, 4.12500003222, 0.00000000000, 0.00000000177, 0.00000000795
238, 50.00000000000, 974.73566843709, 34.99016525074, 4.12500003222, 0.00000000000, 0.00000000364, -0.00000000467
239, 50.00000000000, 978.36072518667, 15.20949808075, 4.12500003222, 0.00000000000, 0.00000000022, 0.00000000357
240, 50.00000000000, 10.22062844860, 73.38785456059, 4.12500003222, 0.00000000000, 0.00000000311, -0.00000000737
241, 50.00000000000, 25.48787596243, 47.50807817140, 4.12500003222, 0.00000000000, -0.00000000197, 0.00000000472
242, 50.00000000000, 37.57536115462, 58.35561564674, 4.12500003222, 0.00000000000, -0.00000000358, 0.00000001146
243, 50.00000000000, 45.38570189455, 16.43413380694, 4.12500003222, 0.00000000000, 0.00000000218, 0.00000000679
244, 50.00000000000, 67.79008296054, 59.06061696094, 4.12500003222, 0.00000000000, -0.00000000392, -0.00000000187
245, 50.00000000000, 74.46122447202, 2.50728099208, 4.12500003222, 0.00000000000, -0.00000000052, -0.00000001826
246, 50.00000000000, 83.66972415321, 84.94222717220, 4.12500003222, 0.00000000000, -0.00000000113, 0.00000000724
247, 50.00000000000, 107.13983873857, 35.66012066125, 4.12500003222, 0.00000000000, -0.00000000207, -0.00000000617
248, 50.00000000000, 111.26782479828, 73.21948688028, 4.12500003222, 0.00000000000, 0.00000000180, 0.00000000310
249, 50.00000000000, 125.50368250484, 65.51197605105, 4.12500003222, 0.00000000000, 0.00000000038, -0.00000000634
250, 50.00000000000, 148.27531041837, 16.37018090207, 4.12500003222, 0.00000000000, 0.00000000139, 0.00000000655
251, 50.00000000000, 154.93437369456, 67.51508708886, 4.12500003222, 0.00000000000, 0.00000000183, 0.00000000070
252, 50.00000000000, 184.58637236337, 16.63617134453, 4.12500003222, 0.00000000000, 0.00000000211, -0.00000000886
253, 50.00000000000, 174.33018869259, 76.69911446499, 4.12500003222, 0.00000000000, -0.00000000456, 0.00000000694
254, 50.00000000000, 187.15198360409, 65.39014982412, 4.12500003222, 0.00000000000, -0.00000000278, 0.00000000066
255, 50.00000000000, 216.45042628192, 32.93000431377, 4.12500003222, 0.00000000000, 0.00000000005, -0.00000001696
256, 50.00000000000, 233.22151835215, 31.61746332761, 4.12500003222, 0.00000000000, 0.00000000188, 0.00000001348
257, 50.00000000000, 219.73668488582, -30000000.00000000000, 0.00000000000, 0.00000000000, 0.00000108519, 0.66000001198
258, 50.00000000000, 242.54428316315, 16.81852486113, 4.12500003222, 0.00000000000, 0.00000000130, -0.00000001216
259, 50.00000000000, 241.17362709907, -30000000.00000000000, 0.00000000000, 0.00000000000, -0.00000007953, 0.66000001198
260, 50.00000000000, 258.46704120800, 49.26913218490, 4.12500003222, 0.00000000000, 0.00000000267, -0.00000000636
261, 50.00000000000, 268.40944087202, 3.41561652939, 4.12500003222, 0.00000000000, 0.00000000271, -0.00000000297
262, 50.00000000000, 284.48336095572, 3.48744433668, 4.12500003222, 0.00000000000, 0.00000000142, 0.00000001122
263, 50.00000000000, 292.83246542871, 17.05118330009, 4.12500003222, 0.00000000000, 0.00000000150, 0.00000000727
264, 50.00000000000, 304.31366211554, 89.29678027024, 4.12500003222, 0.00000000000, -0.00000000146, -0.00000000080
265, 50.00000000000, 309.22448103366, 15.75148528115, 4.12500003222, 0.00000000000, 0.00000000387, 0.00000001207
266, 50.00000000000, 334.79922170246, 3.75639925531, 4.12500003222, 0.00000000000, 0.00000000136, -0.00000000617
267, 50.00000000000, 353.08787770226, 4.14826437379, 4.12500003222, 0.00000000000, 0.00000000387, 0.00000000489
268, 50.00000000000, 347.95879456582, 46.89423432996, 4.12500003222, 0.00000000000, 0.00000000251, -0.00000001382
269, 50.00000000000, 363.13141092083, 59.05329136586, 4.12500003222, 0.00000000000, 0.00000000013, 0.00000001177
270, 50.00000000000, 385.25503670948, 91.56630250916, 4.12500003222, 0.00000000000, -0.00000000007, 0.00000000463
271, 50.00000000000, 392.00686830785, 32.88280250896, 4.12500003222, 0.00000000000, 0.00000000285, -0.00000000697
272, 50.00000000000, 404.32847290744, 89.93235053825, 4.12500003222, 0.00000000000, 0.00000000138, 0.00000000206
273, 50.00000000000, 413.52066601741, 5.28784220388, 4.12500003222, 0.00000000000, 0.00000000017, 0.00000000279
274, 50.00000000000, 433.47185520721, 24.79343764069, 4.12500003222, 0.00000000000, 0.00000000033, 0.00000001031
275, 50.00000000000, 448.80313376447, 22.99656076351, 4.12500003222, 0.00000000000, 0.00000000027, -0.00000000287
276, 50.00000000000, 449.12474806271, -30000000.00000000000, 0.00000000000, 0.00000000000, -0.00000009040, 0.66000001198
277, 50.00000000000, 475.30113356843, 5.16667246777, 4.12500003222, 0.00000000000, 0.00000000267, 0.00000000231
278, 50.00000000000, 480.36060719624, -30000000.00000000000, 0.00000000000, 0.00000000000, 0.00000030051, 0.66000001198
279, 50.00000000000, 487.65962462827, -30000000.00000000000, 0.00000000000, 0.00000000000, -0.00000045952, 0.66000001198
280, 50.00000000000, 504.72677661855, 6.35767080743, 4.12500003222, 0.00000000000, 0.00000000176, 0.00000001134
281, 50.00000000000, 509.24597617117, 43.84009170093, 4.12500003222, 0.00000000000, -0.00000000118, -0.00000000297
282, 50.00000000000, 526.37159134166, 42.12425811828, 4.12500003222, 0.00000000000, 0.00000000003, -0.00000000342
283, 50.00000000000, 537.24988645712, 5.31692975770, 4.12500003222, 0.00000000000, 0.00000000625, 0.00000000358
284, 50.00000000000, 548.77789151137, -30000000.00000000000, 0.00000000000, 0.00000000000, 0.00000035540, 0.66000001198
285, 50.00000000000, 559.52050075878, 31.65422380388, 4.12500003222, 0.00000000000, -0.00000000090, 0.00000000458
286, 50.00000000000, 572.51606919716, -30000000.00000000000, 0.00000000000, 0.00000000000, -0.00000063155, 0.66000001198
287, 50.00000000000, 585.79226966427, 94.93432318790, 4.12500003222, 0.00000000000, 0.00000000079, 0.00000000967
288, 50.00000000000, 596.42939724876, 30.58862438118, 4.12500003222, 0.00000000000, 0.00000000097, -0.00000000371
289, 50.00000000000, 595.28869415958, 3.59566608822, 4.12500003222, 0.00000000000, -0.00000000192, -0.00000000897
290, 50.00000000000, 614.99651670234, 29.03764019376, 4.12500003222, 0.00000000000, 0.00000000035, -0.00000000632
291, 50.00000000000, 626.28401784006, 15.46468372585, 4.12500003222, 0.00000000000, 0.00000000149, 0.00000001016
292, 50.00000000000, 635.82826997909, 31.86025550219, 4.12500003222, 0.00000000000, -0.00000000089, 0.00000000297
293, 50.00000000000, 653.31273917630, 28.60404169582, 4.12500003222, 0.00000000000, -0.00000000067, 0.00000000421
294, 50.00000000000, 676.65033423277, 69.01495742848, 4.12500003222, 0.00000000000, 0.00000000029, -0.00000000731
295, 50.00000000000, 679.63384748751, 16.54854161661, 4.12500003222, 0.00000000000, 0.00000000106, 0.00000000754
296, 50.00000000000, 693.72566534954, 65.23720054130, 4.12500003222, 0.00000000000, 0.00000001668, 0.00000001825
297, 50.00000000000, 705.49164339611, 31.95545546656, 4.12500003222, 0.00000000000, -0.00000000111, 0.00000000751
298, 50.00000000000, 718.08177958199, 62.10192683436, 4.12500003222, 0.00000000000, -0.00000002221, -0.00000000497
299, 50.00000000000, 723.68129425822, 30.85635086865, 4.12500003222, 0.00000000000, 0.00000000168, -0.00000000250
300, 50.00000000000, 740.62049575930, 34.07516083552, 4.12500003222, 0.00000000000, -0.00000000235, -0.00000001136
301, 50.00000000000, 744.28128002255, 16.28637202642, 4.12500003222, 0.00000000000, 0.00000000146, 0.00000000643
302, 50.00000000000, 772.76851801286, -30000000.00000000000, 0.00000000000, 0.00000000000, 0.00000071440, 0.66000001198
303, 50.00000000000, 777.46341289580, 63.32163038291, 4.12500003222, 0.00000000000, -0.00000000278, 0.00000000132
304, 50.00000000000, 785.58620101260, 48.02186340178, 4.12500003222, 0.00000000000, -0.00000000144, -0.00000000558
305, 50.00000000000, 787.93166811748, 16.21792512541, 4.12500003222, 0.00000000000, 0.00000000142, 0.00000001697
306, 50.00000000000, 809.66983744987, 31.27455640515, 4.12500003222, 0.00000000000, -0.00000000212, 0.00000000425
307, 50.00000000000, 817.97506054181, 16.51761491040, 4.12500003222, 0.00000000000, 0.00000000185, 0.00000002456
308, 50.00000000000, 833.44622856149, 16.81370481781, 4.12500003222, 0.00000000000, -0.00000000185, -0.00000001338
309, 50.00000000000, 849.55088573294, 72.61340738610, 4.12500003222, 0.00000000000, -0.00000000065, -0.00000000984
310, 50.00000000000, 866.93790155230, 79.29041202606, 4.12500003222, 0.00000000000, 0.00000000081, -0.00000000142
311, 50.00000000000, 872.21638725681, 97.48278298867, 4.12500003222, 0.00000000000, 0.00000000257, 0.00000000271
312, 50.00000000000, 894.83888725248, 50.30529657757, 4.12500003222, 0.00000000000, 0.00000000060, 0.00000000491
313, 50.00000000000, 899.07753077349, 83.84303116465, 4.12500003222, 0.00000000000, 0.00000000034, 0.00000001146
314, 50.00000000000, 928.09190631946, 71.57060850738, 4.12500003222, 0.00000000000, 0.00000000066, 0.00000000261
315, 50.00000000000, 922.36360310990, 17.66294334305, 4.12500003222, 0.00000000000, 0.00000000166, 0.00000000626
316, 50.00000000000, 939.10398918300, 32.14782888554, 4.12500003222, 0.00000000000, -0.00000000314, -0.00000000836
317, 50.00000000000, 954.90353052617, 59.75284753188, 4.12500003222, 0.00000000000, 0.00000000003, -0.00000000701
318, 50.00000000000, 978.01086661424, 81.37889791406, 4.12500003222, 0.00000000000, 0.00000000070, 0.00000001046
319, 50.00000000000, 989.89251473664, 50.22063684767, 4.12500003222, 0.00000000000, -0.00000000199, -0.00000000130
320, 50.00000000000, 10.23828927219, 54.25279560626, 4.12500003222, 0.00000000000, 0.00000000251, 0.00000000490
321, 50.00000000000, 25.44000140831, 81.66006039634, 4.12500003222, 0.00000000000, -0.00000000096, 0.00000000485
322, 50.00000000000, 23.58449035071, 65.21547050763, 4.12500003222, 0.00000000000, 0.00000000175, 0.00000000076
323, 50.00000000000, 53.01300309762, 63.48808434746, 4.12500003222, 0.00000000000, -0.00000000297, -0.00000000099
324, 50.00000000000, 58.12889977803, 78.23245456761, 4.12500003222, 0.00000000000, -0.00000000118, 0.00000001969
325, 50.00000000000, 79.39417604656, 46.89423976943, 4.12500003222, 0.00000000000, -0.00000000292, -0.00000000636
326, 50.00000000000, 84.24503551039, 62.54667527051, 4.12500003222, 0.00000000000, -0.00000000201, 0.00000000607
327, 50.00000000000, 94.74977090115, 42.68470598136, 4.12500003222, 0.00000000000, -0.00000000379, 0.00000001741
328, 50.00000000000, 112.17132426426, 51.37696431036, 4.12500003222, 0.00000000000, -0.00000000347, 0.00000001449
329, 50.00000000000, 115.73694442961, 107.80199339440, 4.12500003222, 0.00000000000, 0.00000000046, 0.00000000326
330, 50.00000000000, 142.25774897664, 47.35974484602, 4.12500003222, 0.00000000000, 0.00000000816, 0.00000002254
331, 50.00000000000, 140.35753685666, 63.87198001743, 4.12500003222, 0.00000000000, 0.00000000056, 0.00000000301
332, 50.00000000000, 159.80052644470, 84.49216518670, 4.12500003222, 0.00000000000, -0.00000000219, 0.00000000386
333, 50.00000000000, 176.68467888765, 48.57727358631, 4.12500003222, 0.00000000000, 0.00000000640, -0.00000000638
334, 50.00000000000, 189.46856091513, 83.12980063544, 4.12500003222, 0.00000000000, 0.00000000094, 0.00000001603
335, 50.00000000000, 205.44717485422, 80.33679282012, 4.12500003222, 0.00000000000, 0.00000000373, 0.00000001545
336, 50.00000000000, 213.59501332045, 115.58714641721, 4.12500003222, 0.00000000000, 0.00000000277, 0.00000000596
337, 50.00000000000, 221.47948596622, 80.06637143570, 4.12500003222, 0.00000000000, 0.00000000102, -0.00000000737
338, 50.00000000000, 241.00425088030, 50.64441742846, 4.12500003222, 0.00000000000, 0.00000000164, 0.00000000393
339, 50.00000000000, 249.02700339184, 34.01689927664, 4.12500003222, 0.00000000000, 0.00000000359, 0.00000000269
340, 50.00000000000, 265.29887018627, 32.55926085584, 4.12500003222, 0.00000000000, 0.00000000303, 0.00000000268
341, 50.00000000000, 268.14338272876, 64.41120843132, 4.12500003222, 0.00000000000, 0.00000000013, -0.00000000206
342, 50.00000000000, 274.14391297348, 16.37555034365, 4.12500003222, 0.00000000000, 0.00000000649, -0.00000001169
343, 50.00000000000, 293.85738488112, 74.47027557436, 4.12500003222, 0.00000000000, 0.00000000172, 0.00000001106
344, 50.00000000000, 311.34194576707, 69.90131268383, 4.12500003222, 0.00000000000, 0.00000000202, 0.00000001375
345, 50.00000000000, 311.26782519793, 32.52045116408, 4.12500003222, 0.00000000000, 0.00000000016, -0.00000001526
346, 50.00000000000, 316.08449434992, 49.73668225607, 4.12500003222, 0.00000000000, 0.00000000052, -0.00000000092
347, 50.00000000000, 345.59492077606, 63.75917424995, 4.12500003222, 0.00000000000, -0.00000000143, 0.00000001355
348, 50.00000000000, 352.49731009074, 28.99636065866, 4.12500003222, 0.00000000000, -0.00000000263, 0.00000000113
349, 50.00000000000, 373.99528775955, 28.27249305766, 4.12500003222, 0.00000000000, 0.00000000015, -0.00000000172
350, 50.00000000000, 380.38420305993, 62.09354702014, 4.12500003222, 0.00000000000, -0.00000000227, -0.00000000590
351, 50.00000000000, 401.64877711516, 16.15168945063, 4.12500003222, 0.00000000000, 0.00000000391, -0.00000000162
352, 50.00000000000, 408.90411010917, 71.88647570031, 4.12500003222, 0.00000000000, 0.00000000216, 0.00000001536
353, 50.00000000000, 415.02965788284, 55.99994682523, 4.12500003222, 0.00000000000, 0.00000000631, -0.00000000774
354, 50.00000000000, 417.25923069548, 22.79111671302, 4.12500003222, 0.00000000000, -0.00000000336, 0.00000000468
355, 50.00000000000, 446.26314265519, 5.94735186662, 4.12500003222, 0.00000000000, 0.00000000060, 0.00000000915
356, 50.00000000000, 450.82503480672, 64.17365348501, 4.12500003222, 0.00000000000, -0.00000000143, -0.00000000590
357, 50.00000000000, 468.17294040407, 65.76894871062, 4.12500003222, 0.00000000000, 0.00000000023, 0.00000000336
358, 50.00000000000, 479.78639154622, 25.75200374782, 4.12500003222, 0.00000000000, -0.00000000276, 0.00000000527
359, 50.00000000000, 491.86517538927, 42.90066221218, 4.12500003222, 0.00000000000, 0.00000000000, 0.00000000122
360, 50.00000000000, 502.20507857956, 61.13132693941, 4.12500003222, 0.00000000000, 0.00000000343, -0.00000000232
361, 50.00000000000, 505.83704781763, 96.44280656163, 4.12500003222, 0.00000000000, 0.00000000145, -0.00000000730
362, 50.00000000000, 520.85211127132, 59.51516400435, 4.12500003222, 0.00000000000, -0.00000000139, 0.00000000384
363, 50.00000000000, 539.42104108716, 58.36405118083, 4.12500003222, 0.00000000000, -0.00000000168, 0.00000000544
364, 50.00000000000, 548.65175511374, 17.06098027746, 4.12500003222, 0.00000000000, 0.00000000075, -0.00000002887
365, 50.00000000000, 556.21057739275, 92.78097057219, 4.12500003222, 0.00000000000, -0.00000000148, -0.00000000824
366, 50.00000000000, 577.24476675787, 30.26356675584, 4.12500003222, 0.00000000000, -0.00000000033, 0.00000000213
367, 50.00000000000, 587.66931700755, 44.72624613688, 4.12500003222, 0.00000000000, 0.00000000029, 0.00000001521
368, 50.00000000000, 588.76973140725, 77.28261992671, 4.12500003222, 0.00000000000, -0.00000000336, 0.00000000463
369, 50.00000000000, 605.98495859252, 45.16151172661, 4.12500003222, 0.00000000000, -0.00000000159, 0.00000000597
370, 50.00000000000, 618.00322741405, 101.53886020750, 4.12500003222, 0.00000000000, -0.00000000271, -0.00000000146
371, 50.00000000000, 634.34018591497, 2.94847241502, 4.12500003222, 0.00000000000, 0.00000000252, 0.00000001337
372, 50.00000000000, 637.36434374600, 53.14162740651, 4.12500003222, 0.00000000000, -0.00000000149, 0.00000000018
373, 50.00000000000, 646.13525223748, 80.00942142390, 4.12500003222, 0.00000000000, 0.00000000023, -0.00000000851
374, 50.00000000000, 670.59415989551, 33.76509596875, 4.12500003222, 0.00000000000, -0.00000000150, 0.00000000663
375, 50.00000000000, 683.53895057470, 49.57577824531, 4.12500003222, 0.00000000000, -0.00000000462, 0.00000000922
376, 50.00000000000, 688.50982072756, 33.51150821541, 4.12500003222, 0.00000000000, -0.00000000115, -0.00000000707
377, 50.00000000000, 698.36924260717, 119.61643259677, 4.12500003222, 0.00000000000, 0.00000000073, -0.00000000331
378, 50.00000000000, 716.07471071656, 45.09692738540, 4.12500003222, 0.00000000000, -0.00000000161, 0.00000001077
379, 50.00000000000, 727.63446060706, 75.65878999884, 4.12500003222, 0.00000000000, -0.00000000219, 0.00000000757
380, 50.00000000000, 740.51483299594, 64.82085469706, 4.12500003222, 0.00000000000, -0.00000000098, -0.00000000993
381, 50.00000000000, 750.10251459353, 48.21460420998, 4.12500003222, 0.00000000000, -0.00000000092, 0.00000001340
382, 50.00000000000, 758.10180495376, 32.62991476562, 4.12500003222, 0.00000000000, 0.00000000099, -0.00000000050
383, 50.00000000000, 775.26973684752, 32.56612754895, 4.12500003222, 0.00000000000, 0.00000000175, 0.00000000697
384, 50.00000000000, 790.58862458945, 94.50580326370, 4.12500003222, 0.00000000000, -0.00000000244, 0.00000000786
385, 50.00000000000, 809.19229246396, 70.21545165700, 4.12500003222, 0.00000000000, -0.00000000045, 0.00000000668
386, 50.00000000000, 817.27842807232, 136.36545503711, 4.12500003222, 0.00000000000, 0.00000000041, -0.00000000002
387, 50.00000000000, 821.16639575029, 83.05786798801, 4.12500003222, 0.00000000000, -0.00000000104, 0.00000000103
388, 50.00000000000, 834.19086529358, 53.85610463262, 4.12500003222, 0.00000000000, 0.00000000193, -0.00000000074
389, 50.00000000000, 861.90184292903, 112.37702770197, 4.12500003222, 0.00000000000, 0.00000000014, -0.00000000032
390, 50.00000000000, 865.58340568381, 62.29395056096, 4.12500003222, 0.00000000000, -0.00000000146, -0.00000000028
391, 50.00000000000, 878.74956057750, 49.22812366365, 4.12500003222, 0.00000000000, -0.00000000217, 0.00000000359
392, 50.00000000000, 898.85009748396, 118.05115361498, 4.12500003222, 0.00000000000, 0.00000000191, -0.00000000003
393, 50.00000000000, 908.53546312850, 101.06488347987, 4.12500003222, 0.00000000000, -0.00000000127, 0.00000001216
394, 50.00000000000, 922.99704843422, 35.75561400252, 4.12500003222, 0.00000000000, -0.00000000028, 0.00000000456
395, 50.00000000000, 939.91738287023, 120.07267065419, 4.12500003222, 0.00000000000, -0.00000000220, 0.00000000149
396, 50.00000000000, 946.79294495508, 45.73038883330, 4.12500003222, 0.00000000000, 0.00000000487, 0.00000001943
397, 50.00000000000, 964.67078679445, 47.53112283331, 4.12500003222, 0.00000000000, -0.00000000105, 0.00000000233
398, 50.00000000000, 976.62586955851, 58.27886573235, 4.12500003222, 0.00000000000, 0.00000000055, 0.00000000052
399, 50.00000000000, 989.89012079040, 32.35200347972, 4.12500003222, 0.00000000000, -0.00000000293, 0.00000000077
400, 50.00000000000, 10.17506652059, 125.91358430332, 4.12500003222, 0.00000000000, 0.00000000098, 0.00000001002
401, 50.00000000000, 23.56576822175, 99.97373108592, 4.12500003222, 0.00000000000, -0.00000000127, 0.00000001086
402, 50.00000000000, 37.50007137588, 94.94923807643, 4.12500003222, 0.00000000000, 0.00000000124, -0.00000000376
403, 50.00000000000, 44.47768008977, 110.01882699081, 4.12500003222, 0.00000000000, 0.00000000002, 0.00000001572
404, 50.00000000000, 63.37777346685, 109.92811665507, 4.12500003222, 0.00000000000, -0.00000000008, -0.00000000621
405, 50.00000000000, 73.08819089896, 73.64128511035, 4.12500003222, 0.00000000000, 0.00000000082, 0.00000001771
406, 50.00000000000, 92.67380668069, 129.75425659409, 4.12500003222, 0.00000000000, -0.00000000144, 0.00000000193
407, 50.00000000000, 95.94928905000, 74.82752352360, 4.12500003222, 0.00000000000, -0.00000000161, 0.00000001593
408, 50.00000000000, 110.11272192048, 124.94739999544, 4.12500003222, 0.00000000000, 0.00000000109, 0.00000000647
409, 50.00000000000, 126.67398478487, 48.80297342006, 4.12500003222, 0.00000000000, 0.00000000694, -0.00000000920
410, 50.00000000000, 142.60655999061, 81.55079078061, 4.12500003222, 0.00000000000, -0.00000000116, -0.00000001487
411, 50.00000000000, 149.63580211134, 96.61645894236, 4.12500003222, 0.00000000000, 0.00000000205, 0.00000001870
412, 50.00000000000, 158.23985623702, 48.50276957092, 4.12500003222, 0.00000000000, 0.00000000280, 0.00000000784
413, 50.00000000000, 162.96665184692, 108.36554375114, 4.12500003222, 0.00000000000, -0.00000000241, -0.00000001652
414, 50.00000000000, 176.86330624583, 117.64965286641, 4.12500003222, 0.00000000000, 0.00000000578, 0.00000000154
415, 50.00000000000, 203.46176705171, 65.17418636007, 4.12500003222, 0.00000000000, 0.00000000197, -0.00000001561
416, 50.00000000000, 219.71931167729, 61.64441246379, 4.12500003222, 0.00000000000, 0.00000000140, 0.00000001418
417, 50.00000000000, 234.72613194655, 67.80552316923, 4.12500003222, 0.00000000000, 0.00000000006, -0.00000000772
418, 50.00000000000, 238.19465916591, 84.74438149666, 4.12500003222, 0.00000000000, 0.00000000498, 0.00000000537
419, 50.00000000000, 250.85726391527, 65.40076862894, 4.12500003222, 0.00000000000, -0.00000000063, 0.00000000949
420, 50.00000000000, 257.57748768097, 81.18046620349, 4.12500003222, 0.00000000000, -0.00000000217, 0.00000000356
421, 50.00000000000, 272.54613970032, 137.65308571822, 4.12500003222, 0.00000000000, 0.00000000097, 0.00000000260
422, 50.00000000000, 286.62947513544, 91.92629923390, 4.12500003222, 0.00000000000, 0.00000000528, 0.00000000239
423, 50.00000000000, 295.79310200603, 40.55780637305, 4.12500003222, 0.00000000000, 0.00000000168, 0.00000000288
424, 50.00000000000, 314.11182028873, 105.07717783041, 4.12500003222, 0.00000000000, 0.00000000007, -0.00000000130
425, 50.00000000000, 321.50385246001, 87.30563234491, 4.12500003222, 0.00000000000, 0.00000000105, -0.00000000486
426, 50.00000000000, 328.01544439136, 68.38288325890, 4.12500003222, 0.00000000000, 0.00000000062, 0.00000000638
427, 50.00000000000, 332.33075154693, 51.99366000274, 4.12500003222, 0.00000000000, -0.00000000252, -0.00000000370
428, 50.00000000000, 365.89501649451, 93.93907530452, 4.12500003222, 0.00000000000, 0.00000000148, 0.00000000870
429, 50.00000000000, 363.93405345529, 42.67647072501, 4.12500003222, 0.00000000000, 0.00000000136, -0.00000000678
430, 50.00000000000, 384.70817301198, 15.36222612776, 4.12500003222, 0.00000000000, -0.00000000227, 0.00000000719
431, 50.00000000000, 391.91435554206, 74.07468567134, 4.12500003222, 0.00000000000, 0.00000000297, 0.00000000926
432, 50.00000000000, 405.10938658385, 123.52080244777, 4.12500003222, 0.00000000000, -0.00000000065, 0.00000000419
433, 50.00000000000, 415.29798284814, 107.31004608373, 4.12500003222, 0.00000000000, -0.00000000092, -0.00000000068
434, 50.00000000000, 425.42337694604, 41.58200475490, 4.12500003222, 0.00000000000, 0.00000000201, -0.00000000564
435, 50.00000000000, 440.86494990863, 78.17630692462, 4.12500003222, 0.00000000000, -0.00000000012, -0.00000000480
436, 50.00000000000, 453.26374780040, 124.96012712788, 4.12500003222, 0.00000000000, 0.00000000321, -0.00000000074
437, 50.00000000000, 458.71536970045, 84.37205803607, 4.12500003222, 0.00000000000, -0.00000000005, 0.00000000576
438, 50.00000000000, 471.52719767360, 102.19410305713, 4.12500003222, 0.00000000000, 0.00000000004, -0.00000000187
439, 50.00000000000, 484.98816504323, 61.67750045174, 4.12500003222, 0.00000000000, 0.00000000136, 0.00000000999
440, 50.00000000000, 498.21662605691, 26.11356189010, 4.12500003222, 0.00000000000, -0.00000000232, 0.00000000316
441, 50.00000000000, 512.17689989936, 76.03684602629, 4.12500003222, 0.00000000000, 0.00000000196, 0.00000000016
442, 50.00000000000, 532.02761916867, 22.51632948136, 4.12500003222, 0.00000000000, -0.00000000188, 0.00000000694
443, 50.00000000000, 538.54661355658, 97.15651633953, 4.12500003222, 0.00000000000, -0.00000000079, -0.00000000344
444, 50.00000000000, 542.45838666369, 36.86157688245, 4.12500003222, 0.00000000000, -0.00000000143, -0.00000000918
445, 50.00000000000, 553.81449580252, 48.95464011712, 4.12500003222, 0.00000000000, 0.00000000284, 0.00000000480
446, 50.00000000000, 570.41398050883, 46.76212758602, 4.12500003222, 0.00000000000, 0.00000000043, 0.00000000667
447, 50.00000000000, 579.96379517191, 135.17614421404, 4.12500003222, 0.00000000000, -0.00000000096, 0.00000000470
448, 50.00000000000, 596.67813180002, 60.81836483363, 4.12500003222, 0.00000000000, 0.00000000228, -0.00000000727
449, 50.00000000000, 606.23867938676, 75.10048685414, 4.12500003222, 0.00000000000, 0.00000000013, -0.00000002047
450, 50.00000000000, 615.64823213805, 5.07313561375, 4.12500003222, 0.00000000000, -0.00000000245, -0.00000001353
451, 50.00000000000, 623.07037413232, 43.67681354676, 4.12500003222, 0.00000000000, 0.00000000171, 0.00000000629
452, 50.00000000000, 632.81785297488, 69.80184083204, 4.12500003222, 0.00000000000, 0.00000000223, 0.00000000205
453, 50.00000000000, 652.86819771971, 63.05824962880, 4.12500003222, 0.00000000000, 0.00000000094, 0.00000000301
454, 50.00000000000, 669.15591686860, 105.70058658120, 4.12500003222, 0.00000000000, -0.00000000094, 0.00000000651
455, 50.00000000000, 670.88750810492, 3.90483086863, 4.12500003222, 0.00000000000, -0.00000000082, -0.00000001472
456, 50.00000000000, 700.96959135300, 51.31752885036, 4.12500003222, 0.00000000000, 0.00000000528, -0.00000001729
457, 50.00000000000, 703.59874113645, 96.63664488453, 4.12500003222, 0.00000000000, -0.00000000285, 0.00000001679
458, 50.00000000000, 720.02205274638, 91.76509179679, 4.12500003222, 0.00000000000, 0.00000000105, 0.00000000378
459, 50.00000000000, 730.88215545855, 106.02805358259, 4.12500003222, 0.00000000000, -0.00000000153, 0.00000000329
460, 50.00000000000, 737.96954856885, 88.11749526290, 4.12500003222, 0.00000000000, 0.00000000322, 0.00000000945
461, 50.00000000000, 747.43485749688, 103.73976972242, 4.12500003222, 0.00000000000, -0.00000000130, -0.00000000206
462, 50.00000000000, 759.58265593972, 63.46210656450, 4.12500003222, 0.00000000000, -0.00000000036, 0.00000000454
463, 50.00000000000, 776.10128033780, 97.98348227674, 4.12500003222, 0.00000000000, -0.00000000100, 0.00000000168
464, 50.00000000000, 781.21138412667, 115.89680957252, 4.12500003222, 0.00000000000, -0.00000000177, -0.00000000381
465, 50.00000000000, 796.97928233508, 110.08383941696, 4.12500003222, 0.00000000000, -0.00000000025, -0.00000000258
466, 50.00000000000, 803.71500194031, 48.56328179253, 4.12500003222, 0.00000000000, 0.00000000217, -0.00000000930
467, 50.00000000000, 828.06774387771, 100.81790393735, 4.12500003222, 0.00000000000, -0.00000000169, 0.00000001055
468, 50.00000000000, 832.31730495742, 70.16375866591, 4.12500003222, 0.00000000000, -0.00000000012, -0.00000000074
469, 50.00000000000, 849.70744043232, 54.95206794605, 4.12500003222, 0.00000000000, 0.00000000587, -0.00000000306
470, 50.00000000000, 868.78269476637, 129.72231685829, 4.12500003222, 0.00000000000, -0.00000000062, 0.00000000354
471, 50.00000000000, 882.65886475875, 65.92446368390, 4.12500003222, 0.00000000000, 0.00000000292, 0.00000001225
472, 50.00000000000, 890.65949899960, 100.96215510703, 4.12500003222, 0.00000000000, -0.00000000058, -0.00000000359
473, 50.00000000000, 909.81016139455, 46.49908784701, 4.12500003222, 0.00000000000, 0.00000000325, -0.00000000359
474, 50.00000000000, 916.44112554453, 58.89139522752, 4.12500003222, 0.00000000000, 0.00000000063, 0.00000000269
475, 50.00000000000, 938.26292327045, 86.57101904459, 4.12500003222, 0.00000000000, -0.00000000261, 0.00000000702
476, 50.00000000000, 949.43029579921, 101.14538053358, 4.12500003222, 0.00000000000, -0.00000000364, -0.00000000224
477, 50.00000000000, 954.75524015510, 82.53425079605, 4.12500003222, 0.00000000000, -0.00000000226, -0.00000000074
478, 50.00000000000, 989.93158100780, 94.18406604318, 4.12500003222, 0.00000000000, 0.00000000014, -0.00000000665
479, 50.00000000000, 989.94130910583, 70.22672132481, 4.12500003222, 0.00000000000, -0.00000000126, 0.00000000285
480, 50.00000000000, 10.20500688587, 90.29640754734, 4.12500003222, 0.00000000000, 0.00000000251, 0.00000000993
481, 50.00000000000, 24.91865068487, 135.39842437865, 4.12500003222, 0.00000000000, 0.00000000055, 0.00000000753
482, 50.00000000000, 41.19455666403, 76.60396576737, 4.12500003222, 0.00000000000, -0.00000000173, 0.00000000094
483, 50.00000000000, 53.07356555462, 94.77485320609, 4.12500003222, 0.00000000000, 0.00000000317, -0.00000000287
484, 50.00000000000, 59.79101245757, 125.87387735768, 4.12500003222, 0.00000000000, -0.00000000006, 0.00000000653
485, 50.00000000000, 69.11403062433, 93.06690072866, 4.12500003222, 0.00000000000, -0.00000000204, -0.00000000931
486, 50.00000000000, 82.60463472301, 102.32278094148, 4.12500003222, 0.00000000000, 0.00000000418, 0.00000000893
487, 50.00000000000, 98.37202271238, 110.54354661609, 4.12500003222, 0.00000000000, 0.00000000191, 0.00000000136
488, 50.00000000000, 98.10453739114, 92.71150109601, 4.12500003222, 0.00000000000, 0.00000000019, 0.00000000500
489, 50.00000000000, 126.90402469931, 82.61699212171, 4.12500003222, 0.00000000000, 0.00000000070, -0.00000000608
490, 50.00000000000, 132.18286969503, 100.40179491400, 4.12500003222, 0.00000000000, -0.00000000173, 0.00000000514
491, 50.00000000000, 145.73755505609, 114.84783785588, 4.12500003222, 0.00000000000, -0.00000000367, 0.00000000267
492, 50.00000000000, 160.84047387315, 126.46161670860, 4.12500003222, 0.00000000000, -0.00000000150, 0.00000000136
493, 50.00000000000, 169.41243298224, 61.50523782394, 4.12500003222, 0.00000000000, 0.00000000391, 0.00000000665
494, 50.00000000000, 186.01221229525, 102.73460220818, 4.12500003222, 0.00000000000, 0.00000000213, 0.00000000184
495, 50.00000000000, 202.64835381428, 97.61182534619, 4.12500003222, 0.00000000000, -0.00000000265, 0.00000000586
496, 50.00000000000, 226.05258291985, 47.16037308127, 4.12500003222, 0.00000000000, 0.00000000071, -0.00000000370
497, 50.00000000000, 219.79868012646, 97.29610468803, 4.12500003222, 0.00000000000, -0.00000000175, -0.00000000368
498, 50.00000000000, 236.42263378608, 126.36688439104, 4.12500003222, 0.00000000000, -0.00000000223, -0.00000000035
499, 50.00000000000, 254.30802999822, 132.46416141033, 4.12500003222, 0.00000000000, 0.00000000029, 0.00000000695
500, 50.00000000000, 249.24408749485, 97.00138080933, 4.12500003222, 0.00000000000, 0.00000000001, -0.00000000441
501, 50.00000000000, 275.56894260200, 79.99600558069, 4.12500003222, 0.00000000000, -0.00000000207, -0.00000000392
502, 50.00000000000, 285.04886367397, 60.40906549894, 4.12500003222, 0.00000000000, -0.00000000665, -0.00000000401
503, 50.00000000000, 296.92556221031, 106.72611222905, 4.12500003222, 0.00000000000, 0.00000000317, 0.00000000273
504, 50.00000000000, 301.17175072710, 56.51940224821, 4.12500003222, 0.00000000000, -0.00000000420, -0.00000000206
505, 50.00000000000, 331.56136888879, 102.62364937807, 4.12500003222, 0.00000000000, 0.00000000145, 0.00000000395
506, 50.00000000000, 331.60483287240, 138.24416265620, 4.12500003222, 0.00000000000, 0.00000000047, 0.00000000057
507, 50.00000000000, 338.65793295508, 82.62749429408, 4.12500003222, 0.00000000000, 0.00000000229, 0.00000000275
508, 50.00000000000, 359.28903006252, 112.80425413141, 4.12500003222, 0.00000000000, 0.00000000217, 0.00000000718
509, 50.00000000000, 380.58725847020, 44.85298188777, 4.12500003222, 0.00000000000, 0.00000000188, 0.00000000926
510, 50.00000000000, 373.34992213221, 78.01581252659, 4.12500003222, 0.00000000000, 0.00000000174, -0.00000000451
511, 50.00000000000, 386.69616726116, 124.43578222411, 4.12500003222, 0.00000000000, 0.00000000014, 0.00000000161
512, 50.00000000000, 395.92432297709, 106.45576366065, 4.12500003222, 0.00000000000, 0.00000000128, 0.00000000396
513, 50.00000000000, 422.67992483679, 124.62842300172, 4.12500003222, 0.00000000000, -0.00000000279, -0.00000000005
514, 50.00000000000, 435.91544605542, 55.86753836315, 4.12500003222, 0.00000000000, -0.00000000196, 0.00000001730
515, 50.00000000000, 437.62690795571, 133.40681107924, 4.12500003222, 0.00000000000, -0.00000000328, 0.00000000992
516, 50.00000000000, 442.21038681798, 94.52353296854, 4.12500003222, 0.00000000000, -0.00000000263, 0.00000000440
517, 50.00000000000, 454.65809986745, 106.69690560304, 4.12500003222, 0.00000000000, -0.00000000055, 0.00000000137
518, 50.00000000000, 477.13709340415, 82.33854534717, 4.12500003222, 0.00000000000, -0.00000000162, -0.00000000025
519, 50.00000000000, 482.91205650666, 120.36850227829, 4.12500003222, 0.00000000000, -0.00000000061, -0.00000000342
520, 50.00000000000, 498.29481050198, 133.26403365303, 4.12500003222, 0.00000000000, 0.00000000025, 0.00000000141
521, 50.00000000000, 501.87709748406, 113.84266951381, 4.12500003222, 0.00000000000, -0.00000000279, 0.00000000710
522, 50.00000000000, 522.44668504276, 90.96952180746, 4.12500003222, 0.00000000000, -0.00000000132, 0.00000000301
523, 50.00000000000, 536.17871842539, 117.53322957199, 4.12500003222, 0.00000000000, 0.00000000098, 0.00000000525
524, 50.00000000000, 548.31090498093, 77.41878287180, 4.12500003222, 0.00000000000, 0.00000000272, 0.00000000122
525, 50.00000000000, 560.90993399777, 65.22845567210, 4.12500003222, 0.00000000000, 0.00000000045, 0.00000000081
526, 50.00000000000, 570.13478653282, 103.21340551628, 4.12500003222, 0.00000000000, 0.00000000370, 0.00000000629
527, 50.00000000000, 570.58304219026, 82.39193125940, 4.12500003222, 0.00000000000, -0.00000000059, -0.00000000741
528, 50.00000000000, 603.38083718179, 90.76093264982, 4.12500003222, 0.00000000000, -0.00000000366, 0.00000002277
529, 50.00000000000, 615.73436892270, 121.82691784119, 4.12500003222, 0.00000000000, 0.00000000297, 0.00000000216
530, 50.00000000000, 617.50031167466, 61.29833005283, 4.12500003222, 0.00000000000, -0.00000000449, -0.00000000351
531, 50.00000000000, 635.66323884379, 93.01149537695, 4.12500003222, 0.00000000000, -0.00000000536, 0.00000001335
532, 50.00000000000, 649.16359344269, 108.01562305298, 4.12500003222, 0.00000000000, 0.00000000170, 0.00000000679
533, 50.00000000000, 656.88055782832, 92.87231222077, 4.12500003222, 0.00000000000, 0.00000000134, 0.00000000371
534, 50.00000000000, 675.17037392432, 88.31969392429, 4.12500003222, 0.00000000000, 0.00000000220, 0.00000001129
535, 50.00000000000, 680.46802136243, 121.15334875455, 4.12500003222, 0.00000000000, -0.00000000415, 0.00000000921
536, 50.00000000000, 691.55488727731, 83.43882317325, 4.12500003222, 0.00000000000, 0.00000000089, -0.00000000526
537, 50.00000000000, 708.52961754914, 76.93073817630, 4.12500003222, 0.00000000000, -0.00000000196, 0.00000000144
538, 50.00000000000, 714.36270704197, 113.00596130603, 4.12500003222, 0.00000000000, -0.00000000178, -0.00000000655
539, 50.00000000000, 728.73140423934, 123.66465771808, 4.12500003222, 0.00000000000, 0.00000000111, 0.00000000455
540, 50.00000000000, 734.49734377075, 140.84109620996, 4.12500003222, 0.00000000000, -0.00000000148, 0.00000000210
541, 50.00000000000, 750.63307040918, 77.97068383074, 4.12500003222, 0.00000000000, 0.00000000234, -0.00000000113
542, 50.00000000000, 763.20535654244, 110.00791271322, 4.12500003222, 0.00000000000, 0.00000000231, 0.00000000380
543, 50.00000000000, 787.76575970181, 77.66295478870, 4.12500003222, 0.00000000000, 0.00000000073, 0.00000000384
544, 50.00000000000, 795.44304876282, 62.81339023005, 4.12500003222, 0.00000000000, -0.00000000211, 0.00000000935
545, 50.00000000000, 799.99192284610, 128.56239281457, 4.12500003222, 0.00000000000, 0.00000000194, 0.00000000094
546, 50.00000000000, 810.94284195624, 98.57015259418, 4.12500003222, 0.00000000000, 0.00000000058, 0.00000001292
547, 50.00000000000, 844.96424790877, 106.23319035184, 4.12500003222, 0.00000000000, -0.00000000191, 0.00000000285
548, 50.00000000000, 838.71985160088, 87.16829332107, 4.12500003222, 0.00000000000, -0.00000000127, 0.00000000331
549, 50.00000000000, 855.24196568734, 91.40941839071, 4.12500003222, 0.00000000000, -0.00000000021, 0.00000001259
550, 50.00000000000, 855.83491268655, 144.66920741410, 4.12500003222, 0.00000000000, -0.00000000053, 0.00000000216
551, 50.00000000000, 880.11582711676, 115.40913900222, 4.12500003222, 0.00000000000, 0.00000000057, 0.00000000473
552, 50.00000000000, 899.08599202329, 66.36434139681, 4.12500003222, 0.00000000000, 0.00000000105, 0.00000000210
553, 50.00000000000, 918.07527674354, 118.51676134867, 4.12500003222, 0.00000000000, 0.00000000169, -0.00000000316
554, 50.00000000000, 927.22310474807, 135.34093729110, 4.12500003222, 0.00000000000, 0.00000000288, 0.00000000395
555, 50.00000000000, 932.12200350957, 53.06984269527, 4.12500003222, 0.00000000000, 0.00000000196, -0.00000000113
556, 50.00000000000, 943.23254426623, 68.33103635285, 4.12500003222, 0.00000000000, 0.00000000036, 0.00000000497
557, 50.00000000000, 966.34208487935, 71.03159667981, 4.12500003222, 0.00000000000, -0.00000000037, -0.00000000553
558, 50.00000000000, 974.34817525063, 108.53792866152, 4.12500003222, 0.00000000000, 0.00000000148, -0.00000000192
559, 50.00000000000, 989.99934058661, 113.54664019730, 4.12500003222, 0.00000000000, -0.00000000234, 0.00000000261
560, 50.00000000000, 10.09695036117, 109.57838733478, 4.12500003222, 0.00000000000, 0.00000000175, -0.00000000436
561, 50.00000000000, 27.75739298283, 116.41130266941, 4.12500003222, 0.00000000000, 0.00000000130, 0.00000000149
562, 50.00000000000, 37.91046361071, 149.20466606720, 4.12500003222, 0.00000000000, 0.00000000065, 0.00000000389
563, 50.00000000000, 42.07223257559, 129.42001668302, 4.12500003222, 0.00000000000, -0.00000000006, 0.00000000317
564, 50.00000000000, 56.46732355337, 144.64066929274, 4.12500003222, 0.00000000000, 0.00000000025, 0.00000000552
565, 50.00000000000, 75.05610800235, 137.45926085791, 4.12500003222, 0.00000000000, 0.00000000006, 0.00000000785
566, 50.00000000000, 78.07016298138, 119.35490910718, 4.12500003222, 0.00000000000, 0.00000000387, 0.00000000254
567, 50.00000000000, 103.83704620908, 144.35410272954, 4.12500003222, 0.00000000000, 0.00000000245, 0.00000000437
568, 50.00000000000, 113.14921075852, 90.99353732249, 4.12500003222, 0.00000000000, -0.00000000334, 0.00000000098
569, 50.00000000000, 122.86113041342, 139.06998228672, 4.12500003222, 0.00000000000, 0.00000000117, 0.00000000739
570, 50.00000000000, 128.47211394304, 121.11818352729, 4.12500003222, 0.00000000000, 0.00000000202, -0.00000000463
571, 50.00000000000, 142.76923931635, 133.91446241242, 4.12500003222, 0.00000000000, 0.00000000103, 0.00000000436
572, 50.00000000000, 160.77350302795, 143.89576472940, 4.12500003222, 0.00000000000, 0.00000000168, 0.00000000923
573, 50.00000000000, 180.76584399965, 135.12414860756, 4.12500003222, 0.00000000000, 0.00000000161, 0.00000000483
574, 50.00000000000, 172.59740987123, 94.59822910517, 4.12500003222, 0.00000000000, -0.00000000454, 0.00000000211
575, 50.00000000000, 195.27782350585, 117.78499786327, 4.12500003222, 0.00000000000, 0.00000000173, 0.00000000943
576, 50.00000000000, 201.54602888446, 135.99750027085, 4.12500003222, 0.00000000000, -0.00000000058, -0.00000000387
577, 50.00000000000, 219.91302481007, 134.48840212089, 4.12500003222, 0.00000000000, 0.00000000109, 0.00000000235
578, 50.00000000000, 233.63627644295, 106.52718658705, 4.12500003222, 0.00000000000, 0.00000000196, 0.00000000934
579, 50.00000000000, 250.47130516783, 114.00045533973, 4.12500003222, 0.00000000000, -0.00000000101, 0.00000000107
580, 50.00000000000, 267.01931217692, 117.95645557331, 4.12500003222, 0.00000000000, 0.00000000198, 0.00000001242
581, 50.00000000000, 280.11842782989, 107.98853810805, 4.12500003222, 0.00000000000, 0.00000000103, 0.00000000338
582, 50.00000000000, 275.89334716153, 46.48588654591, 4.12500003222, 0.00000000000, -0.00000000121, 0.00000001279
583, 50.00000000000, 286.66723520815, 124.33904047686, 4.12500003222, 0.00000000000, 0.00000000031, 0.00000000448
584, 50.00000000000, 305.35433251129, 123.06906928227, 4.12500003222, 0.00000000000, 0.00000000150, 0.00000000608
585, 50.00000000000, 323.70431418022, 120.52470383309, 4.12500003222, 0.00000000000, 0.00000000220, 0.00000000652
586, 50.00000000000, 342.10594773054, 120.42775621084, 4.12500003222, 0.00000000000, 0.00000000303, -0.00000000105
587, 50.00000000000, 348.36774103359, 98.64487385158, 4.12500003222, 0.00000000000, 0.00000000082, -0.00000000607
588, 50.00000000000, 355.77160747484, 78.27128333833, 4.12500003222, 0.00000000000, 0.00000000110, 0.00000000431
589, 50.00000000000, 368.55388672902, 128.98481892769, 4.12500003222, 0.00000000000, -0.00000000258, 0.00000000269
590, 50.00000000000, 377.20518926091, 109.46185253160, 4.12500003222, 0.00000000000, -0.00000000032, -0.00000000378
591, 50.00000000000, 397.06174156701, 54.96170162120, 4.12500003222, 0.00000000000, -0.00000000165, -0.00000000301
592, 50.00000000000, 396.78730177930, 140.46861432080, 4.12500003222, 0.00000000000, 0.00000000081, 0.00000000798
593, 50.00000000000, 416.65032007116, 142.78122748414, 4.12500003222, 0.00000000000, 0.00000000351, -0.00000000465
594, 50.00000000000, 423.73729429720, 90.74304152725, 4.12500003222, 0.00000000000, -0.00000000297, -0.00000000851
595, 50.00000000000, 435.04802592183, 111.38713919852, 4.12500003222, 0.00000000000, 0.00000000192, 0.00000000221
596, 50.00000000000, 458.50269646976, 49.35592874961, 4.12500003222, 0.00000000000, -0.00000000195, 0.00000000412
597, 50.00000000000, 463.52980185967, 31.23623405705, 4.12500003222, 0.00000000000, 0.00000000101, 0.00000000797
598, 50.00000000000, 475.14426366517, 46.29208472451, 4.12500003222, 0.00000000000, -0.00000000174, -0.00000000656
599, 50.00000000000, 488.79162584998, 99.17273156239, 4.12500003222, 0.00000000000, -0.00000000301, 0.00000000193
600, 50.00000000000, 494.62720681941, 79.63829856703, 4.12500003222, 0.00000000000, 0.00000000073, 0.00000000016
601, 50.00000000000, 520.27105831944, 108.36255858516, 4.12500003222, 0.00000000000, 0.00000000018, -0.00000000229
602, 50.00000000000, 517.89698554340, 126.28430529721, 4.12500003222, 0.00000000000, -0.00000000109, 0.00000000796
603, 50.00000000000, 530.96254043702, 75.76060415332, 4.12500003222, 0.00000000000, 0.00000000045, -0.00000000486
604, 50.00000000000, 552.54089437062, 109.20670655747, 4.12500003222, 0.00000000000, -0.00000000298, 0.00000001667
605, 50.00000000000, 565.20328277406, 122.51591369759, 4.12500003222, 0.00000000000, -0.00000000083, 0.00000000378
606, 50.00000000000, 578.77253190082, 63.09773368575, 4.12500003222, 0.00000000000, -0.00000000365, -0.00000000264
607, 50.00000000000, 583.36306278003, 116.94306565077, 4.12500003222, 0.00000000000, -0.00000000141, -0.00000000410
608, 50.00000000000, 598.34963195057, 129.20141607703, 4.12500003222, 0.00000000000, -0.00000000085, 0.00000000663
609, 50.00000000000, 600.52039327213, 110.16886853972, 4.12500003222, 0.00000000000, 0.00000000171, -0.00000000711
610, 50.00000000000, 620.99759862257, 82.81008886489, 4.12500003222, 0.00000000000, 0.00000000372, 0.00000000953
611, 50.00000000000, 632.14167997402, 113.01050776342, 4.12500003222, 0.00000000000, -0.00000000125, 0.00000000557
612, 50.00000000000, 643.43387845015, 127.62041115790, 4.12500003222, 0.00000000000, -0.00000000166, 0.00000000237
613, 50.00000000000, 661.58786101082, 122.34627910461, 4.12500003222, 0.00000000000, -0.00000000003, 0.00000000679
614, 50.00000000000, 662.87662667316, 76.57585833236, 4.12500003222, 0.00000000000, -0.00000000654, -0.00000000727
615, 50.00000000000, 672.75680619121, 139.32004488166, 4.12500003222, 0.00000000000, -0.00000000055, 0.00000000069
616, 50.00000000000, 687.06440032059, 104.17929330811, 4.12500003222, 0.00000000000, 0.00000000301, -0.00000000544
617, 50.00000000000, 692.83947628154, 139.29932211827, 4.12500003222, 0.00000000000, -0.00000000075, -0.00000000204
618, 50.00000000000, 713.16099327481, 133.93235196960, 4.12500003222, 0.00000000000, -0.00000000051, 0.00000000341
619, 50.00000000000, 746.98709462719, 121.69335057097, 4.12500003222, 0.00000000000, -0.00000000155, 0.00000000640
620, 50.00000000000, 753.50191475015, 139.80051901374, 4.12500003222, 0.00000000000, -0.00000000145, 0.00000000635
621, 50.00000000000, 766.23633698077, 127.22614031425, 4.12500003222, 0.00000000000, -0.00000000247, 0.00000000587
622, 50.00000000000, 759.72459240630, 91.75192727505, 4.12500003222, 0.00000000000, -0.00000000612, 0.00000001475
623, 50.00000000000, 771.28360619193, 79.72201893113, 4.12500003222, 0.00000000000, 0.00000000312, 0.00000000452
624, 50.00000000000, 783.01092555629, 134.02645711007, 4.12500003222, 0.00000000000, -0.00000000073, 0.00000001206
625, 50.00000000000, 803.32834011898, 84.90102834197, 4.12500003222, 0.00000000000, -0.00000000311, -0.00000001036
626, 50.00000000000, 814.84986816480, 116.03367734314, 4.12500003222, 0.00000000000, -0.00000000103, 0.00000000487
627, 50.00000000000, 832.12633294159, 120.77290878252, 4.12500003222, 0.00000000000, 0.00000000001, -0.00000000262
628, 50.00000000000, 836.30666666772, 139.00592574500, 4.12500003222, 0.00000000000, 0.00000000041, 0.00000000860
629, 50.00000000000, 849.96523242214, 126.31255095180, 4.12500003222, 0.00000000000, 0.00000000155, 0.00000000046
630, 50.00000000000, 875.58885394587, 147.77619628404, 4.12500003222, 0.00000000000, -0.00000000214, 0.00000000637
631, 50.00000000000, 883.19144475587, 83.43707255580, 4.12500003222, 0.00000000000, 0.00000000125, 0.00000000074
632, 50.00000000000, 888.23222507200, 134.16142974247, 4.12500003222, 0.00000000000, 0.00000000151, -0.00000000195
633, 50.00000000000, 907.68591347772, 135.21266824518, 4.12500003222, 0.00000000000, 0.00000000010, 0.00000000261
634, 50.00000000000, 920.93012384301, 90.06693317048, 4.12500003222, 0.00000000000, -0.00000000105, -0.00000000701
635, 50.00000000000, 930.60173584910, 104.08061294744, 4.12500003222, 0.00000000000, -0.00000000029, 0.00000000806
636, 50.00000000000, 952.29343677016, 134.45201085162, 4.12500003222, 0.00000000000, 0.00000000155, 0.00000000400
637, 50.00000000000, 959.04622892345, 116.01920113854, 4.12500003222, 0.00000000000, -0.00000000145, 0.00000000348
638, 50.00000000000, 966.64992715573, 94.25495124363, 4.12500003222, 0.00000000000, 0.00000000317, 0.00000001007
639, 50.00000000000, 977.49287310215, 126.32430301642, 4.12500003222, 0.00000000000, -0.00000000442, 0.00000001185
