0, 50.00000000000, 10.31630719376, 10.92332427378, 4.12500003222, 0.00000000000, 0.00000000038, 0.00000000001
1, 50.00000000000, 29.45609628941, 10.35487849561, 4.12500003222, 0.00000000000, 0.00000000016, -0.00000000019
2, 50.00000000000, 44.70942122829, 22.26393041338, 4.12500003222, 0.00000000000, 0.00000000010, 0.00000000027
3, 50.00000000000, 60.41060903807, 10.35418427455, 4.12500003222, 0.00000000000, 0.00000000004, -0.00000000018
4, 50.00000000000, 73.52252614257, 25.17099445904, 4.12500003222, 0.00000000000, -0.00000000006, 0.00000000026
5, 50.00000000000, 86.19412232871, 10.33538705239, 4.12500003222, 0.00000000000, -0.00000000018, -0.00000000027
6, 50.00000000000, 104.47740077171, 16.29889499915, 4.12500003222, 0.00000000000, -0.00000000010, 0.00000000025
7, 50.00000000000, 122.54275921340, 10.31795402094, 4.12500003222, 0.00000000000, 0.00000000002, -0.00000000034
8, 50.00000000000, 139.55414097463, 18.82343819281, 4.12500003222, 0.00000000000, 0.00000000002, 0.00000000039
9, 50.00000000000, 156.60788625006, 10.30993998188, 4.12500003222, 0.00000000000, 0.00000000003, -0.00000000040
10, 50.00000000000, 173.11486924067, 19.91784055007, 4.12500003222, 0.00000000000, 0.00000000002, 0.00000000040
11, 50.00000000000, 189.68657365609, 10.30474453426, 4.12500003222, 0.00000000000, 0.00000000033, -0.00000000019
