0, 50.00000000000, 10.32310173267, 10.32088018127, 4.12500003222, 0.00000000000, -0.00000000389, -0.00000000006
1, 50.00000000000, 26.15226741547, 10.55075324460, 4.12500003222, 0.00000000000, 0.00000000003, -0.00000000003
2, 50.00000000000, 41.97990500764, 10.93291876213, 4.12500003222, 0.00000000000, 0.00000000004, 0.00000000022
3, 50.00000000000, 57.82522553636, 10.35848269141, 4.12500003222, 0.00000000000, 0.00000000006, -0.00000000035
4, 50.00000000000, 73.69002045770, 11.28879986890, 4.12500003222, 0.00000000000, 0.00000000010, 0.00000000044
5, 50.00000000000, 89.61707351846, 10.32994442743, 4.12500003222, 0.00000000000, 0.00000000015, -0.00000000026
6, 50.00000000000, 105.67637884943, 10.49272680374, 4.12500003222, 0.00000000000, 0.00000000024, 0.00000000007
7, 50.00000000000, 121.89761683989, 10.32346378506, 4.12500003222, 0.00000000000, 0.00000000034, -0.00000000012
8, 50.00000000000, 138.35237265436, 10.84377819979, 4.12500003222, 0.00000000000, 0.00000000042, 0.00000000017
9, 50.00000000000, 155.12897896568, 10.35150479355, 4.12500003222, 0.00000000000, 0.00000000044, -0.00000000015
10, 50.00000000000, 172.26281110988, 10.98126376350, 4.12500003222, 0.00000000000, 0.00000000030, 0.00000000013
11, 50.00000000000, 189.68035274642, 10.45309024229, 4.12500003222, 0.00000000000, 0.00000000177, -0.00000000006
