0, 50.00000000000, 10.32326480772, 10.49853398603, 4.12500003222, 0.00000000000, -0.00000000293, 0.00000000004
1, 50.00000000000, 26.80863606880, 10.31863379305, 4.12500003222, 0.00000000000, 0.00000000036, -0.00000000082
2, 50.00000000000, 42.72595717901, 15.18926142030, 4.12500003222, 0.00000000000, 0.00000000029, 0.00000000148
3, 50.00000000000, 58.89994904517, 10.32164434868, 4.12500003222, 0.00000000000, 0.00000000037, -0.00000000164
4, 50.00000000000, 74.20383247761, 17.93826988887, 4.12500003222, 0.00000000000, 0.00000000001, 0.00000000190
5, 50.00000000000, 89.50751680480, 10.31897759052, 4.12500003222, 0.00000000000, -0.00000000044, -0.00000000122
6, 50.00000000000, 106.30084489501, 12.27261937311, 4.12500003222, 0.00000000000, -0.00000000015, 0.00000000056
7, 50.00000000000, 122.97545665729, 10.32108123340, 4.12500003222, 0.00000000000, 0.00000000001, -0.00000000064
8, 50.00000000000, 139.60069151639, 12.66458393726, 4.12500003222, 0.00000000000, 0.00000000007, 0.00000000069
9, 50.00000000000, 156.27932992700, 10.32039170275, 4.12500003222, 0.00000000000, 0.00000000008, -0.00000000072
10, 50.00000000000, 172.95740323728, 13.06016429912, 4.12500003222, 0.00000000000, 0.00000000006, 0.00000000076
11, 50.00000000000, 189.67320241951, 10.31745662665, 4.12500003222, 0.00000000000, -0.00000000228, -0.00000000037
