0, 50.00000000000, 10.31760559455, 10.34848171062, 4.12500003222, 0.00000000000, -0.00000000365, 0.00000000000
1, 50.00000000000, 26.30350250499, 10.33353090161, 4.12500003222, 0.00000000000, 0.00000000010, -0.00000000043
2, 50.00000000000, 42.20452162278, 12.27203550403, 4.12500003222, 0.00000000000, 0.00000000014, 0.00000000085
3, 50.00000000000, 58.19582125813, 10.31367847510, 4.12500003222, 0.00000000000, 0.00000000021, -0.00000000112
4, 50.00000000000, 74.04115738911, 13.76728880519, 4.12500003222, 0.00000000000, 0.00000000011, 0.00000000137
5, 50.00000000000, 89.96902006322, 10.32112004954, 4.12500003222, 0.00000000000, 0.00000000002, -0.00000000084
6, 50.00000000000, 106.30054030532, 11.22329105187, 4.12500003222, 0.00000000000, 0.00000000013, 0.00000000033
7, 50.00000000000, 122.72502475542, 10.33570683374, 4.12500003222, 0.00000000000, 0.00000000019, -0.00000000036
8, 50.00000000000, 139.26806122289, 11.53183303046, 4.12500003222, 0.00000000000, 0.00000000020, 0.00000000038
9, 50.00000000000, 155.96705833597, 10.32137160840, 4.12500003222, 0.00000000000, 0.00000000017, -0.00000000039
10, 50.00000000000, 172.77984900020, 11.79113262137, 4.12500003222, 0.00000000000, 0.00000000009, 0.00000000041
11, 50.00000000000, 189.67880517750, 10.32352559054, 4.12500003222, 0.00000000000, 0.00000000230, -0.00000000020
