0, 50.00000000000, 10.31849268454, 10.54344992369, 4.12500003222, 0.00000000000, -0.00000000263, 0.00000000004
1, 50.00000000000, 27.03114828948, 10.31950097313, 4.12500003222, 0.00000000000, 0.00000000042, -0.00000000085
2, 50.00000000000, 42.91574487065, 16.13190727919, 4.12500003222, 0.00000000000, 0.00000000033, 0.00000000148
3, 50.00000000000, 59.12110358638, 10.30406128232, 4.12500003222, 0.00000000000, 0.00000000035, -0.00000000156
4, 50.00000000000, 74.19193300923, 19.05668677919, 4.12500003222, 0.00000000000, -0.00000000004, 0.00000000180
5, 50.00000000000, 89.21414471520, 10.32002520418, 4.12500003222, 0.00000000000, -0.00000000053, -0.00000000118
6, 50.00000000000, 106.18729180288, 12.51215038161, 4.12500003222, 0.00000000000, -0.00000000023, 0.00000000057
7, 50.00000000000, 122.96658435428, 10.32952377177, 4.12500003222, 0.00000000000, -0.00000000004, -0.00000000068
8, 50.00000000000, 139.63231870385, 12.98376006972, 4.12500003222, 0.00000000000, 0.00000000004, 0.00000000075
9, 50.00000000000, 156.32765684435, 10.31202524831, 4.12500003222, 0.00000000000, 0.00000000008, -0.00000000081
10, 50.00000000000, 172.98415192394, 13.52573281206, 4.12500003222, 0.00000000000, 0.00000000003, 0.00000000086
11, 50.00000000000, 189.67749038360, 10.31770874564, 4.12500003222, 0.00000000000, 0.00000000222, -0.00000000043
