0, 50.00000000000, 10.34232613183, 10.31811517680, 4.12500003222, 0.00000000000, 0.00000000380, -0.00000000000
1, 50.00000000000, 26.19028055317, 10.32841842157, 4.12500003222, 0.00000000000, 0.00000000002, -0.00000000021
2, 50.00000000000, 42.04123931567, 11.24154814715, 4.12500003222, 0.00000000000, 0.00000000006, 0.00000000043
3, 50.00000000000, 57.93122450686, 10.31428797931, 4.12500003222, 0.00000000000, 0.00000000011, -0.00000000058
4, 50.00000000000, 73.83188800196, 11.94249085595, 4.12500003222, 0.00000000000, 0.00000000012, 0.00000000072
5, 50.00000000000, 89.81490287143, 10.32572481482, 4.12500003222, 0.00000000000, 0.00000000014, -0.00000000043
6, 50.00000000000, 105.98083239624, 10.73541644278, 4.12500003222, 0.00000000000, 0.00000000022, 0.00000000016
7, 50.00000000000, 122.30484913941, 10.33025230477, 4.12500003222, 0.00000000000, 0.00000000029, -0.00000000021
8, 50.00000000000, 138.82599956082, 11.09105357180, 4.12500003222, 0.00000000000, 0.00000000031, 0.00000000024
9, 50.00000000000, 155.58360111473, 10.34065241222, 4.12500003222, 0.00000000000, 0.00000000027, -0.00000000022
10, 50.00000000000, 172.55719210404, 11.14839625497, 4.12500003222, 0.00000000000, 0.00000000017, 0.00000000018
11, 50.00000000000, 189.66749749153, 10.49840864788, 4.12500003222, 0.00000000000, -0.00000000209, -0.00000000008
