0, 50.00000000000, 88.35450643802, 39.21143352229, 4.12500003222, 0.00000000000, -0.00000020023, 0.00000005929
1, 50.00000000000, 153.58944626108, 7.19481968300, 4.12500003222, 0.00000000000, -0.00000058424, 0.00000074692
2, 50.00000000000, 123.95999702111, 64.78396979302, 4.12500003222, 0.00000000000, 0.00000028910, 0.00000120359
3, 50.00000000000, 128.00562821486, 50.25960318438, 4.12500003222, 0.00000000000, 0.00000111879, -0.00000001955
4, 50.00000000000, 123.98689289208, 23.19249333016, 4.12500003222, 0.00000000000, 0.00000083278, -0.00000287914
5, 50.00000000000, 105.26739010276, 34.89976759617, 4.12500003222, 0.00000000000, 0.00000041686, 0.00000043764
6, 50.00000000000, 146.84272297703, 67.55554601296, 4.12500003222, 0.00000000000, -0.00000047563, -0.00000021515
7, 50.00000000000, 147.60524004938, 80.52031508312, 4.12500003222, 0.00000000000, 0.00000025512, 0.00000070410
8, 50.00000000000, 135.63744974519, 43.47706553987, 4.12500003222, 0.00000000000, -0.00000084545, 0.00000113607
9, 50.00000000000, 160.40252076160, 27.77876060627, 4.12500003222, 0.00000000000, 0.00000032435, -0.00000047748
10, 50.00000000000, 127.92381056249, 23.18986195246, 4.12500003222, 0.00000000000, -0.00000165657, -0.00000004395
11, 50.00000000000, 107.68810951656, 41.09387313032, 4.12500003222, 0.00000000000, 0.00000007776, 0.00000007521
12, 50.00000000000, 126.21838799195, 31.14530326217, 4.12500003222, 0.00000000000, -0.00000228994, 0.00000051789
13, 50.00000000000, 110.72455594205, 22.65501170063, 4.12500003222, 0.00000000000, 0.00000033401, 0.00000075548
14, 50.00000000000, 150.43028378477, 45.80024891931, 4.12500003222, 0.00000000000, -0.00000092870, 0.00000043169
15, 50.00000000000, 154.85244241016, 19.17027381894, 4.12500003222, 0.00000000000, 0.00000086301, -0.00000027314
16, 50.00000000000, 181.48085129059, 40.05925046272, 4.12500003222, 0.00000000000, -0.00000034843, 0.00000013347
17, 50.00000000000, 218.62744375653, -30000000.00000000000, 0.00000000000, 0.00000000000, 0.00000134562, 0.66000001198
18, 50.00000000000, 228.82727868241, -30000000.00000000000, 0.00000000000, 0.00000000000, 0.00000017559, 0.66000001198
19, 50.00000000000, 247.29992091501, 44.51416433374, 4.12500003222, 0.00000000000, -0.00000006250, 0.00000000078
20, 50.00000000000, 257.25207309013, -30000000.00000000000, 0.00000000000, 0.00000000000, -0.00000033818, 0.66000001198
21, 50.00000000000, 264.14641983747, 54.95786786133, 4.12500003222, 0.00000000000, -0.00000000716, 0.00000008635
22, 50.00000000000, 278.18496384885, -30000000.00000000000, 0.00000000000, 0.00000000000, -0.00000091485, 0.66000001198
23, 50.00000000000, 295.91725051255, -30000000.00000000000, 0.00000000000, 0.00000000000, -0.00000043942, 0.66000001198
24, 50.00000000000, 304.59079653379, -30000000.00000000000, 0.00000000000, 0.00000000000, -0.00000032895, 0.66000001198
25, 50.00000000000, 315.30089127266, -30000000.00000000000, 0.00000000000, 0.00000000000, 0.00000070244, 0.66000001198
26, 50.00000000000, 331.72483645915, 44.83266250100, 4.12500003222, 0.00000000000, -0.00000027180, 0.00000009081
27, 50.00000000000, 343.93046724332, -30000000.00000000000, 0.00000000000, 0.00000000000, -0.00000011826, 0.66000001198
28, 50.00000000000, 348.67541713313, 35.33287442327, 4.12500003222, 0.00000000000, 0.00000007439, -0.00000007327
29, 50.00000000000, 362.12775797118, -30000000.00000000000, 0.00000000000, 0.00000000000, -0.00000055992, 0.66000001198
30, 50.00000000000, 372.67829282999, -30000000.00000000000, 0.00000000000, 0.00000000000, -0.00000056089, 0.66000001198
31, 50.00000000000, 392.45029941828, -30000000.00000000000, 0.00000000000, 0.00000000000, 0.00000145550, 0.66000001198
32, 50.00000000000, 395.49565047268, -30000000.00000000000, 0.00000000000, 0.00000000000, 0.00000065213, 0.66000001198
33, 50.00000000000, 419.48123643482, -30000000.00000000000, 0.00000000000, 0.00000000000, -0.00000002036, 0.66000001198
34, 50.00000000000, 424.88549594349, -30000000.00000000000, 0.00000000000, 0.00000000000, 0.00000069413, 0.66000001198
35, 50.00000000000, 431.02161415511, -30000000.00000000000, 0.00000000000, 0.00000000000, -0.00000133282, 0.66000001198
36, 50.00000000000, 453.03873653780, -30000000.00000000000, 0.00000000000, 0.00000000000, -0.00000205387, 0.66000001198
37, 50.00000000000, 465.84443943569, -30000000.00000000000, 0.00000000000, 0.00000000000, 0.00000002497, 0.66000001198
38, 50.00000000000, 474.12003499828, -30000000.00000000000, 0.00000000000, 0.00000000000, -0.00000002364, 0.66000001198
39, 50.00000000000, 485.85734440501, -30000000.00000000000, 0.00000000000, 0.00000000000, 0.00000158839, 0.66000001198
40, 50.00000000000, 501.33994016517, -30000000.00000000000, 0.00000000000, 0.00000000000, 0.00000092861, 0.66000001198
41, 50.00000000000, 515.56859832836, -30000000.00000000000, 0.00000000000, 0.00000000000, 0.00000023623, 0.66000001198
42, 50.00000000000, 529.23007274749, -30000000.00000000000, 0.00000000000, 0.00000000000, -0.00000103182, 0.66000001198
43, 50.00000000000, 533.08837049021, -30000000.00000000000, 0.00000000000, 0.00000000000, -0.00000105626, 0.66000001198
44, 50.00000000000, 545.68015241354, -30000000.00000000000, 0.00000000000, 0.00000000000, -0.00000033721, 0.66000001198
45, 50.00000000000, 553.29491003020, -30000000.00000000000, 0.00000000000, 0.00000000000, -0.00000065265, 0.66000001198
46, 50.00000000000, 570.14903844438, -30000000.00000000000, 0.00000000000, 0.00000000000, -0.00000018479, 0.66000001198
47, 50.00000000000, 585.87090967331, -30000000.00000000000, 0.00000000000, 0.00000000000, 0.00000004155, 0.66000001198
48, 50.00000000000, 602.96111509444, -30000000.00000000000, 0.00000000000, 0.00000000000, -0.00000096045, 0.66000001198
49, 50.00000000000, 610.65240186041, 66.06494195677, 4.12500003222, 0.00000000000, -0.00000001659, 0.00000008364
50, 50.00000000000, 622.35222104972, -30000000.00000000000, 0.00000000000, 0.00000000000, 0.00000061687, 0.66000001198
51, 50.00000000000, 637.98559953965, -30000000.00000000000, 0.00000000000, 0.00000000000, 0.00000094830, 0.66000001198
52, 50.00000000000, 641.54355819668, -30000000.00000000000, 0.00000000000, 0.00000000000, 0.00000129499, 0.66000001198
53, 50.00000000000, 660.43168942034, -30000000.00000000000, 0.00000000000, 0.00000000000, -0.00000070900, 0.66000001198
54, 50.00000000000, 678.17659884499, -30000000.00000000000, 0.00000000000, 0.00000000000, 0.00000168562, 0.66000001198
55, 50.00000000000, 684.21000923610, -30000000.00000000000, 0.00000000000, 0.00000000000, 0.00000049942, 0.66000001198
56, 50.00000000000, 692.63182653498, -30000000.00000000000, 0.00000000000, 0.00000000000, 0.00000166267, 0.66000001198
57, 50.00000000000, 706.72301404862, -30000000.00000000000, 0.00000000000, 0.00000000000, -0.00000051076, 0.66000001198
58, 50.00000000000, 717.89789377014, -30000000.00000000000, 0.00000000000, 0.00000000000, -0.00000064504, 0.66000001198
59, 50.00000000000, 736.86277527121, -30000000.00000000000, 0.00000000000, 0.00000000000, -0.00000158633, 0.66000001198
60, 50.00000000000, 744.65723767786, -30000000.00000000000, 0.00000000000, 0.00000000000, -0.00000047003, 0.66000001198
61, 50.00000000000, 743.32969180849, 54.11970206840, 4.12500003222, 0.00000000000, -0.00000001107, -0.00000000894
62, 50.00000000000, 770.14366411129, -30000000.00000000000, 0.00000000000, 0.00000000000, 0.00000143950, 0.66000001198
63, 50.00000000000, 781.38822495055, -30000000.00000000000, 0.00000000000, 0.00000000000, -0.00000025810, 0.66000001198
64, 50.00000000000, 792.38457255383, -30000000.00000000000, 0.00000000000, 0.00000000000, -0.00000220409, 0.66000001198
65, 50.00000000000, 895.28251523854, 32.01341764370, 4.12500003222, 0.00000000000, 0.00000084414, -0.00000081257
66, 50.00000000000, 854.43373360129, 47.56187467870, 4.12500003222, 0.00000000000, -0.00000053629, -0.00000012186
67, 50.00000000000, 896.33728651261, 53.95911012918, 4.12500003222, 0.00000000000, -0.00000144075, 0.00000036097
68, 50.00000000000, 891.69793380376, 59.89724022614, 4.12500003222, 0.00000000000, -0.00000004133, -0.00000142027
69, 50.00000000000, 861.92733457420, 1.17392205871, 4.12500003222, 0.00000000000, 0.00000013969, 0.00000036913
70, 50.00000000000, 840.48450647583, 9.37045679636, 4.12500003222, 0.00000000000, 0.00000045831, 0.00000052634
71, 50.00000000000, 889.27607978033, 9.42762109892, 4.12500003222, 0.00000000000, -0.00000070517, 0.00000149366
72, 50.00000000000, 911.07385566002, 31.74614492380, 4.12500003222, 0.00000000000, 0.00000059102, -0.00000028386
73, 50.00000000000, 833.74817095650, 24.09530683810, 4.12500003222, 0.00000000000, 0.00000024269, 0.00000006516
74, 50.00000000000, 860.16522183658, 38.83315587460, 4.12500003222, 0.00000000000, 0.00000120637, -0.00000017846
75, 50.00000000000, 873.88374687067, 75.76053470294, 4.12500003222, 0.00000000000, -0.00000056617, -0.00000031890
76, 50.00000000000, 841.08640770532, 45.38342947086, 4.12500003222, 0.00000000000, -0.00000044514, 0.00000065327
77, 50.00000000000, 885.84004634779, 63.20958926971, 4.12500003222, 0.00000000000, -0.00000004903, -0.00000097629
78, 50.00000000000, 847.44499949567, 24.90284648193, 4.12500003222, 0.00000000000, -0.00000025579, -0.00000122412
79, 50.00000000000, 867.91991659423, 33.19081804483, 4.12500003222, 0.00000000000, 0.00000169460, 0.00000121575
80, 50.00000000000, 111.77484805676, 39.66658756033, 4.12500003222, 0.00000000000, -0.00000145796, -0.00000162840
81, 50.00000000000, 145.59631910719, 52.78970755774, 4.12500003222, 0.00000000000, 0.00000189426, 0.00000120994
82, 50.00000000000, 103.43388021775, 42.56121379147, 4.12500003222, 0.00000000000, -0.00000017326, 0.00000059380
83, 50.00000000000, 141.64414596153, 46.92973879314, 4.12500003222, 0.00000000000, 0.00000142941, 0.00000021783
84, 50.00000000000, 128.83963735280, 61.02344592342, 4.12500003222, 0.00000000000, 0.00000108480, 0.00000138933
85, 50.00000000000, 124.45404334584, 22.36639426134, 4.12500003222, 0.00000000000, -0.00000068180, 0.00000155092
86, 50.00000000000, 149.33081740343, 16.88670005075, 4.12500003222, 0.00000000000, 0.00000064066, -0.00000049931
87, 50.00000000000, 140.13949639725, 17.77750863585, 4.12500003222, 0.00000000000, -0.00000006486, -0.00000082578
88, 50.00000000000, 113.02543905492, 37.31911653496, 4.12500003222, 0.00000000000, 0.00000030742, -0.00000098200
89, 50.00000000000, 156.88974107132, 65.32972227417, 4.12500003222, 0.00000000000, 0.00000033127, -0.00000008313
90, 50.00000000000, 142.29032428041, 10.23657705542, 4.12500003222, 0.00000000000, 0.00000050145, -0.00000070591
91, 50.00000000000, 160.29569600537, 41.02562990489, 4.12500003222, 0.00000000000, 0.00000005660, -0.00000049641
92, 50.00000000000, 132.71706415364, 17.84181728376, 4.12500003222, 0.00000000000, 0.00000027231, 0.00000076163
93, 50.00000000000, 154.70990539513, 24.62786942216, 4.12500003222, 0.00000000000, 0.00000122228, -0.00000009103
94, 50.00000000000, 126.97715433659, 34.71001829530, 4.12500003222, 0.00000000000, 0.00000144135, 0.00000206086
95, 50.00000000000, 169.82885153610, 10.86179991159, 4.12500003222, 0.00000000000, 0.00000011701, -0.00000002020
96, 50.00000000000, 206.91668807444, -30000000.00000000000, 0.00000000000, 0.00000000000, 0.00000241522, 0.66000001198
97, 50.00000000000, 223.43603756338, -30000000.00000000000, 0.00000000000, 0.00000000000, 0.00000085372, 0.66000001198
98, 50.00000000000, 234.95858166650, -30000000.00000000000, 0.00000000000, 0.00000000000, -0.00000036947, 0.66000001198
99, 50.00000000000, 239.37464491850, -30000000.00000000000, 0.00000000000, 0.00000000000, -0.00000035400, 0.66000001198
100, 50.00000000000, 258.41875077043, -30000000.00000000000, 0.00000000000, 0.00000000000, 0.00000001236, 0.66000001198
101, 50.00000000000, 268.59068535313, -30000000.00000000000, 0.00000000000, 0.00000000000, 0.00000005134, 0.66000001198
102, 50.00000000000, 274.66088472736, -30000000.00000000000, 0.00000000000, 0.00000000000, -0.00000071551, 0.66000001198
103, 50.00000000000, 292.20160796017, -30000000.00000000000, 0.00000000000, 0.00000000000, 0.00000037783, 0.66000001198
104, 50.00000000000, 301.58642446723, 35.49236665003, 4.12500003222, 0.00000000000, -0.00000016196, -0.00000003288
105, 50.00000000000, 309.38385116044, 54.02813358763, 4.12500003222, 0.00000000000, 0.00000032799, -0.00000004515
106, 50.00000000000, 321.52131261083, 50.66258713241, 4.12500003222, 0.00000000000, 0.00000053206, 0.00000007582
107, 50.00000000000, 334.60696492388, -30000000.00000000000, 0.00000000000, 0.00000000000, 0.00000082570, 0.66000001198
108, 50.00000000000, 353.17746199930, -30000000.00000000000, 0.00000000000, 0.00000000000, -0.00000028053, 0.66000001198
109, 50.00000000000, 363.69800443666, 35.30094334145, 4.12500003222, 0.00000000000, 0.00000001061, 0.00000003013
110, 50.00000000000, 373.98600453964, -30000000.00000000000, 0.00000000000, 0.00000000000, -0.00000020829, 0.66000001198
111, 50.00000000000, 389.59532511823, 37.69984592317, 4.12500003222, 0.00000000000, 0.00000000440, 0.00000003193
112, 50.00000000000, 403.15436858586, -30000000.00000000000, 0.00000000000, 0.00000000000, 0.00000209401, 0.66000001198
113, 50.00000000000, 412.28092097590, -30000000.00000000000, 0.00000000000, 0.00000000000, -0.00000027712, 0.66000001198
114, 50.00000000000, 432.16777608524, -30000000.00000000000, 0.00000000000, 0.00000000000, -0.00000106373, 0.66000001198
115, 50.00000000000, 443.36846704824, -30000000.00000000000, 0.00000000000, 0.00000000000, -0.00000129979, 0.66000001198
116, 50.00000000000, 446.01028039905, -30000000.00000000000, 0.00000000000, 0.00000000000, -0.00000078211, 0.66000001198
117, 50.00000000000, 469.56035778688, -30000000.00000000000, 0.00000000000, 0.00000000000, -0.00000019551, 0.66000001198
118, 50.00000000000, 469.84224182305, 62.66500455803, 4.12500003222, 0.00000000000, -0.00000000266, -0.00000000773
119, 50.00000000000, 490.67318440170, -30000000.00000000000, 0.00000000000, 0.00000000000, 0.00000086454, 0.66000001198
120, 50.00000000000, 496.68998288969, -30000000.00000000000, 0.00000000000, 0.00000000000, 0.00000039241, 0.66000001198
121, 50.00000000000, 508.91892984485, 41.25832317136, 4.12500003222, 0.00000000000, 0.00000000108, 0.00000003410
122, 50.00000000000, 519.98973394889, 41.28154122389, 4.12500003222, 0.00000000000, -0.00000000027, 0.00000002777
123, 50.00000000000, 534.50242171377, 46.41693716719, 4.12500003222, 0.00000000000, -0.00000001394, 0.00000000184
124, 50.00000000000, 541.76688604523, -30000000.00000000000, 0.00000000000, 0.00000000000, 0.00000011940, 0.66000001198
125, 50.00000000000, 558.16641520777, -30000000.00000000000, 0.00000000000, 0.00000000000, -0.00000010446, 0.66000001198
126, 50.00000000000, 575.54428539213, -30000000.00000000000, 0.00000000000, 0.00000000000, 0.00000027329, 0.66000001198
127, 50.00000000000, 587.36934963857, -30000000.00000000000, 0.00000000000, 0.00000000000, 0.00000029470, 0.66000001198
128, 50.00000000000, 594.30145036099, -30000000.00000000000, 0.00000000000, 0.00000000000, -0.00000076936, 0.66000001198
129, 50.00000000000, 611.45206370889, -30000000.00000000000, 0.00000000000, 0.00000000000, -0.00000031631, 0.66000001198
130, 50.00000000000, 628.14355119278, -30000000.00000000000, 0.00000000000, 0.00000000000, 0.00000038854, 0.66000001198
131, 50.00000000000, 618.13280882773, 43.97230846453, 4.12500003222, 0.00000000000, -0.00000003815, -0.00000004827
132, 50.00000000000, 647.99208187482, -30000000.00000000000, 0.00000000000, 0.00000000000, -0.00000040784, 0.66000001198
133, 50.00000000000, 649.83277753951, 41.82021610787, 4.12500003222, 0.00000000000, -0.00000000102, 0.00000002338
134, 50.00000000000, 670.40869026719, -30000000.00000000000, 0.00000000000, 0.00000000000, 0.00000008010, 0.66000001198
135, 50.00000000000, 683.92349579038, -30000000.00000000000, 0.00000000000, 0.00000000000, 0.00000057858, 0.66000001198
136, 50.00000000000, 683.16119780730, 36.29670640466, 4.12500003222, 0.00000000000, 0.00000000797, 0.00000002667
137, 50.00000000000, 713.25988602967, -30000000.00000000000, 0.00000000000, 0.00000000000, 0.00000029718, 0.66000001198
138, 50.00000000000, 707.69629175725, 53.95774014085, 4.12500003222, 0.00000000000, 0.00000000045, -0.00000000118
139, 50.00000000000, 729.69847936978, -30000000.00000000000, 0.00000000000, 0.00000000000, -0.00000137373, 0.66000001198
140, 50.00000000000, 722.78993627073, 65.97715414570, 4.12500003222, 0.00000000000, 0.00000002940, -0.00000002164
141, 50.00000000000, 760.01985563610, -30000000.00000000000, 0.00000000000, 0.00000000000, 0.00000110886, 0.66000001198
142, 50.00000000000, 748.80851731293, 71.67193483348, 4.12500003222, 0.00000000000, -0.00000002657, -0.00000001149
143, 50.00000000000, 781.64231961316, -30000000.00000000000, 0.00000000000, 0.00000000000, -0.00000031225, 0.66000001198
144, 50.00000000000, 795.80674897141, -30000000.00000000000, 0.00000000000, 0.00000000000, -0.00000295097, 0.66000001198
145, 50.00000000000, 850.00076196500, 8.66316509073, 4.12500003222, 0.00000000000, 0.00000007512, 0.00000044409
146, 50.00000000000, 851.33227540989, 48.44001636023, 4.12500003222, 0.00000000000, -0.00000042088, 0.00000040141
147, 50.00000000000, 863.03006123605, 34.98603807004, 4.12500003222, 0.00000000000, -0.00000299863, -0.00000049210
148, 50.00000000000, 870.36118106193, 32.16113738190, 4.12500003222, 0.00000000000, 0.00000113822, -0.00000314659
149, 50.00000000000, 875.74206377154, 19.83713570898, 4.12500003222, 0.00000000000, 0.00000057117, 0.00000041547
150, 50.00000000000, 903.67364248916, 36.03480847016, 4.12500003222, 0.00000000000, 0.00000088555, -0.00000005912
151, 50.00000000000, 868.32456934709, 52.02418579541, 4.12500003222, 0.00000000000, 0.00000014973, -0.00000056919
152, 50.00000000000, 861.59199501862, 14.47986493346, 4.12500003222, 0.00000000000, -0.00000147679, -0.00000039321
153, 50.00000000000, 899.61739231338, 20.76603166184, 4.12500003222, 0.00000000000, 0.00000008664, -0.00000131991
154, 50.00000000000, 872.95788705266, 69.41974134573, 4.12500003222, 0.00000000000, -0.00000032495, -0.00000032550
155, 50.00000000000, 850.49902804853, 14.03565304188, 4.12500003222, 0.00000000000, -0.00000008721, -0.00000008550
156, 50.00000000000, 901.09961573247, 4.25875083237, 4.12500003222, 0.00000000000, 0.00000008238, 0.00000015141
157, 50.00000000000, 899.99000044281, 48.05622004088, 4.12500003222, 0.00000000000, -0.00000085783, 0.00000038327
158, 50.00000000000, 905.57454581845, 34.09821067273, 4.12500003222, 0.00000000000, 0.00000062098, -0.00000034524
159, 50.00000000000, 845.17578174865, 39.23473568538, 4.12500003222, 0.00000000000, -0.00000063806, 0.00000066341
160, 50.00000000000, 106.20196680023, 39.48447207327, 4.12500003222, 0.00000000000, 0.00000050573, 0.00000090604
161, 50.00000000000, 126.37620571917, 31.44779665354, 4.12500003222, 0.00000000000, 0.00000215782, -0.00000015455
162, 50.00000000000, 98.89766934727, 8.09635020349, 4.12500003222, 0.00000000000, 0.00000010134, 0.00000007406
163, 50.00000000000, 146.17195225020, 53.01091338510, 4.12500003222, 0.00000000000, 0.00000254419, -0.00000050496
164, 50.00000000000, 159.00468538057, 54.17635900395, 4.12500003222, 0.00000000000, -0.00000047014, 0.00000027628
165, 50.00000000000, 99.21921860705, 33.26560120085, 4.12500003222, 0.00000000000, -0.00000034912, 0.00000038473
166, 50.00000000000, 143.97215118829, 29.36259291415, 4.12500003222, 0.00000000000, 0.00000025731, 0.00000032049
167, 50.00000000000, 113.11793911738, 16.88767553684, 4.12500003222, 0.00000000000, -0.00000012378, 0.00000054417
168, 50.00000000000, 158.51313659717, 14.18134795606, 4.12500003222, 0.00000000000, 0.00000014966, 0.00000003032
169, 50.00000000000, 140.57825874921, 45.37386285476, 4.12500003222, 0.00000000000, -0.00000022500, 0.00000142179
170, 50.00000000000, 123.07581573581, 30.41957385063, 4.12500003222, 0.00000000000, -0.00000161870, -0.00000130322
171, 50.00000000000, 138.64723665471, 3.44762949754, 4.12500003222, 0.00000000000, 0.00000050762, -0.00000091114
172, 50.00000000000, 134.26660064526, -0.51372790196, 4.12500003222, 0.00000000000, 0.00000035448, -0.00000003486
173, 50.00000000000, 128.24392011743, 80.69700300348, 4.12500003222, 0.00000000000, -0.00000023587, -0.00000014993
174, 50.00000000000, 119.72219745405, 13.78655265176, 4.12500003222, 0.00000000000, 0.00000051341, 0.00000025914
175, 50.00000000000, 166.38851855981, 27.18099894178, 4.12500003222, 0.00000000000, -0.00000051530, 0.00000027531
176, 50.00000000000, 209.29924993273, -30000000.00000000000, 0.00000000000, 0.00000000000, 0.00000199766, 0.66000001198
177, 50.00000000000, 217.27948605415, -30000000.00000000000, 0.00000000000, 0.00000000000, 0.00000163469, 0.66000001198
178, 50.00000000000, 233.97078833431, 25.27099629486, 4.12500003222, 0.00000000000, 0.00000002061, 0.00000001245
179, 50.00000000000, 242.73833425357, -30000000.00000000000, 0.00000000000, 0.00000000000, -0.00000067294, 0.66000001198
180, 50.00000000000, 254.28305628678, 29.22397626071, 4.12500003222, 0.00000000000, -0.00000003123, -0.00000000102
181, 50.00000000000, 265.52562607957, 40.34912244802, 4.12500003222, 0.00000000000, -0.00000004792, -0.00000006115
182, 50.00000000000, 279.17927482810, -30000000.00000000000, 0.00000000000, 0.00000000000, -0.00000048931, 0.66000001198
183, 50.00000000000, 284.27982918394, 28.86987055076, 4.12500003222, 0.00000000000, 0.00000004798, 0.00000005918
184, 50.00000000000, 300.12427927325, 43.73473938647, 4.12500003222, 0.00000000000, -0.00000018273, -0.00000021762
185, 50.00000000000, 317.52399108514, -30000000.00000000000, 0.00000000000, 0.00000000000, 0.00000021458, 0.66000001198
186, 50.00000000000, 330.42183905509, -30000000.00000000000, 0.00000000000, 0.00000000000, -0.00000013377, 0.66000001198
187, 50.00000000000, 337.40278737450, -30000000.00000000000, 0.00000000000, 0.00000000000, 0.00000014998, 0.66000001198
188, 50.00000000000, 362.55057953988, -30000000.00000000000, 0.00000000000, 0.00000000000, -0.00000065107, 0.66000001198
189, 50.00000000000, 367.73692346510, 51.72199269598, 4.12500003222, 0.00000000000, -0.00000005680, 0.00000001308
190, 50.00000000000, 370.79154387484, 41.83586618227, 4.12500003222, 0.00000000000, -0.00000003470, 0.00000004160
191, 50.00000000000, 382.16727177505, 46.66599650749, 4.12500003222, 0.00000000000, -0.00000001984, -0.00000006193
192, 50.00000000000, 409.98933667423, -30000000.00000000000, 0.00000000000, 0.00000000000, 0.00000047228, 0.66000001198
193, 50.00000000000, 410.18466650923, -30000000.00000000000, 0.00000000000, 0.00000000000, 0.00000041440, 0.66000001198
194, 50.00000000000, 427.78583117255, -30000000.00000000000, 0.00000000000, 0.00000000000, -0.00000025546, 0.66000001198
195, 50.00000000000, 432.68024983627, 50.24632928115, 4.12500003222, 0.00000000000, -0.00000000824, 0.00000002281
196, 50.00000000000, 448.56447071175, -30000000.00000000000, 0.00000000000, 0.00000000000, -0.00000087203, 0.66000001198
197, 50.00000000000, 463.55596954142, 52.94854683253, 4.12500003222, 0.00000000000, 0.00000000691, -0.00000000476
198, 50.00000000000, 482.54626728830, -30000000.00000000000, 0.00000000000, 0.00000000000, 0.00000115357, 0.66000001198
199, 50.00000000000, 487.32076310685, 52.96457702270, 4.12500003222, 0.00000000000, 0.00000000345, -0.00000004848
200, 50.00000000000, 505.31553529579, -30000000.00000000000, 0.00000000000, 0.00000000000, 0.00000099543, 0.66000001198
201, 50.00000000000, 512.73290754361, -30000000.00000000000, 0.00000000000, 0.00000000000, -0.00000011570, 0.66000001198
202, 50.00000000000, 526.49453644521, -30000000.00000000000, 0.00000000000, 0.00000000000, -0.00000012995, 0.66000001198
203, 50.00000000000, 535.37086790797, -30000000.00000000000, 0.00000000000, 0.00000000000, -0.00000049922, 0.66000001198
204, 50.00000000000, 551.24464922362, -30000000.00000000000, 0.00000000000, 0.00000000000, -0.00000069929, 0.66000001198
205, 50.00000000000, 565.74139499898, -30000000.00000000000, 0.00000000000, 0.00000000000, 0.00000038636, 0.66000001198
206, 50.00000000000, 577.33026471683, -30000000.00000000000, 0.00000000000, 0.00000000000, -0.00000019392, 0.66000001198
207, 50.00000000000, 577.90866638268, 56.38810969892, 4.12500003222, 0.00000000000, 0.00000002920, 0.00000003793
208, 50.00000000000, 593.29320945005, 45.39126101970, 4.12500003222, 0.00000000000, 0.00000001415, -0.00000002525
209, 50.00000000000, 607.29696318938, 50.30833767890, 4.12500003222, 0.00000000000, -0.00000003427, -0.00000004084
210, 50.00000000000, 617.38637606935, 50.96193826509, 4.12500003222, 0.00000000000, -0.00000002264, 0.00000000820
211, 50.00000000000, 626.44362586764, 35.55054004831, 4.12500003222, 0.00000000000, -0.00000001095, -0.00000003269
212, 50.00000000000, 640.63562258802, 40.83700576833, 4.12500003222, 0.00000000000, -0.00000000100, -0.00000001394
213, 50.00000000000, 648.95885627723, 55.77453080377, 4.12500003222, 0.00000000000, -0.00000003310, 0.00000001641
214, 50.00000000000, 655.24021022919, 62.89630440210, 4.12500003222, 0.00000000000, -0.00000002743, 0.00000000104
215, 50.00000000000, 672.41084895038, 33.88862917217, 4.12500003222, 0.00000000000, -0.00000000508, -0.00000001199
216, 50.00000000000, 694.69625069891, -30000000.00000000000, 0.00000000000, 0.00000000000, 0.00000163758, 0.66000001198
217, 50.00000000000, 693.37856355810, 41.34823989773, 4.12500003222, 0.00000000000, -0.00000002593, 0.00000001451
218, 50.00000000000, 720.82266358338, -30000000.00000000000, 0.00000000000, 0.00000000000, -0.00000106314, 0.66000001198
219, 50.00000000000, 717.67602415656, 47.30215783617, 4.12500003222, 0.00000000000, 0.00000001159, 0.00000000830
220, 50.00000000000, 748.71088244059, -30000000.00000000000, 0.00000000000, 0.00000000000, -0.00000095138, 0.66000001198
221, 50.00000000000, 737.25309447044, 33.60514532160, 4.12500003222, 0.00000000000, -0.00000000028, -0.00000001302
222, 50.00000000000, 759.38238793091, 32.48630456222, 4.12500003222, 0.00000000000, 0.00000000216, 0.00000000398
223, 50.00000000000, 782.58062165006, -30000000.00000000000, 0.00000000000, 0.00000000000, -0.00000052816, 0.66000001198
224, 50.00000000000, 792.77167839938, -30000000.00000000000, 0.00000000000, 0.00000000000, -0.00000227866, 0.66000001198
225, 50.00000000000, 840.56545983192, 22.86392448507, 4.12500003222, 0.00000000000, -0.00000019367, -0.00000027548
226, 50.00000000000, 888.32702479062, 54.66406082210, 4.12500003222, 0.00000000000, 0.00000160693, 0.00000028241
227, 50.00000000000, 884.56569508917, 53.64212596001, 4.12500003222, 0.00000000000, -0.00000014758, 0.00000163748
228, 50.00000000000, 869.11204435949, 32.30278188239, 4.12500003222, 0.00000000000, -0.00000116706, 0.00000164202
229, 50.00000000000, 871.59994701308, 37.64776672009, 4.12500003222, 0.00000000000, 0.00000256377, 0.00000083403
230, 50.00000000000, 892.96018054530, 55.84312545003, 4.12500003222, 0.00000000000, -0.00000020132, -0.00000038660
231, 50.00000000000, 873.73145103846, 59.64567590051, 4.12500003222, 0.00000000000, 0.00000060665, 0.00000056680
232, 50.00000000000, 893.57346787793, 14.74488700776, 4.12500003222, 0.00000000000, 0.00000034066, 0.00000106431
233, 50.00000000000, 903.75419237946, 49.74708212138, 4.12500003222, 0.00000000000, -0.00000058583, 0.00000001682
234, 50.00000000000, 883.44648228647, 46.82778117764, 4.12500003222, 0.00000000000, -0.00000109534, 0.00000151026
235, 50.00000000000, 858.85054063846, 68.01440534286, 4.12500003222, 0.00000000000, -0.00000060426, 0.00000100710
236, 50.00000000000, 876.35065860351, 42.45907777675, 4.12500003222, 0.00000000000, 0.00000009894, -0.00000115461
237, 50.00000000000, 883.92584925750, 10.97225991361, 4.12500003222, 0.00000000000, 0.00000022971, 0.00000032947
238, 50.00000000000, 913.05993858996, 15.15161331711, 4.12500003222, 0.00000000000, 0.00000013493, -0.00000000848
239, 50.00000000000, 891.33781165073, 15.10973547333, 4.12500003222, 0.00000000000, 0.00000075561, -0.00000008073
240, 50.00000000000, 152.13098929610, 34.62552856150, 4.12500003222, 0.00000000000, -0.00000039716, -0.00000086241
241, 50.00000000000, 95.92839204992, 27.53956592474, 4.12500003222, 0.00000000000, -0.00000093136, -0.00000045787
242, 50.00000000000, 101.90861693641, 54.88109144373, 4.12500003222, 0.00000000000, -0.00000015675, 0.00000010246
243, 50.00000000000, 136.23340501405, 26.30741121320, 4.12500003222, 0.00000000000, -0.00000073043, -0.00000019457
244, 50.00000000000, 154.79353844247, 17.10382158130, 4.12500003222, 0.00000000000, 0.00000026067, 0.00000026951
245, 50.00000000000, 95.55568948239, 61.97423479180, 4.12500003222, 0.00000000000, 0.00000027663, -0.00000020571
246, 50.00000000000, 154.48814180747, 40.08496997717, 4.12500003222, 0.00000000000, 0.00000000872, 0.00000010014
247, 50.00000000000, 152.24558376411, 42.64312327669, 4.12500003222, 0.00000000000, -0.00000062658, -0.00000001640
248, 50.00000000000, 139.35483011181, 53.45006084304, 4.12500003222, 0.00000000000, -0.00000147870, -0.00000159648
249, 50.00000000000, 108.94919229858, 65.28748002317, 4.12500003222, 0.00000000000, -0.00000119317, 0.00000079300
250, 50.00000000000, 171.43615592102, 50.39901363467, 4.12500003222, 0.00000000000, 0.00000078874, -0.00000007171
251, 50.00000000000, 133.81272631455, 10.04090161961, 4.12500003222, 0.00000000000, 0.00000052138, -0.00000044729
252, 50.00000000000, 123.78527333495, 27.49340680525, 4.12500003222, 0.00000000000, 0.00000099621, 0.00000183033
253, 50.00000000000, 120.70952972799, 54.90923686045, 4.12500003222, 0.00000000000, -0.00000016439, 0.00000063063
254, 50.00000000000, 132.25611979736, 63.75610258185, 4.12500003222, 0.00000000000, 0.00000119996, 0.00000073362
255, 50.00000000000, 143.44913580442, 51.83867488174, 4.12500003222, 0.00000000000, -0.00000157237, -0.00000112462
256, 50.00000000000, 175.31897722996, 42.76391501115, 4.12500003222, 0.00000000000, 0.00000010919, -0.00000021708
257, 50.00000000000, 209.81819793798, 38.42898524753, 4.12500003222, 0.00000000000, -0.00000007765, -0.00000000635
258, 50.00000000000, 225.81150501928, -30000000.00000000000, 0.00000000000, 0.00000000000, 0.00000028032, 0.66000001198
259, 50.00000000000, 249.37276165133, -30000000.00000000000, 0.00000000000, 0.00000000000, 0.00000000209, 0.66000001198
260, 50.00000000000, 260.31458889117, -30000000.00000000000, 0.00000000000, 0.00000000000, -0.00000044699, 0.66000001198
261, 50.00000000000, 260.13721993414, 66.87348367108, 4.12500003222, 0.00000000000, -0.00000003962, 0.00000007314
262, 50.00000000000, 278.43599517298, 39.68552386931, 4.12500003222, 0.00000000000, 0.00000025506, 0.00000004081
263, 50.00000000000, 290.43657007672, 37.90313103045, 4.12500003222, 0.00000000000, -0.00000003470, 0.00000013271
264, 50.00000000000, 296.99332110469, 56.20440339845, 4.12500003222, 0.00000000000, -0.00000060426, -0.00000003979
265, 50.00000000000, 313.04412788738, -30000000.00000000000, 0.00000000000, 0.00000000000, 0.00000051839, 0.66000001198
266, 50.00000000000, 313.98462487050, 34.43831087676, 4.12500003222, 0.00000000000, 0.00000010492, -0.00000005119
267, 50.00000000000, 336.71029102441, 37.71879751699, 4.12500003222, 0.00000000000, -0.00000014505, 0.00000000302
268, 50.00000000000, 348.14051629230, -30000000.00000000000, 0.00000000000, 0.00000000000, 0.00000082762, 0.66000001198
269, 50.00000000000, 357.23741597661, 47.46859645026, 4.12500003222, 0.00000000000, 0.00000019325, 0.00000008794
270, 50.00000000000, 365.83393272230, 60.50059321300, 4.12500003222, 0.00000000000, -0.00000005066, -0.00000004993
271, 50.00000000000, 389.38409830526, 61.60667089373, 4.12500003222, 0.00000000000, 0.00000003277, 0.00000001144
272, 50.00000000000, 407.17686451920, 70.00193139889, 4.12500003222, 0.00000000000, -0.00000002902, 0.00000006958
273, 50.00000000000, 407.46105610744, 43.71239044948, 4.12500003222, 0.00000000000, -0.00000000975, -0.00000003007
274, 50.00000000000, 426.73857570983, -30000000.00000000000, 0.00000000000, 0.00000000000, 0.00000008181, 0.66000001198
275, 50.00000000000, 425.77379985360, 56.55803398798, 4.12500003222, 0.00000000000, 0.00000000834, -0.00000001738
276, 50.00000000000, 443.21829517693, 40.98925288261, 4.12500003222, 0.00000000000, 0.00000000365, -0.00000001099
277, 50.00000000000, 462.33567436601, 73.07512984412, 4.12500003222, 0.00000000000, -0.00000000732, 0.00000000540
278, 50.00000000000, 475.10730761745, 74.19508938940, 4.12500003222, 0.00000000000, 0.00000000489, -0.00000004126
279, 50.00000000000, 476.59349645977, 52.19864824129, 4.12500003222, 0.00000000000, -0.00000001120, -0.00000000311
280, 50.00000000000, 499.77168151778, 48.23021438051, 4.12500003222, 0.00000000000, 0.00000001670, 0.00000003868
281, 50.00000000000, 501.71111003828, 57.36797871083, 4.12500003222, 0.00000000000, 0.00000002554, -0.00000001674
282, 50.00000000000, 525.93081118499, 50.78741428677, 4.12500003222, 0.00000000000, -0.00000001196, -0.00000000909
283, 50.00000000000, 540.85854546948, 67.56288890089, 4.12500003222, 0.00000000000, 0.00000003011, 0.00000000595
284, 50.00000000000, 538.91320130521, 57.61331820803, 4.12500003222, 0.00000000000, -0.00000000041, 0.00000000743
285, 50.00000000000, 563.17123077001, 68.42036836529, 4.12500003222, 0.00000000000, -0.00000000528, 0.00000000212
286, 50.00000000000, 572.37956781314, 60.76738270588, 4.12500003222, 0.00000000000, -0.00000000759, 0.00000006356
287, 50.00000000000, 578.09465037701, 41.49387741635, 4.12500003222, 0.00000000000, 0.00000001328, 0.00000000978
288, 50.00000000000, 597.07724498537, -30000000.00000000000, 0.00000000000, 0.00000000000, -0.00000081184, 0.66000001198
289, 50.00000000000, 606.51878700769, -30000000.00000000000, 0.00000000000, 0.00000000000, -0.00000049758, 0.66000001198
290, 50.00000000000, 626.18334766084, 68.84748347009, 4.12500003222, 0.00000000000, 0.00000003676, 0.00000000008
291, 50.00000000000, 637.56228100688, -30000000.00000000000, 0.00000000000, 0.00000000000, 0.00000104897, 0.66000001198
292, 50.00000000000, 648.70998100868, -30000000.00000000000, 0.00000000000, 0.00000000000, -0.00000058523, 0.66000001198
293, 50.00000000000, 659.06931126003, -30000000.00000000000, 0.00000000000, 0.00000000000, -0.00000032239, 0.66000001198
294, 50.00000000000, 657.29604932851, 53.80630315142, 4.12500003222, 0.00000000000, -0.00000000759, -0.00000002742
295, 50.00000000000, 681.88858647467, 55.08256453556, 4.12500003222, 0.00000000000, 0.00000002348, -0.00000004328
296, 50.00000000000, 696.95540550747, -30000000.00000000000, 0.00000000000, 0.00000000000, 0.00000088707, 0.66000001198
297, 50.00000000000, 706.68502137762, -30000000.00000000000, 0.00000000000, 0.00000000000, -0.00000049889, 0.66000001198
298, 50.00000000000, 722.39119482428, -30000000.00000000000, 0.00000000000, 0.00000000000, -0.00000098967, 0.66000001198
299, 50.00000000000, 726.41647206281, 47.64896230742, 4.12500003222, 0.00000000000, -0.00000001350, 0.00000003269
300, 50.00000000000, 739.01760612054, 59.67142563474, 4.12500003222, 0.00000000000, -0.00000002217, 0.00000000013
301, 50.00000000000, 740.11245845218, 46.52370171641, 4.12500003222, 0.00000000000, -0.00000001725, 0.00000003251
302, 50.00000000000, 767.84466752081, -30000000.00000000000, 0.00000000000, 0.00000000000, 0.00000209598, 0.66000001198
303, 50.00000000000, 786.90014285632, -30000000.00000000000, 0.00000000000, 0.00000000000, -0.00000158332, 0.66000001198
304, 50.00000000000, 779.82257617700, 38.12334559872, 4.12500003222, 0.00000000000, -0.00000001005, -0.00000000538
305, 50.00000000000, 872.47556353124, 33.62057581333, 4.12500003222, 0.00000000000, -0.00000108219, 0.00000145063
306, 50.00000000000, 866.60354818771, 39.53600898889, 4.12500003222, 0.00000000000, -0.00000346763, 0.00000044225
307, 50.00000000000, 876.80590939045, 63.75944526855, 4.12500003222, 0.00000000000, 0.00000111855, 0.00000123022
308, 50.00000000000, 849.17911128227, 55.00272794145, 4.12500003222, 0.00000000000, -0.00000041556, 0.00000008106
309, 50.00000000000, 874.76520413398, 33.02632636768, 4.12500003222, 0.00000000000, 0.00000284761, -0.00000146228
310, 50.00000000000, 870.05506095198, 34.99214797505, 4.12500003222, 0.00000000000, -0.00000118860, -0.00000207583
311, 50.00000000000, 907.59177975332, 25.12572717653, 4.12500003222, 0.00000000000, -0.00000044097, 0.00000021576
312, 50.00000000000, 841.22440780770, 15.88721452966, 4.12500003222, 0.00000000000, 0.00000022361, -0.00000000383
313, 50.00000000000, 836.53590141370, 31.74832245414, 4.12500003222, 0.00000000000, -0.00000027434, 0.00000004044
314, 50.00000000000, 906.48619645513, 66.27996057122, 4.12500003222, 0.00000000000, 0.00000003223, -0.00000000516
315, 50.00000000000, 874.90267134997, 4.17104655532, 4.12500003222, 0.00000000000, 0.00000029760, -0.00000114960
316, 50.00000000000, 882.78914826964, 53.22571345201, 4.12500003222, 0.00000000000, 0.00000121040, -0.00000016089
317, 50.00000000000, 853.98793859659, 45.83580182641, 4.12500003222, 0.00000000000, 0.00000021838, 0.00000074298
318, 50.00000000000, 903.00535844844, 17.18875038323, 4.12500003222, 0.00000000000, -0.00000098322, 0.00000064536
319, 50.00000000000, 871.49234122700, 68.18311262952, 4.12500003222, 0.00000000000, 0.00000035376, 0.00000170421
320, 50.00000000000, -12.45526859544, 10.44008303488, 4.12500003222, 0.00000000000, -0.00000000000, -0.00000000643
321, 50.00000000000, 121.44659988387, 74.21961464898, 4.12500003222, 0.00000000000, -0.00000036978, 0.00000023176
322, 50.00000000000, 105.80101607566, 45.22513762614, 4.12500003222, 0.00000000000, -0.00000054451, 0.00000029645
323, 50.00000000000, 134.29232515027, 20.06510927379, 4.12500003222, 0.00000000000, -0.00000093581, -0.00000046714
324, 50.00000000000, 127.48271391601, 35.07812464188, 4.12500003222, 0.00000000000, -0.00000204779, 0.00000131688
325, 50.00000000000, 130.83825305973, 70.04176221702, 4.12500003222, 0.00000000000, -0.00000017207, 0.00000003879
326, 50.00000000000, 109.26059782540, 25.63792071568, 4.12500003222, 0.00000000000, 0.00000078199, 0.00000001289
327, 50.00000000000, 124.33630364446, -1.19767321157, 4.12500003222, 0.00000000000, -0.00000003602, -0.00000060526
328, 50.00000000000, 148.57548447885, 35.78670612991, 4.12500003222, 0.00000000000, 0.00000074146, 0.00000099098
329, 50.00000000000, 114.18582446720, 71.80135454910, 4.12500003222, 0.00000000000, -0.00000014227, -0.00000013292
330, 50.00000000000, 159.77275406278, 21.57298063924, 4.12500003222, 0.00000000000, 0.00000043177, 0.00000014727
331, 50.00000000000, 126.63400702011, 17.47588926211, 4.12500003222, 0.00000000000, -0.00000040886, 0.00000072189
332, 50.00000000000, 92.30493318052, 14.09588535347, 4.12500003222, 0.00000000000, 0.00000007403, 0.00000012621
333, 50.00000000000, 124.42030560538, 58.62831478994, 4.12500003222, 0.00000000000, 0.00000025831, 0.00000093685
334, 50.00000000000, 99.71361158578, 48.42714386954, 4.12500003222, 0.00000000000, 0.00000091165, 0.00000011469
335, 50.00000000000, 128.31033768149, 34.27274473377, 4.12500003222, 0.00000000000, -0.00000103957, -0.00000038259
336, 50.00000000000, 218.92783456663, 29.11566256766, 4.12500003222, 0.00000000000, 0.00000001396, 0.00000000416
337, 50.00000000000, 213.33033772234, 65.07868404262, 4.12500003222, 0.00000000000, 0.00000000015, 0.00000001090
338, 50.00000000000, 230.55197583999, 35.20211002526, 4.12500003222, 0.00000000000, 0.00000003138, -0.00000008053
339, 50.00000000000, 243.29060701877, 49.16390022629, 4.12500003222, 0.00000000000, 0.00000001910, -0.00000004421
340, 50.00000000000, 253.54080060971, 40.88680194494, 4.12500003222, 0.00000000000, -0.00000014806, -0.00000002417
341, 50.00000000000, 269.25951752852, 79.30202581907, 4.12500003222, 0.00000000000, -0.00000001197, -0.00000003917
342, 50.00000000000, 279.79784623919, 48.56061350178, 4.12500003222, 0.00000000000, 0.00000033819, 0.00000006475
343, 50.00000000000, 285.21490518882, 45.52549294415, 4.12500003222, 0.00000000000, 0.00000009856, 0.00000020332
344, 50.00000000000, 294.57654920116, 50.58426660613, 4.12500003222, 0.00000000000, -0.00000046840, -0.00000003216
345, 50.00000000000, 313.08163348517, 45.82586888377, 4.12500003222, 0.00000000000, 0.00000033934, -0.00000008250
346, 50.00000000000, 328.73935318016, 62.84707133738, 4.12500003222, 0.00000000000, -0.00000025396, -0.00000014680
347, 50.00000000000, 330.75042833360, 52.20036228197, 4.12500003222, 0.00000000000, -0.00000042044, 0.00000013472
348, 50.00000000000, 335.48977621284, 69.37921851624, 4.12500003222, 0.00000000000, -0.00000020860, -0.00000009211
349, 50.00000000000, 352.27475066809, 52.94121245304, 4.12500003222, 0.00000000000, 0.00000021578, 0.00000003839
350, 50.00000000000, 375.56442522419, 58.24360508927, 4.12500003222, 0.00000000000, -0.00000012114, -0.00000002660
351, 50.00000000000, 383.76321238616, -30000000.00000000000, 0.00000000000, 0.00000000000, 0.00000130422, 0.66000001198
352, 50.00000000000, 390.61138201238, 53.77289562076, 4.12500003222, 0.00000000000, 0.00000001541, -0.00000001836
353, 50.00000000000, 416.26820933251, -30000000.00000000000, 0.00000000000, 0.00000000000, 0.00000038522, 0.66000001198
354, 50.00000000000, 420.69874076004, 40.68277408995, 4.12500003222, 0.00000000000, -0.00000000254, -0.00000000655
355, 50.00000000000, 428.59744581086, 61.06056819152, 4.12500003222, 0.00000000000, -0.00000000081, -0.00000002720
356, 50.00000000000, 444.03212507221, 54.16691525355, 4.12500003222, 0.00000000000, 0.00000000006, 0.00000000695
357, 50.00000000000, 451.45370867053, 53.51453278954, 4.12500003222, 0.00000000000, -0.00000000084, -0.00000002132
358, 50.00000000000, 477.19594820404, 58.36277278891, 4.12500003222, 0.00000000000, -0.00000001733, -0.00000001273
359, 50.00000000000, 474.44011974613, 40.39992357603, 4.12500003222, 0.00000000000, -0.00000000188, -0.00000002043
360, 50.00000000000, 495.95305811678, 61.80117985797, 4.12500003222, 0.00000000000, 0.00000002292, 0.00000002673
361, 50.00000000000, 505.95944322562, -30000000.00000000000, 0.00000000000, 0.00000000000, 0.00000080932, 0.66000001198
362, 50.00000000000, 521.85379228340, 56.43455706169, 4.12500003222, 0.00000000000, -0.00000002957, -0.00000002038
363, 50.00000000000, 518.51671576215, 74.58452998484, 4.12500003222, 0.00000000000, -0.00000000642, 0.00000005782
364, 50.00000000000, 543.32766641691, 41.81150746971, 4.12500003222, 0.00000000000, -0.00000001447, -0.00000000111
365, 50.00000000000, 559.08078601968, 42.38275571414, 4.12500003222, 0.00000000000, 0.00000000418, -0.00000004750
366, 50.00000000000, 568.13049435050, 34.51568777251, 4.12500003222, 0.00000000000, -0.00000001738, -0.00000004195
367, 50.00000000000, 585.75272439221, 40.50227117873, 4.12500003222, 0.00000000000, 0.00000002786, -0.00000000262
368, 50.00000000000, 594.91186593715, 72.46369206606, 4.12500003222, 0.00000000000, -0.00000000978, -0.00000004956
369, 50.00000000000, 595.76014624576, 54.31202745544, 4.12500003222, 0.00000000000, 0.00000000397, -0.00000001171
370, 50.00000000000, 607.82224977916, 32.51347315941, 4.12500003222, 0.00000000000, -0.00000000872, 0.00000004308
371, 50.00000000000, 631.63403462073, 55.51566762952, 4.12500003222, 0.00000000000, 0.00000003581, 0.00000001784
372, 50.00000000000, 642.01878233809, -30000000.00000000000, 0.00000000000, 0.00000000000, 0.00000118109, 0.66000001198
373, 50.00000000000, 661.42475452775, -30000000.00000000000, 0.00000000000, 0.00000000000, -0.00000098523, 0.66000001198
374, 50.00000000000, 657.20741074149, 31.06532193060, 4.12500003222, 0.00000000000, 0.00000000269, -0.00000003912
375, 50.00000000000, 664.76850230104, 51.87002034873, 4.12500003222, 0.00000000000, -0.00000002214, 0.00000002055
376, 50.00000000000, 687.66598394146, 48.74036098788, 4.12500003222, 0.00000000000, 0.00000002832, -0.00000002605
377, 50.00000000000, 697.28196413888, 56.27489825182, 4.12500003222, 0.00000000000, -0.00000001183, 0.00000000459
378, 50.00000000000, 703.30457897016, 43.19695627078, 4.12500003222, 0.00000000000, -0.00000001248, 0.00000004944
379, 50.00000000000, 730.24134783128, -30000000.00000000000, 0.00000000000, 0.00000000000, -0.00000151693, 0.66000001198
380, 50.00000000000, 737.44220531475, -30000000.00000000000, 0.00000000000, 0.00000000000, -0.00000109083, 0.66000001198
381, 50.00000000000, 747.32873622454, 37.42802898113, 4.12500003222, 0.00000000000, 0.00000000378, 0.00000000344
382, 50.00000000000, 757.82719297817, 51.08912471162, 4.12500003222, 0.00000000000, -0.00000001874, -0.00000000763
383, 50.00000000000, 765.04650983672, 43.28358687877, 4.12500003222, 0.00000000000, -0.00000001012, -0.00000001972
384, 50.00000000000, 774.53640351083, 51.56112918401, 4.12500003222, 0.00000000000, -0.00000000261, -0.00000002404
385, 50.00000000000, 895.60974257390, 15.08998125670, 4.12500003222, 0.00000000000, 0.00000060651, -0.00000045270
386, 50.00000000000, 839.58833650323, 54.82610171366, 4.12500003222, 0.00000000000, 0.00000088220, -0.00000033880
387, 50.00000000000, 863.79318083117, 76.13935343082, 4.12500003222, 0.00000000000, 0.00000019318, -0.00000032427
388, 50.00000000000, 875.97518176168, 33.25605589836, 4.12500003222, 0.00000000000, -0.00000061177, 0.00000126969
389, 50.00000000000, 860.71758996229, 70.18571008067, 4.12500003222, 0.00000000000, -0.00000005482, 0.00000007896
390, 50.00000000000, 860.29941978974, 5.13891072117, 4.12500003222, 0.00000000000, -0.00000003798, 0.00000047881
391, 50.00000000000, 856.84375970066, 53.57817625507, 4.12500003222, 0.00000000000, -0.00000096394, 0.00000010686
392, 50.00000000000, 856.97785464583, 29.01799998870, 4.12500003222, 0.00000000000, 0.00000034512, 0.00000019503
393, 50.00000000000, 873.08708253638, 42.82442422821, 4.12500003222, 0.00000000000, -0.00000258073, 0.00000097404
394, 50.00000000000, 880.85105414377, 48.44118611461, 4.12500003222, 0.00000000000, -0.00000000855, 0.00000008795
395, 50.00000000000, 846.08080374760, 56.47302568230, 4.12500003222, 0.00000000000, -0.00000044364, -0.00000022351
396, 50.00000000000, 895.90871491463, 16.27138051881, 4.12500003222, 0.00000000000, 0.00000083234, -0.00000168955
397, 50.00000000000, 854.73083052436, 10.34443787020, 4.12500003222, 0.00000000000, 0.00000007484, 0.00000057913
398, 50.00000000000, 879.79152066397, 50.03177018336, 4.12500003222, 0.00000000000, 0.00000138263, -0.00000084103
399, 50.00000000000, 911.96206043255, 47.00652318562, 4.12500003222, 0.00000000000, 0.00000006001, 0.00000002472
400, 50.00000000000, 108.15043833642, 47.44686252877, 4.12500003222, 0.00000000000, -0.00000092023, -0.00000002859
401, 50.00000000000, 132.83807975892, 63.38451661044, 4.12500003222, 0.00000000000, 0.00000036315, -0.00000029651
402, 50.00000000000, 145.84210716385, 1.11134988835, 4.12500003222, 0.00000000000, -0.00000021015, 0.00000041965
403, 50.00000000000, 117.74639861166, 28.63164895160, 4.12500003222, 0.00000000000, 0.00000178673, 0.00000082959
404, 50.00000000000, 104.60569205900, 51.49261350486, 4.12500003222, 0.00000000000, -0.00000100983, 0.00000077359
405, 50.00000000000, 117.45804646973, 18.32307608619, 4.12500003222, 0.00000000000, 0.00000036149, 0.00000095980
406, 50.00000000000, 143.02713235015, 52.43776777563, 4.12500003222, 0.00000000000, 0.00000086915, 0.00000178482
407, 50.00000000000, 138.94764249872, 66.42086250359, 4.12500003222, 0.00000000000, -0.00000044258, -0.00000074817
408, 50.00000000000, 133.41060548769, 37.09593940559, 4.12500003222, 0.00000000000, 0.00000183550, -0.00000201966
409, 50.00000000000, 116.00358830602, 6.28460641966, 4.12500003222, 0.00000000000, -0.00000040416, -0.00000039097
410, 50.00000000000, 158.66115479856, 30.11228201242, 4.12500003222, 0.00000000000, 0.00000010295, -0.00000038463
411, 50.00000000000, 89.58250309121, 49.75756763847, 4.12500003222, 0.00000000000, 0.00000018991, -0.00000021958
412, 50.00000000000, 150.39787659675, 65.32036940155, 4.12500003222, 0.00000000000, -0.00000014881, -0.00000043845
413, 50.00000000000, 143.40972440019, 48.16584410432, 4.12500003222, 0.00000000000, -0.00000159813, 0.00000083775
414, 50.00000000000, 104.33737701683, 59.63969491177, 4.12500003222, 0.00000000000, -0.00000077576, 0.00000004315
415, 50.00000000000, 162.05228420659, 62.77966218738, 4.12500003222, 0.00000000000, 0.00000041030, 0.00000038394
416, 50.00000000000, 209.84098991529, 49.29683082766, 4.12500003222, 0.00000000000, -0.00000007800, -0.00000002947
417, 50.00000000000, 222.81186973184, 45.90892815841, 4.12500003222, 0.00000000000, 0.00000000490, 0.00000001581
418, 50.00000000000, 234.72134045573, 42.53040307486, 4.12500003222, 0.00000000000, 0.00000008284, 0.00000001955
419, 50.00000000000, 244.81605550262, 31.03549576062, 4.12500003222, 0.00000000000, 0.00000002406, 0.00000005765
420, 50.00000000000, 250.51750537989, 63.22649439649, 4.12500003222, 0.00000000000, -0.00000002124, 0.00000002901
421, 50.00000000000, 267.43627152768, 45.37824948468, 4.12500003222, 0.00000000000, -0.00000010317, -0.00000005891
422, 50.00000000000, 282.30577572179, 72.58709570864, 4.12500003222, 0.00000000000, 0.00000007741, -0.00000017320
423, 50.00000000000, 288.01234130539, 53.96988163969, 4.12500003222, 0.00000000000, -0.00000023805, -0.00000001577
424, 50.00000000000, 296.28421500502, 62.71168301425, 4.12500003222, 0.00000000000, -0.00000052878, 0.00000001381
425, 50.00000000000, 312.47212506509, 68.32171680026, 4.12500003222, 0.00000000000, 0.00000040635, 0.00000004841
426, 50.00000000000, 319.16475283795, 71.87385677410, 4.12500003222, 0.00000000000, 0.00000016468, -0.00000004175
427, 50.00000000000, 333.35607470979, 58.52213775170, 4.12500003222, 0.00000000000, -0.00000048370, -0.00000000783
428, 50.00000000000, 344.65596608545, 46.73071690973, 4.12500003222, 0.00000000000, -0.00000005315, -0.00000004775
429, 50.00000000000, 351.90425709429, 69.19262431232, 4.12500003222, 0.00000000000, 0.00000014837, -0.00000001231
430, 50.00000000000, 369.95710917463, 67.17345526693, 4.12500003222, 0.00000000000, -0.00000007949, -0.00000003698
431, 50.00000000000, 385.84418172812, -30000000.00000000000, 0.00000000000, 0.00000000000, 0.00000075766, 0.66000001198
432, 50.00000000000, 401.83091596237, 57.60109585283, 4.12500003222, 0.00000000000, 0.00000001472, 0.00000001785
433, 50.00000000000, 412.55749577209, 52.15819739787, 4.12500003222, 0.00000000000, 0.00000000677, 0.00000001760
434, 50.00000000000, 425.59863145828, 80.90973984830, 4.12500003222, 0.00000000000, -0.00000000527, -0.00000001593
435, 50.00000000000, 431.90688238691, 36.72392430680, 4.12500003222, 0.00000000000, -0.00000000083, -0.00000001061
436, 50.00000000000, 452.59626991535, 62.41717923932, 4.12500003222, 0.00000000000, -0.00000000249, -0.00000000847
437, 50.00000000000, 456.31157575757, 42.84208235058, 4.12500003222, 0.00000000000, 0.00000000631, 0.00000002067
438, 50.00000000000, 461.28977350689, 85.01217080567, 4.12500003222, 0.00000000000, -0.00000000339, 0.00000003130
439, 50.00000000000, 483.69166156184, 40.62624057823, 4.12500003222, 0.00000000000, -0.00000001056, -0.00000004190
440, 50.00000000000, 498.20693111096, 82.02174150046, 4.12500003222, 0.00000000000, -0.00000000921, 0.00000000278
441, 50.00000000000, 511.84000768752, -30000000.00000000000, 0.00000000000, 0.00000000000, 0.00000014837, 0.66000001198
442, 50.00000000000, 522.60386715303, -30000000.00000000000, 0.00000000000, 0.00000000000, -0.00000009098, 0.66000001198
443, 50.00000000000, 532.27218550317, 63.45762299002, 4.12500003222, 0.00000000000, -0.00000000649, -0.00000004244
444, 50.00000000000, 553.00920428607, 75.10175937139, 4.12500003222, 0.00000000000, 0.00000000095, -0.00000004765
445, 50.00000000000, 553.20328763057, 50.18923065840, 4.12500003222, 0.00000000000, -0.00000004948, 0.00000004376
446, 50.00000000000, 571.76024719815, 50.87210365112, 4.12500003222, 0.00000000000, 0.00000000342, 0.00000001929
447, 50.00000000000, 587.03267281886, 59.25905271200, 4.12500003222, 0.00000000000, -0.00000000055, 0.00000004286
448, 50.00000000000, 586.35201530412, 65.55249433493, 4.12500003222, 0.00000000000, -0.00000000226, 0.00000001385
449, 50.00000000000, 602.47277218623, 39.63498043696, 4.12500003222, 0.00000000000, 0.00000001059, -0.00000002018
450, 50.00000000000, 611.26670686762, 57.50144481930, 4.12500003222, 0.00000000000, -0.00000002438, -0.00000001545
451, 50.00000000000, 626.12705279513, 60.30863015960, 4.12500003222, 0.00000000000, 0.00000004193, 0.00000004636
452, 50.00000000000, 641.65710341597, 49.82126244165, 4.12500003222, 0.00000000000, -0.00000000827, 0.00000004788
453, 50.00000000000, 655.82233105046, 76.45182355059, 4.12500003222, 0.00000000000, 0.00000001174, -0.00000003657
454, 50.00000000000, 662.06925355035, 65.35772033979, 4.12500003222, 0.00000000000, -0.00000002316, 0.00000002525
455, 50.00000000000, 677.32364020518, 70.33055368520, 4.12500003222, 0.00000000000, -0.00000000666, 0.00000007298
456, 50.00000000000, 687.26260862480, 62.08901014868, 4.12500003222, 0.00000000000, 0.00000001750, -0.00000000681
457, 50.00000000000, 699.09203158969, 65.75027325472, 4.12500003222, 0.00000000000, -0.00000003889, 0.00000000617
458, 50.00000000000, 707.87684038721, 34.61788861726, 4.12500003222, 0.00000000000, 0.00000000860, -0.00000002136
459, 50.00000000000, 716.88208109088, 72.06596923186, 4.12500003222, 0.00000000000, 0.00000002804, 0.00000003524
460, 50.00000000000, 725.40757521497, 40.18379497551, 4.12500003222, 0.00000000000, -0.00000002138, 0.00000000775
461, 50.00000000000, 741.06781937959, 68.45533457427, 4.12500003222, 0.00000000000, -0.00000003006, -0.00000000811
462, 50.00000000000, 772.44843411890, -30000000.00000000000, 0.00000000000, 0.00000000000, 0.00000078135, 0.66000001198
463, 50.00000000000, 761.23208951284, 69.67266823231, 4.12500003222, 0.00000000000, 0.00000000417, 0.00000000711
464, 50.00000000000, 900.64178406158, 36.28798645581, 4.12500003222, 0.00000000000, 0.00000167384, -0.00000009127
465, 50.00000000000, 869.38015328029, 32.88823547726, 4.12500003222, 0.00000000000, -0.00000082955, 0.00000204560
466, 50.00000000000, 881.84379730997, 68.89838783396, 4.12500003222, 0.00000000000, -0.00000034193, -0.00000075480
467, 50.00000000000, 832.73749488667, 40.86101529207, 4.12500003222, 0.00000000000, 0.00000027110, -0.00000012596
468, 50.00000000000, 892.67014072953, 56.60607977935, 4.12500003222, 0.00000000000, 0.00000004278, 0.00000140025
469, 50.00000000000, 888.70098314980, 50.80537289164, 4.12500003222, 0.00000000000, -0.00000014928, 0.00000227979
470, 50.00000000000, 851.95302119308, 37.77721035988, 4.12500003222, 0.00000000000, 0.00000050938, 0.00000054574
471, 50.00000000000, 878.96165648065, 22.76301229075, 4.12500003222, 0.00000000000, 0.00000115169, 0.00000096166
472, 50.00000000000, 837.44894097561, 47.33892136056, 4.12500003222, 0.00000000000, 0.00000054098, 0.00000007332
473, 50.00000000000, 889.59905568173, 56.36867774464, 4.12500003222, 0.00000000000, 0.00000022390, -0.00000016011
474, 50.00000000000, 885.14095413324, 25.27341778442, 4.12500003222, 0.00000000000, -0.00000038476, -0.00000093564
475, 50.00000000000, 878.68235952229, 13.05337703452, 4.12500003222, 0.00000000000, 0.00000113823, -0.00000069385
476, 50.00000000000, 893.21261992509, 56.66266869143, 4.12500003222, 0.00000000000, 0.00000055158, 0.00000245094
477, 50.00000000000, 874.54487184068, 42.55492311265, 4.12500003222, 0.00000000000, -0.00000126235, -0.00000046043
478, 50.00000000000, 882.03096734550, 3.67081669831, 4.12500003222, 0.00000000000, -0.00000014316, 0.00000041692
479, 50.00000000000, 845.92154868735, 29.77180152608, 4.12500003222, 0.00000000000, -0.00000054665, -0.00000062529
480, 50.00000000000, 109.08903808062, 14.87195399250, 4.12500003222, 0.00000000000, -0.00000021638, -0.00000018917
481, 50.00000000000, 126.35409402081, 10.23148880877, 4.12500003222, 0.00000000000, 0.00000030823, 0.00000007401
482, 50.00000000000, 115.95791981009, 32.95183027820, 4.12500003222, 0.00000000000, 0.00000175232, 0.00000021904
483, 50.00000000000, 122.96132690472, 25.69226333248, 4.12500003222, 0.00000000000, 0.00000046414, -0.00000329298
484, 50.00000000000, 136.54972221763, 49.68172003872, 4.12500003222, 0.00000000000, -0.00000276460, -0.00000062466
485, 50.00000000000, 150.41481226182, 39.80030179617, 4.12500003222, 0.00000000000, 0.00000044192, 0.00000073859
486, 50.00000000000, 132.67603628766, 18.82967260995, 4.12500003222, 0.00000000000, -0.00000041272, 0.00000040760
487, 50.00000000000, 139.23056778503, 57.77694432057, 4.12500003222, 0.00000000000, 0.00000006346, -0.00000167879
488, 50.00000000000, 167.24019213707, 33.37917972422, 4.12500003222, 0.00000000000, -0.00000024096, -0.00000058756
489, 50.00000000000, 115.69919269670, 39.93000325622, 4.12500003222, 0.00000000000, -0.00000095113, -0.00000167703
490, 50.00000000000, 149.16391702955, 8.96170686636, 4.12500003222, 0.00000000000, 0.00000011932, -0.00000037532
491, 50.00000000000, 113.81173556265, 66.90433978914, 4.12500003222, 0.00000000000, -0.00000115652, 0.00000132905
492, 50.00000000000, 110.29587757994, -0.60045511267, 4.12500003222, 0.00000000000, -0.00000021482, -0.00000039396
493, 50.00000000000, 160.34178278145, 35.51704520820, 4.12500003222, 0.00000000000, 0.00000032977, -0.00000054725
494, 50.00000000000, 157.86793361099, 61.33880943610, 4.12500003222, 0.00000000000, -0.00000036959, 0.00000004533
495, 50.00000000000, 140.82308235587, 55.65768730490, 4.12500003222, 0.00000000000, 0.00000134852, -0.00000131143
496, 50.00000000000, 173.92391064253, 27.24235620508, 4.12500003222, 0.00000000000, -0.00000057193, 0.00000026291
497, 50.00000000000, 225.78438274936, 80.58147300737, 4.12500003222, 0.00000000000, 0.00000000691, -0.00000000943
498, 50.00000000000, 231.64359123368, 49.51609664080, 4.12500003222, 0.00000000000, 0.00000006919, -0.00000000697
499, 50.00000000000, 246.68407274080, 54.96440971207, 4.12500003222, 0.00000000000, -0.00000000908, 0.00000000324
500, 50.00000000000, 257.46338332800, 48.97567041508, 4.12500003222, 0.00000000000, -0.00000021406, -0.00000001330
501, 50.00000000000, 267.90351483250, 28.81097452791, 4.12500003222, 0.00000000000, -0.00000000962, -0.00000010267
502, 50.00000000000, 273.84396628485, 54.16488888030, 4.12500003222, 0.00000000000, 0.00000025719, 0.00000013269
503, 50.00000000000, 282.14165670529, 59.72415416093, 4.12500003222, 0.00000000000, 0.00000021947, -0.00000004499
504, 50.00000000000, 295.07301771797, 76.94414290805, 4.12500003222, 0.00000000000, -0.00000007574, 0.00000003894
505, 50.00000000000, 313.70788683040, 89.58623879538, 4.12500003222, 0.00000000000, -0.00000000072, 0.00000002869
506, 50.00000000000, 324.10290703114, 36.95819573027, 4.12500003222, 0.00000000000, 0.00000001226, 0.00000011475
507, 50.00000000000, 336.98921090633, 84.50636719296, 4.12500003222, 0.00000000000, -0.00000000239, 0.00000001435
508, 50.00000000000, 349.84605728936, 78.71086695523, 4.12500003222, 0.00000000000, 0.00000007102, 0.00000003847
509, 50.00000000000, 353.54459635472, 57.64826049530, 4.12500003222, 0.00000000000, 0.00000022509, 0.00000001354
510, 50.00000000000, 373.83155766677, 81.94516028150, 4.12500003222, 0.00000000000, -0.00000002044, -0.00000002953
511, 50.00000000000, 384.64185010352, 70.60025580217, 4.12500003222, 0.00000000000, 0.00000003132, 0.00000006256
512, 50.00000000000, 392.40735021284, 76.51380926621, 4.12500003222, 0.00000000000, 0.00000000164, -0.00000004306
513, 50.00000000000, 410.98508094077, 62.81430042861, 4.12500003222, 0.00000000000, -0.00000000029, -0.00000001221
514, 50.00000000000, 430.82250429336, 70.73768745163, 4.12500003222, 0.00000000000, 0.00000000515, -0.00000000229
515, 50.00000000000, 431.12129446863, 94.02188731310, 4.12500003222, 0.00000000000, -0.00000000084, 0.00000000895
516, 50.00000000000, 450.76636642985, 76.35284957021, 4.12500003222, 0.00000000000, -0.00000000951, -0.00000000048
517, 50.00000000000, 464.38165914273, 40.35430151255, 4.12500003222, 0.00000000000, -0.00000000030, 0.00000000759
518, 50.00000000000, 463.49224993979, 63.92526141971, 4.12500003222, 0.00000000000, -0.00000000513, -0.00000002767
519, 50.00000000000, 484.88009519642, 63.42215125618, 4.12500003222, 0.00000000000, -0.00000000235, 0.00000006293
520, 50.00000000000, 495.41422287930, 39.56021475400, 4.12500003222, 0.00000000000, -0.00000001981, 0.00000002127
521, 50.00000000000, 507.60165968992, 64.93317280017, 4.12500003222, 0.00000000000, 0.00000000830, -0.00000005130
522, 50.00000000000, 513.05127419094, 54.27667650317, 4.12500003222, 0.00000000000, 0.00000000330, 0.00000003352
523, 50.00000000000, 530.34928930134, 72.84033165596, 4.12500003222, 0.00000000000, 0.00000000586, 0.00000000586
524, 50.00000000000, 547.90777170460, 57.73798258438, 4.12500003222, 0.00000000000, 0.00000000615, -0.00000000541
525, 50.00000000000, 554.40638397192, 64.61599194138, 4.12500003222, 0.00000000000, -0.00000001309, 0.00000000595
526, 50.00000000000, 571.67267626851, 77.46641611517, 4.12500003222, 0.00000000000, -0.00000000861, -0.00000004436
527, 50.00000000000, 576.66398823951, 72.28854719789, 4.12500003222, 0.00000000000, -0.00000000344, -0.00000004423
528, 50.00000000000, 593.89387226218, 62.43786150964, 4.12500003222, 0.00000000000, -0.00000002089, 0.00000002264
529, 50.00000000000, 604.23993602052, 57.50805217391, 4.12500003222, 0.00000000000, -0.00000004738, -0.00000005747
530, 50.00000000000, 613.58014529250, 88.43776847279, 4.12500003222, 0.00000000000, -0.00000000479, -0.00000000028
531, 50.00000000000, 626.81787035497, 46.97288076224, 4.12500003222, 0.00000000000, 0.00000001858, 0.00000002911
532, 50.00000000000, 642.36631948257, 74.80625092272, 4.12500003222, 0.00000000000, -0.00000002313, -0.00000005928
533, 50.00000000000, 643.73229053928, 66.15849008695, 4.12500003222, 0.00000000000, -0.00000002259, -0.00000002882
534, 50.00000000000, 663.45167514835, 41.70467251627, 4.12500003222, 0.00000000000, -0.00000000683, -0.00000003022
535, 50.00000000000, 672.73371272367, 48.02904107692, 4.12500003222, 0.00000000000, 0.00000002998, 0.00000000137
536, 50.00000000000, 697.57878691422, -30000000.00000000000, 0.00000000000, 0.00000000000, 0.00000069290, 0.66000001198
537, 50.00000000000, 708.51959807386, -30000000.00000000000, 0.00000000000, 0.00000000000, 0.00000015336, 0.66000001198
538, 50.00000000000, 707.46978974729, 78.14192649684, 4.12500003222, 0.00000000000, -0.00000001108, 0.00000002327
539, 50.00000000000, 719.41456409518, 58.27028775513, 4.12500003222, 0.00000000000, 0.00000002407, -0.00000006978
540, 50.00000000000, 732.14985100271, 56.91606584642, 4.12500003222, 0.00000000000, -0.00000002396, -0.00000000432
541, 50.00000000000, 753.96963728965, 87.59220295387, 4.12500003222, 0.00000000000, -0.00000000314, -0.00000001031
542, 50.00000000000, 749.48548506052, 48.35237709292, 4.12500003222, 0.00000000000, -0.00000000434, 0.00000001041
543, 50.00000000000, 763.03396410853, 56.12961235883, 4.12500003222, 0.00000000000, 0.00000000510, 0.00000000837
544, 50.00000000000, 780.50263994864, 60.49263817763, 4.12500003222, 0.00000000000, 0.00000000604, 0.00000004221
545, 50.00000000000, 871.91134407852, 8.52594614039, 4.12500003222, 0.00000000000, -0.00000006886, -0.00000151673
546, 50.00000000000, 841.54675234341, 64.36923091325, 4.12500003222, 0.00000000000, 0.00000024409, -0.00000039730
547, 50.00000000000, 861.74848364865, 17.68746510977, 4.12500003222, 0.00000000000, -0.00000016953, -0.00000035702
548, 50.00000000000, 920.76916604355, 35.65951726239, 4.12500003222, 0.00000000000, 0.00000001198, -0.00000006707
549, 50.00000000000, 866.04973299517, 57.96804822960, 4.12500003222, 0.00000000000, -0.00000025043, 0.00000045299
550, 50.00000000000, 885.51555184043, 15.40194420776, 4.12500003222, 0.00000000000, -0.00000020545, -0.00000249185
551, 50.00000000000, 874.18422864070, 31.81067274433, 4.12500003222, 0.00000000000, -0.00000232873, -0.00000030111
552, 50.00000000000, 871.47006129740, 37.28294795667, 4.12500003222, 0.00000000000, -0.00000013844, -0.00000241761
553, 50.00000000000, 872.66311813937, 2.27467883346, 4.12500003222, 0.00000000000, -0.00000005460, 0.00000002059
554, 50.00000000000, 862.00346825802, 23.42182960843, 4.12500003222, 0.00000000000, -0.00000000803, 0.00000050521
555, 50.00000000000, 852.14177711992, 72.21409013225, 4.12500003222, 0.00000000000, 0.00000030959, -0.00000024617
556, 50.00000000000, 880.98667095936, 23.45673157263, 4.12500003222, 0.00000000000, -0.00000108669, -0.00000112463
557, 50.00000000000, 855.83713931850, 27.42024119206, 4.12500003222, 0.00000000000, 0.00000081342, -0.00000057330
558, 50.00000000000, 866.72524439392, 27.18828784555, 4.12500003222, 0.00000000000, -0.00000090662, 0.00000170504
559, 50.00000000000, 856.91648976285, 47.16062212155, 4.12500003222, 0.00000000000, -0.00000086142, -0.00000077642
560, 50.00000000000, 108.87342888642, 65.75430537045, 4.12500003222, 0.00000000000, 0.00000057973, -0.00000057870
561, 50.00000000000, 102.33651838261, 15.95466928951, 4.12500003222, 0.00000000000, -0.00000049370, -0.00000053313
562, 50.00000000000, 137.27836522760, 61.02543384938, 4.12500003222, 0.00000000000, 0.00000237404, 0.00000119956
563, 50.00000000000, 87.61484446210, 30.76889633209, 4.12500003222, 0.00000000000, -0.00000067482, -0.00000013357
564, 50.00000000000, 124.22131482182, 44.05632183881, 4.12500003222, 0.00000000000, 0.00000047117, -0.00000111902
565, 50.00000000000, 134.26363342532, 37.54629629882, 4.12500003222, 0.00000000000, 0.00000049933, -0.00000071211
566, 50.00000000000, 154.17764005029, 49.66354806738, 4.12500003222, 0.00000000000, -0.00000094210, -0.00000024468
567, 50.00000000000, 148.19080788736, 28.32949932007, 4.12500003222, 0.00000000000, 0.00000095875, 0.00000008555
568, 50.00000000000, 125.37183808342, 68.82735726803, 4.12500003222, 0.00000000000, -0.00000005616, 0.00000068204
569, 50.00000000000, 136.09849201214, 75.82924878277, 4.12500003222, 0.00000000000, -0.00000043576, 0.00000020132
570, 50.00000000000, 93.23067090037, 21.94960984487, 4.12500003222, 0.00000000000, -0.00000095099, -0.00000037407
571, 50.00000000000, 129.35412097390, 32.27854171906, 4.12500003222, 0.00000000000, 0.00000045288, -0.00000183156
572, 50.00000000000, 110.67014284922, 46.44546976493, 4.12500003222, 0.00000000000, -0.00000183122, -0.00000066453
573, 50.00000000000, 132.05783278677, 38.26899561793, 4.12500003222, 0.00000000000, -0.00000101590, 0.00000090718
574, 50.00000000000, 174.88203963593, 50.44032004788, 4.12500003222, 0.00000000000, 0.00000046248, 0.00000005440
575, 50.00000000000, 173.10246470548, 59.52319742186, 4.12500003222, 0.00000000000, 0.00000097405, 0.00000031177
576, 50.00000000000, 223.63980483063, 56.47132386801, 4.12500003222, 0.00000000000, 0.00000000107, 0.00000004124
577, 50.00000000000, 194.73047610851, 54.33802583078, 4.12500003222, 0.00000000000, -0.00000026921, -0.00000006669
578, 50.00000000000, 230.42598708476, 65.23974346664, 4.12500003222, 0.00000000000, 0.00000000433, 0.00000002062
579, 50.00000000000, 240.27556148710, 64.26990965248, 4.12500003222, 0.00000000000, 0.00000002110, -0.00000002296
580, 50.00000000000, 247.67222847120, 79.77664009780, 4.12500003222, 0.00000000000, 0.00000001828, -0.00000001906
581, 50.00000000000, 264.44244278150, 61.67784004050, 4.12500003222, 0.00000000000, -0.00000001655, 0.00000008539
582, 50.00000000000, 275.58035246811, 64.87438492667, 4.12500003222, 0.00000000000, 0.00000021912, -0.00000005225
583, 50.00000000000, 286.51410418377, 63.50438857082, 4.12500003222, 0.00000000000, -0.00000014061, -0.00000020865
584, 50.00000000000, 304.10903565557, 71.21082555644, 4.12500003222, 0.00000000000, -0.00000009259, 0.00000020734
585, 50.00000000000, 314.17554500151, 59.48691168535, 4.12500003222, 0.00000000000, 0.00000053241, 0.00000008337
586, 50.00000000000, 321.68544856620, 55.63591888148, 4.12500003222, 0.00000000000, 0.00000056365, -0.00000002927
587, 50.00000000000, 326.39513700049, 74.97969330256, 4.12500003222, 0.00000000000, -0.00000011608, -0.00000017633
588, 50.00000000000, 343.44050987766, 61.39885973209, 4.12500003222, 0.00000000000, -0.00000009056, 0.00000004598
589, 50.00000000000, 360.39105581742, 73.99871260845, 4.12500003222, 0.00000000000, -0.00000000663, -0.00000001969
590, 50.00000000000, 383.11730326255, 114.92524565912, 4.12500003222, 0.00000000000, 0.00000000151, -0.00000000727
591, 50.00000000000, 387.38119151784, 94.79401038363, 4.12500003222, 0.00000000000, -0.00000000969, 0.00000003878
592, 50.00000000000, 400.15749597922, 82.22723477057, 4.12500003222, 0.00000000000, 0.00000000247, -0.00000003856
593, 50.00000000000, 409.40775394149, 93.50261710985, 4.12500003222, 0.00000000000, 0.00000000572, 0.00000003612
594, 50.00000000000, 416.14661353613, 76.37441903988, 4.12500003222, 0.00000000000, -0.00000001978, -0.00000000197
595, 50.00000000000, 440.20198455264, 74.29777994991, 4.12500003222, 0.00000000000, -0.00000000201, -0.00000001583
596, 50.00000000000, 444.94987832514, 65.71029155861, 4.12500003222, 0.00000000000, -0.00000001325, 0.00000000960
597, 50.00000000000, 445.77041369654, 88.39152568023, 4.12500003222, 0.00000000000, -0.00000000378, 0.00000001759
598, 50.00000000000, 476.19099370575, 84.32675033989, 4.12500003222, 0.00000000000, 0.00000000559, -0.00000000162
599, 50.00000000000, 484.51461663048, 75.18468785019, 4.12500003222, 0.00000000000, 0.00000001189, 0.00000000360
600, 50.00000000000, 495.28459051985, 71.15854788350, 4.12500003222, 0.00000000000, 0.00000000661, 0.00000003934
601, 50.00000000000, 512.62624350526, 87.85825662817, 4.12500003222, 0.00000000000, -0.00000000750, 0.00000000238
602, 50.00000000000, 516.94806357587, 65.68311655965, 4.12500003222, 0.00000000000, -0.00000002426, -0.00000012877
603, 50.00000000000, 531.32819544104, 87.00719689303, 4.12500003222, 0.00000000000, 0.00000000388, 0.00000003029
604, 50.00000000000, 544.97755165187, 81.85167230761, 4.12500003222, 0.00000000000, -0.00000000520, 0.00000003162
605, 50.00000000000, 562.62093615145, 89.94328209553, 4.12500003222, 0.00000000000, -0.00000000433, 0.00000002334
606, 50.00000000000, 563.03528374802, 55.76687944853, 4.12500003222, 0.00000000000, -0.00000002709, 0.00000001588
607, 50.00000000000, 583.18582042778, 82.24362630039, 4.12500003222, 0.00000000000, 0.00000000513, 0.00000003871
608, 50.00000000000, 597.15011410330, 81.02336546938, 4.12500003222, 0.00000000000, 0.00000000260, -0.00000003589
609, 50.00000000000, 607.09253487004, 74.42633369630, 4.12500003222, 0.00000000000, 0.00000000508, 0.00000000075
610, 50.00000000000, 617.90033525439, 70.25025091063, 4.12500003222, 0.00000000000, 0.00000001746, 0.00000007726
611, 50.00000000000, 630.54459083891, 81.90127933268, 4.12500003222, 0.00000000000, -0.00000001833, -0.00000006101
612, 50.00000000000, 636.40718178409, 60.99581932570, 4.12500003222, 0.00000000000, 0.00000004464, 0.00000001353
613, 50.00000000000, 652.20658015196, 88.08480934770, 4.12500003222, 0.00000000000, 0.00000000518, 0.00000001241
614, 50.00000000000, 667.57170226500, 74.20588940367, 4.12500003222, 0.00000000000, 0.00000000294, 0.00000002500
615, 50.00000000000, 674.76346185978, 59.31232531734, 4.12500003222, 0.00000000000, -0.00000000372, -0.00000000955
616, 50.00000000000, 695.86686355280, 145.84094210589, 4.12500003222, 0.00000000000, 0.00000000000, 0.00000000000
617, 50.00000000000, 691.68161962882, 75.19731822778, 4.12500003222, 0.00000000000, -0.00000000588, 0.00000002308
618, 50.00000000000, 707.83048712181, 59.88402778076, 4.12500003222, 0.00000000000, -0.00000000049, -0.00000006442
619, 50.00000000000, 728.84130373073, 82.23882966879, 4.12500003222, 0.00000000000, -0.00000000069, 0.00000000511
620, 50.00000000000, 729.83022338264, 65.92201539133, 4.12500003222, 0.00000000000, -0.00000001688, 0.00000000222
621, 50.00000000000, 739.70256871950, 79.84516411327, 4.12500003222, 0.00000000000, -0.00000002214, -0.00000003173
622, 50.00000000000, 754.87495428171, 63.09008406969, 4.12500003222, 0.00000000000, -0.00000001268, 0.00000002235
623, 50.00000000000, 771.61820056568, 75.04076131181, 4.12500003222, 0.00000000000, -0.00000000244, -0.00000000079
624, 50.00000000000, 885.67059953466, 28.38929557472, 4.12500003222, 0.00000000000, -0.00000057801, -0.00000116649
625, 50.00000000000, 853.69940300752, 21.29015853930, 4.12500003222, 0.00000000000, -0.00000046297, -0.00000059072
626, 50.00000000000, 907.62503622598, 40.47074558268, 4.12500003222, 0.00000000000, 0.00000060211, 0.00000030744
627, 50.00000000000, 853.37905198190, 65.13651434032, 4.12500003222, 0.00000000000, -0.00000017693, -0.00000010888
628, 50.00000000000, 863.68977473660, 42.47224809908, 4.12500003222, 0.00000000000, 0.00000128561, -0.00000012130
629, 50.00000000000, 903.98403945710, 23.15989243423, 4.12500003222, 0.00000000000, 0.00000019119, -0.00000095248
630, 50.00000000000, 894.42042620261, 27.14290359064, 4.12500003222, 0.00000000000, 0.00000076857, -0.00000153607
631, 50.00000000000, 867.27863853920, 31.13149865024, 4.12500003222, 0.00000000000, 0.00000111588, 0.00000149369
632, 50.00000000000, 857.04164699726, 55.78279388866, 4.12500003222, 0.00000000000, -0.00000123392, 0.00000016283
633, 50.00000000000, 899.93205993026, 70.58516401565, 4.12500003222, 0.00000000000, 0.00000036985, -0.00000034414
634, 50.00000000000, 888.64875173716, 76.87880028272, 4.12500003222, 0.00000000000, -0.00000011923, 0.00000000092
635, 50.00000000000, 881.08831701902, 64.05336801402, 4.12500003222, 0.00000000000, 0.00000068065, 0.00000010628
636, 50.00000000000, 904.48871829175, 44.89850005160, 4.12500003222, 0.00000000000, 0.00000217371, 0.00000126594
637, 50.00000000000, 910.46065677799, 55.99455595732, 4.12500003222, 0.00000000000, -0.00000035696, 0.00000006207
638, 50.00000000000, 853.83773438368, 17.47620650158, 4.12500003222, 0.00000000000, -0.00000067845, -0.00000078742
639, 50.00000000000, 881.57318614077, 23.12765804838, 4.12500003222, 0.00000000000, 0.00000026303, -0.00000022739
