0, 50.00000000000, 13.15262107368, 27.16286530612, 4.12500003222, 0.00000000000, -0.00000000047, 0.00000000157
1, 50.00000000000, 26.08995941972, 14.23174387218, 4.12500003222, 0.00000000000, -0.00000000009, -0.00000000537
2, 50.00000000000, 34.43932124095, 25.40400015238, 4.12500003222, 0.00000000000, 0.00000000276, 0.00000000140
3, 50.00000000000, 49.59918502969, 20.05757164198, 4.12500003222, 0.00000000000, -0.00000000157, 0.00000000017
4, 50.00000000000, 62.43348046409, 14.18355004071, 4.12500003222, 0.00000000000, 0.00000000222, -0.00000000031
5, 50.00000000000, 72.77903196827, -3.19545034227, 4.12500003222, 0.00000000000, 0.00000000149, -0.00000000124
6, 50.00000000000, 87.39116443957, 24.69511579370, 4.12500003222, 0.00000000000, 0.00000000158, 0.00000000623
7, 50.00000000000, 94.67812001751, 44.37098681955, 4.12500003222, 0.00000000000, -0.00000000004, -0.00000000028
8, 50.00000000000, 106.07977452586, 40.43831639858, 4.12500003222, 0.00000000000, -0.00000000224, 0.00000000214
9, 50.00000000000, 121.39959383826, 17.16292604311, 4.12500003222, 0.00000000000, -0.00000000326, -0.00000000203
10, 50.00000000000, 132.10524646251, -9.72466673934, 4.12500003222, 0.00000000000, -0.00000000009, -0.00000000088
11, 50.00000000000, 145.21043029699, 8.31307989796, 4.12500003222, 0.00000000000, -0.00000000075, -0.00000000239
12, 50.00000000000, 156.01046009060, 25.91514837772, 4.12500003222, 0.00000000000, -0.00000000451, -0.00000000163
13, 50.00000000000, 169.22817204708, 20.36943268981, 4.12500003222, 0.00000000000, 0.00000000120, 0.00000000162
14, 50.00000000000, 182.70167084524, 3.67599931271, 4.12500003222, 0.00000000000, 0.00000000003, -0.00000000018
15, 50.00000000000, 197.27388266616, 10.98396197156, 4.12500003222, 0.00000000000, -0.00000000013, 0.00000000092
16, 50.00000000000, 205.56184640093, 32.71788160897, 4.12500003222, 0.00000000000, 0.00000000429, -0.00000000219
17, 50.00000000000, 216.22735390253, -2.53423549613, 4.12500003222, 0.00000000000, 0.00000000086, -0.00000000082
18, 50.00000000000, 232.17758754527, -6.23009779502, 4.12500003222, 0.00000000000, -0.00000000020, 0.00000000043
19, 50.00000000000, 243.67828909259, 41.21578204536, 4.12500003222, 0.00000000000, -0.00000000293, 0.00000000079
20, 50.00000000000, 255.27680706398, 0.52638484010, 4.12500003222, 0.00000000000, 0.00000000133, 0.00000000088
21, 50.00000000000, 267.27317299745, 28.81664882967, 4.12500003222, 0.00000000000, 0.00000000302, 0.00000000340
22, 50.00000000000, 279.05506755862, 25.03087578035, 4.12500003222, 0.00000000000, -0.00000000091, -0.00000000036
23, 50.00000000000, 292.87280537559, -6.32114235631, 4.12500003222, 0.00000000000, 0.00000000137, -0.00000000097
24, 50.00000000000, 300.66417684155, 20.15405267419, 4.12500003222, 0.00000000000, -0.00000000022, -0.00000000247
25, 50.00000000000, 316.58897919934, 1.09382780451, 4.12500003222, 0.00000000000, -0.00000000172, -0.00000000050
26, 50.00000000000, 336.95268384416, 35.38771638443, 4.12500003222, 0.00000000000, 0.00000000101, -0.00000000156
27, 50.00000000000, 342.35876014455, -12.05774491315, 4.12500003222, 0.00000000000, 0.00000000142, 0.00000000004
28, 50.00000000000, 354.18852581744, 22.85986950984, 4.12500003222, 0.00000000000, -0.00000000017, 0.00000000330
29, 50.00000000000, 363.91881127979, -31.16988964256, 4.12500003222, 0.00000000000, -0.00000000135, -0.00000000060
30, 50.00000000000, 372.08179716916, 37.83695136280, 4.12500003222, 0.00000000000, 0.00000000038, -0.00000000051
31, 50.00000000000, 389.53000950709, 5.84587077909, 4.12500003222, 0.00000000000, -0.00000000014, 0.00000000014
32, 50.00000000000, 398.00073990133, 4.98691386116, 4.12500003222, 0.00000000000, -0.00000000160, 0.00000000094
33, 50.00000000000, 415.03326963049, 13.26121924469, 4.12500003222, 0.00000000000, -0.00000000070, -0.00000000492
34, 50.00000000000, 426.40757653465, 21.17293129742, 4.12500003222, 0.00000000000, 0.00000000521, -0.00000000082
35, 50.00000000000, 435.32967504565, -2.09500323816, 4.12500003222, 0.00000000000, -0.00000000250, -0.00000000047
36, 50.00000000000, 451.26991500984, 15.25967625924, 4.12500003222, 0.00000000000, -0.00000000094, -0.00000000134
37, 50.00000000000, 468.57617620322, 11.22349684355, 4.12500003222, 0.00000000000, -0.00000000336, -0.00000000188
38, 50.00000000000, 473.17204856319, -13.31226496453, 4.12500003222, 0.00000000000, 0.00000000098, -0.00000000150
39, 50.00000000000, 486.60660154302, 8.66131371040, 4.12500003222, 0.00000000000, -0.00000000010, 0.00000000176
40, 50.00000000000, 502.98971882562, 12.04333240250, 4.12500003222, 0.00000000000, 0.00000000017, 0.00000000383
41, 50.00000000000, 511.76183751867, -3.58650177000, 4.12500003222, 0.00000000000, 0.00000000320, -0.00000000238
42, 50.00000000000, 526.23260618481, -12.58416607534, 4.12500003222, 0.00000000000, 0.00000000307, -0.00000000147
43, 50.00000000000, 533.08714527539, 12.88216131352, 4.12500003222, 0.00000000000, -0.00000000355, -0.00000000342
44, 50.00000000000, 550.29004111686, 2.98804416039, 4.12500003222, 0.00000000000, -0.00000000267, -0.00000000038
45, 50.00000000000, 556.92081045082, 31.90116814308, 4.12500003222, 0.00000000000, -0.00000000276, 0.00000000289
46, 50.00000000000, 568.46794492719, 2.22366666963, 4.12500003222, 0.00000000000, -0.00000000117, 0.00000000039
47, 50.00000000000, 586.46441324486, -18.18899853256, 4.12500003222, 0.00000000000, -0.00000000165, -0.00000000116
48, 50.00000000000, 597.62107285975, 9.76855028858, 4.12500003222, 0.00000000000, 0.00000000083, 0.00000000253
49, 50.00000000000, 612.73133540839, 39.83722175185, 4.12500003222, 0.00000000000, 0.00000000119, -0.00000000121
50, 50.00000000000, 623.77490342419, -3.94586135408, 4.12500003222, 0.00000000000, -0.00000000018, -0.00000000201
51, 50.00000000000, 635.48632181256, -15.76693761962, 4.12500003222, 0.00000000000, 0.00000000257, -0.00000000037
52, 50.00000000000, 644.74206299250, 7.09472324963, 4.12500003222, 0.00000000000, -0.00000000159, -0.00000000173
53, 50.00000000000, 662.19809333981, -4.54429788598, 4.12500003222, 0.00000000000, -0.00000000073, -0.00000000101
54, 50.00000000000, 674.87024035350, 21.16328175041, 4.12500003222, 0.00000000000, 0.00000000276, -0.00000000412
55, 50.00000000000, 682.07463293321, 32.72863919944, 4.12500003222, 0.00000000000, 0.00000000083, 0.00000000013
56, 50.00000000000, 697.06595371090, 21.34636923762, 4.12500003222, 0.00000000000, -0.00000000163, -0.00000000359
57, 50.00000000000, 707.14817004415, -6.67645487095, 4.12500003222, 0.00000000000, -0.00000000001, 0.00000000162
58, 50.00000000000, 720.77207627858, 8.47796616034, 4.12500003222, 0.00000000000, 0.00000000231, 0.00000000056
59, 50.00000000000, 734.48701813382, 22.41248968181, 4.12500003222, 0.00000000000, 0.00000000025, -0.00000000160
60, 50.00000000000, 745.13689117730, 7.87085228797, 4.12500003222, 0.00000000000, -0.00000000086, 0.00000000075
61, 50.00000000000, 757.22574993350, 26.24272132883, 4.12500003222, 0.00000000000, -0.00000000049, -0.00000000072
62, 50.00000000000, 770.01072477078, -0.30277628616, 4.12500003222, 0.00000000000, -0.00000000260, -0.00000000155
63, 50.00000000000, 780.35619464869, 20.55370578390, 4.12500003222, 0.00000000000, 0.00000000435, 0.00000000247
64, 50.00000000000, 793.13666003707, 0.51593961451, 4.12500003222, 0.00000000000, 0.00000000072, 0.00000000068
65, 50.00000000000, 807.28802935813, -8.33410896611, 4.12500003222, 0.00000000000, 0.00000000076, -0.00000000102
66, 50.00000000000, 819.24679684275, -4.42089271980, 4.12500003222, 0.00000000000, 0.00000000101, -0.00000000160
67, 50.00000000000, 832.62225501599, 2.96850515414, 4.12500003222, 0.00000000000, -0.00000000199, -0.00000000051
68, 50.00000000000, 842.29023500117, 11.70393057229, 4.12500003222, 0.00000000000, -0.00000000326, -0.00000000381
69, 50.00000000000, 855.64375672324, -0.98712670196, 4.12500003222, 0.00000000000, -0.00000000215, -0.00000000058
70, 50.00000000000, 868.79488066908, 2.62680437096, 4.12500003222, 0.00000000000, 0.00000000120, -0.00000000131
71, 50.00000000000, 882.33601340903, 22.33156523476, 4.12500003222, 0.00000000000, 0.00000000013, -0.00000000052
72, 50.00000000000, 889.50426257826, 20.57988756875, 4.12500003222, 0.00000000000, -0.00000000134, 0.00000000104
73, 50.00000000000, 904.04304461898, 14.76672522575, 4.12500003222, 0.00000000000, 0.00000000115, -0.00000000212
74, 50.00000000000, 917.62415795391, -9.89018121289, 4.12500003222, 0.00000000000, 0.00000000052, -0.00000000173
75, 50.00000000000, 925.43576658941, 28.32165365669, 4.12500003222, 0.00000000000, 0.00000000208, 0.00000000039
76, 50.00000000000, 940.91523357204, -13.32255693126, 4.12500003222, 0.00000000000, -0.00000000123, -0.00000000072
77, 50.00000000000, 948.10033231130, 6.58363321270, 4.12500003222, 0.00000000000, -0.00000000110, 0.00000000075
78, 50.00000000000, 963.08883664813, 9.73615043981, 4.12500003222, 0.00000000000, -0.00000000025, -0.00000000041
79, 50.00000000000, 978.30547621776, 10.72451219632, 4.12500003222, 0.00000000000, 0.00000000009, -0.00000000018
80, 50.00000000000, 13.11494340753, 7.75631506301, 4.12500003222, 0.00000000000, 0.00000000160, 0.00000000093
81, 50.00000000000, 23.97723618366, 28.58774372532, 4.12500003222, 0.00000000000, 0.00000000036, 0.00000000194
82, 50.00000000000, 37.29468779265, 33.75738092842, 4.12500003222, 0.00000000000, 0.00000000061, 0.00000000027
83, 50.00000000000, 46.29334562447, 10.94300854508, 4.12500003222, 0.00000000000, -0.00000000121, 0.00000000214
84, 50.00000000000, 59.66679265249, 30.44399791598, 4.12500003222, 0.00000000000, 0.00000000022, 0.00000000023
85, 50.00000000000, 69.78199492450, 23.16703930503, 4.12500003222, 0.00000000000, -0.00000000183, 0.00000000209
86, 50.00000000000, 81.54469730078, 26.03394713499, 4.12500003222, 0.00000000000, 0.00000000010, 0.00000000797
87, 50.00000000000, 87.86201264635, 47.94938066281, 4.12500003222, 0.00000000000, 0.00000000149, -0.00000000161
88, 50.00000000000, 107.87309109309, -5.43180998690, 4.12500003222, 0.00000000000, 0.00000000174, -0.00000000020
89, 50.00000000000, 119.86280657794, 25.61066510957, 4.12500003222, 0.00000000000, -0.00000000065, 0.00000000300
90, 50.00000000000, 133.82237542712, 28.02603487432, 4.12500003222, 0.00000000000, -0.00000000024, 0.00000000503
91, 50.00000000000, 143.61299991748, 12.95900353499, 4.12500003222, 0.00000000000, -0.00000000142, 0.00000000215
92, 50.00000000000, 157.45071638848, 9.65552655836, 4.12500003222, 0.00000000000, -0.00000000294, -0.00000000347
93, 50.00000000000, 168.83981562596, 13.10599424684, 4.12500003222, 0.00000000000, 0.00000000096, -0.00000000039
94, 50.00000000000, 181.26664780893, 30.59787187851, 4.12500003222, 0.00000000000, -0.00000000193, -0.00000000108
95, 50.00000000000, 191.76555409911, 26.35618653488, 4.12500003222, 0.00000000000, -0.00000000422, -0.00000000218
96, 50.00000000000, 205.63842383548, -7.24864560991, 4.12500003222, 0.00000000000, -0.00000000141, 0.00000000019
97, 50.00000000000, 219.89880360052, 7.24420068987, 4.12500003222, 0.00000000000, -0.00000000054, 0.00000000322
98, 50.00000000000, 232.65101692531, 25.79740811255, 4.12500003222, 0.00000000000, 0.00000000493, -0.00000000007
99, 50.00000000000, 242.61201985263, 5.07698117575, 4.12500003222, 0.00000000000, -0.00000000396, 0.00000000327
100, 50.00000000000, 256.87900179919, 16.35882947463, 4.12500003222, 0.00000000000, 0.00000000050, 0.00000000366
101, 50.00000000000, 266.45326343734, 32.16471403883, 4.12500003222, 0.00000000000, 0.00000000023, 0.00000000805
102, 50.00000000000, 278.23808764397, 9.08362766127, 4.12500003222, 0.00000000000, -0.00000000138, 0.00000000154
103, 50.00000000000, 291.36574281701, 23.83542206848, 4.12500003222, 0.00000000000, -0.00000000077, 0.00000000068
104, 50.00000000000, 302.61794033863, 31.40671570878, 4.12500003222, 0.00000000000, -0.00000000142, 0.00000000386
105, 50.00000000000, 313.48276649004, 45.22610471161, 4.12500003222, 0.00000000000, -0.00000000292, -0.00000000236
106, 50.00000000000, 331.67466705272, 50.54386490822, 4.12500003222, 0.00000000000, 0.00000000049, 0.00000000551
107, 50.00000000000, 334.55696315054, 8.88282333869, 4.12500003222, 0.00000000000, 0.00000000040, 0.00000000234
108, 50.00000000000, 352.30601586160, 9.09507668672, 4.12500003222, 0.00000000000, 0.00000000075, -0.00000000096
109, 50.00000000000, 366.79042421821, 46.22886414881, 4.12500003222, 0.00000000000, 0.00000000258, 0.00000000098
110, 50.00000000000, 375.94901265851, 8.59409066720, 4.12500003222, 0.00000000000, -0.00000000031, 0.00000000011
111, 50.00000000000, 395.64121735515, 28.32515570745, 4.12500003222, 0.00000000000, 0.00000000332, 0.00000000152
112, 50.00000000000, 400.23634267504, 16.50276337832, 4.12500003222, 0.00000000000, 0.00000000058, 0.00000000216
113, 50.00000000000, 410.36895336664, 34.37990725534, 4.12500003222, 0.00000000000, 0.00000000012, 0.00000000264
114, 50.00000000000, 428.78351715346, 30.51486965329, 4.12500003222, 0.00000000000, 0.00000000175, 0.00000000650
115, 50.00000000000, 441.71904375445, 3.56157624761, 4.12500003222, 0.00000000000, 0.00000000190, 0.00000000048
116, 50.00000000000, 444.51672715647, 13.43745747532, 4.12500003222, 0.00000000000, -0.00000000207, 0.00000000162
117, 50.00000000000, 465.81402665381, 20.82803759377, 4.12500003222, 0.00000000000, 0.00000000278, 0.00000000311
118, 50.00000000000, 475.04162370999, 61.34160439575, 4.12500003222, 0.00000000000, 0.00000000270, 0.00000000376
119, 50.00000000000, 488.42749080870, 6.05776210370, 4.12500003222, 0.00000000000, 0.00000000088, -0.00000000134
120, 50.00000000000, 499.73234643410, 27.32319564272, 4.12500003222, 0.00000000000, -0.00000000245, -0.00000000082
121, 50.00000000000, 514.69976650821, 24.20757687461, 4.12500003222, 0.00000000000, 0.00000000065, -0.00000000518
122, 50.00000000000, 525.05562702293, 35.20718314490, 4.12500003222, 0.00000000000, 0.00000000084, 0.00000000251
123, 50.00000000000, 537.89622060747, 49.38637527754, 4.12500003222, 0.00000000000, 0.00000000143, -0.00000000725
124, 50.00000000000, 544.92103240320, 26.07603382441, 4.12500003222, 0.00000000000, -0.00000000021, 0.00000000100
125, 50.00000000000, 559.76238365806, 26.67538125529, 4.12500003222, 0.00000000000, 0.00000000261, -0.00000000576
126, 50.00000000000, 573.39278823285, 5.43889037219, 4.12500003222, 0.00000000000, 0.00000000085, 0.00000000261
127, 50.00000000000, 588.63037641957, 1.26930452967, 4.12500003222, 0.00000000000, 0.00000000055, 0.00000000043
128, 50.00000000000, 592.87742601271, 39.33245675891, 4.12500003222, 0.00000000000, 0.00000000158, -0.00000000433
129, 50.00000000000, 614.50241814105, 35.61742142134, 4.12500003222, 0.00000000000, 0.00000000071, -0.00000000109
130, 50.00000000000, 623.75786012055, 18.07428008417, 4.12500003222, 0.00000000000, -0.00000000184, 0.00000000180
131, 50.00000000000, 632.45824420188, 42.06668507593, 4.12500003222, 0.00000000000, -0.00000000055, 0.00000000400
132, 50.00000000000, 645.10629157869, 27.18703575138, 4.12500003222, 0.00000000000, -0.00000000033, 0.00000000439
133, 50.00000000000, 657.07881443195, 44.56834688988, 4.12500003222, 0.00000000000, 0.00000000020, 0.00000000610
134, 50.00000000000, 674.78134834413, 28.30394305817, 4.12500003222, 0.00000000000, 0.00000000240, -0.00000000048
135, 50.00000000000, 684.10014488954, -3.61907171804, 4.12500003222, 0.00000000000, 0.00000000083, -0.00000000067
136, 50.00000000000, 694.34459275656, 30.70438412487, 4.12500003222, 0.00000000000, -0.00000000341, 0.00000000215
137, 50.00000000000, 708.75778242625, 1.21812539286, 4.12500003222, 0.00000000000, -0.00000000246, -0.00000000056
138, 50.00000000000, 720.38712430065, 39.69244736642, 4.12500003222, 0.00000000000, 0.00000000024, -0.00000000400
139, 50.00000000000, 730.44481246179, -17.62624255379, 4.12500003222, 0.00000000000, -0.00000000165, -0.00000000105
140, 50.00000000000, 742.10387582073, 55.14518665037, 4.12500003222, 0.00000000000, -0.00000000477, -0.00000000303
141, 50.00000000000, 758.46742486828, 15.22993925818, 4.12500003222, 0.00000000000, -0.00000000292, -0.00000000183
142, 50.00000000000, 763.90173133597, 38.90671320612, 4.12500003222, 0.00000000000, 0.00000000342, 0.00000000429
143, 50.00000000000, 781.88648775440, 5.51134420695, 4.12500003222, 0.00000000000, -0.00000000197, 0.00000000153
144, 50.00000000000, 796.39104119347, 14.78230202953, 4.12500003222, 0.00000000000, 0.00000000121, -0.00000000014
145, 50.00000000000, 803.33522761205, 27.97792227306, 4.12500003222, 0.00000000000, 0.00000000078, -0.00000000178
146, 50.00000000000, 820.27515950597, 22.55788001611, 4.12500003222, 0.00000000000, 0.00000000056, -0.00000000329
147, 50.00000000000, 829.97371290474, 28.25200483293, 4.12500003222, 0.00000000000, 0.00000000024, 0.00000000347
148, 50.00000000000, 844.66058418365, 12.57747893634, 4.12500003222, 0.00000000000, 0.00000000225, 0.00000000124
149, 50.00000000000, 852.88630875669, 26.44905886561, 4.12500003222, 0.00000000000, 0.00000000380, -0.00000000123
150, 50.00000000000, 868.60332283407, 17.37300757865, 4.12500003222, 0.00000000000, -0.00000000206, 0.00000000021
151, 50.00000000000, 878.05667715844, 22.31739137522, 4.12500003222, 0.00000000000, -0.00000000178, 0.00000000070
152, 50.00000000000, 889.93497233064, 18.69885659781, 4.12500003222, 0.00000000000, -0.00000000163, -0.00000000675
153, 50.00000000000, 908.99291869195, 11.21884236374, 4.12500003222, 0.00000000000, 0.00000000179, 0.00000000033
154, 50.00000000000, 914.74141545761, 25.36131428590, 4.12500003222, 0.00000000000, 0.00000000138, -0.00000000144
155, 50.00000000000, 928.63578732098, 8.80310043708, 4.12500003222, 0.00000000000, -0.00000000067, -0.00000000054
156, 50.00000000000, 938.94296469096, 29.24977897854, 4.12500003222, 0.00000000000, -0.00000000225, 0.00000000017
157, 50.00000000000, 951.31801660115, 31.64807998222, 4.12500003222, 0.00000000000, 0.00000000089, 0.00000000414
158, 50.00000000000, 960.28018104041, -9.57499855107, 4.12500003222, 0.00000000000, 0.00000000098, -0.00000000031
159, 50.00000000000, 973.94367437645, 24.86155365065, 4.12500003222, 0.00000000000, 0.00000000058, -0.00000000012
160, 50.00000000000, 10.87767380947, 35.17187294209, 4.12500003222, 0.00000000000, 0.00000000203, 0.00000000004
161, 50.00000000000, 26.65200273419, 39.49244533138, 4.12500003222, 0.00000000000, -0.00000000095, -0.00000000520
162, 50.00000000000, 32.12747156560, 27.49466876898, 4.12500003222, 0.00000000000, 0.00000000088, 0.00000000382
163, 50.00000000000, 48.60080362219, 37.85832163012, 4.12500003222, 0.00000000000, -0.00000000000, -0.00000000127
164, 50.00000000000, 60.13584043046, 55.34834840708, 4.12500003222, 0.00000000000, 0.00000000315, 0.00000000158
165, 50.00000000000, 69.67920371421, 45.10886256133, 4.12500003222, 0.00000000000, -0.00000000088, -0.00000000305
166, 50.00000000000, 81.04919192262, 17.57456321650, 4.12500003222, 0.00000000000, -0.00000000318, -0.00000000468
167, 50.00000000000, 98.89688168924, 55.07419250952, 4.12500003222, 0.00000000000, -0.00000000030, -0.00000000151
168, 50.00000000000, 116.75522082289, 50.53658040764, 4.12500003222, 0.00000000000, -0.00000000006, -0.00000000287
169, 50.00000000000, 122.10735479473, 46.72567368669, 4.12500003222, 0.00000000000, 0.00000000111, -0.00000000645
170, 50.00000000000, 130.38231337448, 18.56351159033, 4.12500003222, 0.00000000000, 0.00000000241, -0.00000000087
171, 50.00000000000, 145.05879418451, 29.74331868762, 4.12500003222, 0.00000000000, -0.00000000306, 0.00000000206
172, 50.00000000000, 159.36942138869, 11.87317855606, 4.12500003222, 0.00000000000, 0.00000000309, 0.00000000119
173, 50.00000000000, 169.79710927728, 27.36711089484, 4.12500003222, 0.00000000000, 0.00000000414, 0.00000000364
174, 50.00000000000, 178.45299534991, 9.51804831856, 4.12500003222, 0.00000000000, -0.00000000005, 0.00000000360
175, 50.00000000000, 193.99566361617, 30.28321700708, 4.12500003222, 0.00000000000, -0.00000000149, 0.00000000365
176, 50.00000000000, 208.28367111497, 24.16011532617, 4.12500003222, 0.00000000000, 0.00000000274, -0.00000000304
177, 50.00000000000, 218.88915377851, 30.51644094514, 4.12500003222, 0.00000000000, 0.00000000131, 0.00000000051
178, 50.00000000000, 227.21070010070, 24.53687335282, 4.12500003222, 0.00000000000, -0.00000000012, 0.00000000058
179, 50.00000000000, 244.71627656453, 32.57289763520, 4.12500003222, 0.00000000000, -0.00000000348, -0.00000000912
180, 50.00000000000, 254.75155927746, 42.59062602396, 4.12500003222, 0.00000000000, 0.00000000150, 0.00000000494
181, 50.00000000000, 266.66862803932, 47.68385144445, 4.12500003222, 0.00000000000, 0.00000000281, -0.00000000052
182, 50.00000000000, 281.75257460737, 25.92462452361, 4.12500003222, 0.00000000000, 0.00000000349, 0.00000000277
183, 50.00000000000, 290.98537229192, 41.44027589967, 4.12500003222, 0.00000000000, -0.00000000281, -0.00000000216
184, 50.00000000000, 307.01137100073, 55.94664330459, 4.12500003222, 0.00000000000, 0.00000000368, 0.00000000182
185, 50.00000000000, 317.05175390749, 22.92496007011, 4.12500003222, 0.00000000000, 0.00000000501, 0.00000000064
186, 50.00000000000, 326.99272183630, 37.64477760679, 4.12500003222, 0.00000000000, -0.00000000084, -0.00000000020
187, 50.00000000000, 336.93459668916, 29.45190021598, 4.12500003222, 0.00000000000, -0.00000000096, -0.00000000640
188, 50.00000000000, 359.22422328862, 16.33255368734, 4.12500003222, 0.00000000000, 0.00000000126, 0.00000000329
189, 50.00000000000, 368.06151699249, 26.60184985452, 4.12500003222, 0.00000000000, 0.00000000214, 0.00000000072
190, 50.00000000000, 377.11731483574, 23.05181678366, 4.12500003222, 0.00000000000, -0.00000000163, 0.00000000148
191, 50.00000000000, 391.98790641431, 27.32881566028, 4.12500003222, 0.00000000000, 0.00000000108, -0.00000000102
192, 50.00000000000, 406.20899213186, 3.11439490738, 4.12500003222, 0.00000000000, 0.00000000220, 0.00000000068
193, 50.00000000000, 411.80922723882, 21.16461330356, 4.12500003222, 0.00000000000, -0.00000000536, 0.00000000155
194, 50.00000000000, 430.67339387273, 6.07151066786, 4.12500003222, 0.00000000000, -0.00000000362, 0.00000000228
195, 50.00000000000, 440.10263152232, 43.17906819556, 4.12500003222, 0.00000000000, 0.00000000180, -0.00000000188
196, 50.00000000000, 448.91906918571, 21.55322700665, 4.12500003222, 0.00000000000, -0.00000000198, 0.00000000611
197, 50.00000000000, 466.40301136330, 42.07948998794, 4.12500003222, 0.00000000000, 0.00000000262, -0.00000000738
198, 50.00000000000, 480.52800237553, 27.18776669305, 4.12500003222, 0.00000000000, -0.00000000074, 0.00000000024
199, 50.00000000000, 489.15178481947, 33.20069828092, 4.12500003222, 0.00000000000, -0.00000000020, -0.00000000335
200, 50.00000000000, 501.01747580070, 39.13356850942, 4.12500003222, 0.00000000000, 0.00000000188, -0.00000000027
201, 50.00000000000, 510.55812129113, -3.33956773462, 4.12500003222, 0.00000000000, -0.00000000425, -0.00000000168
202, 50.00000000000, 526.20012782810, 16.20146101960, 4.12500003222, 0.00000000000, -0.00000000085, -0.00000000378
203, 50.00000000000, 536.68557991923, 25.56878742699, 4.12500003222, 0.00000000000, 0.00000000115, -0.00000000016
204, 50.00000000000, 550.66501749029, 10.40851961066, 4.12500003222, 0.00000000000, 0.00000000064, 0.00000000412
205, 50.00000000000, 564.82683905017, 22.76775306585, 4.12500003222, 0.00000000000, -0.00000000105, -0.00000000149
206, 50.00000000000, 576.27165281039, 27.19560719946, 4.12500003222, 0.00000000000, 0.00000000198, -0.00000000337
207, 50.00000000000, 582.14611183710, 59.16717746090, 4.12500003222, 0.00000000000, 0.00000000001, -0.00000000175
208, 50.00000000000, 595.81332423897, 47.39093691274, 4.12500003222, 0.00000000000, -0.00000000321, -0.00000000087
209, 50.00000000000, 609.46666485964, 43.09111368107, 4.12500003222, 0.00000000000, -0.00000000154, -0.00000000088
210, 50.00000000000, 622.09680749309, 46.86660461527, 4.12500003222, 0.00000000000, 0.00000000221, -0.00000000284
211, 50.00000000000, 633.80807315098, 24.70260547407, 4.12500003222, 0.00000000000, -0.00000000125, 0.00000000467
212, 50.00000000000, 648.24011514787, 22.13331386118, 4.12500003222, 0.00000000000, 0.00000000394, -0.00000000039
213, 50.00000000000, 656.51501469248, 36.89302157274, 4.12500003222, 0.00000000000, -0.00000000072, -0.00000000188
214, 50.00000000000, 669.10823471026, 50.05346263752, 4.12500003222, 0.00000000000, -0.00000000048, 0.00000000464
215, 50.00000000000, 682.78644671205, 43.42806285977, 4.12500003222, 0.00000000000, 0.00000000159, -0.00000000143
216, 50.00000000000, 694.23797367000, 8.83549955799, 4.12500003222, 0.00000000000, -0.00000000059, 0.00000000546
217, 50.00000000000, 708.80856346943, 40.88599281693, 4.12500003222, 0.00000000000, -0.00000000396, 0.00000000369
218, 50.00000000000, 715.83528410701, 11.49801431267, 4.12500003222, 0.00000000000, -0.00000000225, 0.00000000774
219, 50.00000000000, 730.39756061939, 50.23963270124, 4.12500003222, 0.00000000000, 0.00000000250, -0.00000000341
220, 50.00000000000, 745.89223549951, 27.10547578342, 4.12500003222, 0.00000000000, -0.00000000001, 0.00000000159
221, 50.00000000000, 757.66863645830, 52.13263459580, 4.12500003222, 0.00000000000, 0.00000000213, -0.00000000400
222, 50.00000000000, 765.51322348786, 30.43689938318, 4.12500003222, 0.00000000000, 0.00000000070, 0.00000000562
223, 50.00000000000, 780.93409117708, 38.44909763677, 4.12500003222, 0.00000000000, -0.00000000394, 0.00000000236
224, 50.00000000000, 791.86638645767, 33.75804058220, 4.12500003222, 0.00000000000, -0.00000000300, -0.00000000098
225, 50.00000000000, 805.75905575423, 43.55300845512, 4.12500003222, 0.00000000000, 0.00000000491, 0.00000000097
226, 50.00000000000, 817.69361640053, 18.60930949225, 4.12500003222, 0.00000000000, 0.00000000103, -0.00000000766
227, 50.00000000000, 827.34104958435, 25.12966177222, 4.12500003222, 0.00000000000, -0.00000000151, -0.00000000178
228, 50.00000000000, 844.82140546886, 25.33938539276, 4.12500003222, 0.00000000000, 0.00000000268, 0.00000000146
229, 50.00000000000, 855.98900205112, 37.39644183116, 4.12500003222, 0.00000000000, 0.00000000048, -0.00000000308
230, 50.00000000000, 867.02056119375, 30.73993048750, 4.12500003222, 0.00000000000, 0.00000000086, -0.00000000053
231, 50.00000000000, 878.94849999608, 34.38225395675, 4.12500003222, 0.00000000000, -0.00000000158, 0.00000000338
232, 50.00000000000, 891.90084229577, 31.66175658019, 4.12500003222, 0.00000000000, -0.00000000008, -0.00000000089
233, 50.00000000000, 903.37403366361, 28.38786158153, 4.12500003222, 0.00000000000, -0.00000000189, 0.00000000324
234, 50.00000000000, 914.52244835939, 36.23988970737, 4.12500003222, 0.00000000000, -0.00000000111, 0.00000000226
235, 50.00000000000, 929.08013323493, 41.44433675395, 4.12500003222, 0.00000000000, 0.00000000069, -0.00000000159
236, 50.00000000000, 941.52907821144, 59.13362209199, 4.12500003222, 0.00000000000, 0.00000000156, -0.00000000020
237, 50.00000000000, 948.61160109416, 22.77139512490, 4.12500003222, 0.00000000000, -0.00000000293, -0.00000000162
238, 50.00000000000, 961.17178344676, 43.22104424333, 4.12500003222, 0.00000000000, -0.00000000286, -0.00000000399
239, 50.00000000000, 970.95944838551, 38.42395098821, 4.12500003222, 0.00000000000, -0.00000000126, -0.00000000470
240, 50.00000000000, 15.04641040992, 53.22882178779, 4.12500003222, 0.00000000000, 0.00000000098, 0.00000000071
241, 50.00000000000, 28.15441530406, 18.78599763523, 4.12500003222, 0.00000000000, 0.00000000043, 0.00000000238
242, 50.00000000000, 37.39587395107, 48.09101595211, 4.12500003222, 0.00000000000, -0.00000000056, 0.00000000058
243, 50.00000000000, 45.60531081514, 23.99284692291, 4.12500003222, 0.00000000000, -0.00000000054, 0.00000000682
244, 50.00000000000, 60.99565860476, 47.50705143716, 4.12500003222, 0.00000000000, 0.00000000015, -0.00000000544
245, 50.00000000000, 73.58162096794, 36.46034788511, 4.12500003222, 0.00000000000, -0.00000000269, 0.00000000133
246, 50.00000000000, 80.29416942496, 50.16769504691, 4.12500003222, 0.00000000000, 0.00000000123, 0.00000000079
247, 50.00000000000, 96.63934423344, 29.57174010824, 4.12500003222, 0.00000000000, -0.00000000092, 0.00000000269
248, 50.00000000000, 112.17339527219, 34.83309041424, 4.12500003222, 0.00000000000, 0.00000000276, 0.00000000215
249, 50.00000000000, 119.62921916162, 65.02371554979, 4.12500003222, 0.00000000000, 0.00000000032, 0.00000000950
250, 50.00000000000, 134.24442193576, 60.02585624095, 4.12500003222, 0.00000000000, 0.00000000089, 0.00000000405
251, 50.00000000000, 144.57064228540, 58.27096131911, 4.12500003222, 0.00000000000, 0.00000000209, 0.00000000110
252, 50.00000000000, 157.68922603781, 36.21569374939, 4.12500003222, 0.00000000000, 0.00000000131, 0.00000000339
253, 50.00000000000, 166.08406179608, 57.75545702747, 4.12500003222, 0.00000000000, -0.00000000528, -0.00000000233
254, 50.00000000000, 182.98435893900, 48.66006337738, 4.12500003222, 0.00000000000, 0.00000000186, -0.00000000792
255, 50.00000000000, 195.79132293135, 42.52749453961, 4.12500003222, 0.00000000000, 0.00000000031, 0.00000000385
256, 50.00000000000, 205.94970950764, 75.51161716819, 4.12500003222, 0.00000000000, -0.00000000034, 0.00000000330
257, 50.00000000000, 219.82843432227, 42.71072051046, 4.12500003222, 0.00000000000, -0.00000000171, 0.00000000295
258, 50.00000000000, 226.40655187896, 42.19594195123, 4.12500003222, 0.00000000000, -0.00000000156, 0.00000000071
259, 50.00000000000, 246.62932698654, 35.34823103961, 4.12500003222, 0.00000000000, -0.00000000210, -0.00000000183
260, 50.00000000000, 257.71010094610, 32.06988464717, 4.12500003222, 0.00000000000, 0.00000000174, 0.00000000033
261, 50.00000000000, 269.93308946302, 58.49692817438, 4.12500003222, 0.00000000000, 0.00000000151, -0.00000000730
262, 50.00000000000, 282.37134726591, 65.60178098541, 4.12500003222, 0.00000000000, 0.00000000048, -0.00000000766
263, 50.00000000000, 289.95574513122, 44.85413234911, 4.12500003222, 0.00000000000, -0.00000000413, -0.00000000005
264, 50.00000000000, 301.98815635538, 53.96637527088, 4.12500003222, 0.00000000000, -0.00000000084, 0.00000000215
265, 50.00000000000, 313.34722915971, 22.33019077886, 4.12500003222, 0.00000000000, 0.00000000157, -0.00000000022
266, 50.00000000000, 323.72881892628, 36.56755001597, 4.12500003222, 0.00000000000, -0.00000000597, -0.00000000341
267, 50.00000000000, 345.22004520703, 45.34571125694, 4.12500003222, 0.00000000000, 0.00000000133, 0.00000000480
268, 50.00000000000, 350.50303123181, 37.59488444969, 4.12500003222, 0.00000000000, -0.00000000158, -0.00000000178
269, 50.00000000000, 363.61758318987, 59.77808090061, 4.12500003222, 0.00000000000, -0.00000000168, -0.00000000349
270, 50.00000000000, 377.35944588479, 58.22218771078, 4.12500003222, 0.00000000000, -0.00000000137, 0.00000000211
271, 50.00000000000, 392.00688764065, 44.45954086069, 4.12500003222, 0.00000000000, 0.00000000083, -0.00000000013
272, 50.00000000000, 402.85154735435, 54.94921001039, 4.12500003222, 0.00000000000, 0.00000000003, 0.00000000326
273, 50.00000000000, 414.10704943963, 52.33102269687, 4.12500003222, 0.00000000000, 0.00000000242, -0.00000000080
274, 50.00000000000, 426.61601830785, 23.33104315553, 4.12500003222, 0.00000000000, 0.00000000398, 0.00000000279
275, 50.00000000000, 435.52643351072, 45.27853230355, 4.12500003222, 0.00000000000, 0.00000000069, -0.00000000299
276, 50.00000000000, 447.33085332243, 32.19418760558, 4.12500003222, 0.00000000000, 0.00000000009, 0.00000000437
277, 50.00000000000, 460.34518491282, 49.87649315646, 4.12500003222, 0.00000000000, -0.00000000346, 0.00000000028
278, 50.00000000000, 477.80838309497, 82.75932545230, 4.12500003222, 0.00000000000, 0.00000000085, 0.00000000008
279, 50.00000000000, 482.86336507006, 50.09601854020, 4.12500003222, 0.00000000000, -0.00000000063, -0.00000000191
280, 50.00000000000, 499.21705950945, 49.58454097575, 4.12500003222, 0.00000000000, 0.00000000486, -0.00000000130
281, 50.00000000000, 509.40126855812, 41.91485808674, 4.12500003222, 0.00000000000, -0.00000000205, 0.00000000054
282, 50.00000000000, 526.85051029962, 41.90431183638, 4.12500003222, 0.00000000000, 0.00000000415, 0.00000000311
283, 50.00000000000, 541.50310739137, 61.76191201944, 4.12500003222, 0.00000000000, 0.00000000023, -0.00000000331
284, 50.00000000000, 544.03607232671, 32.90659277544, 4.12500003222, 0.00000000000, -0.00000000117, 0.00000000497
285, 50.00000000000, 559.25207024635, 50.12083097047, 4.12500003222, 0.00000000000, 0.00000000181, -0.00000000054
286, 50.00000000000, 575.93063601802, 33.40665884460, 4.12500003222, 0.00000000000, 0.00000000207, 0.00000000263
287, 50.00000000000, 585.37084303440, 13.04622505547, 4.12500003222, 0.00000000000, -0.00000000083, 0.00000000417
288, 50.00000000000, 600.85655180653, 44.89464830412, 4.12500003222, 0.00000000000, 0.00000000228, -0.00000000318
289, 50.00000000000, 609.80879457673, 19.75121655062, 4.12500003222, 0.00000000000, -0.00000000175, 0.00000000069
290, 50.00000000000, 627.49323064906, 49.62864954972, 4.12500003222, 0.00000000000, 0.00000000376, -0.00000000306
291, 50.00000000000, 633.77978341280, 22.63363582854, 4.12500003222, 0.00000000000, -0.00000000212, -0.00000000460
292, 50.00000000000, 648.06471492875, 36.79553413663, 4.12500003222, 0.00000000000, -0.00000000196, 0.00000000612
293, 50.00000000000, 660.18264244319, 20.32536755322, 4.12500003222, 0.00000000000, -0.00000000158, -0.00000000281
294, 50.00000000000, 665.73512585527, 29.92566992383, 4.12500003222, 0.00000000000, 0.00000000164, 0.00000000012
295, 50.00000000000, 688.00532912726, 56.66522883765, 4.12500003222, 0.00000000000, 0.00000000228, -0.00000000419
296, 50.00000000000, 701.20593346033, 25.77946250142, 4.12500003222, 0.00000000000, 0.00000000169, -0.00000000164
297, 50.00000000000, 705.06346029128, 33.75065132292, 4.12500003222, 0.00000000000, 0.00000000066, 0.00000000282
298, 50.00000000000, 724.21644098763, 42.81834742039, 4.12500003222, 0.00000000000, 0.00000000441, -0.00000000093
299, 50.00000000000, 733.26895398041, 56.34692810807, 4.12500003222, 0.00000000000, -0.00000000495, -0.00000000028
300, 50.00000000000, 748.63892535776, 45.32936918511, 4.12500003222, 0.00000000000, -0.00000000029, -0.00000000229
301, 50.00000000000, 755.77528706062, 49.33001629664, 4.12500003222, 0.00000000000, 0.00000000080, -0.00000000641
302, 50.00000000000, 768.86986332956, 28.23610238298, 4.12500003222, 0.00000000000, 0.00000000281, 0.00000000398
303, 50.00000000000, 784.03093006551, 29.50000695519, 4.12500003222, 0.00000000000, -0.00000000052, -0.00000000288
304, 50.00000000000, 792.22661533979, 44.56823217507, 4.12500003222, 0.00000000000, 0.00000000043, 0.00000000108
305, 50.00000000000, 802.80947911319, 31.65140626954, 4.12500003222, 0.00000000000, 0.00000000085, 0.00000000438
306, 50.00000000000, 817.85719669069, 47.40770817168, 4.12500003222, 0.00000000000, 0.00000000049, 0.00000000059
307, 50.00000000000, 830.66352134113, 35.61696415415, 4.12500003222, 0.00000000000, 0.00000000219, 0.00000000548
308, 50.00000000000, 845.74880970050, 55.08201889383, 4.12500003222, 0.00000000000, -0.00000000071, -0.00000000130
309, 50.00000000000, 854.07073639468, 47.28921502202, 4.12500003222, 0.00000000000, -0.00000000290, 0.00000000353
310, 50.00000000000, 863.77585995640, 14.41548213905, 4.12500003222, 0.00000000000, -0.00000000143, 0.00000000157
311, 50.00000000000, 879.50196431260, 48.04246441780, 4.12500003222, 0.00000000000, -0.00000000026, -0.00000000161
312, 50.00000000000, 890.26768643005, 43.85575311989, 4.12500003222, 0.00000000000, 0.00000000327, -0.00000000093
313, 50.00000000000, 905.66265613177, 23.67969590454, 4.12500003222, 0.00000000000, -0.00000000093, -0.00000000151
314, 50.00000000000, 916.32037811512, 38.67068085892, 4.12500003222, 0.00000000000, -0.00000000070, 0.00000000310
315, 50.00000000000, 929.40451875466, 17.19083547715, 4.12500003222, 0.00000000000, -0.00000000234, 0.00000000267
316, 50.00000000000, 938.73542388271, 47.89119571769, 4.12500003222, 0.00000000000, 0.00000000132, -0.00000000304
317, 50.00000000000, 953.64983387394, 25.21136751124, 4.12500003222, 0.00000000000, 0.00000000118, 0.00000000134
318, 50.00000000000, 962.64725238971, 24.16374058339, 4.12500003222, 0.00000000000, 0.00000000020, 0.00000000162
319, 50.00000000000, 974.99228455468, 43.59600462732, 4.12500003222, 0.00000000000, -0.00000000073, -0.00000000258
320, 50.00000000000, 10.23553661838, 18.96311907077, 4.12500003222, 0.00000000000, 0.00000000050, 0.00000000119
321, 50.00000000000, 25.42626704245, 44.44158655962, 4.12500003222, 0.00000000000, -0.00000000119, 0.00000000041
322, 50.00000000000, 39.02000796439, 64.54564789362, 4.12500003222, 0.00000000000, 0.00000000092, -0.00000000205
323, 50.00000000000, 48.55617308905, 48.60691829393, 4.12500003222, 0.00000000000, 0.00000000045, -0.00000000323
324, 50.00000000000, 57.63280415385, 34.39901635006, 4.12500003222, 0.00000000000, -0.00000000059, 0.00000000245
325, 50.00000000000, 71.87958883633, 50.48205884771, 4.12500003222, 0.00000000000, -0.00000000144, 0.00000000296
326, 50.00000000000, 82.82885348746, 46.42013354162, 4.12500003222, 0.00000000000, 0.00000000150, -0.00000000298
327, 50.00000000000, 96.95392286236, 10.88258582940, 4.12500003222, 0.00000000000, 0.00000000296, 0.00000000119
328, 50.00000000000, 108.01180495466, 31.10187962343, 4.12500003222, 0.00000000000, 0.00000000003, -0.00000000038
329, 50.00000000000, 115.95978823122, 58.91145141710, 4.12500003222, 0.00000000000, -0.00000000075, 0.00000000104
330, 50.00000000000, 132.57775743917, 41.57727086400, 4.12500003222, 0.00000000000, 0.00000000020, -0.00000000412
331, 50.00000000000, 142.34516752609, 44.33143619266, 4.12500003222, 0.00000000000, 0.00000000162, 0.00000000186
332, 50.00000000000, 158.17869251063, 28.57274680686, 4.12500003222, 0.00000000000, 0.00000000031, 0.00000000232
333, 50.00000000000, 175.10651970893, 60.33727962484, 4.12500003222, 0.00000000000, 0.00000000290, 0.00000000376
334, 50.00000000000, 176.06168253024, 51.08380396985, 4.12500003222, 0.00000000000, -0.00000000417, -0.00000000774
335, 50.00000000000, 190.70845611691, 57.95304756949, 4.12500003222, 0.00000000000, 0.00000000235, 0.00000000265
336, 50.00000000000, 208.78813623816, 43.43148997602, 4.12500003222, 0.00000000000, 0.00000000028, 0.00000000358
337, 50.00000000000, 218.67102350765, 70.15350837688, 4.12500003222, 0.00000000000, 0.00000000310, -0.00000000359
338, 50.00000000000, 229.59894127392, 42.68113878783, 4.12500003222, 0.00000000000, 0.00000000082, -0.00000000452
339, 50.00000000000, 244.73293644434, 54.33248546361, 4.12500003222, 0.00000000000, 0.00000000214, 0.00000000344
340, 50.00000000000, 252.02399446466, 39.11260147609, 4.12500003222, 0.00000000000, 0.00000000040, 0.00000000031
341, 50.00000000000, 267.32298145310, 66.96218728979, 4.12500003222, 0.00000000000, -0.00000000261, 0.00000000260
342, 50.00000000000, 280.83028515621, 48.45551644990, 4.12500003222, 0.00000000000, -0.00000000072, -0.00000000333
343, 50.00000000000, 291.69626308565, 56.66019641670, 4.12500003222, 0.00000000000, -0.00000000224, -0.00000000119
344, 50.00000000000, 305.00369614340, 40.70150672683, 4.12500003222, 0.00000000000, 0.00000000184, 0.00000000000
345, 50.00000000000, 317.17717639537, 46.44306525059, 4.12500003222, 0.00000000000, -0.00000000096, 0.00000000153
346, 50.00000000000, 332.78151795554, 44.50733401955, 4.12500003222, 0.00000000000, 0.00000000017, 0.00000000368
347, 50.00000000000, 341.47839115973, 70.98798681583, 4.12500003222, 0.00000000000, -0.00000000436, 0.00000000130
348, 50.00000000000, 350.98044988699, 58.34239593247, 4.12500003222, 0.00000000000, -0.00000000057, -0.00000000235
349, 50.00000000000, 362.75857817919, 45.00316700279, 4.12500003222, 0.00000000000, -0.00000000240, -0.00000000090
350, 50.00000000000, 383.00149050452, 60.95636827112, 4.12500003222, 0.00000000000, 0.00000000281, -0.00000000009
351, 50.00000000000, 387.03951863444, 22.10472075174, 4.12500003222, 0.00000000000, -0.00000000031, -0.00000000070
352, 50.00000000000, 399.21744199474, 53.00986795524, 4.12500003222, 0.00000000000, -0.00000000266, 0.00000000005
353, 50.00000000000, 417.78113382138, 19.41871589926, 4.12500003222, 0.00000000000, -0.00000000102, -0.00000000006
354, 50.00000000000, 426.98412343908, 53.11330100693, 4.12500003222, 0.00000000000, 0.00000000062, -0.00000000527
355, 50.00000000000, 438.24852110979, 56.79422431822, 4.12500003222, 0.00000000000, 0.00000000117, -0.00000000714
356, 50.00000000000, 450.12698198296, 52.97087088096, 4.12500003222, 0.00000000000, -0.00000000246, -0.00000000212
357, 50.00000000000, 457.67005250250, 36.39963025000, 4.12500003222, 0.00000000000, 0.00000000021, -0.00000000249
358, 50.00000000000, 476.43247876211, 47.68308381377, 4.12500003222, 0.00000000000, 0.00000000283, -0.00000000161
359, 50.00000000000, 486.63539649975, 45.54573058469, 4.12500003222, 0.00000000000, -0.00000000128, -0.00000000363
360, 50.00000000000, 504.10197521929, 49.19923317696, 4.12500003222, 0.00000000000, 0.00000000307, -0.00000000153
361, 50.00000000000, 510.36748375404, 26.03666873853, 4.12500003222, 0.00000000000, -0.00000000060, -0.00000000025
362, 50.00000000000, 524.57541590058, 54.17823440560, 4.12500003222, 0.00000000000, 0.00000000057, -0.00000000098
363, 50.00000000000, 534.84728211706, 73.91920088930, 4.12500003222, 0.00000000000, -0.00000000329, 0.00000000088
364, 50.00000000000, 548.99871605545, 53.53985438843, 4.12500003222, 0.00000000000, -0.00000000182, -0.00000000010
365, 50.00000000000, 561.70122286406, 35.78791396116, 4.12500003222, 0.00000000000, -0.00000000171, 0.00000000204
366, 50.00000000000, 574.10158115284, 44.54843239335, 4.12500003222, 0.00000000000, 0.00000000157, 0.00000000417
367, 50.00000000000, 584.49249773322, 33.92619400154, 4.12500003222, 0.00000000000, 0.00000000152, 0.00000000049
368, 50.00000000000, 597.56302971208, 60.70082217762, 4.12500003222, 0.00000000000, -0.00000000017, 0.00000000168
369, 50.00000000000, 606.95747628597, 55.41271967401, 4.12500003222, 0.00000000000, 0.00000000057, -0.00000000316
370, 50.00000000000, 626.07720880609, 34.25944706143, 4.12500003222, 0.00000000000, -0.00000000291, 0.00000000116
371, 50.00000000000, 636.38421312132, 54.64700428027, 4.12500003222, 0.00000000000, 0.00000000209, -0.00000000282
372, 50.00000000000, 643.48512512597, 63.76456853943, 4.12500003222, 0.00000000000, -0.00000000099, -0.00000000373
373, 50.00000000000, 661.54655999974, 41.25649612914, 4.12500003222, 0.00000000000, -0.00000000032, 0.00000000563
374, 50.00000000000, 670.61576043858, 41.59710206878, 4.12500003222, 0.00000000000, -0.00000000004, 0.00000000080
375, 50.00000000000, 682.80112227050, 54.00846552496, 4.12500003222, 0.00000000000, -0.00000000138, -0.00000000400
376, 50.00000000000, 697.27445717538, 59.04218141810, 4.12500003222, 0.00000000000, 0.00000000099, -0.00000000434
377, 50.00000000000, 707.04085453429, 51.23021150415, 4.12500003222, 0.00000000000, -0.00000000350, -0.00000000212
378, 50.00000000000, 720.51671407766, 32.79602750614, 4.12500003222, 0.00000000000, -0.00000000131, -0.00000000580
379, 50.00000000000, 734.01277636184, 29.91449483452, 4.12500003222, 0.00000000000, -0.00000000156, 0.00000000236
380, 50.00000000000, 741.78639361929, 37.74360400091, 4.12500003222, 0.00000000000, -0.00000000132, 0.00000000647
381, 50.00000000000, 758.77413143348, 34.49467201932, 4.12500003222, 0.00000000000, -0.00000000372, 0.00000000552
382, 50.00000000000, 770.48410921610, 48.15789301776, 4.12500003222, 0.00000000000, 0.00000000349, -0.00000000414
383, 50.00000000000, 779.30254931418, 45.63020723172, 4.12500003222, 0.00000000000, -0.00000000181, 0.00000000097
384, 50.00000000000, 788.21435028657, 46.58741627103, 4.12500003222, 0.00000000000, -0.00000000356, 0.00000000309
385, 50.00000000000, 808.11464425359, 24.68301830077, 4.12500003222, 0.00000000000, -0.00000000061, -0.00000000175
386, 50.00000000000, 819.68568998179, 34.94512981462, 4.12500003222, 0.00000000000, 0.00000000152, 0.00000000639
387, 50.00000000000, 835.92321785757, 53.74266386081, 4.12500003222, 0.00000000000, 0.00000000223, -0.00000000540
388, 50.00000000000, 839.62095421936, 26.59533982236, 4.12500003222, 0.00000000000, 0.00000000305, 0.00000000597
389, 50.00000000000, 856.65450081912, 45.68344135055, 4.12500003222, 0.00000000000, 0.00000000205, 0.00000000048
390, 50.00000000000, 869.90661573676, 37.44582896637, 4.12500003222, 0.00000000000, 0.00000000041, -0.00000000005
391, 50.00000000000, 879.11590665259, 53.10280426292, 4.12500003222, 0.00000000000, -0.00000000111, 0.00000000361
392, 50.00000000000, 892.69799794465, 35.24537847649, 4.12500003222, 0.00000000000, 0.00000000312, 0.00000000487
393, 50.00000000000, 903.84557001855, 45.73532573733, 4.12500003222, 0.00000000000, 0.00000000129, 0.00000000095
394, 50.00000000000, 915.17456244910, 54.37088448913, 4.12500003222, 0.00000000000, -0.00000000221, -0.00000000148
395, 50.00000000000, 927.75726786744, 53.75148530744, 4.12500003222, 0.00000000000, 0.00000000220, -0.00000000515
396, 50.00000000000, 939.22462494773, 35.17601576691, 4.12500003222, 0.00000000000, -0.00000000267, 0.00000000266
397, 50.00000000000, 951.51732116283, 45.79245536957, 4.12500003222, 0.00000000000, -0.00000000381, -0.00000000164
398, 50.00000000000, 956.35939108200, 51.49465388027, 4.12500003222, 0.00000000000, -0.00000000722, -0.00000000229
399, 50.00000000000, 978.87194641726, 47.81080721170, 4.12500003222, 0.00000000000, 0.00000000195, 0.00000000279
400, 50.00000000000, 13.25441780211, 44.03954013838, 4.12500003222, 0.00000000000, 0.00000000138, -0.00000000282
401, 50.00000000000, 22.35504328172, 60.71074246680, 4.12500003222, 0.00000000000, 0.00000000305, -0.00000000109
402, 50.00000000000, 37.52823506696, 43.24755428150, 4.12500003222, 0.00000000000, 0.00000000098, -0.00000000338
403, 50.00000000000, 45.08269513447, 52.23820512898, 4.12500003222, 0.00000000000, 0.00000000089, 0.00000000073
404, 50.00000000000, 63.29291439663, 63.76348337891, 4.12500003222, 0.00000000000, 0.00000000553, 0.00000000282
405, 50.00000000000, 72.54506499833, 78.69042761836, 4.12500003222, 0.00000000000, 0.00000000157, -0.00000000351
406, 50.00000000000, 81.01390339249, 60.00340696459, 4.12500003222, 0.00000000000, -0.00000000300, 0.00000000142
407, 50.00000000000, 95.33364503050, 65.15481469299, 4.12500003222, 0.00000000000, 0.00000000205, -0.00000000078
408, 50.00000000000, 105.09984916309, 50.01771019232, 4.12500003222, 0.00000000000, -0.00000000288, -0.00000000103
409, 50.00000000000, 125.69150813068, 50.90315322575, 4.12500003222, 0.00000000000, 0.00000000133, -0.00000000446
410, 50.00000000000, 132.53136634666, 54.21226115444, 4.12500003222, 0.00000000000, 0.00000000034, -0.00000000317
411, 50.00000000000, 141.82730646048, 57.01583960643, 4.12500003222, 0.00000000000, -0.00000000016, -0.00000000281
412, 50.00000000000, 157.04027408717, 46.27901186777, 4.12500003222, 0.00000000000, 0.00000000057, 0.00000000611
413, 50.00000000000, 168.32173557490, 77.64042984479, 4.12500003222, 0.00000000000, -0.00000000053, 0.00000000036
414, 50.00000000000, 184.31593796848, 54.98101847677, 4.12500003222, 0.00000000000, 0.00000000405, -0.00000000053
415, 50.00000000000, 193.76402172889, 61.79322460514, 4.12500003222, 0.00000000000, 0.00000000081, 0.00000000383
416, 50.00000000000, 207.79914796661, 45.68527288461, 4.12500003222, 0.00000000000, -0.00000000137, 0.00000000777
417, 50.00000000000, 223.42140077293, 60.67266656656, 4.12500003222, 0.00000000000, 0.00000000072, 0.00000000082
418, 50.00000000000, 231.12652166578, 59.58607566585, 4.12500003222, 0.00000000000, -0.00000000131, 0.00000000201
419, 50.00000000000, 240.71418380438, 49.44696719001, 4.12500003222, 0.00000000000, -0.00000000094, 0.00000000126
420, 50.00000000000, 253.29743716099, 71.96103320776, 4.12500003222, 0.00000000000, -0.00000000123, -0.00000000293
421, 50.00000000000, 263.96907415263, 57.03035979837, 4.12500003222, 0.00000000000, -0.00000000260, -0.00000000515
422, 50.00000000000, 282.63112757075, 72.73866136580, 4.12500003222, 0.00000000000, 0.00000000093, 0.00000000068
423, 50.00000000000, 293.09848130547, 75.64448056147, 4.12500003222, 0.00000000000, 0.00000000266, -0.00000000339
424, 50.00000000000, 300.69932161850, 61.67261276043, 4.12500003222, 0.00000000000, -0.00000000082, 0.00000000132
425, 50.00000000000, 318.33124826592, 60.34951085203, 4.12500003222, 0.00000000000, 0.00000000219, 0.00000000074
426, 50.00000000000, 326.74716336165, 72.71333580054, 4.12500003222, 0.00000000000, 0.00000000250, -0.00000000283
427, 50.00000000000, 344.04789128898, 65.55767902183, 4.12500003222, 0.00000000000, -0.00000000065, -0.00000000437
428, 50.00000000000, 352.76312165244, 41.50892282724, 4.12500003222, 0.00000000000, 0.00000000131, 0.00000000333
429, 50.00000000000, 361.67628690009, 84.22890411719, 4.12500003222, 0.00000000000, -0.00000000058, 0.00000000059
430, 50.00000000000, 378.95122291200, 51.97866727911, 4.12500003222, 0.00000000000, -0.00000000040, -0.00000000441
431, 50.00000000000, 386.51031966173, 40.43432563763, 4.12500003222, 0.00000000000, -0.00000000129, -0.00000000224
432, 50.00000000000, 405.24309108601, 41.31569783216, 4.12500003222, 0.00000000000, 0.00000000111, -0.00000000224
433, 50.00000000000, 417.78795381259, 46.31785871919, 4.12500003222, 0.00000000000, 0.00000000147, -0.00000000871
434, 50.00000000000, 426.21379531288, 60.59591670304, 4.12500003222, 0.00000000000, -0.00000000322, 0.00000000329
435, 50.00000000000, 440.34599617690, 61.26807411871, 4.12500003222, 0.00000000000, -0.00000000009, 0.00000000233
436, 50.00000000000, 452.67187012174, 55.47452114452, 4.12500003222, 0.00000000000, -0.00000000107, 0.00000000200
437, 50.00000000000, 463.44148079053, 45.41916043280, 4.12500003222, 0.00000000000, -0.00000000241, -0.00000000523
438, 50.00000000000, 471.52469437771, 79.85754632539, 4.12500003222, 0.00000000000, -0.00000000546, -0.00000000258
439, 50.00000000000, 489.90078326936, 50.15260377900, 4.12500003222, 0.00000000000, -0.00000000071, 0.00000000035
440, 50.00000000000, 503.00735656240, 84.68349024377, 4.12500003222, 0.00000000000, -0.00000000354, -0.00000000412
441, 50.00000000000, 514.35008728131, 44.42977715708, 4.12500003222, 0.00000000000, -0.00000000134, 0.00000000117
442, 50.00000000000, 521.15972083612, 32.25826453702, 4.12500003222, 0.00000000000, -0.00000000014, -0.00000000233
443, 50.00000000000, 536.61148252871, 63.09906816953, 4.12500003222, 0.00000000000, -0.00000000269, -0.00000000512
444, 50.00000000000, 551.41477649424, 80.14848586053, 4.12500003222, 0.00000000000, 0.00000000621, -0.00000000211
445, 50.00000000000, 559.31698266387, 45.88603543612, 4.12500003222, 0.00000000000, 0.00000000220, -0.00000000459
446, 50.00000000000, 578.89350410113, 76.59813251190, 4.12500003222, 0.00000000000, 0.00000000127, 0.00000000111
447, 50.00000000000, 589.93499488389, 52.83418283179, 4.12500003222, 0.00000000000, -0.00000000309, -0.00000000046
448, 50.00000000000, 595.03111589450, 61.26220439275, 4.12500003222, 0.00000000000, -0.00000000460, -0.00000000074
449, 50.00000000000, 611.87324622680, 59.35254272787, 4.12500003222, 0.00000000000, 0.00000000102, 0.00000000015
450, 50.00000000000, 619.47092971193, 63.48090497034, 4.12500003222, 0.00000000000, -0.00000000094, 0.00000000086
451, 50.00000000000, 632.27099699344, 64.12859227513, 4.12500003222, 0.00000000000, -0.00000000094, 0.00000000421
452, 50.00000000000, 650.85387666986, 64.46045570463, 4.12500003222, 0.00000000000, -0.00000000274, -0.00000000535
453, 50.00000000000, 661.68888116308, 66.18063444705, 4.12500003222, 0.00000000000, 0.00000000193, -0.00000000242
454, 50.00000000000, 669.28005043919, 69.81119161817, 4.12500003222, 0.00000000000, -0.00000000028, 0.00000000058
455, 50.00000000000, 686.24454357936, 68.80912549254, 4.12500003222, 0.00000000000, 0.00000000155, -0.00000000081
456, 50.00000000000, 695.77514771998, 68.64399504371, 4.12500003222, 0.00000000000, 0.00000000293, 0.00000000165
457, 50.00000000000, 708.46983513258, 70.23424174563, 4.12500003222, 0.00000000000, 0.00000000330, 0.00000000191
458, 50.00000000000, 718.31106296621, 50.13922924073, 4.12500003222, 0.00000000000, 0.00000000133, 0.00000000109
459, 50.00000000000, 729.81052230274, 80.56946207607, 4.12500003222, 0.00000000000, 0.00000000092, -0.00000000424
460, 50.00000000000, 742.34016500603, 34.77812649714, 4.12500003222, 0.00000000000, 0.00000000215, -0.00000000128
461, 50.00000000000, 755.96661975705, 58.90163794039, 4.12500003222, 0.00000000000, -0.00000000119, 0.00000000196
462, 50.00000000000, 771.90680783893, 22.28124930699, 4.12500003222, 0.00000000000, 0.00000000230, -0.00000000314
463, 50.00000000000, 778.98238057522, 63.49965277055, 4.12500003222, 0.00000000000, 0.00000000397, -0.00000000071
464, 50.00000000000, 797.07364016037, 57.54535313556, 4.12500003222, 0.00000000000, -0.00000000413, 0.00000000149
465, 50.00000000000, 809.53279987970, 88.55126457704, 4.12500003222, 0.00000000000, -0.00000000082, -0.00000000114
466, 50.00000000000, 815.94513795475, 66.76222308911, 4.12500003222, 0.00000000000, -0.00000000161, -0.00000000032
467, 50.00000000000, 832.84967738373, 59.13134909164, 4.12500003222, 0.00000000000, 0.00000000257, -0.00000000036
468, 50.00000000000, 844.05876625671, 42.01724810696, 4.12500003222, 0.00000000000, -0.00000000200, 0.00000000049
469, 50.00000000000, 855.02104842131, 67.16711360134, 4.12500003222, 0.00000000000, -0.00000000069, -0.00000000208
470, 50.00000000000, 869.04493746942, 55.19127822250, 4.12500003222, 0.00000000000, -0.00000000075, -0.00000000087
471, 50.00000000000, 875.39553296180, 73.80475600465, 4.12500003222, 0.00000000000, -0.00000000107, 0.00000000085
472, 50.00000000000, 894.70107798762, 78.99142172536, 4.12500003222, 0.00000000000, 0.00000000118, 0.00000000412
473, 50.00000000000, 901.31028707242, 67.95463237933, 4.12500003222, 0.00000000000, -0.00000000191, -0.00000000309
474, 50.00000000000, 919.85352179419, 59.66890326412, 4.12500003222, 0.00000000000, -0.00000000160, 0.00000000391
475, 50.00000000000, 927.71992081551, 67.87087039418, 4.12500003222, 0.00000000000, -0.00000000032, 0.00000000237
476, 50.00000000000, 937.65049983630, 80.56361886326, 4.12500003222, 0.00000000000, -0.00000000205, -0.00000000089
477, 50.00000000000, 954.18533626049, 75.05072551253, 4.12500003222, 0.00000000000, 0.00000000022, 0.00000000143
478, 50.00000000000, 960.15607378056, 56.02454152939, 4.12500003222, 0.00000000000, 0.00000000014, 0.00000000558
479, 50.00000000000, 973.80654708375, 76.93584416473, 4.12500003222, 0.00000000000, 0.00000000012, -0.00000000278
480, 50.00000000000, 14.73153206409, 66.41268398440, 4.12500003222, 0.00000000000, 0.00000000111, -0.00000000250
481, 50.00000000000, 28.32082300539, 48.25822497369, 4.12500003222, 0.00000000000, 0.00000000130, 0.00000000178
482, 50.00000000000, 35.86888523159, 69.26436806904, 4.12500003222, 0.00000000000, 0.00000000309, -0.00000000207
483, 50.00000000000, 47.44092116790, 46.25863984003, 4.12500003222, 0.00000000000, -0.00000000029, -0.00000000837
484, 50.00000000000, 56.71142407419, 51.68076322744, 4.12500003222, 0.00000000000, -0.00000000135, -0.00000000148
485, 50.00000000000, 67.51273227846, 84.78567169305, 4.12500003222, 0.00000000000, -0.00000000231, -0.00000000068
486, 50.00000000000, 83.11974211873, 74.60498989898, 4.12500003222, 0.00000000000, -0.00000000010, -0.00000000187
487, 50.00000000000, 98.11098211487, 70.72575393036, 4.12500003222, 0.00000000000, 0.00000000340, -0.00000000045
488, 50.00000000000, 106.82933289999, 56.10972385767, 4.12500003222, 0.00000000000, -0.00000000334, -0.00000000007
489, 50.00000000000, 119.95165431319, 62.46818934350, 4.12500003222, 0.00000000000, 0.00000000279, 0.00000000248
490, 50.00000000000, 133.83849822836, 82.47085217647, 4.12500003222, 0.00000000000, -0.00000000026, -0.00000000532
491, 50.00000000000, 144.89694528578, 71.65287798519, 4.12500003222, 0.00000000000, -0.00000000121, -0.00000000162
492, 50.00000000000, 155.15958348304, 66.24579766543, 4.12500003222, 0.00000000000, -0.00000000025, -0.00000000175
493, 50.00000000000, 170.59738011009, 61.79501584614, 4.12500003222, 0.00000000000, -0.00000000331, 0.00000000416
494, 50.00000000000, 181.59447591222, 73.51195030853, 4.12500003222, 0.00000000000, 0.00000000077, -0.00000000404
495, 50.00000000000, 191.46241787109, 81.35224961046, 4.12500003222, 0.00000000000, -0.00000000212, -0.00000000460
496, 50.00000000000, 204.05115041900, 64.59252817363, 4.12500003222, 0.00000000000, -0.00000000086, -0.00000000425
497, 50.00000000000, 217.83261196855, 97.12252470828, 4.12500003222, 0.00000000000, -0.00000000089, -0.00000000014
498, 50.00000000000, 230.79217732147, 46.05751915083, 4.12500003222, 0.00000000000, 0.00000000066, 0.00000000380
499, 50.00000000000, 244.20823902955, 62.32461805656, 4.12500003222, 0.00000000000, 0.00000000119, 0.00000000122
500, 50.00000000000, 257.43469452714, 53.22193422319, 4.12500003222, 0.00000000000, -0.00000000033, 0.00000000015
501, 50.00000000000, 269.85546512122, 28.18179974381, 4.12500003222, 0.00000000000, 0.00000000275, -0.00000000103
502, 50.00000000000, 283.50930995263, 66.45199473314, 4.12500003222, 0.00000000000, 0.00000000331, -0.00000000484
503, 50.00000000000, 291.13274684794, 79.08444324724, 4.12500003222, 0.00000000000, 0.00000000059, 0.00000000145
504, 50.00000000000, 302.83005437498, 65.91176760455, 4.12500003222, 0.00000000000, 0.00000000156, 0.00000000310
505, 50.00000000000, 320.00021259029, 73.05317499940, 4.12500003222, 0.00000000000, -0.00000000164, -0.00000000680
506, 50.00000000000, 326.65559569540, 53.88653229793, 4.12500003222, 0.00000000000, -0.00000000368, 0.00000000537
507, 50.00000000000, 339.79188333756, 82.03983335159, 4.12500003222, 0.00000000000, -0.00000000051, 0.00000000318
508, 50.00000000000, 352.84984330684, 71.01473238540, 4.12500003222, 0.00000000000, 0.00000000271, -0.00000000377
509, 50.00000000000, 362.97664842458, 63.99113164930, 4.12500003222, 0.00000000000, -0.00000000084, -0.00000000216
510, 50.00000000000, 378.77829464696, 73.82595100559, 4.12500003222, 0.00000000000, -0.00000000030, 0.00000000153
511, 50.00000000000, 389.81591592120, 70.96714078406, 4.12500003222, 0.00000000000, -0.00000000232, 0.00000000027
512, 50.00000000000, 402.92285614708, 68.97422438210, 4.12500003222, 0.00000000000, 0.00000000251, -0.00000000495
513, 50.00000000000, 416.30403500335, 55.52248746013, 4.12500003222, 0.00000000000, 0.00000000223, 0.00000000443
514, 50.00000000000, 430.63212360445, 65.19575008553, 4.12500003222, 0.00000000000, -0.00000000205, 0.00000000437
515, 50.00000000000, 436.44793222372, 74.05031877182, 4.12500003222, 0.00000000000, -0.00000000101, -0.00000000196
516, 50.00000000000, 453.18056895039, 68.07061738293, 4.12500003222, 0.00000000000, 0.00000000190, 0.00000000238
517, 50.00000000000, 465.14432128724, 54.38399879636, 4.12500003222, 0.00000000000, -0.00000000065, 0.00000000443
518, 50.00000000000, 472.54814139021, 62.10775581111, 4.12500003222, 0.00000000000, -0.00000000110, 0.00000000243
519, 50.00000000000, 487.39885023943, 65.59521462171, 4.12500003222, 0.00000000000, 0.00000000165, 0.00000000261
520, 50.00000000000, 497.75513029988, 58.84999553962, 4.12500003222, 0.00000000000, -0.00000000117, 0.00000000342
521, 50.00000000000, 514.72087033336, 61.81678655352, 4.12500003222, 0.00000000000, -0.00000000158, 0.00000000510
522, 50.00000000000, 519.46273296428, 54.39152099483, 4.12500003222, 0.00000000000, -0.00000000177, -0.00000000025
523, 50.00000000000, 538.48879882064, 66.24360856888, 4.12500003222, 0.00000000000, 0.00000000159, -0.00000000015
524, 50.00000000000, 552.54379002408, 54.37774691804, 4.12500003222, 0.00000000000, -0.00000000027, -0.00000000012
525, 50.00000000000, 559.40247661559, 64.45743448864, 4.12500003222, 0.00000000000, -0.00000000096, 0.00000000283
526, 50.00000000000, 573.84565873897, 67.76341232655, 4.12500003222, 0.00000000000, 0.00000000009, 0.00000000179
527, 50.00000000000, 583.94727923487, 90.99591508272, 4.12500003222, 0.00000000000, 0.00000000036, -0.00000000375
528, 50.00000000000, 596.48378101912, 82.31910464543, 4.12500003222, 0.00000000000, 0.00000000111, -0.00000000327
529, 50.00000000000, 612.86786909054, 53.64271378696, 4.12500003222, 0.00000000000, 0.00000000346, -0.00000000430
530, 50.00000000000, 623.75086774934, 61.87740191400, 4.12500003222, 0.00000000000, 0.00000000194, -0.00000000040
531, 50.00000000000, 635.49590084087, 39.59124089845, 4.12500003222, 0.00000000000, 0.00000000307, 0.00000000343
532, 50.00000000000, 648.19681814138, 53.63795181424, 4.12500003222, 0.00000000000, 0.00000000294, -0.00000000233
533, 50.00000000000, 654.52079716176, 67.26924863722, 4.12500003222, 0.00000000000, 0.00000000087, 0.00000000170
534, 50.00000000000, 673.33077653058, 59.36508009151, 4.12500003222, 0.00000000000, -0.00000000084, -0.00000000420
535, 50.00000000000, 684.51061654366, 69.63994617606, 4.12500003222, 0.00000000000, -0.00000000140, 0.00000000415
536, 50.00000000000, 696.74135343125, 35.37076552970, 4.12500003222, 0.00000000000, -0.00000000002, 0.00000000536
537, 50.00000000000, 707.10102823451, 58.46576529133, 4.12500003222, 0.00000000000, 0.00000000152, 0.00000000017
538, 50.00000000000, 719.27215190308, 83.48845039560, 4.12500003222, 0.00000000000, -0.00000000434, -0.00000000307
539, 50.00000000000, 733.28379727455, 68.79385240301, 4.12500003222, 0.00000000000, -0.00000000302, -0.00000000261
540, 50.00000000000, 744.36947235908, 56.26092652159, 4.12500003222, 0.00000000000, 0.00000000286, -0.00000000066
541, 50.00000000000, 758.26133403523, 93.31634855449, 4.12500003222, 0.00000000000, 0.00000000210, 0.00000000215
542, 50.00000000000, 765.96959430523, 55.76167740769, 4.12500003222, 0.00000000000, 0.00000000161, -0.00000000022
543, 50.00000000000, 778.74560867004, 77.00104033219, 4.12500003222, 0.00000000000, -0.00000000354, 0.00000000139
544, 50.00000000000, 795.98476499875, 77.36726658160, 4.12500003222, 0.00000000000, 0.00000000253, -0.00000000098
545, 50.00000000000, 802.56738742282, 71.10008517607, 4.12500003222, 0.00000000000, 0.00000000021, -0.00000000500
546, 50.00000000000, 820.01226565414, 86.18112609022, 4.12500003222, 0.00000000000, 0.00000000097, -0.00000000043
547, 50.00000000000, 828.28703682148, 58.86774918097, 4.12500003222, 0.00000000000, -0.00000000371, -0.00000000073
548, 50.00000000000, 843.29722795860, 98.97704510436, 4.12500003222, 0.00000000000, -0.00000000131, 0.00000000155
549, 50.00000000000, 858.02831672318, 69.24590064255, 4.12500003222, 0.00000000000, 0.00000000096, 0.00000000217
550, 50.00000000000, 867.20948634540, 63.61054819678, 4.12500003222, 0.00000000000, 0.00000000108, -0.00000000054
551, 50.00000000000, 879.88238485790, 96.37213621969, 4.12500003222, 0.00000000000, 0.00000000142, 0.00000000106
552, 50.00000000000, 893.44193249227, 55.12008423212, 4.12500003222, 0.00000000000, 0.00000000116, 0.00000000049
553, 50.00000000000, 903.61210880079, 59.66097833307, 4.12500003222, 0.00000000000, 0.00000000021, -0.00000000419
554, 50.00000000000, 917.33563113285, 77.68556479200, 4.12500003222, 0.00000000000, 0.00000000168, -0.00000000096
555, 50.00000000000, 930.53079040045, 101.73109433486, 4.12500003222, 0.00000000000, -0.00000000213, 0.00000000081
556, 50.00000000000, 940.78378336916, 70.06464546104, 4.12500003222, 0.00000000000, -0.00000000089, -0.00000000209
557, 50.00000000000, 951.14212682628, 65.55478398221, 4.12500003222, 0.00000000000, -0.00000000080, -0.00000000324
558, 50.00000000000, 962.40636293324, 54.69867717059, 4.12500003222, 0.00000000000, 0.00000000205, 0.00000000332
559, 50.00000000000, 974.36331049655, 92.64694349244, 4.12500003222, 0.00000000000, -0.00000000144, -0.00000000032
560, 50.00000000000, 10.80037098456, 98.52673334602, 4.12500003222, 0.00000000000, 0.00000000080, 0.00000000054
561, 50.00000000000, 26.69298538835, 76.61121588923, 4.12500003222, 0.00000000000, -0.00000000135, 0.00000000255
562, 50.00000000000, 32.41487134630, 57.04458280622, 4.12500003222, 0.00000000000, 0.00000000176, 0.00000000242
563, 50.00000000000, 48.53533735853, 64.88320527188, 4.12500003222, 0.00000000000, 0.00000000164, 0.00000000293
564, 50.00000000000, 59.28175876703, 64.64931188504, 4.12500003222, 0.00000000000, -0.00000000086, 0.00000000471
565, 50.00000000000, 71.13745081707, 103.71885233145, 4.12500003222, 0.00000000000, 0.00000000009, 0.00000000036
566, 50.00000000000, 85.12431634548, 68.38122445864, 4.12500003222, 0.00000000000, -0.00000000318, -0.00000000453
567, 50.00000000000, 98.87342289004, 85.75804580408, 4.12500003222, 0.00000000000, -0.00000000368, -0.00000000012
568, 50.00000000000, 108.65627824651, 86.04877697118, 4.12500003222, 0.00000000000, 0.00000000058, -0.00000000415
569, 50.00000000000, 120.70076648375, 87.58592687378, 4.12500003222, 0.00000000000, 0.00000000140, -0.00000000434
570, 50.00000000000, 133.26033744500, 71.51945880975, 4.12500003222, 0.00000000000, -0.00000000062, -0.00000000064
571, 50.00000000000, 146.20544929699, 94.09201600478, 4.12500003222, 0.00000000000, 0.00000000124, -0.00000000153
572, 50.00000000000, 157.23776803746, 73.08785931428, 4.12500003222, 0.00000000000, -0.00000000109, 0.00000000188
573, 50.00000000000, 168.09928132211, 108.02860102318, 4.12500003222, 0.00000000000, -0.00000000037, 0.00000000087
574, 50.00000000000, 181.30813210240, 84.19432315344, 4.12500003222, 0.00000000000, -0.00000000216, -0.00000000095
575, 50.00000000000, 197.44877460662, 84.41761025362, 4.12500003222, 0.00000000000, 0.00000000364, 0.00000000116
576, 50.00000000000, 209.59791950734, 68.02743856521, 4.12500003222, 0.00000000000, -0.00000000123, -0.00000000360
577, 50.00000000000, 216.03816471353, 89.43388997361, 4.12500003222, 0.00000000000, -0.00000000273, -0.00000000267
578, 50.00000000000, 229.84608061936, 83.24361619136, 4.12500003222, 0.00000000000, 0.00000000193, -0.00000000304
579, 50.00000000000, 243.58973711922, 80.51567110178, 4.12500003222, 0.00000000000, -0.00000000115, -0.00000000286
580, 50.00000000000, 256.33033296818, 92.62109240368, 4.12500003222, 0.00000000000, 0.00000000035, -0.00000000227
581, 50.00000000000, 266.89652264019, 77.56345460634, 4.12500003222, 0.00000000000, -0.00000000105, 0.00000000245
582, 50.00000000000, 277.19510564288, 76.58411433509, 4.12500003222, 0.00000000000, -0.00000000153, 0.00000000312
583, 50.00000000000, 291.77714490758, 87.41426450465, 4.12500003222, 0.00000000000, -0.00000000014, 0.00000000088
584, 50.00000000000, 304.26935673485, 79.73091827016, 4.12500003222, 0.00000000000, -0.00000000043, -0.00000000100
585, 50.00000000000, 315.82326143080, 79.17762373075, 4.12500003222, 0.00000000000, -0.00000000213, -0.00000000183
586, 50.00000000000, 325.90871320167, 89.49018905122, 4.12500003222, 0.00000000000, 0.00000000081, -0.00000000066
587, 50.00000000000, 338.36997629158, 61.88847470729, 4.12500003222, 0.00000000000, -0.00000000297, -0.00000000707
588, 50.00000000000, 354.58814797636, 76.41062248854, 4.12500003222, 0.00000000000, 0.00000000266, 0.00000000507
589, 50.00000000000, 367.22400131487, 67.49410437030, 4.12500003222, 0.00000000000, 0.00000000220, 0.00000000446
590, 50.00000000000, 375.55994341396, 94.40308557905, 4.12500003222, 0.00000000000, 0.00000000072, -0.00000000402
591, 50.00000000000, 390.59720720322, 112.03002965305, 4.12500003222, 0.00000000000, 0.00000000019, 0.00000000087
592, 50.00000000000, 398.86451266117, 84.65468504586, 4.12500003222, 0.00000000000, -0.00000000212, 0.00000000348
593, 50.00000000000, 412.09582047260, 81.23865791727, 4.12500003222, 0.00000000000, 0.00000000153, -0.00000000457
594, 50.00000000000, 423.94832892702, 84.43258894792, 4.12500003222, 0.00000000000, -0.00000000142, -0.00000000036
595, 50.00000000000, 441.79994892350, 88.45658071017, 4.12500003222, 0.00000000000, 0.00000000182, -0.00000000128
596, 50.00000000000, 449.75349034032, 64.07763313782, 4.12500003222, 0.00000000000, 0.00000000198, 0.00000000090
597, 50.00000000000, 461.50682373188, 100.73130783864, 4.12500003222, 0.00000000000, -0.00000000071, 0.00000000062
598, 50.00000000000, 476.90740554767, 95.19642567846, 4.12500003222, 0.00000000000, 0.00000000204, 0.00000000232
599, 50.00000000000, 488.65024149396, 82.50803865848, 4.12500003222, 0.00000000000, 0.00000000255, -0.00000000292
600, 50.00000000000, 501.23223414359, 61.42389958439, 4.12500003222, 0.00000000000, -0.00000000070, 0.00000000546
601, 50.00000000000, 512.22627616403, 90.22638222171, 4.12500003222, 0.00000000000, 0.00000000289, -0.00000000211
602, 50.00000000000, 523.20770092695, 63.29113934263, 4.12500003222, 0.00000000000, -0.00000000224, 0.00000000167
603, 50.00000000000, 532.63378243923, 80.84309695003, 4.12500003222, 0.00000000000, -0.00000000470, 0.00000000174
604, 50.00000000000, 545.16701754229, 78.71349855867, 4.12500003222, 0.00000000000, 0.00000000101, 0.00000000042
605, 50.00000000000, 565.16122407236, 88.04684487292, 4.12500003222, 0.00000000000, 0.00000000018, -0.00000000109
606, 50.00000000000, 571.78557906039, 62.15475314628, 4.12500003222, 0.00000000000, 0.00000000119, -0.00000000183
607, 50.00000000000, 583.06651523412, 99.68079921326, 4.12500003222, 0.00000000000, -0.00000000046, -0.00000000099
608, 50.00000000000, 599.38809374121, 68.83786198157, 4.12500003222, 0.00000000000, -0.00000000138, 0.00000000480
609, 50.00000000000, 610.34489739245, 63.81487967336, 4.12500003222, 0.00000000000, -0.00000000095, 0.00000000803
610, 50.00000000000, 621.52767256513, 87.22196752718, 4.12500003222, 0.00000000000, -0.00000000167, -0.00000000603
611, 50.00000000000, 635.71790124174, 99.84739267505, 4.12500003222, 0.00000000000, 0.00000000177, 0.00000000034
612, 50.00000000000, 645.81130788391, 80.56293624364, 4.12500003222, 0.00000000000, -0.00000000309, -0.00000000140
613, 50.00000000000, 660.93840503650, 87.81604484175, 4.12500003222, 0.00000000000, -0.00000000106, -0.00000000285
614, 50.00000000000, 670.94424140829, 63.30428460972, 4.12500003222, 0.00000000000, -0.00000000200, -0.00000000144
615, 50.00000000000, 687.84779241990, 47.86441721639, 4.12500003222, 0.00000000000, 0.00000000104, -0.00000000431
616, 50.00000000000, 695.86996177631, 104.73558735805, 4.12500003222, 0.00000000000, -0.00000000143, -0.00000000028
617, 50.00000000000, 708.61821834713, 98.12793438288, 4.12500003222, 0.00000000000, 0.00000000401, 0.00000000190
618, 50.00000000000, 720.91521503191, 57.32159195007, 4.12500003222, 0.00000000000, 0.00000000010, 0.00000000555
619, 50.00000000000, 734.62494867002, 87.96549470037, 4.12500003222, 0.00000000000, 0.00000000194, 0.00000000295
620, 50.00000000000, 745.52478053114, 66.31936482072, 4.12500003222, 0.00000000000, 0.00000000175, 0.00000000417
621, 50.00000000000, 755.45900999897, 89.40661431397, 4.12500003222, 0.00000000000, -0.00000000281, -0.00000000449
622, 50.00000000000, 771.75845437869, 61.50274039057, 4.12500003222, 0.00000000000, -0.00000000113, -0.00000000006
623, 50.00000000000, 785.56257963748, 73.77214275746, 4.12500003222, 0.00000000000, -0.00000000018, -0.00000000597
624, 50.00000000000, 795.62370662737, 84.50812355034, 4.12500003222, 0.00000000000, 0.00000000241, -0.00000000122
625, 50.00000000000, 804.96228592986, 63.13461539725, 4.12500003222, 0.00000000000, 0.00000000085, 0.00000000093
626, 50.00000000000, 820.00875581472, 70.97188780096, 4.12500003222, 0.00000000000, -0.00000000206, 0.00000000219
627, 50.00000000000, 832.24738945558, 79.43107284614, 4.12500003222, 0.00000000000, 0.00000000373, -0.00000000117
628, 50.00000000000, 840.51212937844, 71.13843087147, 4.12500003222, 0.00000000000, -0.00000000028, 0.00000000262
629, 50.00000000000, 852.40072102796, 67.11023035190, 4.12500003222, 0.00000000000, -0.00000000470, -0.00000000119
630, 50.00000000000, 864.12822588282, 93.08678213511, 4.12500003222, 0.00000000000, -0.00000000153, -0.00000000529
631, 50.00000000000, 879.44521644255, 71.66786198156, 4.12500003222, 0.00000000000, 0.00000000115, -0.00000000123
632, 50.00000000000, 889.34526052341, 74.55600815456, 4.12500003222, 0.00000000000, -0.00000000262, -0.00000000334
633, 50.00000000000, 906.68958893929, 75.17683334579, 4.12500003222, 0.00000000000, 0.00000000104, -0.00000000059
634, 50.00000000000, 916.89419960520, 86.13059385808, 4.12500003222, 0.00000000000, 0.00000000037, 0.00000000035
635, 50.00000000000, 928.29672772781, 57.38306841601, 4.12500003222, 0.00000000000, 0.00000000159, 0.00000000244
636, 50.00000000000, 939.80563616931, 99.49279709905, 4.12500003222, 0.00000000000, 0.00000000186, 0.00000000086
637, 50.00000000000, 952.78024811908, 86.81189033025, 4.12500003222, 0.00000000000, 0.00000000013, 0.00000000298
638, 50.00000000000, 962.85367439317, 75.48331526078, 4.12500003222, 0.00000000000, -0.00000000065, -0.00000000175
639, 50.00000000000, 976.13726838164, 60.66698269777, 4.12500003222, 0.00000000000, -0.00000000107, 0.00000000194
