0, 50.00000000000, 66.71261895279, 39.92331995105, 4.12500003222, 0.00000000000, 0.00000068274, -0.00000012168
1, 50.00000000000, 73.66147124828, 27.63629237017, 4.12500003222, 0.00000000000, -0.00000079278, -0.00000044981
2, 50.00000000000, 84.61153073329, 20.26005062094, 4.12500003222, 0.00000000000, 0.00000006298, -0.00000019357
3, 50.00000000000, 143.06829177005, 47.94725340674, 4.12500003222, 0.00000000000, -0.00000068716, 0.00000021319
4, 50.00000000000, 108.29156605307, 37.75277834010, 4.12500003222, 0.00000000000, -0.00000078743, -0.00000190339
5, 50.00000000000, 101.26798134195, 2.34800357445, 4.12500003222, 0.00000000000, -0.00000036676, -0.00000034085
6, 50.00000000000, 104.18925532090, 13.07390588852, 4.12500003222, 0.00000000000, -0.00000024918, 0.00000008425
7, 50.00000000000, 80.32745769601, 46.61633104242, 4.12500003222, 0.00000000000, -0.00000039736, 0.00000058874
8, 50.00000000000, 119.15796845131, 25.30251489936, 4.12500003222, 0.00000000000, -0.00000108558, 0.00000025233
9, 50.00000000000, 121.63017280947, 15.16568011581, 4.12500003222, 0.00000000000, 0.00000012618, 0.00000045151
10, 50.00000000000, 118.62856806612, 6.09146137777, 4.12500003222, 0.00000000000, 0.00000024349, -0.00000007461
11, 50.00000000000, 126.62788021256, 7.87058482821, 4.12500003222, 0.00000000000, -0.00000015652, 0.00000030859
12, 50.00000000000, 138.43987344378, 46.22407243577, 4.12500003222, 0.00000000000, -0.00000018280, 0.00000140083
13, 50.00000000000, 148.15782613013, 33.39376598714, 4.12500003222, 0.00000000000, 0.00000060187, -0.00000028808
14, 50.00000000000, 148.17137798040, 22.82306363494, 4.12500003222, 0.00000000000, 0.00000076097, -0.00000021498
15, 50.00000000000, 157.89973790301, 14.97261038129, 4.12500003222, 0.00000000000, -0.00000030962, 0.00000026368
16, 50.00000000000, 202.57402925605, 29.12102988757, 4.12500003222, 0.00000000000, 0.00000000212, 0.00000000985
17, 50.00000000000, 218.62744375653, -30000000.00000000000, 0.00000000000, 0.00000000000, 0.00000134562, 0.66000001198
18, 50.00000000000, 228.82727868241, -30000000.00000000000, 0.00000000000, 0.00000000000, 0.00000017559, 0.66000001198
19, 50.00000000000, 244.15629240485, 46.17455982183, 4.12500003222, 0.00000000000, 0.00000023217, 0.00000004136
20, 50.00000000000, 257.25207309013, -30000000.00000000000, 0.00000000000, 0.00000000000, -0.00000033818, 0.66000001198
21, 50.00000000000, 260.86469736458, 57.02574352969, 4.12500003222, 0.00000000000, -0.00000044662, -0.00000007882
22, 50.00000000000, 278.18496384885, -30000000.00000000000, 0.00000000000, 0.00000000000, -0.00000091485, 0.66000001198
23, 50.00000000000, 295.91725051255, -30000000.00000000000, 0.00000000000, 0.00000000000, -0.00000043942, 0.66000001198
24, 50.00000000000, 304.59079653379, -30000000.00000000000, 0.00000000000, 0.00000000000, -0.00000032895, 0.66000001198
25, 50.00000000000, 315.30089127266, -30000000.00000000000, 0.00000000000, 0.00000000000, 0.00000070244, 0.66000001198
26, 50.00000000000, 331.40149441821, 45.91547924022, 4.12500003222, 0.00000000000, -0.00000026197, 0.00000010017
27, 50.00000000000, 343.93046724332, -30000000.00000000000, 0.00000000000, 0.00000000000, -0.00000011826, 0.66000001198
28, 50.00000000000, 348.56960901377, 36.80325746251, 4.12500003222, 0.00000000000, 0.00000006780, -0.00000003524
29, 50.00000000000, 362.12775797118, -30000000.00000000000, 0.00000000000, 0.00000000000, -0.00000055992, 0.66000001198
30, 50.00000000000, 372.67829282999, -30000000.00000000000, 0.00000000000, 0.00000000000, -0.00000056089, 0.66000001198
31, 50.00000000000, 392.45029941828, -30000000.00000000000, 0.00000000000, 0.00000000000, 0.00000145550, 0.66000001198
32, 50.00000000000, 395.49565047268, -30000000.00000000000, 0.00000000000, 0.00000000000, 0.00000065213, 0.66000001198
33, 50.00000000000, 419.48123643482, -30000000.00000000000, 0.00000000000, 0.00000000000, -0.00000002036, 0.66000001198
34, 50.00000000000, 424.88549594349, -30000000.00000000000, 0.00000000000, 0.00000000000, 0.00000069413, 0.66000001198
35, 50.00000000000, 431.02161415511, -30000000.00000000000, 0.00000000000, 0.00000000000, -0.00000133282, 0.66000001198
36, 50.00000000000, 453.03873653780, -30000000.00000000000, 0.00000000000, 0.00000000000, -0.00000205387, 0.66000001198
37, 50.00000000000, 465.84443943569, -30000000.00000000000, 0.00000000000, 0.00000000000, 0.00000002497, 0.66000001198
38, 50.00000000000, 474.12003499828, -30000000.00000000000, 0.00000000000, 0.00000000000, -0.00000002364, 0.66000001198
39, 50.00000000000, 485.85734440501, -30000000.00000000000, 0.00000000000, 0.00000000000, 0.00000158839, 0.66000001198
40, 50.00000000000, 501.33994016517, -30000000.00000000000, 0.00000000000, 0.00000000000, 0.00000092861, 0.66000001198
41, 50.00000000000, 515.56859832836, -30000000.00000000000, 0.00000000000, 0.00000000000, 0.00000023623, 0.66000001198
42, 50.00000000000, 529.23007274749, -30000000.00000000000, 0.00000000000, 0.00000000000, -0.00000103182, 0.66000001198
43, 50.00000000000, 533.08837049021, -30000000.00000000000, 0.00000000000, 0.00000000000, -0.00000105626, 0.66000001198
44, 50.00000000000, 545.68015241354, -30000000.00000000000, 0.00000000000, 0.00000000000, -0.00000033721, 0.66000001198
45, 50.00000000000, 553.29491003020, -30000000.00000000000, 0.00000000000, 0.00000000000, -0.00000065265, 0.66000001198
46, 50.00000000000, 570.14903844438, -30000000.00000000000, 0.00000000000, 0.00000000000, -0.00000018479, 0.66000001198
47, 50.00000000000, 585.87090967331, -30000000.00000000000, 0.00000000000, 0.00000000000, 0.00000004155, 0.66000001198
48, 50.00000000000, 602.96111509444, -30000000.00000000000, 0.00000000000, 0.00000000000, -0.00000096045, 0.66000001198
49, 50.00000000000, 616.71034146867, 66.03518976592, 4.12500003222, 0.00000000000, 0.00000006397, 0.00000001514
50, 50.00000000000, 622.35222104972, -30000000.00000000000, 0.00000000000, 0.00000000000, 0.00000061687, 0.66000001198
51, 50.00000000000, 637.98559953965, -30000000.00000000000, 0.00000000000, 0.00000000000, 0.00000094830, 0.66000001198
52, 50.00000000000, 641.54355819668, -30000000.00000000000, 0.00000000000, 0.00000000000, 0.00000129499, 0.66000001198
53, 50.00000000000, 660.43168942034, -30000000.00000000000, 0.00000000000, 0.00000000000, -0.00000070900, 0.66000001198
54, 50.00000000000, 678.17659884499, -30000000.00000000000, 0.00000000000, 0.00000000000, 0.00000168562, 0.66000001198
55, 50.00000000000, 684.21000923610, -30000000.00000000000, 0.00000000000, 0.00000000000, 0.00000049942, 0.66000001198
56, 50.00000000000, 692.63182653498, -30000000.00000000000, 0.00000000000, 0.00000000000, 0.00000166267, 0.66000001198
57, 50.00000000000, 706.72301404862, -30000000.00000000000, 0.00000000000, 0.00000000000, -0.00000051076, 0.66000001198
58, 50.00000000000, 717.89789377014, -30000000.00000000000, 0.00000000000, 0.00000000000, -0.00000064504, 0.66000001198
59, 50.00000000000, 736.86277527121, -30000000.00000000000, 0.00000000000, 0.00000000000, -0.00000158633, 0.66000001198
60, 50.00000000000, 744.65723767786, -30000000.00000000000, 0.00000000000, 0.00000000000, -0.00000047003, 0.66000001198
61, 50.00000000000, 762.64387394844, 52.22682128793, 4.12500003222, 0.00000000000, 0.00000000710, 0.00000004988
62, 50.00000000000, 770.14366411129, -30000000.00000000000, 0.00000000000, 0.00000000000, 0.00000143950, 0.66000001198
63, 50.00000000000, 781.38822495055, -30000000.00000000000, 0.00000000000, 0.00000000000, -0.00000025810, 0.66000001198
64, 50.00000000000, 792.38457255383, -30000000.00000000000, 0.00000000000, 0.00000000000, -0.00000220409, 0.66000001198
65, 50.00000000000, 853.11381407548, 13.11823721776, 4.12500003222, 0.00000000000, 0.00000020182, 0.00000071598
66, 50.00000000000, 860.74893049309, 12.56242892908, 4.12500003222, 0.00000000000, -0.00000000548, 0.00000049240
67, 50.00000000000, 869.40751998908, 14.14031736030, 4.12500003222, 0.00000000000, 0.00000043978, 0.00000074761
68, 50.00000000000, 861.32975020732, 16.38815096707, 4.12500003222, 0.00000000000, -0.00000209161, -0.00000156931
69, 50.00000000000, 871.32190114228, 7.80864535170, 4.12500003222, 0.00000000000, 0.00000062050, 0.00000028264
70, 50.00000000000, 875.62776242477, 9.92672681642, 4.12500003222, 0.00000000000, 0.00000019233, -0.00000047171
71, 50.00000000000, 867.93155544940, 43.78917825894, 4.12500003222, 0.00000000000, 0.00000283750, -0.00000012891
72, 50.00000000000, 898.63352083577, 52.49863955099, 4.12500003222, 0.00000000000, 0.00000048964, -0.00000002671
73, 50.00000000000, 884.70182171742, 32.27397162570, 4.12500003222, 0.00000000000, 0.00000150991, 0.00000041760
74, 50.00000000000, 889.94769855637, 37.49305467184, 4.12500003222, 0.00000000000, -0.00000208050, 0.00000152999
75, 50.00000000000, 891.45645673395, 25.90019966986, 4.12500003222, 0.00000000000, 0.00000026912, 0.00000073535
76, 50.00000000000, 894.40155784780, 8.05324336219, 4.12500003222, 0.00000000000, -0.00000035120, 0.00000004900
77, 50.00000000000, 890.70288273149, 2.93805997951, 4.12500003222, 0.00000000000, -0.00000031279, 0.00000025449
78, 50.00000000000, 906.57970502095, 7.73371133485, 4.12500003222, 0.00000000000, 0.00000031370, -0.00000064480
79, 50.00000000000, 905.33890448932, 37.33969654224, 4.12500003222, 0.00000000000, -0.00000075596, 0.00000059494
80, 50.00000000000, 69.74698830533, 15.49626440406, 4.12500003222, 0.00000000000, 0.00000005662, 0.00000016515
81, 50.00000000000, 80.72029053937, 10.91218657576, 4.12500003222, 0.00000000000, 0.00000047802, 0.00000041354
82, 50.00000000000, 113.28319193237, 33.92555894432, 4.12500003222, 0.00000000000, 0.00000111655, -0.00000012405
83, 50.00000000000, 90.91587724838, 6.35231840713, 4.12500003222, 0.00000000000, 0.00000007450, 0.00000027403
84, 50.00000000000, 122.70309108547, 25.67575710430, 4.12500003222, 0.00000000000, -0.00000147806, -0.00000090444
85, 50.00000000000, 132.55839639626, 55.93958498199, 4.12500003222, 0.00000000000, 0.00000074884, 0.00000039033
86, 50.00000000000, 99.81721567243, 60.83094980692, 4.12500003222, 0.00000000000, -0.00000069622, 0.00000035222
87, 50.00000000000, 98.44644947061, 34.83091545339, 4.12500003222, 0.00000000000, 0.00000095344, 0.00000012537
88, 50.00000000000, 111.64012026659, 2.26316422430, 4.12500003222, 0.00000000000, 0.00000001834, -0.00000021692
89, 50.00000000000, 98.96082558588, 40.98691433745, 4.12500003222, 0.00000000000, 0.00000103784, 0.00000089713
90, 50.00000000000, 91.08707300811, 28.02851025765, 4.12500003222, 0.00000000000, -0.00000026726, -0.00000063947
91, 50.00000000000, 114.97345689135, 25.50139822265, 4.12500003222, 0.00000000000, -0.00000077705, 0.00000095878
92, 50.00000000000, 133.75270010612, 30.32663149970, 4.12500003222, 0.00000000000, 0.00000015552, -0.00000025084
93, 50.00000000000, 138.95734891569, 8.83347338304, 4.12500003222, 0.00000000000, 0.00000000745, 0.00000007931
94, 50.00000000000, 148.54615839287, 38.79099048046, 4.12500003222, 0.00000000000, -0.00000009435, 0.00000003445
95, 50.00000000000, 160.88191660844, 31.90392263299, 4.12500003222, 0.00000000000, -0.00000034630, -0.00000013973
96, 50.00000000000, 206.91668807444, -30000000.00000000000, 0.00000000000, 0.00000000000, 0.00000241522, 0.66000001198
97, 50.00000000000, 223.43603756338, -30000000.00000000000, 0.00000000000, 0.00000000000, 0.00000085372, 0.66000001198
98, 50.00000000000, 234.95858166650, -30000000.00000000000, 0.00000000000, 0.00000000000, -0.00000036947, 0.66000001198
99, 50.00000000000, 239.37464491850, -30000000.00000000000, 0.00000000000, 0.00000000000, -0.00000035400, 0.66000001198
100, 50.00000000000, 258.41875077043, -30000000.00000000000, 0.00000000000, 0.00000000000, 0.00000001236, 0.66000001198
101, 50.00000000000, 268.59068535313, -30000000.00000000000, 0.00000000000, 0.00000000000, 0.00000005134, 0.66000001198
102, 50.00000000000, 274.66088472736, -30000000.00000000000, 0.00000000000, 0.00000000000, -0.00000071551, 0.66000001198
103, 50.00000000000, 292.20160796017, -30000000.00000000000, 0.00000000000, 0.00000000000, 0.00000037783, 0.66000001198
104, 50.00000000000, 299.12072506157, 38.30160651995, 4.12500003222, 0.00000000000, -0.00000013704, 0.00000010679
105, 50.00000000000, 308.11631103140, 55.01778612127, 4.12500003222, 0.00000000000, 0.00000018960, -0.00000004392
106, 50.00000000000, 320.81157119680, 53.16244304244, 4.12500003222, 0.00000000000, 0.00000051904, 0.00000007519
107, 50.00000000000, 334.60696492388, -30000000.00000000000, 0.00000000000, 0.00000000000, 0.00000082570, 0.66000001198
108, 50.00000000000, 353.17746199930, -30000000.00000000000, 0.00000000000, 0.00000000000, -0.00000028053, 0.66000001198
109, 50.00000000000, 363.79155274020, 36.82869760694, 4.12500003222, 0.00000000000, 0.00000001802, -0.00000000312
110, 50.00000000000, 373.98600453964, -30000000.00000000000, 0.00000000000, 0.00000000000, -0.00000020829, 0.66000001198
111, 50.00000000000, 390.53274671387, 38.18940465373, 4.12500003222, 0.00000000000, 0.00000000304, 0.00000003827
112, 50.00000000000, 403.15436858586, -30000000.00000000000, 0.00000000000, 0.00000000000, 0.00000209401, 0.66000001198
113, 50.00000000000, 412.28092097590, -30000000.00000000000, 0.00000000000, 0.00000000000, -0.00000027712, 0.66000001198
114, 50.00000000000, 432.16777608524, -30000000.00000000000, 0.00000000000, 0.00000000000, -0.00000106373, 0.66000001198
115, 50.00000000000, 443.36846704824, -30000000.00000000000, 0.00000000000, 0.00000000000, -0.00000129979, 0.66000001198
116, 50.00000000000, 446.01028039905, -30000000.00000000000, 0.00000000000, 0.00000000000, -0.00000078211, 0.66000001198
117, 50.00000000000, 469.56035778688, -30000000.00000000000, 0.00000000000, 0.00000000000, -0.00000019551, 0.66000001198
118, 50.00000000000, 473.62198933362, 59.62999600893, 4.12500003222, 0.00000000000, 0.00000000315, 0.00000007070
119, 50.00000000000, 490.67318440170, -30000000.00000000000, 0.00000000000, 0.00000000000, 0.00000086454, 0.66000001198
120, 50.00000000000, 496.68998288969, -30000000.00000000000, 0.00000000000, 0.00000000000, 0.00000039241, 0.66000001198
121, 50.00000000000, 513.94531534429, 39.34969829542, 4.12500003222, 0.00000000000, 0.00000000886, 0.00000002113
122, 50.00000000000, 525.39078117256, 39.89269509458, 4.12500003222, 0.00000000000, 0.00000000027, 0.00000005952
123, 50.00000000000, 540.31311861656, 45.39169894667, 4.12500003222, 0.00000000000, -0.00000000935, 0.00000004194
124, 50.00000000000, 541.76688604523, -30000000.00000000000, 0.00000000000, 0.00000000000, 0.00000011940, 0.66000001198
125, 50.00000000000, 558.16641520777, -30000000.00000000000, 0.00000000000, 0.00000000000, -0.00000010446, 0.66000001198
126, 50.00000000000, 575.54428539213, -30000000.00000000000, 0.00000000000, 0.00000000000, 0.00000027329, 0.66000001198
127, 50.00000000000, 587.36934963857, -30000000.00000000000, 0.00000000000, 0.00000000000, 0.00000029470, 0.66000001198
128, 50.00000000000, 594.30145036099, -30000000.00000000000, 0.00000000000, 0.00000000000, -0.00000076936, 0.66000001198
129, 50.00000000000, 611.45206370889, -30000000.00000000000, 0.00000000000, 0.00000000000, -0.00000031631, 0.66000001198
130, 50.00000000000, 628.14355119278, -30000000.00000000000, 0.00000000000, 0.00000000000, 0.00000038854, 0.66000001198
131, 50.00000000000, 627.75433654302, 45.77822444843, 4.12500003222, 0.00000000000, -0.00000000459, 0.00000001687
132, 50.00000000000, 647.99208187482, -30000000.00000000000, 0.00000000000, 0.00000000000, -0.00000040784, 0.66000001198
133, 50.00000000000, 661.47553114229, 44.15349500778, 4.12500003222, 0.00000000000, 0.00000000911, -0.00000002381
134, 50.00000000000, 670.40869026719, -30000000.00000000000, 0.00000000000, 0.00000000000, 0.00000008010, 0.66000001198
135, 50.00000000000, 683.92349579038, -30000000.00000000000, 0.00000000000, 0.00000000000, 0.00000057858, 0.66000001198
136, 50.00000000000, 696.86895792350, 39.83250877281, 4.12500003222, 0.00000000000, -0.00000000026, 0.00000001703
137, 50.00000000000, 713.25988602967, -30000000.00000000000, 0.00000000000, 0.00000000000, 0.00000029718, 0.66000001198
138, 50.00000000000, 725.29929728487, 53.90504848321, 4.12500003222, 0.00000000000, -0.00000000936, 0.00000000299
139, 50.00000000000, 729.69847936978, -30000000.00000000000, 0.00000000000, 0.00000000000, -0.00000137373, 0.66000001198
140, 50.00000000000, 742.66911172576, 65.69661113653, 4.12500003222, 0.00000000000, 0.00000001815, 0.00000000919
141, 50.00000000000, 760.01985563610, -30000000.00000000000, 0.00000000000, 0.00000000000, 0.00000110886, 0.66000001198
142, 50.00000000000, 768.68611482078, 69.88688440027, 4.12500003222, 0.00000000000, -0.00000001080, -0.00000004926
143, 50.00000000000, 781.64231961316, -30000000.00000000000, 0.00000000000, 0.00000000000, -0.00000031225, 0.66000001198
144, 50.00000000000, 795.80674897141, -30000000.00000000000, 0.00000000000, 0.00000000000, -0.00000295097, 0.66000001198
145, 50.00000000000, 841.90118374152, 17.80549160561, 4.12500003222, 0.00000000000, 0.00000037121, 0.00000009395
146, 50.00000000000, 854.31470430947, 24.55665853697, 4.12500003222, 0.00000000000, -0.00000088704, -0.00000066822
147, 50.00000000000, 882.35844969545, 15.97854290314, 4.12500003222, 0.00000000000, 0.00000118788, -0.00000184654
148, 50.00000000000, 846.41198930081, 39.96980640731, 4.12500003222, 0.00000000000, -0.00000025396, -0.00000022482
149, 50.00000000000, 852.35383214718, 30.47801141858, 4.12500003222, 0.00000000000, 0.00000089869, -0.00000128707
150, 50.00000000000, 900.83959424200, 39.58496825740, 4.12500003222, 0.00000000000, 0.00000017134, -0.00000179435
151, 50.00000000000, 851.19690127230, 22.38550037332, 4.12500003222, 0.00000000000, 0.00000073172, -0.00000036309
152, 50.00000000000, 900.04658280717, 47.58272429427, 4.12500003222, 0.00000000000, 0.00000053979, -0.00000068837
153, 50.00000000000, 890.25447294631, 36.93126818396, 4.12500003222, 0.00000000000, 0.00000207587, 0.00000050639
154, 50.00000000000, 895.27325645324, 32.34986280349, 4.12500003222, 0.00000000000, 0.00000053404, -0.00000139063
155, 50.00000000000, 884.88723100205, 12.15366724018, 4.12500003222, 0.00000000000, -0.00000003309, -0.00000014653
156, 50.00000000000, 861.18440430222, 34.31689135763, 4.12500003222, 0.00000000000, -0.00000175943, 0.00000071432
157, 50.00000000000, 887.29008175731, 43.67643800208, 4.12500003222, 0.00000000000, 0.00000098837, 0.00000027873
158, 50.00000000000, 890.41614264200, 17.50835542736, 4.12500003222, 0.00000000000, -0.00000041894, 0.00000008522
159, 50.00000000000, 925.98324654266, 25.93671092832, 4.12500003222, 0.00000000000, 0.00000029304, -0.00000006620
160, 50.00000000000, 76.10526132852, 34.26270242164, 4.12500003222, 0.00000000000, -0.00000061695, 0.00000012476
161, 50.00000000000, 71.82828125810, 44.60047520356, 4.12500003222, 0.00000000000, 0.00000065672, -0.00000017016
162, 50.00000000000, 86.17717731259, 13.81206064789, 4.12500003222, 0.00000000000, 0.00000013224, -0.00000000142
163, 50.00000000000, 89.67590475304, 39.14718005192, 4.12500003222, 0.00000000000, -0.00000043042, 0.00000061105
164, 50.00000000000, 101.39091195648, 48.40799278130, 4.12500003222, 0.00000000000, 0.00000078147, 0.00000086137
165, 50.00000000000, 85.08389175136, 24.25224834298, 4.12500003222, 0.00000000000, -0.00000090074, -0.00000100160
166, 50.00000000000, 92.11935092872, 13.01610580390, 4.12500003222, 0.00000000000, 0.00000007361, 0.00000038640
167, 50.00000000000, 112.13903872168, 17.98682216241, 4.12500003222, 0.00000000000, 0.00000003458, 0.00000078913
168, 50.00000000000, 114.95816982824, 33.12463075647, 4.12500003222, 0.00000000000, 0.00000125201, 0.00000174307
169, 50.00000000000, 123.31894272607, 29.67137605905, 4.12500003222, 0.00000000000, -0.00000146227, -0.00000036876
170, 50.00000000000, 106.18175737263, 27.50224500732, 4.12500003222, 0.00000000000, 0.00000066026, 0.00000071525
171, 50.00000000000, 109.50640454418, 31.28731928511, 4.12500003222, 0.00000000000, -0.00000212991, -0.00000026738
172, 50.00000000000, 130.45124167059, 17.71786953480, 4.12500003222, 0.00000000000, -0.00000026774, -0.00000033673
173, 50.00000000000, 136.91735756433, 53.07806932199, 4.12500003222, 0.00000000000, -0.00000066838, -0.00000042851
174, 50.00000000000, 144.23068971652, 15.39374876762, 4.12500003222, 0.00000000000, 0.00000022396, 0.00000005288
175, 50.00000000000, 182.68323678612, 29.18155038289, 4.12500003222, 0.00000000000, 0.00000002020, -0.00000001937
176, 50.00000000000, 209.29924993273, -30000000.00000000000, 0.00000000000, 0.00000000000, 0.00000199766, 0.66000001198
177, 50.00000000000, 217.27948605415, -30000000.00000000000, 0.00000000000, 0.00000000000, 0.00000163469, 0.66000001198
178, 50.00000000000, 226.49140125217, 30.08334221928, 4.12500003222, 0.00000000000, -0.00000004472, -0.00000002110
179, 50.00000000000, 242.73833425357, -30000000.00000000000, 0.00000000000, 0.00000000000, -0.00000067294, 0.66000001198
180, 50.00000000000, 249.85010351683, 33.44322701283, 4.12500003222, 0.00000000000, 0.00000004393, 0.00000005631
181, 50.00000000000, 260.88510064877, 43.38693861045, 4.12500003222, 0.00000000000, -0.00000033450, 0.00000006573
182, 50.00000000000, 279.17927482810, -30000000.00000000000, 0.00000000000, 0.00000000000, -0.00000048931, 0.66000001198
183, 50.00000000000, 281.67071001244, 32.36521234014, 4.12500003222, 0.00000000000, 0.00000007974, 0.00000002895
184, 50.00000000000, 298.83351118226, 44.87990851217, 4.12500003222, 0.00000000000, -0.00000025788, -0.00000017351
185, 50.00000000000, 317.52399108514, -30000000.00000000000, 0.00000000000, 0.00000000000, 0.00000021458, 0.66000001198
186, 50.00000000000, 330.42183905509, -30000000.00000000000, 0.00000000000, 0.00000000000, -0.00000013377, 0.66000001198
187, 50.00000000000, 337.40278737450, -30000000.00000000000, 0.00000000000, 0.00000000000, 0.00000014998, 0.66000001198
188, 50.00000000000, 362.55057953988, -30000000.00000000000, 0.00000000000, 0.00000000000, -0.00000065107, 0.66000001198
189, 50.00000000000, 368.35661929794, 53.18297238647, 4.12500003222, 0.00000000000, -0.00000007433, 0.00000002286
190, 50.00000000000, 371.11321545731, 43.51923697144, 4.12500003222, 0.00000000000, -0.00000004215, -0.00000001446
191, 50.00000000000, 383.03577024600, 46.71584027217, 4.12500003222, 0.00000000000, -0.00000001038, -0.00000000406
192, 50.00000000000, 409.98933667423, -30000000.00000000000, 0.00000000000, 0.00000000000, 0.00000047228, 0.66000001198
193, 50.00000000000, 410.18466650923, -30000000.00000000000, 0.00000000000, 0.00000000000, 0.00000041440, 0.66000001198
194, 50.00000000000, 427.78583117255, -30000000.00000000000, 0.00000000000, 0.00000000000, -0.00000025546, 0.66000001198
195, 50.00000000000, 435.89359904128, 49.38520316566, 4.12500003222, 0.00000000000, 0.00000001974, -0.00000002360
196, 50.00000000000, 448.56447071175, -30000000.00000000000, 0.00000000000, 0.00000000000, -0.00000087203, 0.66000001198
197, 50.00000000000, 467.39396650402, 51.98710981509, 4.12500003222, 0.00000000000, -0.00000000899, -0.00000001247
198, 50.00000000000, 482.54626728830, -30000000.00000000000, 0.00000000000, 0.00000000000, 0.00000115357, 0.66000001198
199, 50.00000000000, 491.87933810130, 50.76944407369, 4.12500003222, 0.00000000000, 0.00000002190, 0.00000005468
200, 50.00000000000, 505.31553529579, -30000000.00000000000, 0.00000000000, 0.00000000000, 0.00000099543, 0.66000001198
201, 50.00000000000, 512.73290754361, -30000000.00000000000, 0.00000000000, 0.00000000000, -0.00000011570, 0.66000001198
202, 50.00000000000, 526.49453644521, -30000000.00000000000, 0.00000000000, 0.00000000000, -0.00000012995, 0.66000001198
203, 50.00000000000, 535.37086790797, -30000000.00000000000, 0.00000000000, 0.00000000000, -0.00000049922, 0.66000001198
204, 50.00000000000, 551.24464922362, -30000000.00000000000, 0.00000000000, 0.00000000000, -0.00000069929, 0.66000001198
205, 50.00000000000, 565.74139499898, -30000000.00000000000, 0.00000000000, 0.00000000000, 0.00000038636, 0.66000001198
206, 50.00000000000, 577.33026471683, -30000000.00000000000, 0.00000000000, 0.00000000000, -0.00000019392, 0.66000001198
207, 50.00000000000, 584.01561888778, 57.30963252817, 4.12500003222, 0.00000000000, 0.00000006321, -0.00000002507
208, 50.00000000000, 601.67428173492, 46.55380006595, 4.12500003222, 0.00000000000, -0.00000003097, 0.00000002444
209, 50.00000000000, 615.99920487607, 51.18766702238, 4.12500003222, 0.00000000000, 0.00000002296, -0.00000004439
210, 50.00000000000, 626.57845342680, 53.13832548960, 4.12500003222, 0.00000000000, 0.00000001115, 0.00000000663
211, 50.00000000000, 636.83281241331, 37.49215838350, 4.12500003222, 0.00000000000, -0.00000000309, -0.00000001135
212, 50.00000000000, 651.94838781035, 43.05036244375, 4.12500003222, 0.00000000000, 0.00000002704, 0.00000002633
213, 50.00000000000, 659.56647361350, 57.43461837283, 4.12500003222, 0.00000000000, 0.00000001893, -0.00000003200
214, 50.00000000000, 668.01512089589, 65.01611072937, 4.12500003222, 0.00000000000, -0.00000000681, -0.00000003140
215, 50.00000000000, 685.64992158851, 34.54901211827, 4.12500003222, 0.00000000000, -0.00000001320, -0.00000000520
216, 50.00000000000, 694.69625069891, -30000000.00000000000, 0.00000000000, 0.00000000000, 0.00000163758, 0.66000001198
217, 50.00000000000, 708.83607677052, 42.09018258014, 4.12500003222, 0.00000000000, 0.00000000450, 0.00000000153
218, 50.00000000000, 720.82266358338, -30000000.00000000000, 0.00000000000, 0.00000000000, -0.00000106314, 0.66000001198
219, 50.00000000000, 735.11271421244, 47.28932682134, 4.12500003222, 0.00000000000, -0.00000000898, -0.00000002340
220, 50.00000000000, 748.71088244059, -30000000.00000000000, 0.00000000000, 0.00000000000, -0.00000095138, 0.66000001198
221, 50.00000000000, 754.84753551885, 33.50842339344, 4.12500003222, 0.00000000000, -0.00000000952, -0.00000001343
222, 50.00000000000, 778.52830541039, 31.93697317496, 4.12500003222, 0.00000000000, -0.00000000489, -0.00000006169
223, 50.00000000000, 782.58062165006, -30000000.00000000000, 0.00000000000, 0.00000000000, -0.00000052816, 0.66000001198
224, 50.00000000000, 792.77167839938, -30000000.00000000000, 0.00000000000, 0.00000000000, -0.00000227866, 0.66000001198
225, 50.00000000000, 828.62158788115, 39.64959774998, 4.12500003222, 0.00000000000, 0.00000044725, 0.00000021633
226, 50.00000000000, 856.77202842735, 28.16741875903, 4.12500003222, 0.00000000000, -0.00000068686, -0.00000026682
227, 50.00000000000, 837.84160424440, 44.25660465985, 4.12500003222, 0.00000000000, -0.00000093221, 0.00000024842
228, 50.00000000000, 875.02580954416, 28.96469001398, 4.12500003222, 0.00000000000, -0.00000006687, 0.00000011240
229, 50.00000000000, 859.92048163161, 22.11196762703, 4.12500003222, 0.00000000000, -0.00000044471, -0.00000008215
230, 50.00000000000, 874.62972054057, 47.41693079679, 4.12500003222, 0.00000000000, -0.00000078126, 0.00000126603
231, 50.00000000000, 891.28875963148, 30.77873615390, 4.12500003222, 0.00000000000, -0.00000121178, 0.00000144562
232, 50.00000000000, 889.37151816955, 20.91801588318, 4.12500003222, 0.00000000000, -0.00000005637, 0.00000001984
233, 50.00000000000, 902.30967589787, 40.42951842423, 4.12500003222, 0.00000000000, -0.00000101727, -0.00000051220
234, 50.00000000000, 857.61754021677, 56.01529681032, 4.12500003222, 0.00000000000, 0.00000065055, 0.00000009242
235, 50.00000000000, 888.20206261956, 21.19275200684, 4.12500003222, 0.00000000000, 0.00000217928, -0.00000106688
236, 50.00000000000, 866.21075953859, 46.71512422082, 4.12500003222, 0.00000000000, -0.00000008324, -0.00000030800
237, 50.00000000000, 856.23540819905, 33.54542027682, 4.12500003222, 0.00000000000, -0.00000089605, 0.00000023669
238, 50.00000000000, 920.32130049724, 20.69041701529, 4.12500003222, 0.00000000000, 0.00000031011, -0.00000028721
239, 50.00000000000, 915.05603302506, 9.97378209022, 4.12500003222, 0.00000000000, 0.00000010510, -0.00000014900
240, 50.00000000000, 73.39040831754, 49.48873575876, 4.12500003222, 0.00000000000, 0.00000008070, -0.00000064092
241, 50.00000000000, 120.64973954149, 35.87417666469, 4.12500003222, 0.00000000000, -0.00000042403, -0.00000103628
242, 50.00000000000, 81.34147440569, 50.69906079281, 4.12500003222, 0.00000000000, 0.00000031812, -0.00000048528
243, 50.00000000000, 104.37443454216, 26.66419171685, 4.12500003222, 0.00000000000, 0.00000114064, 0.00000003465
244, 50.00000000000, 127.28440609297, 21.46159557043, 4.12500003222, 0.00000000000, -0.00000061588, -0.00000033295
245, 50.00000000000, 145.73057540953, 29.08564775294, 4.12500003222, 0.00000000000, 0.00000149592, -0.00000039811
246, 50.00000000000, 122.27225698817, 19.56641874568, 4.12500003222, 0.00000000000, -0.00000027408, 0.00000033096
247, 50.00000000000, 111.16113051455, 33.55674863282, 4.12500003222, 0.00000000000, -0.00000101802, -0.00000189204
248, 50.00000000000, 98.49806460681, 51.73852613521, 4.12500003222, 0.00000000000, -0.00000069164, -0.00000016918
249, 50.00000000000, 117.51867529435, 58.86380252206, 4.12500003222, 0.00000000000, 0.00000017127, 0.00000057576
250, 50.00000000000, 94.40106208842, 18.12493945580, 4.12500003222, 0.00000000000, -0.00000019277, -0.00000031832
251, 50.00000000000, 110.22504392746, 35.82094010706, 4.12500003222, 0.00000000000, 0.00000197390, -0.00000021786
252, 50.00000000000, 99.86061028476, 53.92839288796, 4.12500003222, 0.00000000000, -0.00000100136, -0.00000002462
253, 50.00000000000, 144.23371209246, 21.13209238417, 4.12500003222, 0.00000000000, 0.00000074727, -0.00000038822
254, 50.00000000000, 158.40655326164, 37.78742792129, 4.12500003222, 0.00000000000, -0.00000020219, -0.00000033594
255, 50.00000000000, 184.33295619749, 40.97336328204, 4.12500003222, 0.00000000000, -0.00000000272, 0.00000006937
256, 50.00000000000, 199.62602953293, 60.64294575250, 4.12500003222, 0.00000000000, 0.00000018095, 0.00000002835
257, 50.00000000000, 204.53042434000, 44.35389163820, 4.12500003222, 0.00000000000, 0.00000001273, 0.00000001391
258, 50.00000000000, 225.81150501928, -30000000.00000000000, 0.00000000000, 0.00000000000, 0.00000028032, 0.66000001198
259, 50.00000000000, 249.37276165133, -30000000.00000000000, 0.00000000000, 0.00000000000, 0.00000000209, 0.66000001198
260, 50.00000000000, 260.31458889117, -30000000.00000000000, 0.00000000000, 0.00000000000, -0.00000044699, 0.66000001198
261, 50.00000000000, 257.76343676279, 68.38451174231, 4.12500003222, 0.00000000000, -0.00000024948, -0.00000003275
262, 50.00000000000, 274.63481265310, 40.61831058217, 4.12500003222, 0.00000000000, 0.00000009131, -0.00000014154
263, 50.00000000000, 288.68957440505, 39.88269217513, 4.12500003222, 0.00000000000, 0.00000006370, 0.00000011632
264, 50.00000000000, 297.10985184283, 59.51828394879, 4.12500003222, 0.00000000000, -0.00000053077, 0.00000015425
265, 50.00000000000, 313.04412788738, -30000000.00000000000, 0.00000000000, 0.00000000000, 0.00000051839, 0.66000001198
266, 50.00000000000, 313.18455768632, 36.05162833703, 4.12500003222, 0.00000000000, 0.00000012264, -0.00000003571
267, 50.00000000000, 336.53048110438, 39.51882494187, 4.12500003222, 0.00000000000, -0.00000015255, -0.00000000494
268, 50.00000000000, 348.14051629230, -30000000.00000000000, 0.00000000000, 0.00000000000, 0.00000082762, 0.66000001198
269, 50.00000000000, 357.40796208433, 48.83561920479, 4.12500003222, 0.00000000000, 0.00000019025, 0.00000004304
270, 50.00000000000, 366.71958970247, 61.76864296217, 4.12500003222, 0.00000000000, -0.00000007192, -0.00000004508
271, 50.00000000000, 391.07528852490, 61.19776452574, 4.12500003222, 0.00000000000, 0.00000002403, -0.00000002286
272, 50.00000000000, 410.01612342551, 69.33948768397, 4.12500003222, 0.00000000000, 0.00000001055, -0.00000003092
273, 50.00000000000, 409.42619493164, 43.72537807411, 4.12500003222, 0.00000000000, -0.00000002076, -0.00000000253
274, 50.00000000000, 426.73857570983, -30000000.00000000000, 0.00000000000, 0.00000000000, 0.00000008181, 0.66000001198
275, 50.00000000000, 428.71976799504, 55.44013355957, 4.12500003222, 0.00000000000, -0.00000001123, 0.00000003281
276, 50.00000000000, 446.45173950903, 39.43109223865, 4.12500003222, 0.00000000000, 0.00000000531, -0.00000000321
277, 50.00000000000, 465.56569384851, 72.45497069238, 4.12500003222, 0.00000000000, -0.00000000581, -0.00000002032
278, 50.00000000000, 479.46579018660, 71.57600306266, 4.12500003222, 0.00000000000, -0.00000003387, -0.00000008845
279, 50.00000000000, 480.70048031482, 50.71718955548, 4.12500003222, 0.00000000000, 0.00000002735, 0.00000004132
280, 50.00000000000, 504.39961905378, 47.44387200264, 4.12500003222, 0.00000000000, -0.00000000631, 0.00000002577
281, 50.00000000000, 506.34924943723, 55.46648756223, 4.12500003222, 0.00000000000, -0.00000003302, -0.00000001328
282, 50.00000000000, 531.52427001399, 49.17616611901, 4.12500003222, 0.00000000000, -0.00000000512, 0.00000001198
283, 50.00000000000, 546.33727226025, 66.65936695205, 4.12500003222, 0.00000000000, -0.00000002004, 0.00000001720
284, 50.00000000000, 544.58082335379, 56.65090685075, 4.12500003222, 0.00000000000, -0.00000001133, -0.00000002245
285, 50.00000000000, 569.29905311456, 68.00952129817, 4.12500003222, 0.00000000000, 0.00000002500, 0.00000001239
286, 50.00000000000, 579.29159645954, 61.06970819549, 4.12500003222, 0.00000000000, 0.00000005196, 0.00000001944
287, 50.00000000000, 586.16706101177, 42.04860968008, 4.12500003222, 0.00000000000, 0.00000002003, 0.00000002135
288, 50.00000000000, 597.07724498537, -30000000.00000000000, 0.00000000000, 0.00000000000, -0.00000081184, 0.66000001198
289, 50.00000000000, 606.51878700769, -30000000.00000000000, 0.00000000000, 0.00000000000, -0.00000049758, 0.66000001198
290, 50.00000000000, 634.97293782977, 70.39413390349, 4.12500003222, 0.00000000000, -0.00000003433, 0.00000001020
291, 50.00000000000, 637.56228100688, -30000000.00000000000, 0.00000000000, 0.00000000000, 0.00000104897, 0.66000001198
292, 50.00000000000, 648.70998100868, -30000000.00000000000, 0.00000000000, 0.00000000000, -0.00000058523, 0.66000001198
293, 50.00000000000, 659.06931126003, -30000000.00000000000, 0.00000000000, 0.00000000000, -0.00000032239, 0.66000001198
294, 50.00000000000, 670.12518409675, 55.58602335715, 4.12500003222, 0.00000000000, -0.00000002255, 0.00000001116
295, 50.00000000000, 692.60371040159, 57.66288046462, 4.12500003222, 0.00000000000, 0.00000001733, -0.00000001774
296, 50.00000000000, 696.95540550747, -30000000.00000000000, 0.00000000000, 0.00000000000, 0.00000088707, 0.66000001198
297, 50.00000000000, 706.68502137762, -30000000.00000000000, 0.00000000000, 0.00000000000, -0.00000049889, 0.66000001198
298, 50.00000000000, 722.39119482428, -30000000.00000000000, 0.00000000000, 0.00000000000, -0.00000098967, 0.66000001198
299, 50.00000000000, 744.31740520360, 47.10381903325, 4.12500003222, 0.00000000000, -0.00000001999, -0.00000007721
300, 50.00000000000, 758.56969505837, 58.56598500535, 4.12500003222, 0.00000000000, 0.00000001862, 0.00000000975
301, 50.00000000000, 759.44584779001, 45.97276004019, 4.12500003222, 0.00000000000, -0.00000000074, 0.00000004984
302, 50.00000000000, 767.84466752081, -30000000.00000000000, 0.00000000000, 0.00000000000, 0.00000209598, 0.66000001198
303, 50.00000000000, 786.90014285632, -30000000.00000000000, 0.00000000000, 0.00000000000, -0.00000158332, 0.66000001198
304, 50.00000000000, 801.41421512718, 35.80050021827, 4.12500003222, 0.00000000000, -0.00000006007, -0.00000002880
305, 50.00000000000, 824.46091979393, 29.65009008299, 4.12500003222, 0.00000000000, 0.00000013596, 0.00000012823
306, 50.00000000000, 858.63181382797, 51.87670210401, 4.12500003222, 0.00000000000, 0.00000126057, 0.00000027922
307, 50.00000000000, 876.88121076643, 43.78082709977, 4.12500003222, 0.00000000000, -0.00000025736, 0.00000097783
308, 50.00000000000, 883.15780390582, 74.90282085353, 4.12500003222, 0.00000000000, 0.00000030858, -0.00000000997
309, 50.00000000000, 859.53620396080, 34.96704791042, 4.12500003222, 0.00000000000, -0.00000085824, 0.00000030970
310, 50.00000000000, 871.21958898530, 20.39604895274, 4.12500003222, 0.00000000000, -0.00000058015, -0.00000102043
311, 50.00000000000, 864.59570866968, 52.78943457751, 4.12500003222, 0.00000000000, -0.00000025584, -0.00000133470
312, 50.00000000000, 878.54810484165, 58.74540462933, 4.12500003222, 0.00000000000, -0.00000100941, 0.00000081954
313, 50.00000000000, 895.61021598664, 35.65801523256, 4.12500003222, 0.00000000000, 0.00000126880, 0.00000165175
314, 50.00000000000, 861.41980202697, 36.21715480020, 4.12500003222, 0.00000000000, 0.00000157917, -0.00000044607
315, 50.00000000000, 869.12777659316, 48.80363776632, 4.12500003222, 0.00000000000, -0.00000208108, -0.00000019320
316, 50.00000000000, 906.62263348038, 29.49644773484, 4.12500003222, 0.00000000000, -0.00000044391, 0.00000030927
317, 50.00000000000, 901.20243987479, 64.07575635720, 4.12500003222, 0.00000000000, 0.00000032237, 0.00000093440
318, 50.00000000000, 894.95183689754, 23.79135250551, 4.12500003222, 0.00000000000, -0.00000148490, 0.00000053602
319, 50.00000000000, 903.65894303625, 45.31784705791, 4.12500003222, 0.00000000000, 0.00000066032, -0.00000093316
320, 50.00000000000, -12.45526859544, 10.75974565895, 4.12500003222, 0.00000000000, -0.00000000000, -0.00000000419
321, 50.00000000000, 108.32665718204, 40.04486249376, 4.12500003222, 0.00000000000, 0.00000038340, -0.00000098198
322, 50.00000000000, 98.53385655336, 70.98337648288, 4.12500003222, 0.00000000000, 0.00000050393, -0.00000033302
323, 50.00000000000, 77.73560311223, 40.11763170083, 4.12500003222, 0.00000000000, -0.00000071189, 0.00000009246
324, 50.00000000000, 99.02793297947, 14.46036701739, 4.12500003222, 0.00000000000, -0.00000028100, -0.00000035210
325, 50.00000000000, 145.52929030309, 40.76237330247, 4.12500003222, 0.00000000000, 0.00000051178, 0.00000053665
326, 50.00000000000, 87.71152309597, 52.45025267720, 4.12500003222, 0.00000000000, 0.00000006953, 0.00000070901
327, 50.00000000000, 109.14162422796, 12.86229795241, 4.12500003222, 0.00000000000, -0.00000014734, 0.00000007305
328, 50.00000000000, 138.85759127888, 30.66137452597, 4.12500003222, 0.00000000000, 0.00000065633, -0.00000010939
329, 50.00000000000, 112.78146486430, 29.93221082854, 4.12500003222, 0.00000000000, 0.00000013239, -0.00000183437
330, 50.00000000000, 99.79726825384, 22.11310606930, 4.12500003222, 0.00000000000, -0.00000015322, 0.00000002641
331, 50.00000000000, 133.09746985578, 8.04701794507, 4.12500003222, 0.00000000000, -0.00000004133, -0.00000002062
332, 50.00000000000, 128.53806984584, 46.54893669591, 4.12500003222, 0.00000000000, -0.00000011886, 0.00000119477
333, 50.00000000000, 161.46679635780, 53.50820964377, 4.12500003222, 0.00000000000, 0.00000036849, 0.00000010120
334, 50.00000000000, 166.77241492146, 45.82974919048, 4.12500003222, 0.00000000000, 0.00000001459, 0.00000007405
335, 50.00000000000, 182.87791985714, 45.34676304457, 4.12500003222, 0.00000000000, -0.00000000766, 0.00000008184
336, 50.00000000000, 207.46766427980, 38.08923701133, 4.12500003222, 0.00000000000, 0.00000001476, 0.00000000991
337, 50.00000000000, 209.13330980140, 70.20775267795, 4.12500003222, 0.00000000000, 0.00000001301, -0.00000006117
338, 50.00000000000, 224.97384786466, 38.62463522747, 4.12500003222, 0.00000000000, -0.00000006048, -0.00000002988
339, 50.00000000000, 240.46880554140, 52.80189315659, 4.12500003222, 0.00000000000, 0.00000028347, 0.00000001922
340, 50.00000000000, 250.57104173158, 44.90618147356, 4.12500003222, 0.00000000000, 0.00000003836, 0.00000016339
341, 50.00000000000, 268.36088732982, 80.62636925814, 4.12500003222, 0.00000000000, -0.00000002005, 0.00000002892
342, 50.00000000000, 277.49687002722, 49.17074629963, 4.12500003222, 0.00000000000, 0.00000042874, -0.00000000997
343, 50.00000000000, 284.88486650729, 47.33716653580, 4.12500003222, 0.00000000000, 0.00000021827, 0.00000009605
344, 50.00000000000, 293.91209996606, 52.93033057585, 4.12500003222, 0.00000000000, -0.00000064145, 0.00000001455
345, 50.00000000000, 312.53760888277, 45.64393356389, 4.12500003222, 0.00000000000, 0.00000028823, -0.00000015822
346, 50.00000000000, 328.60038583614, 64.45370596071, 4.12500003222, 0.00000000000, -0.00000024759, -0.00000017156
347, 50.00000000000, 330.55205770334, 54.10542449380, 4.12500003222, 0.00000000000, -0.00000037956, 0.00000008384
348, 50.00000000000, 335.72294671448, 70.85297819005, 4.12500003222, 0.00000000000, -0.00000019339, -0.00000008054
349, 50.00000000000, 352.33128759649, 54.99846697164, 4.12500003222, 0.00000000000, 0.00000019655, 0.00000001714
350, 50.00000000000, 376.71904000270, 58.87637084222, 4.12500003222, 0.00000000000, -0.00000010410, 0.00000001210
351, 50.00000000000, 383.76321238616, -30000000.00000000000, 0.00000000000, 0.00000000000, 0.00000130422, 0.66000001198
352, 50.00000000000, 392.04302580086, 53.25035987060, 4.12500003222, 0.00000000000, 0.00000003429, 0.00000000953
353, 50.00000000000, 416.26820933251, -30000000.00000000000, 0.00000000000, 0.00000000000, 0.00000038522, 0.66000001198
354, 50.00000000000, 423.20275608415, 39.63688217398, 4.12500003222, 0.00000000000, -0.00000000561, -0.00000000505
355, 50.00000000000, 431.58188004516, 60.21517234468, 4.12500003222, 0.00000000000, 0.00000000617, 0.00000006007
356, 50.00000000000, 447.53204002209, 53.06234171780, 4.12500003222, 0.00000000000, 0.00000000600, 0.00000002521
357, 50.00000000000, 454.97779628551, 51.68332501833, 4.12500003222, 0.00000000000, -0.00000002320, 0.00000000086
358, 50.00000000000, 481.82974309678, 57.08692372225, 4.12500003222, 0.00000000000, 0.00000003509, 0.00000007250
359, 50.00000000000, 478.59800692962, 39.24440198413, 4.12500003222, 0.00000000000, 0.00000000042, -0.00000005199
360, 50.00000000000, 500.48860151262, 61.59023806835, 4.12500003222, 0.00000000000, 0.00000000178, -0.00000003932
361, 50.00000000000, 505.95944322562, -30000000.00000000000, 0.00000000000, 0.00000000000, 0.00000080932, 0.66000001198
362, 50.00000000000, 527.50831114613, 55.77518488542, 4.12500003222, 0.00000000000, 0.00000001975, -0.00000004155
363, 50.00000000000, 522.77120941756, 74.31923260793, 4.12500003222, 0.00000000000, 0.00000000135, 0.00000005563
364, 50.00000000000, 549.80144160140, 41.49697562399, 4.12500003222, 0.00000000000, 0.00000001622, 0.00000000622
365, 50.00000000000, 565.88144923142, 41.62754109692, 4.12500003222, 0.00000000000, -0.00000001427, 0.00000005897
366, 50.00000000000, 576.83840069298, 35.96168888730, 4.12500003222, 0.00000000000, 0.00000000676, 0.00000003077
367, 50.00000000000, 594.01731839768, 41.02863033297, 4.12500003222, 0.00000000000, -0.00000000564, 0.00000003520
368, 50.00000000000, 601.91128249101, 72.19339627462, 4.12500003222, 0.00000000000, -0.00000004296, 0.00000000399
369, 50.00000000000, 603.66235992020, 54.93254689173, 4.12500003222, 0.00000000000, -0.00000006475, -0.00000010405
370, 50.00000000000, 619.37315756305, 35.41572920330, 4.12500003222, 0.00000000000, -0.00000000069, 0.00000004191
371, 50.00000000000, 638.30023534450, 56.05330361468, 4.12500003222, 0.00000000000, -0.00000002325, 0.00000003801
372, 50.00000000000, 642.01878233809, -30000000.00000000000, 0.00000000000, 0.00000000000, 0.00000118109, 0.66000001198
373, 50.00000000000, 661.42475452775, -30000000.00000000000, 0.00000000000, 0.00000000000, -0.00000098523, 0.66000001198
374, 50.00000000000, 669.75809368159, 34.08343339405, 4.12500003222, 0.00000000000, -0.00000000396, -0.00000000587
375, 50.00000000000, 677.69715894103, 54.83843386110, 4.12500003222, 0.00000000000, -0.00000002438, 0.00000001058
376, 50.00000000000, 702.30099791757, 51.31183174023, 4.12500003222, 0.00000000000, 0.00000001546, 0.00000000733
377, 50.00000000000, 712.05451750286, 57.51237778388, 4.12500003222, 0.00000000000, -0.00000001415, -0.00000006209
378, 50.00000000000, 719.79839124443, 44.31211929670, 4.12500003222, 0.00000000000, -0.00000000211, 0.00000003778
379, 50.00000000000, 730.24134783128, -30000000.00000000000, 0.00000000000, 0.00000000000, -0.00000151693, 0.66000001198
380, 50.00000000000, 737.44220531475, -30000000.00000000000, 0.00000000000, 0.00000000000, -0.00000109083, 0.66000001198
381, 50.00000000000, 763.97353529987, 32.29406513337, 4.12500003222, 0.00000000000, -0.00000000388, -0.00000000146
382, 50.00000000000, 778.05659362988, 49.47021141942, 4.12500003222, 0.00000000000, -0.00000000081, 0.00000001718
383, 50.00000000000, 784.69925032960, 41.69358083154, 4.12500003222, 0.00000000000, 0.00000001517, 0.00000000071
384, 50.00000000000, 793.80473098931, 50.11529397718, 4.12500003222, 0.00000000000, -0.00000001835, -0.00000002794
385, 50.00000000000, 839.28149545898, 26.73120477979, 4.12500003222, 0.00000000000, -0.00000024745, -0.00000067592
386, 50.00000000000, 846.41831150560, 43.57632059410, 4.12500003222, 0.00000000000, -0.00000025584, 0.00000007051
387, 50.00000000000, 862.64095272611, 55.84694396206, 4.12500003222, 0.00000000000, 0.00000009181, -0.00000111747
388, 50.00000000000, 885.88983764980, 40.19069609164, 4.12500003222, 0.00000000000, 0.00000135092, 0.00000070713
389, 50.00000000000, 857.78113193687, 16.64834335903, 4.12500003222, 0.00000000000, -0.00000022747, 0.00000082871
390, 50.00000000000, 896.37523429640, 37.27030626290, 4.12500003222, 0.00000000000, -0.00000202082, -0.00000003414
391, 50.00000000000, 875.08687788829, 43.31190362647, 4.12500003222, 0.00000000000, -0.00000032408, 0.00000141764
392, 50.00000000000, 880.11068433789, 7.79340283781, 4.12500003222, 0.00000000000, 0.00000003023, 0.00000072719
393, 50.00000000000, 890.28036388661, 17.78090283040, 4.12500003222, 0.00000000000, 0.00000162259, -0.00000095375
394, 50.00000000000, 869.14962191415, 45.62231068966, 4.12500003222, 0.00000000000, 0.00000164236, -0.00000027582
395, 50.00000000000, 863.70802388934, 45.45184049245, 4.12500003222, 0.00000000000, -0.00000039338, 0.00000177042
396, 50.00000000000, 866.43187407048, 38.15590251773, 4.12500003222, 0.00000000000, -0.00000145669, 0.00000132136
397, 50.00000000000, 895.47803281423, 66.66099410670, 4.12500003222, 0.00000000000, -0.00000026478, 0.00000025087
398, 50.00000000000, 850.12410650129, 53.83779590772, 4.12500003222, 0.00000000000, 0.00000014382, 0.00000080429
399, 50.00000000000, 925.46952050193, 41.70170972685, 4.12500003222, 0.00000000000, 0.00000018633, -0.00000001131
400, 50.00000000000, 63.62082311064, 27.03857730636, 4.12500003222, 0.00000000000, 0.00000001983, -0.00000002594
401, 50.00000000000, 104.06561866086, 46.93896067406, 4.12500003222, 0.00000000000, 0.00000035711, 0.00000012663
402, 50.00000000000, 106.37814539411, 42.17415156404, 4.12500003222, 0.00000000000, 0.00000123612, 0.00000030433
403, 50.00000000000, 124.64162868085, 56.01613914673, 4.12500003222, 0.00000000000, 0.00000115818, 0.00000020610
404, 50.00000000000, 97.28103695657, 27.40351225790, 4.12500003222, 0.00000000000, 0.00000082159, -0.00000075043
405, 50.00000000000, 101.94693538493, 25.71477404108, 4.12500003222, 0.00000000000, 0.00000098378, -0.00000037931
406, 50.00000000000, 90.47583396668, 45.90750158599, 4.12500003222, 0.00000000000, -0.00000015816, 0.00000121423
407, 50.00000000000, 92.15533795627, 50.95484257696, 4.12500003222, 0.00000000000, 0.00000035932, 0.00000054074
408, 50.00000000000, 129.98583712135, 35.94219917522, 4.12500003222, 0.00000000000, -0.00000038895, 0.00000059711
409, 50.00000000000, 129.38321554148, 43.83345978765, 4.12500003222, 0.00000000000, 0.00000079050, -0.00000031737
410, 50.00000000000, 109.62263346450, 59.24387553618, 4.12500003222, 0.00000000000, -0.00000091467, 0.00000065523
411, 50.00000000000, 93.83609317967, 56.75021669185, 4.12500003222, 0.00000000000, 0.00000087530, -0.00000047301
412, 50.00000000000, 121.83842672132, 40.57474462707, 4.12500003222, 0.00000000000, -0.00000131265, 0.00000046576
413, 50.00000000000, 146.10444769126, 52.94952032877, 4.12500003222, 0.00000000000, -0.00000055185, -0.00000021255
414, 50.00000000000, 164.27693226271, 28.66429830506, 4.12500003222, 0.00000000000, -0.00000050222, 0.00000003832
415, 50.00000000000, 185.43678004005, 60.34834129971, 4.12500003222, 0.00000000000, -0.00000006340, -0.00000007082
416, 50.00000000000, 206.63996686994, 53.32944171912, 4.12500003222, 0.00000000000, 0.00000001294, 0.00000001182
417, 50.00000000000, 218.57205874227, 48.76659179564, 4.12500003222, 0.00000000000, -0.00000009530, -0.00000002262
418, 50.00000000000, 229.72517981301, 47.41927814078, 4.12500003222, 0.00000000000, -0.00000004211, -0.00000006616
419, 50.00000000000, 239.80609966486, 33.54817686190, 4.12500003222, 0.00000000000, 0.00000002670, -0.00000001200
420, 50.00000000000, 249.05163752289, 66.21659563136, 4.12500003222, 0.00000000000, 0.00000007082, -0.00000010779
421, 50.00000000000, 264.44150095230, 49.19104916947, 4.12500003222, 0.00000000000, -0.00000042503, -0.00000004660
422, 50.00000000000, 280.95893692933, 72.76155214972, 4.12500003222, 0.00000000000, 0.00000020324, -0.00000003698
423, 50.00000000000, 288.62667457050, 57.15789116048, 4.12500003222, 0.00000000000, -0.00000001360, -0.00000002399
424, 50.00000000000, 295.65276265069, 64.50677853122, 4.12500003222, 0.00000000000, -0.00000053043, -0.00000004969
425, 50.00000000000, 311.91438893992, 69.46000492195, 4.12500003222, 0.00000000000, 0.00000031025, 0.00000010930
426, 50.00000000000, 318.98576808450, 74.72738702258, 4.12500003222, 0.00000000000, 0.00000013833, -0.00000011939
427, 50.00000000000, 333.30028340253, 59.80099939007, 4.12500003222, 0.00000000000, -0.00000043610, -0.00000000084
428, 50.00000000000, 344.64154080003, 48.20864013828, 4.12500003222, 0.00000000000, -0.00000004292, -0.00000002227
429, 50.00000000000, 352.74793826613, 70.09580880813, 4.12500003222, 0.00000000000, 0.00000016974, 0.00000000272
430, 50.00000000000, 371.11885870830, 67.86201643526, 4.12500003222, 0.00000000000, -0.00000007703, -0.00000000761
431, 50.00000000000, 385.84418172812, -30000000.00000000000, 0.00000000000, 0.00000000000, 0.00000075766, 0.66000001198
432, 50.00000000000, 403.83785115655, 56.85254658774, 4.12500003222, 0.00000000000, 0.00000000229, -0.00000000042
433, 50.00000000000, 414.73946344253, 51.66382573568, 4.12500003222, 0.00000000000, -0.00000002352, 0.00000002016
434, 50.00000000000, 428.96742228934, 79.40033322266, 4.12500003222, 0.00000000000, -0.00000000747, -0.00000002934
435, 50.00000000000, 434.60676100981, 36.04847360111, 4.12500003222, 0.00000000000, 0.00000000333, -0.00000000656
436, 50.00000000000, 456.53963860685, 59.76039414752, 4.12500003222, 0.00000000000, -0.00000001724, 0.00000006331
437, 50.00000000000, 460.10895566567, 41.76566092193, 4.12500003222, 0.00000000000, -0.00000000999, -0.00000005595
438, 50.00000000000, 465.45893485645, 88.79401266216, 4.12500003222, 0.00000000000, 0.00000000489, 0.00000000231
439, 50.00000000000, 488.14908496100, 39.37734873899, 4.12500003222, 0.00000000000, 0.00000001358, -0.00000006704
440, 50.00000000000, 503.88192401039, 80.04969690710, 4.12500003222, 0.00000000000, 0.00000001870, 0.00000002698
441, 50.00000000000, 511.84000768752, -30000000.00000000000, 0.00000000000, 0.00000000000, 0.00000014837, 0.66000001198
442, 50.00000000000, 522.60386715303, -30000000.00000000000, 0.00000000000, 0.00000000000, -0.00000009098, 0.66000001198
443, 50.00000000000, 537.70103024946, 62.24864506614, 4.12500003222, 0.00000000000, 0.00000000752, -0.00000002739
444, 50.00000000000, 558.68051472004, 74.80011192199, 4.12500003222, 0.00000000000, -0.00000000833, -0.00000000419
445, 50.00000000000, 559.92202673646, 49.72297815917, 4.12500003222, 0.00000000000, -0.00000000504, -0.00000004495
446, 50.00000000000, 579.15368506257, 50.82445469469, 4.12500003222, 0.00000000000, 0.00000004638, 0.00000000735
447, 50.00000000000, 593.80322906311, 57.71220141281, 4.12500003222, 0.00000000000, -0.00000007147, -0.00000004630
448, 50.00000000000, 593.57323298950, 65.44703234294, 4.12500003222, 0.00000000000, -0.00000005704, -0.00000002570
449, 50.00000000000, 611.22682799621, 40.09540685600, 4.12500003222, 0.00000000000, 0.00000000350, 0.00000001941
450, 50.00000000000, 620.43017074119, 59.74280603262, 4.12500003222, 0.00000000000, 0.00000007748, -0.00000001374
451, 50.00000000000, 636.23227331822, 62.96573603515, 4.12500003222, 0.00000000000, -0.00000004795, 0.00000002407
452, 50.00000000000, 652.50801868564, 52.26086668889, 4.12500003222, 0.00000000000, 0.00000002350, -0.00000001542
453, 50.00000000000, 667.11004799237, 77.97993864271, 4.12500003222, 0.00000000000, 0.00000001116, 0.00000001074
454, 50.00000000000, 674.21548774924, 66.85527094052, 4.12500003222, 0.00000000000, -0.00000001080, -0.00000003556
455, 50.00000000000, 691.47623578990, 73.77273441426, 4.12500003222, 0.00000000000, 0.00000000172, 0.00000002369
456, 50.00000000000, 702.28863482028, 63.40512028826, 4.12500003222, 0.00000000000, -0.00000001195, -0.00000002907
457, 50.00000000000, 715.80570550307, 65.58924772466, 4.12500003222, 0.00000000000, 0.00000000989, -0.00000004256
458, 50.00000000000, 723.26107638229, 35.81717778397, 4.12500003222, 0.00000000000, 0.00000000526, -0.00000000801
459, 50.00000000000, 735.42561373027, 71.41661251395, 4.12500003222, 0.00000000000, 0.00000001157, 0.00000000789
460, 50.00000000000, 742.79449538608, 39.55108529482, 4.12500003222, 0.00000000000, -0.00000000922, 0.00000005261
461, 50.00000000000, 760.70699686004, 67.27748897338, 4.12500003222, 0.00000000000, 0.00000000561, -0.00000004339
462, 50.00000000000, 772.44843411890, -30000000.00000000000, 0.00000000000, 0.00000000000, 0.00000078135, 0.66000001198
463, 50.00000000000, 783.24006247463, 65.88360312188, 4.12500003222, 0.00000000000, 0.00000001343, -0.00000002580
464, 50.00000000000, 806.03140796356, 49.58338782314, 4.12500003222, 0.00000000000, -0.00000005992, 0.00000000562
465, 50.00000000000, 830.18285350418, 59.83934342251, 4.12500003222, 0.00000000000, 0.00000025891, -0.00000034263
466, 50.00000000000, 830.55100615983, 50.79769134399, 4.12500003222, 0.00000000000, 0.00000011247, -0.00000010676
467, 50.00000000000, 845.58491950060, 50.37528053725, 4.12500003222, 0.00000000000, -0.00000039333, 0.00000061694
468, 50.00000000000, 866.46340554325, 16.99268301502, 4.12500003222, 0.00000000000, -0.00000147222, -0.00000168186
469, 50.00000000000, 883.42683561699, 41.66027647012, 4.12500003222, 0.00000000000, 0.00000042407, 0.00000004768
470, 50.00000000000, 900.84682045395, 13.89567862133, 4.12500003222, 0.00000000000, -0.00000050053, -0.00000041669
471, 50.00000000000, 857.75725501950, 39.78671518688, 4.12500003222, 0.00000000000, -0.00000081307, 0.00000088735
472, 50.00000000000, 864.87807021608, 47.45270176268, 4.12500003222, 0.00000000000, -0.00000051242, -0.00000165221
473, 50.00000000000, 913.58397246689, 31.29642595729, 4.12500003222, 0.00000000000, 0.00000031392, 0.00000023709
474, 50.00000000000, 864.70031714103, 51.15692888210, 4.12500003222, 0.00000000000, -0.00000151672, 0.00000176855
475, 50.00000000000, 918.55048911605, 35.55017569377, 4.12500003222, 0.00000000000, 0.00000031664, 0.00000016405
476, 50.00000000000, 882.48580810559, 11.06241187207, 4.12500003222, 0.00000000000, 0.00000105889, -0.00000216424
477, 50.00000000000, 911.47394023169, 58.86001258350, 4.12500003222, 0.00000000000, -0.00000018077, 0.00000024826
478, 50.00000000000, 910.72686663258, 21.58429226115, 4.12500003222, 0.00000000000, 0.00000048298, -0.00000008786
479, 50.00000000000, 919.60509698658, 58.47789345003, 4.12500003222, 0.00000000000, -0.00000011714, 0.00000000571
480, 50.00000000000, 82.71892320323, 57.12731436209, 4.12500003222, 0.00000000000, 0.00000034132, -0.00000039806
481, 50.00000000000, 88.45996025325, 46.97217028212, 4.12500003222, 0.00000000000, 0.00000008080, 0.00000079915
482, 50.00000000000, 137.12281001335, 49.40831607475, 4.12500003222, 0.00000000000, 0.00000062485, 0.00000014957
483, 50.00000000000, 129.05647021257, 41.50632936653, 4.12500003222, 0.00000000000, -0.00000008623, 0.00000066495
484, 50.00000000000, 80.87414438711, 29.81762800564, 4.12500003222, 0.00000000000, -0.00000029339, -0.00000022044
485, 50.00000000000, 113.70244496349, 31.95007151520, 4.12500003222, 0.00000000000, -0.00000086892, 0.00000134153
486, 50.00000000000, 102.56966453585, 48.94192822082, 4.12500003222, 0.00000000000, -0.00000124177, -0.00000072232
487, 50.00000000000, 77.09813825812, 24.15009188574, 4.12500003222, 0.00000000000, -0.00000052315, -0.00000036539
488, 50.00000000000, 112.28059937860, 27.08121385043, 4.12500003222, 0.00000000000, 0.00000090063, 0.00000101648
489, 50.00000000000, 121.19160181724, 39.46489535921, 4.12500003222, 0.00000000000, -0.00000003140, -0.00000108765
490, 50.00000000000, 130.47174688110, 69.68911613520, 4.12500003222, 0.00000000000, -0.00000014201, -0.00000012969
491, 50.00000000000, 129.75091391403, 50.70298450599, 4.12500003222, 0.00000000000, 0.00000135624, 0.00000003793
492, 50.00000000000, 119.95563905965, 65.15819974634, 4.12500003222, 0.00000000000, 0.00000041061, 0.00000137211
493, 50.00000000000, 148.80955611943, 44.78004221776, 4.12500003222, 0.00000000000, -0.00000048196, -0.00000022354
494, 50.00000000000, 174.10875849651, 65.01043968186, 4.12500003222, 0.00000000000, -0.00000011020, -0.00000010471
495, 50.00000000000, 170.97132722731, 52.97614704322, 4.12500003222, 0.00000000000, 0.00000007727, 0.00000004250
496, 50.00000000000, 192.98904859217, 52.20378461840, 4.12500003222, 0.00000000000, -0.00000007512, -0.00000002080
497, 50.00000000000, 221.62896647142, 84.74677945265, 4.12500003222, 0.00000000000, -0.00000000389, 0.00000003027
498, 50.00000000000, 226.02109234011, 54.58210972378, 4.12500003222, 0.00000000000, -0.00000009466, 0.00000003330
499, 50.00000000000, 241.96288528068, 58.91716942806, 4.12500003222, 0.00000000000, 0.00000022579, -0.00000004758
500, 50.00000000000, 253.33262088798, 52.75030850995, 4.12500003222, 0.00000000000, 0.00000002073, -0.00000002347
501, 50.00000000000, 264.33989784476, 31.67830085404, 4.12500003222, 0.00000000000, -0.00000006887, -0.00000003769
502, 50.00000000000, 273.43115829278, 56.38362661851, 4.12500003222, 0.00000000000, 0.00000018318, 0.00000009381
503, 50.00000000000, 281.64101564349, 57.85886622258, 4.12500003222, 0.00000000000, 0.00000034800, -0.00000002622
504, 50.00000000000, 293.98920617637, 78.09719493101, 4.12500003222, 0.00000000000, -0.00000011215, -0.00000006295
505, 50.00000000000, 314.18823586086, 91.80864694939, 4.12500003222, 0.00000000000, -0.00000000386, 0.00000001273
506, 50.00000000000, 323.53182177995, 38.77340813091, 4.12500003222, 0.00000000000, 0.00000002488, 0.00000010354
507, 50.00000000000, 337.97704444223, 86.08293538100, 4.12500003222, 0.00000000000, 0.00000000852, 0.00000003018
508, 50.00000000000, 350.82342056427, 79.89257983366, 4.12500003222, 0.00000000000, 0.00000007294, 0.00000004515
509, 50.00000000000, 353.93855691319, 59.43587955698, 4.12500003222, 0.00000000000, 0.00000021094, 0.00000005146
510, 50.00000000000, 375.90046751229, 81.95629066381, 4.12500003222, 0.00000000000, -0.00000001655, -0.00000000614
511, 50.00000000000, 386.40582804038, 71.37861199229, 4.12500003222, 0.00000000000, 0.00000001385, -0.00000001848
512, 50.00000000000, 394.96685337842, 75.96034673377, 4.12500003222, 0.00000000000, 0.00000000119, 0.00000002109
513, 50.00000000000, 413.45378134067, 62.48264798610, 4.12500003222, 0.00000000000, -0.00000000807, -0.00000003100
514, 50.00000000000, 434.44597256126, 69.25928805347, 4.12500003222, 0.00000000000, -0.00000000570, -0.00000003845
515, 50.00000000000, 434.28889850924, 91.97696945753, 4.12500003222, 0.00000000000, -0.00000000543, 0.00000003385
516, 50.00000000000, 454.73030039496, 74.62933808626, 4.12500003222, 0.00000000000, 0.00000000111, -0.00000001676
517, 50.00000000000, 468.22426272792, 38.88074681676, 4.12500003222, 0.00000000000, -0.00000001071, -0.00000002007
518, 50.00000000000, 469.06586550307, 64.36608069338, 4.12500003222, 0.00000000000, 0.00000000668, 0.00000005798
519, 50.00000000000, 489.10964719142, 62.10221439168, 4.12500003222, 0.00000000000, 0.00000000147, -0.00000003561
520, 50.00000000000, 500.13173684214, 38.56604000836, 4.12500003222, 0.00000000000, -0.00000000518, -0.00000001349
521, 50.00000000000, 512.87507572341, 62.54047949417, 4.12500003222, 0.00000000000, -0.00000001412, 0.00000000487
522, 50.00000000000, 518.12168033156, 52.62894208814, 4.12500003222, 0.00000000000, 0.00000000050, -0.00000001859
523, 50.00000000000, 535.96892681287, 71.44737424302, 4.12500003222, 0.00000000000, 0.00000001685, -0.00000005247
524, 50.00000000000, 553.85937557405, 56.95605320002, 4.12500003222, 0.00000000000, -0.00000002506, 0.00000000980
525, 50.00000000000, 560.34269511220, 64.10233479529, 4.12500003222, 0.00000000000, -0.00000003367, -0.00000000317
526, 50.00000000000, 577.97764097915, 76.37556211934, 4.12500003222, 0.00000000000, 0.00000002945, 0.00000000339
527, 50.00000000000, 583.52210535054, 72.45909719289, 4.12500003222, 0.00000000000, 0.00000000414, -0.00000001247
528, 50.00000000000, 601.06611654038, 62.84718576569, 4.12500003222, 0.00000000000, -0.00000008886, -0.00000000414
529, 50.00000000000, 613.71960710269, 57.66769011305, 4.12500003222, 0.00000000000, 0.00000003469, -0.00000003829
530, 50.00000000000, 621.41998005939, 89.24056065854, 4.12500003222, 0.00000000000, 0.00000000535, 0.00000000120
531, 50.00000000000, 636.72879555889, 48.88967401197, 4.12500003222, 0.00000000000, -0.00000002775, 0.00000000926
532, 50.00000000000, 652.41108227305, 75.69438691022, 4.12500003222, 0.00000000000, -0.00000001296, 0.00000004068
533, 50.00000000000, 655.62347426096, 67.32218368742, 4.12500003222, 0.00000000000, 0.00000001747, -0.00000000100
534, 50.00000000000, 676.19019403451, 44.42482810807, 4.12500003222, 0.00000000000, -0.00000001275, -0.00000001839
535, 50.00000000000, 685.86078026968, 51.18236095099, 4.12500003222, 0.00000000000, 0.00000000970, 0.00000000806
536, 50.00000000000, 697.57878691422, -30000000.00000000000, 0.00000000000, 0.00000000000, 0.00000069290, 0.66000001198
537, 50.00000000000, 708.51959807386, -30000000.00000000000, 0.00000000000, 0.00000000000, 0.00000015336, 0.66000001198
538, 50.00000000000, 725.89974865262, 77.26195480427, 4.12500003222, 0.00000000000, 0.00000000699, 0.00000004622
539, 50.00000000000, 737.28193056637, 58.30819571291, 4.12500003222, 0.00000000000, -0.00000000919, -0.00000004756
540, 50.00000000000, 751.12608647307, 55.28135117788, 4.12500003222, 0.00000000000, 0.00000001397, 0.00000001513
541, 50.00000000000, 774.31670011864, 85.59566483285, 4.12500003222, 0.00000000000, -0.00000000595, 0.00000000961
542, 50.00000000000, 768.77018850030, 46.91963178377, 4.12500003222, 0.00000000000, -0.00000000769, 0.00000003619
543, 50.00000000000, 784.20178973410, 55.57769058587, 4.12500003222, 0.00000000000, 0.00000000066, 0.00000000715
544, 50.00000000000, 800.46286239084, 58.77200478138, 4.12500003222, 0.00000000000, -0.00000008906, 0.00000005685
545, 50.00000000000, 818.26502410543, 49.74202491078, 4.12500003222, 0.00000000000, 0.00000011930, -0.00000011642
546, 50.00000000000, 838.59668414549, 57.84735632168, 4.12500003222, 0.00000000000, -0.00000041660, 0.00000043493
547, 50.00000000000, 846.02559221097, 28.48294630735, 4.12500003222, 0.00000000000, 0.00000021243, -0.00000069314
548, 50.00000000000, 859.23112074786, 71.36889828054, 4.12500003222, 0.00000000000, -0.00000023492, 0.00000017881
549, 50.00000000000, 885.67740218075, 65.47102181544, 4.12500003222, 0.00000000000, 0.00000014027, 0.00000064019
550, 50.00000000000, 894.42546102895, 33.64818086955, 4.12500003222, 0.00000000000, 0.00000003086, -0.00000183856
551, 50.00000000000, 873.88701051418, 60.44605860243, 4.12500003222, 0.00000000000, 0.00000011097, -0.00000032517
552, 50.00000000000, 875.98016342192, 46.92802612076, 4.12500003222, 0.00000000000, -0.00000114707, -0.00000064736
553, 50.00000000000, 873.88270912454, 53.45225690981, 4.12500003222, 0.00000000000, -0.00000012118, -0.00000113955
554, 50.00000000000, 882.09081259603, 46.65925682802, 4.12500003222, 0.00000000000, 0.00000003113, 0.00000033680
555, 50.00000000000, 880.86581525494, 64.85770128929, 4.12500003222, 0.00000000000, 0.00000006048, 0.00000045608
556, 50.00000000000, 886.92059632327, 45.09024660866, 4.12500003222, 0.00000000000, -0.00000001807, -0.00000129155
557, 50.00000000000, 906.27409142129, 46.79575082675, 4.12500003222, 0.00000000000, -0.00000041511, 0.00000015141
558, 50.00000000000, 906.38290835168, 54.17991277543, 4.12500003222, 0.00000000000, 0.00000074293, 0.00000021247
559, 50.00000000000, 892.98185630505, 54.83599714498, 4.12500003222, 0.00000000000, 0.00000005088, 0.00000027087
560, 50.00000000000, 71.28741692821, 64.64626597791, 4.12500003222, 0.00000000000, -0.00000016159, -0.00000002381
561, 50.00000000000, 84.79121023109, 73.38855505236, 4.12500003222, 0.00000000000, 0.00000000062, 0.00000007905
562, 50.00000000000, 95.74212582836, 54.09783371474, 4.12500003222, 0.00000000000, 0.00000010701, -0.00000009832
563, 50.00000000000, 106.08263796937, 66.85212676991, 4.12500003222, 0.00000000000, -0.00000024153, -0.00000029770
564, 50.00000000000, 87.94581881085, 63.26341166379, 4.12500003222, 0.00000000000, 0.00000033991, -0.00000048915
565, 50.00000000000, 96.87189305148, 63.01042952248, 4.12500003222, 0.00000000000, 0.00000031047, -0.00000090715
566, 50.00000000000, 107.48654800272, 62.06244440306, 4.12500003222, 0.00000000000, -0.00000084454, 0.00000072305
567, 50.00000000000, 109.80348833208, 72.88669186654, 4.12500003222, 0.00000000000, 0.00000018775, -0.00000013285
568, 50.00000000000, 111.79903360366, 46.07985480814, 4.12500003222, 0.00000000000, -0.00000071959, -0.00000106181
569, 50.00000000000, 117.44267112185, 69.38847953915, 4.12500003222, 0.00000000000, 0.00000010139, 0.00000090848
570, 50.00000000000, 125.04737619534, 45.32896026128, 4.12500003222, 0.00000000000, 0.00000067512, -0.00000038452
571, 50.00000000000, 129.07087269839, 63.73819527233, 4.12500003222, 0.00000000000, 0.00000035398, 0.00000026422
572, 50.00000000000, 135.94549359031, 60.02016354409, 4.12500003222, 0.00000000000, -0.00000053875, -0.00000076966
573, 50.00000000000, 151.84883888550, 62.63752302854, 4.12500003222, 0.00000000000, 0.00000009981, -0.00000004859
574, 50.00000000000, 185.65396287317, 75.79434334666, 4.12500003222, 0.00000000000, 0.00000000150, 0.00000004688
575, 50.00000000000, 201.81795059240, 92.29779910587, 4.12500003222, 0.00000000000, -0.00000000665, -0.00000001625
576, 50.00000000000, 216.91053882030, 61.43227608686, 4.12500003222, 0.00000000000, -0.00000005270, -0.00000002898
577, 50.00000000000, 199.79550840170, 75.19519912367, 4.12500003222, 0.00000000000, 0.00000001094, -0.00000002164
578, 50.00000000000, 224.13335546571, 69.69011329221, 4.12500003222, 0.00000000000, -0.00000003720, 0.00000001023
579, 50.00000000000, 236.99833008412, 67.69741534711, 4.12500003222, 0.00000000000, 0.00000011859, -0.00000004904
580, 50.00000000000, 245.06588836579, 82.23973415892, 4.12500003222, 0.00000000000, 0.00000002349, -0.00000000285
581, 50.00000000000, 261.51786692897, 63.94673442341, 4.12500003222, 0.00000000000, -0.00000035494, 0.00000002464
582, 50.00000000000, 274.49471702765, 66.77200780007, 4.12500003222, 0.00000000000, 0.00000029806, 0.00000002708
583, 50.00000000000, 286.03435528283, 65.66498971894, 4.12500003222, 0.00000000000, 0.00000020239, -0.00000009180
584, 50.00000000000, 304.98638358237, 75.58168198114, 4.12500003222, 0.00000000000, -0.00000001724, 0.00000010281
585, 50.00000000000, 313.31498164418, 61.38888011381, 4.12500003222, 0.00000000000, 0.00000041962, 0.00000008509
586, 50.00000000000, 321.14921085771, 57.80935583148, 4.12500003222, 0.00000000000, 0.00000041951, -0.00000000855
587, 50.00000000000, 327.60157094803, 77.48498299232, 4.12500003222, 0.00000000000, -0.00000011125, -0.00000013835
588, 50.00000000000, 343.76116101612, 63.84790536461, 4.12500003222, 0.00000000000, -0.00000005481, 0.00000001927
589, 50.00000000000, 361.45548504027, 75.71493010999, 4.12500003222, 0.00000000000, -0.00000000498, -0.00000009188
590, 50.00000000000, 382.37946526497, 113.36720797666, 4.12500003222, 0.00000000000, -0.00000000279, 0.00000000655
591, 50.00000000000, 390.30189720460, 94.90487032090, 4.12500003222, 0.00000000000, 0.00000001032, -0.00000000701
592, 50.00000000000, 402.83665158341, 81.53288684326, 4.12500003222, 0.00000000000, -0.00000000545, 0.00000003056
593, 50.00000000000, 412.42284932122, 93.08825028396, 4.12500003222, 0.00000000000, -0.00000000638, -0.00000000579
594, 50.00000000000, 419.40303543184, 75.32193383446, 4.12500003222, 0.00000000000, 0.00000000968, -0.00000000077
595, 50.00000000000, 444.47720509367, 73.24969182039, 4.12500003222, 0.00000000000, -0.00000000085, 0.00000000289
596, 50.00000000000, 448.45011293543, 64.17249118156, 4.12500003222, 0.00000000000, 0.00000000423, -0.00000002035
597, 50.00000000000, 448.73469554350, 88.34624068829, 4.12500003222, 0.00000000000, 0.00000000172, 0.00000000592
598, 50.00000000000, 478.44274381386, 82.26736613271, 4.12500003222, 0.00000000000, -0.00000002248, 0.00000004994
599, 50.00000000000, 487.23830151362, 80.28882936695, 4.12500003222, 0.00000000000, -0.00000001146, 0.00000004336
600, 50.00000000000, 497.12568050104, 69.71002825634, 4.12500003222, 0.00000000000, 0.00000001074, -0.00000010726
601, 50.00000000000, 517.60638771472, 94.69163594354, 4.12500003222, 0.00000000000, -0.00000000113, -0.00000000545
602, 50.00000000000, 522.03581176827, 64.35469550323, 4.12500003222, 0.00000000000, 0.00000000123, -0.00000002928
603, 50.00000000000, 535.72821438176, 86.17240351609, 4.12500003222, 0.00000000000, 0.00000000570, 0.00000000047
604, 50.00000000000, 550.36044097144, 80.86256783420, 4.12500003222, 0.00000000000, 0.00000000178, -0.00000000474
605, 50.00000000000, 568.52651160088, 89.35339271024, 4.12500003222, 0.00000000000, 0.00000000198, -0.00000000765
606, 50.00000000000, 569.75833024125, 55.14183019339, 4.12500003222, 0.00000000000, 0.00000000367, -0.00000000828
607, 50.00000000000, 589.76199433176, 82.43385361945, 4.12500003222, 0.00000000000, -0.00000001076, -0.00000001943
608, 50.00000000000, 604.00495117153, 80.50693085897, 4.12500003222, 0.00000000000, -0.00000000948, 0.00000006339
609, 50.00000000000, 615.10145930526, 75.59144631682, 4.12500003222, 0.00000000000, 0.00000006424, -0.00000000412
610, 50.00000000000, 625.73346456309, 71.47649479206, 4.12500003222, 0.00000000000, 0.00000004563, 0.00000003443
611, 50.00000000000, 640.88199329955, 82.93949354860, 4.12500003222, 0.00000000000, -0.00000001563, -0.00000005430
612, 50.00000000000, 647.16692113887, 61.77631933749, 4.12500003222, 0.00000000000, -0.00000001367, -0.00000001418
613, 50.00000000000, 662.42607633225, 89.21707970777, 4.12500003222, 0.00000000000, -0.00000000136, 0.00000000545
614, 50.00000000000, 678.72845067169, 75.79791399964, 4.12500003222, 0.00000000000, 0.00000000354, 0.00000003208
615, 50.00000000000, 689.92688012763, 65.13599466993, 4.12500003222, 0.00000000000, 0.00000000459, -0.00000000325
616, 50.00000000000, 695.86686355280, 141.16920059000, 4.12500003222, 0.00000000000, 0.00000000000, 0.00000000000
617, 50.00000000000, 709.80423045456, 75.35413528569, 4.12500003222, 0.00000000000, -0.00000001019, 0.00000004915
618, 50.00000000000, 725.78897317069, 59.80157029340, 4.12500003222, 0.00000000000, -0.00000000788, 0.00000000822
619, 50.00000000000, 748.56989748158, 81.00301023861, 4.12500003222, 0.00000000000, -0.00000000310, -0.00000002192
620, 50.00000000000, 748.84141234686, 64.37000835709, 4.12500003222, 0.00000000000, 0.00000000423, 0.00000000991
621, 50.00000000000, 759.69869070789, 78.12925822569, 4.12500003222, 0.00000000000, -0.00000002017, 0.00000000012
622, 50.00000000000, 774.57669243901, 62.79787678563, 4.12500003222, 0.00000000000, -0.00000000329, -0.00000003795
623, 50.00000000000, 792.05396099813, 72.43588493958, 4.12500003222, 0.00000000000, 0.00000001682, -0.00000001107
624, 50.00000000000, 809.06372254909, 67.43730809557, 4.12500003222, 0.00000000000, -0.00000000016, 0.00000002004
625, 50.00000000000, 834.91299857815, 37.13088756180, 4.12500003222, 0.00000000000, -0.00000089038, -0.00000016032
626, 50.00000000000, 849.27070267466, 60.50559343382, 4.12500003222, 0.00000000000, 0.00000017344, 0.00000039562
627, 50.00000000000, 848.57688633768, 67.17728123182, 4.12500003222, 0.00000000000, -0.00000005770, 0.00000012475
628, 50.00000000000, 869.70854588110, 62.97627704851, 4.12500003222, 0.00000000000, 0.00000023244, -0.00000023351
629, 50.00000000000, 875.14851326917, 33.90703905300, 4.12500003222, 0.00000000000, -0.00000002572, 0.00000069938
630, 50.00000000000, 872.35391569221, 71.86588014460, 4.12500003222, 0.00000000000, 0.00000029374, 0.00000049765
631, 50.00000000000, 902.32650440507, 27.03453943179, 4.12500003222, 0.00000000000, -0.00000062002, 0.00000064119
632, 50.00000000000, 887.15446805062, 55.28885300098, 4.12500003222, 0.00000000000, -0.00000002800, 0.00000038553
633, 50.00000000000, 883.30347265085, 52.65163234670, 4.12500003222, 0.00000000000, -0.00000060970, -0.00000005829
634, 50.00000000000, 892.18003112733, 72.71091826590, 4.12500003222, 0.00000000000, -0.00000014052, -0.00000028593
635, 50.00000000000, 895.60547466355, 36.29005934661, 4.12500003222, 0.00000000000, 0.00000245898, -0.00000096947
636, 50.00000000000, 891.48128464343, 57.84045251020, 4.12500003222, 0.00000000000, 0.00000052542, 0.00000076789
637, 50.00000000000, 904.83326302562, 67.16014153056, 4.12500003222, 0.00000000000, -0.00000022291, -0.00000040418
638, 50.00000000000, 912.09869419897, 44.88023463812, 4.12500003222, 0.00000000000, 0.00000000651, 0.00000023819
639, 50.00000000000, 919.47933548496, 47.16984875284, 4.12500003222, 0.00000000000, 0.00000008416, 0.00000019092
