0, 50.00000000000, 51.06306816081, 11.59620898281, 4.12500003222, 0.00000000000, -0.00000000274, -0.00000000756
1, 50.00000000000, 75.30129284665, 5.74993861974, 4.12500003222, 0.00000000000, 0.00000000259, -0.00000002290
2, 50.00000000000, 88.12491781837, 13.32701630216, 4.12500003222, 0.00000000000, 0.00000000445, 0.00000001221
3, 50.00000000000, 103.73345993084, 20.04806085944, 4.12500003222, 0.00000000000, -0.00000000305, 0.00000000764
4, 50.00000000000, 117.73099100090, 22.60429681556, 4.12500003222, 0.00000000000, 0.00000000310, -0.00000004408
5, 50.00000000000, 139.08353937307, 17.54387224093, 4.12500003222, 0.00000000000, -0.00000000003, -0.00000000033
6, 50.00000000000, 150.87109829685, 9.25988011959, 4.12500003222, 0.00000000000, 0.00000000181, 0.00000001752
7, 50.00000000000, 172.34678072752, 5.71817377275, 4.12500003222, 0.00000000000, 0.00000000135, -0.00000001885
8, 50.00000000000, 185.82228828709, 26.16379221603, 4.12500003222, 0.00000000000, 0.00000000148, 0.00000005077
9, 50.00000000000, 208.11906532041, 14.14250057326, 4.12500003222, 0.00000000000, 0.00000000106, -0.00000002128
10, 50.00000000000, 206.71070240119, -30000000.00000000000, 0.00000000000, 0.00000000000, 0.00000087956, 0.66000001198
11, 50.00000000000, 244.30694454494, 40.13942561882, 4.12500003222, 0.00000000000, 0.00000000495, 0.00000000690
12, 50.00000000000, 246.46910967038, -30000000.00000000000, 0.00000000000, 0.00000000000, 0.00000017036, 0.66000001198
13, 50.00000000000, 283.98411859293, 40.42122870176, 4.12500003222, 0.00000000000, 0.00000000323, -0.00000000497
14, 50.00000000000, 281.01780575786, -30000000.00000000000, 0.00000000000, 0.00000000000, -0.00000006004, 0.66000001198
15, 50.00000000000, 305.92814911966, -30000000.00000000000, 0.00000000000, 0.00000000000, 0.00000020941, 0.66000001198
16, 50.00000000000, 323.72343021081, -30000000.00000000000, 0.00000000000, 0.00000000000, 0.00000044404, 0.66000001198
17, 50.00000000000, 347.17121621749, -30000000.00000000000, 0.00000000000, 0.00000000000, -0.00000100876, 0.66000001198
18, 50.00000000000, 363.52250604956, -30000000.00000000000, 0.00000000000, 0.00000000000, -0.00000009560, 0.66000001198
19, 50.00000000000, 382.96569873142, -30000000.00000000000, 0.00000000000, 0.00000000000, 0.00000011303, 0.66000001198
20, 50.00000000000, 402.10640506588, -30000000.00000000000, 0.00000000000, 0.00000000000, -0.00000028278, 0.66000001198
21, 50.00000000000, 418.09189912130, -30000000.00000000000, 0.00000000000, 0.00000000000, 0.00000114022, 0.66000001198
22, 50.00000000000, 442.15296664116, -30000000.00000000000, 0.00000000000, 0.00000000000, -0.00000007076, 0.66000001198
23, 50.00000000000, 451.08354232187, 44.95572576277, 4.12500003222, 0.00000000000, 0.00000000089, -0.00000001114
24, 50.00000000000, 483.29376974096, -30000000.00000000000, 0.00000000000, 0.00000000000, -0.00000051383, 0.66000001198
25, 50.00000000000, 499.09102313296, -30000000.00000000000, 0.00000000000, 0.00000000000, -0.00000009625, 0.66000001198
26, 50.00000000000, 518.58745735769, -30000000.00000000000, 0.00000000000, 0.00000000000, 0.00000001693, 0.66000001198
27, 50.00000000000, 536.59760674207, -30000000.00000000000, 0.00000000000, 0.00000000000, 0.00000064421, 0.66000001198
28, 50.00000000000, 552.64716197540, -30000000.00000000000, 0.00000000000, 0.00000000000, 0.00000070065, 0.66000001198
29, 50.00000000000, 576.76751586459, -30000000.00000000000, 0.00000000000, 0.00000000000, 0.00000015645, 0.66000001198
30, 50.00000000000, 596.12779459762, -30000000.00000000000, 0.00000000000, 0.00000000000, 0.00000000926, 0.66000001198
31, 50.00000000000, 613.31959371112, -30000000.00000000000, 0.00000000000, 0.00000000000, 0.00000014406, 0.66000001198
32, 50.00000000000, 633.33360610459, -30000000.00000000000, 0.00000000000, 0.00000000000, 0.00000078012, 0.66000001198
33, 50.00000000000, 656.16883094940, -30000000.00000000000, 0.00000000000, 0.00000000000, -0.00000001164, 0.66000001198
34, 50.00000000000, 676.28395196806, -30000000.00000000000, 0.00000000000, 0.00000000000, -0.00000093875, 0.66000001198
35, 50.00000000000, 676.33792175766, 36.49962391926, 4.12500003222, 0.00000000000, -0.00000000612, 0.00000001693
36, 50.00000000000, 722.94796399141, -30000000.00000000000, 0.00000000000, 0.00000000000, -0.00000028270, 0.66000001198
37, 50.00000000000, 737.13148986662, -30000000.00000000000, 0.00000000000, 0.00000000000, -0.00000037836, 0.66000001198
38, 50.00000000000, 754.42134982463, -30000000.00000000000, 0.00000000000, 0.00000000000, 0.00000002162, 0.66000001198
39, 50.00000000000, 772.91625638197, -30000000.00000000000, 0.00000000000, 0.00000000000, -0.00000063901, 0.66000001198
40, 50.00000000000, 793.89304943723, -30000000.00000000000, 0.00000000000, 0.00000000000, -0.00000125473, 0.66000001198
41, 50.00000000000, 793.77403199188, 12.60936508693, 4.12500003222, 0.00000000000, 0.00000000101, -0.00000000134
42, 50.00000000000, 814.00012212792, 6.50581305581, 4.12500003222, 0.00000000000, 0.00000000245, 0.00000002691
43, 50.00000000000, 830.91751291127, 11.49314470718, 4.12500003222, 0.00000000000, 0.00000000210, -0.00000000601
44, 50.00000000000, 848.07089167865, 13.39702017623, 4.12500003222, 0.00000000000, 0.00000000433, 0.00000001777
45, 50.00000000000, 858.85238310381, 22.41306504711, 4.12500003222, 0.00000000000, 0.00000000366, -0.00000002249
46, 50.00000000000, 871.43250446034, 25.11967646073, 4.12500003222, 0.00000000000, 0.00000000069, -0.00000000331
47, 50.00000000000, 914.36238102909, 8.28394147948, 4.12500003222, 0.00000000000, 0.00000000383, 0.00000000485
48, 50.00000000000, 904.62574451896, 15.37538962698, 4.12500003222, 0.00000000000, 0.00000001130, 0.00000003893
49, 50.00000000000, 929.47277956209, 10.23554955690, 4.12500003222, 0.00000000000, -0.00000000539, 0.00000001658
50, 50.00000000000, 57.35355344006, 74.08555886084, 4.12500003222, 0.00000000000, -0.00000000194, 0.00000000535
51, 50.00000000000, 81.44141326586, 24.23927638684, 4.12500003222, 0.00000000000, 0.00000000408, 0.00000001883
52, 50.00000000000, 85.09232477809, 37.20786078662, 4.12500003222, 0.00000000000, -0.00000000149, -0.00000000713
53, 50.00000000000, 99.78980367315, 6.66967934801, 4.12500003222, 0.00000000000, 0.00000000589, 0.00000001267
54, 50.00000000000, 122.32651027901, 46.40047867983, 4.12500003222, 0.00000000000, -0.00000000591, 0.00000003704
55, 50.00000000000, 141.63359490088, 30.03113159213, 4.12500003222, 0.00000000000, 0.00000000514, 0.00000000828
56, 50.00000000000, 153.35076368475, 23.27206625394, 4.12500003222, 0.00000000000, 0.00000000524, -0.00000000415
57, 50.00000000000, 163.24812684189, 15.33655036987, 4.12500003222, 0.00000000000, -0.00000000858, -0.00000000292
58, 50.00000000000, 184.77222430213, 14.51091255535, 4.12500003222, 0.00000000000, 0.00000000965, -0.00000002882
59, 50.00000000000, 195.28163692294, 4.36991152042, 4.12500003222, 0.00000000000, -0.00000000213, 0.00000002636
60, 50.00000000000, 225.78455580399, 41.73471005012, 4.12500003222, 0.00000000000, -0.00000000898, 0.00000004355
61, 50.00000000000, 230.93904857491, -30000000.00000000000, 0.00000000000, 0.00000000000, 0.00000060815, 0.66000001198
62, 50.00000000000, 245.34131653847, -30000000.00000000000, 0.00000000000, 0.00000000000, 0.00000031777, 0.66000001198
63, 50.00000000000, 264.20401585808, -30000000.00000000000, 0.00000000000, 0.00000000000, 0.00000002861, 0.66000001198
64, 50.00000000000, 286.93896956093, -30000000.00000000000, 0.00000000000, 0.00000000000, -0.00000090976, 0.66000001198
65, 50.00000000000, 303.96891950780, -30000000.00000000000, 0.00000000000, 0.00000000000, 0.00000046470, 0.66000001198
66, 50.00000000000, 323.79833509247, -30000000.00000000000, 0.00000000000, 0.00000000000, 0.00000043420, 0.66000001198
67, 50.00000000000, 343.16520690381, 42.62272408761, 4.12500003222, 0.00000000000, 0.00000000230, 0.00000000825
68, 50.00000000000, 363.46656218194, 42.34074801548, 4.12500003222, 0.00000000000, -0.00000000179, 0.00000000233
69, 50.00000000000, 380.19971083091, -30000000.00000000000, 0.00000000000, 0.00000000000, -0.00000019826, 0.66000001198
70, 50.00000000000, 409.72951379790, -30000000.00000000000, 0.00000000000, 0.00000000000, -0.00000018709, 0.66000001198
71, 50.00000000000, 425.99956612134, -30000000.00000000000, 0.00000000000, 0.00000000000, -0.00000007260, 0.66000001198
72, 50.00000000000, 436.71914270712, -30000000.00000000000, 0.00000000000, 0.00000000000, 0.00000008220, 0.66000001198
73, 50.00000000000, 462.82317050449, -30000000.00000000000, 0.00000000000, 0.00000000000, -0.00000082731, 0.66000001198
74, 50.00000000000, 472.13468650666, -30000000.00000000000, 0.00000000000, 0.00000000000, 0.00000037566, 0.66000001198
75, 50.00000000000, 496.27156338481, 53.13994361754, 4.12500003222, 0.00000000000, -0.00000000180, 0.00000000917
76, 50.00000000000, 511.42198890373, 36.99924313931, 4.12500003222, 0.00000000000, -0.00000000011, 0.00000000200
77, 50.00000000000, 541.64750229955, -30000000.00000000000, 0.00000000000, 0.00000000000, -0.00000007777, 0.66000001198
78, 50.00000000000, 558.97584360934, -30000000.00000000000, 0.00000000000, 0.00000000000, -0.00000021115, 0.66000001198
79, 50.00000000000, 561.08902949626, 35.41285600368, 4.12500003222, 0.00000000000, 0.00000000086, -0.00000000717
80, 50.00000000000, 598.84511977742, -30000000.00000000000, 0.00000000000, 0.00000000000, -0.00000030277, 0.66000001198
81, 50.00000000000, 595.32108434144, 35.50602268493, 4.12500003222, 0.00000000000, 0.00000000037, 0.00000002055
82, 50.00000000000, 640.16209873988, -30000000.00000000000, 0.00000000000, 0.00000000000, -0.00000023712, 0.66000001198
83, 50.00000000000, 658.09058610334, -30000000.00000000000, 0.00000000000, 0.00000000000, -0.00000025577, 0.66000001198
84, 50.00000000000, 675.93587475679, -30000000.00000000000, 0.00000000000, 0.00000000000, -0.00000090450, 0.66000001198
85, 50.00000000000, 695.72906038109, -30000000.00000000000, 0.00000000000, 0.00000000000, 0.00000043965, 0.66000001198
86, 50.00000000000, 709.72031357924, -30000000.00000000000, 0.00000000000, 0.00000000000, 0.00000104770, 0.66000001198
87, 50.00000000000, 729.38021746501, -30000000.00000000000, 0.00000000000, 0.00000000000, 0.00000112308, 0.66000001198
88, 50.00000000000, 753.80886902424, -30000000.00000000000, 0.00000000000, 0.00000000000, 0.00000011717, 0.66000001198
89, 50.00000000000, 780.34340571388, -30000000.00000000000, 0.00000000000, 0.00000000000, -0.00000173606, 0.66000001198
90, 50.00000000000, 792.97492618779, 34.91763287669, 4.12500003222, 0.00000000000, -0.00000000398, -0.00000000762
91, 50.00000000000, 784.85164531773, 47.14999248299, 4.12500003222, 0.00000000000, -0.00000000274, 0.00000000675
92, 50.00000000000, 810.48080297153, 23.76771156037, 4.12500003222, 0.00000000000, -0.00000000336, -0.00000000398
93, 50.00000000000, 824.49037152495, 41.91683062342, 4.12500003222, 0.00000000000, -0.00000000049, 0.00000000752
94, 50.00000000000, 846.05798619962, 27.00932859108, 4.12500003222, 0.00000000000, 0.00000000170, 0.00000001316
95, 50.00000000000, 862.03859746939, 34.71152422572, 4.12500003222, 0.00000000000, 0.00000000605, 0.00000002044
96, 50.00000000000, 879.48877888892, 8.19052177540, 4.12500003222, 0.00000000000, -0.00000001124, 0.00000001190
97, 50.00000000000, 898.56979533620, 3.15839447235, 4.12500003222, 0.00000000000, -0.00000000050, -0.00000001045
98, 50.00000000000, 914.69898816552, 52.92018801170, 4.12500003222, 0.00000000000, 0.00000000558, -0.00000001194
99, 50.00000000000, 927.41823825780, 22.63787419676, 4.12500003222, 0.00000000000, 0.00000000405, -0.00000001790
100, 50.00000000000, 54.95805382397, 30.48507328500, 4.12500003222, 0.00000000000, 0.00000000488, -0.00000000440
101, 50.00000000000, 65.36708851781, 14.93884152050, 4.12500003222, 0.00000000000, -0.00000000862, -0.00000000907
102, 50.00000000000, 95.98271480680, 43.75158909966, 4.12500003222, 0.00000000000, 0.00000000107, 0.00000000717
103, 50.00000000000, 106.56574291040, 31.44800163977, 4.12500003222, 0.00000000000, -0.00000000232, 0.00000004373
104, 50.00000000000, 117.32920714385, 9.02528906731, 4.12500003222, 0.00000000000, 0.00000000584, -0.00000001273
105, 50.00000000000, 141.92020224804, 42.95431221447, 4.12500003222, 0.00000000000, -0.00000000632, -0.00000001756
106, 50.00000000000, 153.73516599056, 34.72254898050, 4.12500003222, 0.00000000000, -0.00000001104, -0.00000001187
107, 50.00000000000, 170.80157431067, 25.60206808950, 4.12500003222, 0.00000000000, 0.00000001073, 0.00000001494
108, 50.00000000000, 197.70536968209, 26.81187245653, 4.12500003222, 0.00000000000, -0.00000000434, 0.00000000219
109, 50.00000000000, 205.15616622597, 57.73781032726, 4.12500003222, 0.00000000000, 0.00000001017, -0.00000001052
110, 50.00000000000, 224.53295465397, 54.32717978462, 4.12500003222, 0.00000000000, -0.00000000913, -0.00000001998
111, 50.00000000000, 223.90921015652, -30000000.00000000000, 0.00000000000, 0.00000000000, 0.00000068316, 0.66000001198
112, 50.00000000000, 259.59195188919, 36.72291631213, 4.12500003222, 0.00000000000, 0.00000000545, 0.00000000934
113, 50.00000000000, 259.80288456252, -30000000.00000000000, 0.00000000000, 0.00000000000, -0.00000005872, 0.66000001198
114, 50.00000000000, 295.73996262001, 74.53972365880, 4.12500003222, 0.00000000000, 0.00000000050, 0.00000001889
115, 50.00000000000, 309.38882119035, 70.18087855556, 4.12500003222, 0.00000000000, 0.00000000834, -0.00000000358
116, 50.00000000000, 333.28814049709, 80.53478898632, 4.12500003222, 0.00000000000, 0.00000000138, -0.00000000719
117, 50.00000000000, 338.63840876450, -30000000.00000000000, 0.00000000000, 0.00000000000, 0.00000038043, 0.66000001198
118, 50.00000000000, 379.31215750795, 46.15051507068, 4.12500003222, 0.00000000000, 0.00000000167, 0.00000001953
119, 50.00000000000, 384.77256299119, -30000000.00000000000, 0.00000000000, 0.00000000000, -0.00000010104, 0.66000001198
120, 50.00000000000, 395.78342435329, 43.62116768463, 4.12500003222, 0.00000000000, 0.00000000200, 0.00000001290
121, 50.00000000000, 415.43416835473, 43.92593442303, 4.12500003222, 0.00000000000, -0.00000000255, 0.00000001429
122, 50.00000000000, 444.02323681238, -30000000.00000000000, 0.00000000000, 0.00000000000, 0.00000030412, 0.66000001198
123, 50.00000000000, 460.74429707122, -30000000.00000000000, 0.00000000000, 0.00000000000, -0.00000055371, 0.66000001198
124, 50.00000000000, 474.18902058949, 59.56242643757, 4.12500003222, 0.00000000000, -0.00000000255, -0.00000000309
125, 50.00000000000, 488.34144594329, 39.03024644279, 4.12500003222, 0.00000000000, -0.00000000150, 0.00000001431
126, 50.00000000000, 518.20205548560, -30000000.00000000000, 0.00000000000, 0.00000000000, 0.00000005498, 0.66000001198
127, 50.00000000000, 532.57463943984, 51.22954137460, 4.12500003222, 0.00000000000, -0.00000000735, -0.00000000712
128, 50.00000000000, 561.71951582202, -30000000.00000000000, 0.00000000000, 0.00000000000, -0.00000058232, 0.66000001198
129, 50.00000000000, 574.81426857285, -30000000.00000000000, 0.00000000000, 0.00000000000, 0.00000045874, 0.66000001198
130, 50.00000000000, 598.83834095813, -30000000.00000000000, 0.00000000000, 0.00000000000, -0.00000030203, 0.66000001198
131, 50.00000000000, 618.76516822212, -30000000.00000000000, 0.00000000000, 0.00000000000, -0.00000064609, 0.66000001198
132, 50.00000000000, 623.94282650654, 76.32320239178, 4.12500003222, 0.00000000000, 0.00000000020, -0.00000000279
133, 50.00000000000, 638.53574020214, 42.97240035356, 4.12500003222, 0.00000000000, -0.00000000195, -0.00000001325
134, 50.00000000000, 647.37834917062, 54.96978141767, 4.12500003222, 0.00000000000, 0.00000000672, -0.00000000639
135, 50.00000000000, 671.98892999766, 50.75432705830, 4.12500003222, 0.00000000000, 0.00000000246, -0.00000001523
136, 50.00000000000, 714.87535095783, -30000000.00000000000, 0.00000000000, 0.00000000000, 0.00000094674, 0.66000001198
137, 50.00000000000, 738.94379771234, -30000000.00000000000, 0.00000000000, 0.00000000000, -0.00000006769, 0.66000001198
138, 50.00000000000, 755.34966129912, -30000000.00000000000, 0.00000000000, 0.00000000000, -0.00000012378, 0.66000001198
139, 50.00000000000, 768.74581019571, -30000000.00000000000, 0.00000000000, 0.00000000000, -0.00000004339, 0.66000001198
140, 50.00000000000, 768.91259009736, 40.63839737534, 4.12500003222, 0.00000000000, 0.00000000566, -0.00000000434
141, 50.00000000000, 794.90621845421, 59.23199132437, 4.12500003222, 0.00000000000, 0.00000000736, -0.00000001293
142, 50.00000000000, 806.92128011741, 55.09601676157, 4.12500003222, 0.00000000000, -0.00000000064, 0.00000001715
143, 50.00000000000, 827.36484763845, 26.84824537568, 4.12500003222, 0.00000000000, -0.00000000100, -0.00000000247
144, 50.00000000000, 849.51702669156, 39.73560727801, 4.12500003222, 0.00000000000, 0.00000000228, 0.00000000228
145, 50.00000000000, 861.82434180635, 46.55667734073, 4.12500003222, 0.00000000000, -0.00000000932, -0.00000004765
146, 50.00000000000, 889.52894082395, 14.07425756409, 4.12500003222, 0.00000000000, 0.00000000521, 0.00000003093
147, 50.00000000000, 895.27593463172, 25.60593038532, 4.12500003222, 0.00000000000, -0.00000000511, -0.00000000744
148, 50.00000000000, 909.68771589383, 39.51628594455, 4.12500003222, 0.00000000000, -0.00000000748, 0.00000003856
149, 50.00000000000, 934.26745307228, 35.41742304212, 4.12500003222, 0.00000000000, 0.00000001049, -0.00000000515
150, 50.00000000000, 71.11363931840, 40.70962016689, 4.12500003222, 0.00000000000, -0.00000000237, -0.00000001870
151, 50.00000000000, 69.42329960678, 27.93099878057, 4.12500003222, 0.00000000000, 0.00000000370, 0.00000003764
152, 50.00000000000, 94.22137835474, 29.66248299538, 4.12500003222, 0.00000000000, -0.00000000719, 0.00000000480
153, 50.00000000000, 114.04070530454, 56.83677059330, 4.12500003222, 0.00000000000, 0.00000000649, -0.00000004078
154, 50.00000000000, 131.64265573493, 38.92587703520, 4.12500003222, 0.00000000000, -0.00000000235, 0.00000000890
155, 50.00000000000, 133.94487698913, 6.38494416578, 4.12500003222, 0.00000000000, -0.00000000308, 0.00000000088
156, 50.00000000000, 164.69582961702, 39.69507434528, 4.12500003222, 0.00000000000, 0.00000000673, 0.00000000475
157, 50.00000000000, 176.61056259390, 36.74898340817, 4.12500003222, 0.00000000000, 0.00000000666, -0.00000002640
158, 50.00000000000, 188.80512260884, 40.60048796535, 4.12500003222, 0.00000000000, -0.00000000402, -0.00000003582
159, 50.00000000000, 212.23873894631, 46.46104127896, 4.12500003222, 0.00000000000, 0.00000000886, 0.00000000187
160, 50.00000000000, 218.44147425024, 79.11708384457, 4.12500003222, 0.00000000000, 0.00000000351, -0.00000001414
161, 50.00000000000, 238.36314890772, 61.65189143140, 4.12500003222, 0.00000000000, -0.00000001272, 0.00000002978
162, 50.00000000000, 269.32796864268, 43.74292020528, 4.12500003222, 0.00000000000, 0.00000000008, -0.00000002669
163, 50.00000000000, 263.37702583369, -30000000.00000000000, 0.00000000000, 0.00000000000, 0.00000012629, 0.66000001198
164, 50.00000000000, 294.16561454068, 60.64381033674, 4.12500003222, 0.00000000000, 0.00000000508, -0.00000000844
165, 50.00000000000, 321.25647472835, 76.58360309247, 4.12500003222, 0.00000000000, 0.00000000646, 0.00000000414
166, 50.00000000000, 325.60232306399, -30000000.00000000000, 0.00000000000, 0.00000000000, 0.00000019000, 0.66000001198
167, 50.00000000000, 343.61030678974, -30000000.00000000000, 0.00000000000, 0.00000000000, -0.00000043920, 0.66000001198
168, 50.00000000000, 361.75116165086, -30000000.00000000000, 0.00000000000, 0.00000000000, 0.00000017802, 0.66000001198
169, 50.00000000000, 391.07095902280, 67.32595948840, 4.12500003222, 0.00000000000, -0.00000000554, -0.00000002952
170, 50.00000000000, 403.02727343478, 79.86376697889, 4.12500003222, 0.00000000000, 0.00000000410, 0.00000000415
171, 50.00000000000, 428.90448567350, 51.68716213782, 4.12500003222, 0.00000000000, 0.00000000006, 0.00000000548
172, 50.00000000000, 439.55346238812, 66.41305166964, 4.12500003222, 0.00000000000, 0.00000000232, 0.00000002071
173, 50.00000000000, 462.84857158799, 63.83055614976, 4.12500003222, 0.00000000000, 0.00000000081, 0.00000000465
174, 50.00000000000, 474.14401951237, 46.64892196808, 4.12500003222, 0.00000000000, 0.00000000229, -0.00000000144
175, 50.00000000000, 497.79357293340, -30000000.00000000000, 0.00000000000, 0.00000000000, 0.00000003756, 0.66000001198
176, 50.00000000000, 508.19077845302, 52.08096277580, 4.12500003222, 0.00000000000, -0.00000000356, -0.00000000469
177, 50.00000000000, 528.63150365514, 37.89910320286, 4.12500003222, 0.00000000000, -0.00000000371, -0.00000001598
178, 50.00000000000, 547.34402056424, 54.17247863266, 4.12500003222, 0.00000000000, 0.00000001399, 0.00000002504
179, 50.00000000000, 565.34394972194, 69.46905630739, 4.12500003222, 0.00000000000, 0.00000000139, -0.00000004122
180, 50.00000000000, 580.78731984281, 36.66993795084, 4.12500003222, 0.00000000000, -0.00000000001, 0.00000000120
181, 50.00000000000, 602.08089333400, 23.01136428480, 4.12500003222, 0.00000000000, 0.00000000741, -0.00000001831
182, 50.00000000000, 618.04983237041, 35.36666940917, 4.12500003222, 0.00000000000, -0.00000000228, 0.00000000003
183, 50.00000000000, 638.64016539789, 66.31343610809, 4.12500003222, 0.00000000000, -0.00000000600, 0.00000002569
184, 50.00000000000, 660.15656003942, 56.30998401745, 4.12500003222, 0.00000000000, 0.00000000515, -0.00000000172
185, 50.00000000000, 684.14303815202, 59.12468960841, 4.12500003222, 0.00000000000, -0.00000000340, -0.00000001188
186, 50.00000000000, 699.53902664031, 61.99359992437, 4.12500003222, 0.00000000000, -0.00000000722, 0.00000002357
187, 50.00000000000, 713.58186662179, 41.94961897605, 4.12500003222, 0.00000000000, 0.00000000014, -0.00000000281
188, 50.00000000000, 733.16752649740, 54.61581643516, 4.12500003222, 0.00000000000, 0.00000000154, 0.00000002387
189, 50.00000000000, 748.96083283650, 48.38752652921, 4.12500003222, 0.00000000000, -0.00000000661, -0.00000001829
190, 50.00000000000, 777.98665256672, 23.83333109588, 4.12500003222, 0.00000000000, 0.00000000234, 0.00000001344
191, 50.00000000000, 787.95858524166, 70.10215762103, 4.12500003222, 0.00000000000, 0.00000000378, 0.00000001972
192, 50.00000000000, 808.44950223770, 40.83208093448, 4.12500003222, 0.00000000000, 0.00000000054, -0.00000001307
193, 50.00000000000, 829.44552924084, 52.38862940994, 4.12500003222, 0.00000000000, -0.00000000209, -0.00000000554
194, 50.00000000000, 844.80975611113, 51.60801102133, 4.12500003222, 0.00000000000, -0.00000000286, -0.00000000153
195, 50.00000000000, 865.36810014827, 10.37361077576, 4.12500003222, 0.00000000000, -0.00000000553, -0.00000000582
196, 50.00000000000, 881.47789598754, 59.08945279992, 4.12500003222, 0.00000000000, 0.00000000203, 0.00000001416
197, 50.00000000000, 894.19126358024, 37.54685855482, 4.12500003222, 0.00000000000, -0.00000000387, -0.00000000449
198, 50.00000000000, 919.03854666591, 32.18189874991, 4.12500003222, 0.00000000000, 0.00000000562, 0.00000000251
199, 50.00000000000, 937.66622501535, 58.07735342202, 4.12500003222, 0.00000000000, -0.00000000459, -0.00000000012
200, 50.00000000000, 57.79341951690, 49.19902661175, 4.12500003222, 0.00000000000, 0.00000000365, -0.00000000867
201, 50.00000000000, 82.52816218187, 49.59487595771, 4.12500003222, 0.00000000000, -0.00000000189, -0.00000003378
202, 50.00000000000, 101.11805145722, 54.85031983080, 4.12500003222, 0.00000000000, -0.00000000708, -0.00000001113
203, 50.00000000000, 107.96052319754, 44.76630714261, 4.12500003222, 0.00000000000, 0.00000000916, -0.00000000456
204, 50.00000000000, 118.85579770824, 35.29551314589, 4.12500003222, 0.00000000000, -0.00000001516, 0.00000001493
205, 50.00000000000, 129.68881798936, 23.86198833308, 4.12500003222, 0.00000000000, 0.00000000846, -0.00000002770
206, 50.00000000000, 156.37082794627, 47.59329708655, 4.12500003222, 0.00000000000, 0.00000000380, 0.00000002329
207, 50.00000000000, 175.67241034457, 48.93861907627, 4.12500003222, 0.00000000000, -0.00000000901, -0.00000000928
208, 50.00000000000, 190.66762886942, 57.24689189505, 4.12500003222, 0.00000000000, 0.00000000167, 0.00000002638
209, 50.00000000000, 200.45839646719, 44.14941740969, 4.12500003222, 0.00000000000, 0.00000000392, -0.00000000636
210, 50.00000000000, 226.55847322513, 66.50801118568, 4.12500003222, 0.00000000000, -0.00000000638, -0.00000001594
211, 50.00000000000, 237.13587128483, 76.37961245093, 4.12500003222, 0.00000000000, 0.00000000796, 0.00000000499
212, 50.00000000000, 256.70313875768, 64.07152609783, 4.12500003222, 0.00000000000, 0.00000000601, -0.00000002561
213, 50.00000000000, 278.72529206492, 54.23110183618, 4.12500003222, 0.00000000000, 0.00000000259, -0.00000000395
214, 50.00000000000, 300.51456411449, 49.95531368205, 4.12500003222, 0.00000000000, -0.00000000486, -0.00000001206
215, 50.00000000000, 310.58022474858, 87.17438592430, 4.12500003222, 0.00000000000, -0.00000000487, 0.00000000651
216, 50.00000000000, 331.32309484886, 56.48004279072, 4.12500003222, 0.00000000000, -0.00000000448, 0.00000000373
217, 50.00000000000, 355.88768898153, 56.44150098399, 4.12500003222, 0.00000000000, 0.00000000525, -0.00000001142
218, 50.00000000000, 366.89334826839, 67.46477584375, 4.12500003222, 0.00000000000, 0.00000000289, 0.00000000908
219, 50.00000000000, 379.11371137248, 59.43991523475, 4.12500003222, 0.00000000000, 0.00000000831, -0.00000000870
220, 50.00000000000, 402.91017552244, 55.13807537269, 4.12500003222, 0.00000000000, -0.00000000317, 0.00000001466
221, 50.00000000000, 424.07664900764, 67.90421776822, 4.12500003222, 0.00000000000, 0.00000000566, 0.00000000963
222, 50.00000000000, 437.27612403499, 90.35799269348, 4.12500003222, 0.00000000000, -0.00000000535, -0.00000001407
223, 50.00000000000, 451.67872160438, 58.05058289860, 4.12500003222, 0.00000000000, 0.00000000287, 0.00000000483
224, 50.00000000000, 464.17393217315, 37.71535006272, 4.12500003222, 0.00000000000, 0.00000000013, 0.00000000009
225, 50.00000000000, 487.77987262647, 62.69412102716, 4.12500003222, 0.00000000000, 0.00000000364, -0.00000000053
226, 50.00000000000, 509.80380989438, 75.39962512423, 4.12500003222, 0.00000000000, 0.00000000135, -0.00000004229
227, 50.00000000000, 521.13992415937, 51.45874677546, 4.12500003222, 0.00000000000, -0.00000000354, 0.00000002601
228, 50.00000000000, 544.55004099228, 42.78227139069, 4.12500003222, 0.00000000000, -0.00000000250, -0.00000003048
229, 50.00000000000, 565.93260005069, 53.29894149858, 4.12500003222, 0.00000000000, 0.00000000382, -0.00000000017
230, 50.00000000000, 584.68626148411, 55.14514662793, 4.12500003222, 0.00000000000, -0.00000000346, 0.00000000426
231, 50.00000000000, 603.38548945381, 47.89761786642, 4.12500003222, 0.00000000000, -0.00000000523, -0.00000000132
232, 50.00000000000, 623.62743861287, 56.33617742449, 4.12500003222, 0.00000000000, -0.00000000225, -0.00000000703
233, 50.00000000000, 651.29416926852, -30000000.00000000000, 0.00000000000, 0.00000000000, 0.00000064248, 0.66000001198
234, 50.00000000000, 656.86572448681, 35.26931084050, 4.12500003222, 0.00000000000, -0.00000000122, 0.00000000583
235, 50.00000000000, 677.94297436876, 70.85926444964, 4.12500003222, 0.00000000000, 0.00000000413, 0.00000000464
236, 50.00000000000, 700.71132096986, 76.97973623882, 4.12500003222, 0.00000000000, -0.00000000061, 0.00000000747
237, 50.00000000000, 715.31882367166, 58.59849051098, 4.12500003222, 0.00000000000, 0.00000000589, -0.00000001029
238, 50.00000000000, 736.23959091394, 88.52698724032, 4.12500003222, 0.00000000000, 0.00000000145, -0.00000000011
239, 50.00000000000, 756.57652798416, 58.72273054946, 4.12500003222, 0.00000000000, 0.00000000128, 0.00000001410
240, 50.00000000000, 771.72153424765, 60.39119851308, 4.12500003222, 0.00000000000, -0.00000000313, -0.00000000429
241, 50.00000000000, 798.90901102968, 78.18392339020, 4.12500003222, 0.00000000000, -0.00000000546, -0.00000001604
242, 50.00000000000, 813.29150148479, 64.48038967863, 4.12500003222, 0.00000000000, -0.00000000237, -0.00000000549
243, 50.00000000000, 828.82500040064, 67.16120995842, 4.12500003222, 0.00000000000, 0.00000000117, 0.00000000370
244, 50.00000000000, 838.32403435382, 35.76026251840, 4.12500003222, 0.00000000000, -0.00000000822, -0.00000000241
245, 50.00000000000, 868.28258960241, 77.68283236812, 4.12500003222, 0.00000000000, -0.00000000095, -0.00000000411
246, 50.00000000000, 880.14283853057, 32.88793395311, 4.12500003222, 0.00000000000, 0.00000000460, -0.00000000899
247, 50.00000000000, 898.19354544853, 61.89511805715, 4.12500003222, 0.00000000000, 0.00000000335, 0.00000001298
248, 50.00000000000, 910.41414352204, 26.56272480978, 4.12500003222, 0.00000000000, -0.00000002291, -0.00000006750
249, 50.00000000000, 925.36263713683, 45.65103129401, 4.12500003222, 0.00000000000, 0.00000000125, 0.00000002737
250, 50.00000000000, 64.93984667314, 61.76729011622, 4.12500003222, 0.00000000000, -0.00000000029, 0.00000000327
251, 50.00000000000, 79.23977583869, 62.63722953174, 4.12500003222, 0.00000000000, 0.00000000429, 0.00000002433
252, 50.00000000000, 95.59424695523, 68.17184178450, 4.12500003222, 0.00000000000, 0.00000000069, -0.00000001935
253, 50.00000000000, 113.35038791625, 71.02469252390, 4.12500003222, 0.00000000000, 0.00000000369, 0.00000000054
254, 50.00000000000, 127.26759164164, 59.69087999505, 4.12500003222, 0.00000000000, 0.00000000239, 0.00000000844
255, 50.00000000000, 143.64896914207, 56.01704485994, 4.12500003222, 0.00000000000, -0.00000000187, 0.00000000065
256, 50.00000000000, 158.49109634045, 61.05450815143, 4.12500003222, 0.00000000000, 0.00000000107, -0.00000000267
257, 50.00000000000, 175.38059512617, 62.07948330354, 4.12500003222, 0.00000000000, 0.00000000083, 0.00000001119
258, 50.00000000000, 195.10542162963, 76.44252990272, 4.12500003222, 0.00000000000, -0.00000000453, -0.00000002415
259, 50.00000000000, 211.25163989157, 32.59942832073, 4.12500003222, 0.00000000000, -0.00000000653, 0.00000000106
260, 50.00000000000, 213.98134847138, 64.60308656096, 4.12500003222, 0.00000000000, 0.00000000240, 0.00000000649
261, 50.00000000000, 246.35362827707, 52.97313144879, 4.12500003222, 0.00000000000, 0.00000000269, -0.00000001815
262, 50.00000000000, 261.91675659864, 53.08968933707, 4.12500003222, 0.00000000000, -0.00000001230, 0.00000002670
263, 50.00000000000, 279.26037228182, 66.08941128559, 4.12500003222, 0.00000000000, -0.00000000185, 0.00000001595
264, 50.00000000000, 284.71024981908, 145.21154742499, 4.12500003222, 0.00000000000, 0.00000000000, 0.00000000000
265, 50.00000000000, 317.74319835160, 61.65459130982, 4.12500003222, 0.00000000000, -0.00000000027, -0.00000001081
266, 50.00000000000, 342.56837848566, 66.41192448086, 4.12500003222, 0.00000000000, -0.00000000364, 0.00000000706
267, 50.00000000000, 355.16907145694, 79.58847729214, 4.12500003222, 0.00000000000, -0.00000000137, -0.00000000126
268, 50.00000000000, 379.62759855432, 81.44325739949, 4.12500003222, 0.00000000000, -0.00000000213, -0.00000000647
269, 50.00000000000, 366.35736016239, 92.58907660692, 4.12500003222, 0.00000000000, -0.00000000022, -0.00000000553
270, 50.00000000000, 410.12973935684, 65.52648726822, 4.12500003222, 0.00000000000, -0.00000000675, -0.00000001470
271, 50.00000000000, 422.31134960922, 84.29570558557, 4.12500003222, 0.00000000000, 0.00000000067, -0.00000000787
272, 50.00000000000, 445.32804303454, 79.14525823728, 4.12500003222, 0.00000000000, -0.00000000593, -0.00000002481
273, 50.00000000000, 460.29711422423, 79.45684210691, 4.12500003222, 0.00000000000, -0.00000000143, -0.00000000103
274, 50.00000000000, 454.81723367969, 98.66054125815, 4.12500003222, 0.00000000000, 0.00000000252, 0.00000000269
275, 50.00000000000, 494.36715566003, 74.07697742575, 4.12500003222, 0.00000000000, 0.00000000209, 0.00000000561
276, 50.00000000000, 512.24648892096, 63.44531193153, 4.12500003222, 0.00000000000, -0.00000000203, 0.00000000391
277, 50.00000000000, 530.00656318846, 64.07100666205, 4.12500003222, 0.00000000000, -0.00000000533, 0.00000000924
278, 50.00000000000, 547.90866045746, 68.23072846057, 4.12500003222, 0.00000000000, 0.00000000108, 0.00000002764
279, 50.00000000000, 562.89254261463, 85.11709250849, 4.12500003222, 0.00000000000, -0.00000000604, 0.00000003299
280, 50.00000000000, 581.77168726554, 72.58229453396, 4.12500003222, 0.00000000000, 0.00000000523, -0.00000000555
281, 50.00000000000, 603.64869293214, 66.73062872060, 4.12500003222, 0.00000000000, 0.00000000040, 0.00000000489
282, 50.00000000000, 635.19555191320, 90.07803013216, 4.12500003222, 0.00000000000, 0.00000000273, -0.00000000432
283, 50.00000000000, 648.30664461829, 78.12179988534, 4.12500003222, 0.00000000000, -0.00000001061, 0.00000000910
284, 50.00000000000, 663.10878398332, 72.40104612761, 4.12500003222, 0.00000000000, 0.00000000157, -0.00000001001
285, 50.00000000000, 685.25333647357, 83.30233006427, 4.12500003222, 0.00000000000, 0.00000000764, -0.00000001138
286, 50.00000000000, 695.18973709221, 44.81360510046, 4.12500003222, 0.00000000000, -0.00000000329, -0.00000000855
287, 50.00000000000, 719.47608771104, 74.85098236440, 4.12500003222, 0.00000000000, -0.00000000267, 0.00000000402
288, 50.00000000000, 735.95046457497, 69.67634801064, 4.12500003222, 0.00000000000, 0.00000000053, -0.00000002002
289, 50.00000000000, 751.25963941625, 72.76174990722, 4.12500003222, 0.00000000000, 0.00000000007, 0.00000000853
290, 50.00000000000, 799.50827536210, 114.31169029410, 4.12500003222, 0.00000000000, -0.00000000010, -0.00000000036
291, 50.00000000000, 793.91960461375, 94.09193791258, 4.12500003222, 0.00000000000, -0.00000000447, -0.00000000335
292, 50.00000000000, 811.86307148616, 78.90762220424, 4.12500003222, 0.00000000000, 0.00000000180, -0.00000001054
293, 50.00000000000, 852.50831600689, 144.29389687058, 4.12500003222, 0.00000000000, 0.00000000000, 0.00000000000
294, 50.00000000000, 848.46024569825, 65.92999661070, 4.12500003222, 0.00000000000, -0.00000000128, 0.00000001066
295, 50.00000000000, 863.99547161284, 59.58968290942, 4.12500003222, 0.00000000000, 0.00000000212, 0.00000001210
296, 50.00000000000, 880.15853357921, 45.63603451809, 4.12500003222, 0.00000000000, 0.00000000313, -0.00000000922
297, 50.00000000000, 899.99885929695, 47.78518219449, 4.12500003222, 0.00000000000, -0.00000000061, -0.00000000393
298, 50.00000000000, 952.59993652831, 97.67834057988, 4.12500003222, 0.00000000000, -0.00000000011, -0.00000000037
299, 50.00000000000, 946.77794950097, 77.19655927359, 4.12500003222, 0.00000000000, -0.00000000029, -0.00000000048
