0, 50.00000000000, 60.94240268159, 10.68968457368, 4.12500003222, 0.00000000000, 0.00000000429, -0.00000000105
1, 50.00000000000, 84.60527666966, 5.47316220171, 4.12500003222, 0.00000000000, 0.00000000007, -0.00000001520
2, 50.00000000000, 98.47397848160, 13.95270601261, 4.12500003222, 0.00000000000, 0.00000000494, 0.00000000576
3, 50.00000000000, 110.80527002094, 21.22564036527, 4.12500003222, 0.00000000000, 0.00000000181, -0.00000001099
4, 50.00000000000, 123.75001500287, 21.97223369212, 4.12500003222, 0.00000000000, 0.00000000316, 0.00000002528
5, 50.00000000000, 145.66225245077, 17.01798061505, 4.12500003222, 0.00000000000, -0.00000000921, 0.00000003615
6, 50.00000000000, 157.46026202920, 8.75789876302, 4.12500003222, 0.00000000000, -0.00000000146, -0.00000002282
7, 50.00000000000, 178.22376228976, 5.14805421392, 4.12500003222, 0.00000000000, -0.00000000384, 0.00000000814
8, 50.00000000000, 190.92461565266, 26.50878174608, 4.12500003222, 0.00000000000, 0.00000000122, -0.00000003291
9, 50.00000000000, 213.13702883734, 14.07611858637, 4.12500003222, 0.00000000000, 0.00000000214, 0.00000000672
10, 50.00000000000, 206.71070240119, -30000000.00000000000, 0.00000000000, 0.00000000000, 0.00000087956, 0.66000001198
11, 50.00000000000, 248.09885693526, 41.05088475990, 4.12500003222, 0.00000000000, 0.00000000041, 0.00000000171
12, 50.00000000000, 246.46910967038, -30000000.00000000000, 0.00000000000, 0.00000000000, 0.00000017036, 0.66000001198
13, 50.00000000000, 287.96864692370, 41.20102606148, 4.12500003222, 0.00000000000, -0.00000000004, 0.00000000033
14, 50.00000000000, 281.01780575786, -30000000.00000000000, 0.00000000000, 0.00000000000, -0.00000006004, 0.66000001198
15, 50.00000000000, 305.92814911966, -30000000.00000000000, 0.00000000000, 0.00000000000, 0.00000020941, 0.66000001198
16, 50.00000000000, 323.72343021081, -30000000.00000000000, 0.00000000000, 0.00000000000, 0.00000044404, 0.66000001198
17, 50.00000000000, 347.17121621749, -30000000.00000000000, 0.00000000000, 0.00000000000, -0.00000100876, 0.66000001198
18, 50.00000000000, 363.52250604956, -30000000.00000000000, 0.00000000000, 0.00000000000, -0.00000009560, 0.66000001198
19, 50.00000000000, 382.96569873142, -30000000.00000000000, 0.00000000000, 0.00000000000, 0.00000011303, 0.66000001198
20, 50.00000000000, 402.10640506588, -30000000.00000000000, 0.00000000000, 0.00000000000, -0.00000028278, 0.66000001198
21, 50.00000000000, 418.09189912130, -30000000.00000000000, 0.00000000000, 0.00000000000, 0.00000114022, 0.66000001198
22, 50.00000000000, 442.15296664116, -30000000.00000000000, 0.00000000000, 0.00000000000, -0.00000007076, 0.66000001198
23, 50.00000000000, 449.74625763160, 51.15411922608, 4.12500003222, 0.00000000000, -0.00000000131, 0.00000000068
24, 50.00000000000, 483.29376974096, -30000000.00000000000, 0.00000000000, 0.00000000000, -0.00000051383, 0.66000001198
25, 50.00000000000, 499.09102313296, -30000000.00000000000, 0.00000000000, 0.00000000000, -0.00000009625, 0.66000001198
26, 50.00000000000, 518.58745735769, -30000000.00000000000, 0.00000000000, 0.00000000000, 0.00000001693, 0.66000001198
27, 50.00000000000, 536.59760674207, -30000000.00000000000, 0.00000000000, 0.00000000000, 0.00000064421, 0.66000001198
28, 50.00000000000, 552.64716197540, -30000000.00000000000, 0.00000000000, 0.00000000000, 0.00000070065, 0.66000001198
29, 50.00000000000, 576.76751586459, -30000000.00000000000, 0.00000000000, 0.00000000000, 0.00000015645, 0.66000001198
30, 50.00000000000, 596.12779459762, -30000000.00000000000, 0.00000000000, 0.00000000000, 0.00000000926, 0.66000001198
31, 50.00000000000, 613.31959371112, -30000000.00000000000, 0.00000000000, 0.00000000000, 0.00000014406, 0.66000001198
32, 50.00000000000, 633.33360610459, -30000000.00000000000, 0.00000000000, 0.00000000000, 0.00000078012, 0.66000001198
33, 50.00000000000, 656.16883094940, -30000000.00000000000, 0.00000000000, 0.00000000000, -0.00000001164, 0.66000001198
34, 50.00000000000, 676.28395196806, -30000000.00000000000, 0.00000000000, 0.00000000000, -0.00000093875, 0.66000001198
35, 50.00000000000, 671.75223789889, 36.21722010936, 4.12500003222, 0.00000000000, -0.00000000257, 0.00000000698
36, 50.00000000000, 722.94796399141, -30000000.00000000000, 0.00000000000, 0.00000000000, -0.00000028270, 0.66000001198
37, 50.00000000000, 737.13148986662, -30000000.00000000000, 0.00000000000, 0.00000000000, -0.00000037836, 0.66000001198
38, 50.00000000000, 754.42134982463, -30000000.00000000000, 0.00000000000, 0.00000000000, 0.00000002162, 0.66000001198
39, 50.00000000000, 772.91625638197, -30000000.00000000000, 0.00000000000, 0.00000000000, -0.00000063901, 0.66000001198
40, 50.00000000000, 793.89304943723, -30000000.00000000000, 0.00000000000, 0.00000000000, -0.00000125473, 0.66000001198
41, 50.00000000000, 788.48324142722, 12.81414843251, 4.12500003222, 0.00000000000, 0.00000000012, -0.00000000360
42, 50.00000000000, 808.78914444088, 6.68635599388, 4.12500003222, 0.00000000000, 0.00000000026, 0.00000002572
43, 50.00000000000, 825.66084195324, 12.01666222830, 4.12500003222, 0.00000000000, -0.00000000042, -0.00000004085
44, 50.00000000000, 842.55185150478, 13.41479056437, 4.12500003222, 0.00000000000, -0.00000000407, -0.00000002339
45, 50.00000000000, 853.79091440101, 21.88624595274, 4.12500003222, 0.00000000000, -0.00000000294, 0.00000001299
46, 50.00000000000, 866.09948890949, 24.72983038119, 4.12500003222, 0.00000000000, 0.00000000315, 0.00000002577
47, 50.00000000000, 908.51456622101, 9.75443948679, 4.12500003222, 0.00000000000, 0.00000001314, -0.00000001665
48, 50.00000000000, 897.84222362603, 15.28147784681, 4.12500003222, 0.00000000000, -0.00000000743, 0.00000003801
49, 50.00000000000, 923.30300185632, 12.47450067279, 4.12500003222, 0.00000000000, 0.00000000894, -0.00000002595
50, 50.00000000000, 66.32516041083, 74.56152920619, 4.12500003222, 0.00000000000, -0.00000000227, -0.00000000187
51, 50.00000000000, 90.19549849590, 23.40554130873, 4.12500003222, 0.00000000000, 0.00000000509, -0.00000000685
52, 50.00000000000, 90.87913594565, 37.07402837582, 4.12500003222, 0.00000000000, 0.00000000163, 0.00000000773
53, 50.00000000000, 108.05837996258, 6.80223838175, 4.12500003222, 0.00000000000, -0.00000000290, 0.00000001599
54, 50.00000000000, 130.01587768851, 45.59598820679, 4.12500003222, 0.00000000000, 0.00000000235, -0.00000000724
55, 50.00000000000, 148.79978514278, 29.29125931696, 4.12500003222, 0.00000000000, -0.00000000153, -0.00000001683
56, 50.00000000000, 159.57491353570, 23.20302870618, 4.12500003222, 0.00000000000, -0.00000000907, 0.00000004174
57, 50.00000000000, 170.04090365450, 15.75839112497, 4.12500003222, 0.00000000000, 0.00000000400, -0.00000003410
58, 50.00000000000, 189.78502012167, 14.99355255695, 4.12500003222, 0.00000000000, -0.00000000353, 0.00000002285
59, 50.00000000000, 200.43095263047, 4.83813278609, 4.12500003222, 0.00000000000, 0.00000000333, -0.00000000529
60, 50.00000000000, 230.45659477130, 43.10598052014, 4.12500003222, 0.00000000000, 0.00000000105, 0.00000000297
61, 50.00000000000, 230.93904857491, -30000000.00000000000, 0.00000000000, 0.00000000000, 0.00000060815, 0.66000001198
62, 50.00000000000, 245.34131653847, -30000000.00000000000, 0.00000000000, 0.00000000000, 0.00000031777, 0.66000001198
63, 50.00000000000, 264.20401585808, -30000000.00000000000, 0.00000000000, 0.00000000000, 0.00000002861, 0.66000001198
64, 50.00000000000, 286.93896956093, -30000000.00000000000, 0.00000000000, 0.00000000000, -0.00000090976, 0.66000001198
65, 50.00000000000, 303.96891950780, -30000000.00000000000, 0.00000000000, 0.00000000000, 0.00000046470, 0.66000001198
66, 50.00000000000, 323.79833509247, -30000000.00000000000, 0.00000000000, 0.00000000000, 0.00000043420, 0.66000001198
67, 50.00000000000, 345.88110398912, 45.82850810309, 4.12500003222, 0.00000000000, -0.00000000307, -0.00000000795
68, 50.00000000000, 365.40318566788, 46.96701099612, 4.12500003222, 0.00000000000, 0.00000000671, -0.00000000993
69, 50.00000000000, 380.19971083091, -30000000.00000000000, 0.00000000000, 0.00000000000, -0.00000019826, 0.66000001198
70, 50.00000000000, 409.72951379790, -30000000.00000000000, 0.00000000000, 0.00000000000, -0.00000018709, 0.66000001198
71, 50.00000000000, 425.99956612134, -30000000.00000000000, 0.00000000000, 0.00000000000, -0.00000007260, 0.66000001198
72, 50.00000000000, 436.71914270712, -30000000.00000000000, 0.00000000000, 0.00000000000, 0.00000008220, 0.66000001198
73, 50.00000000000, 462.82317050449, -30000000.00000000000, 0.00000000000, 0.00000000000, -0.00000082731, 0.66000001198
74, 50.00000000000, 472.13468650666, -30000000.00000000000, 0.00000000000, 0.00000000000, 0.00000037566, 0.66000001198
75, 50.00000000000, 494.08326586082, 58.72429832571, 4.12500003222, 0.00000000000, 0.00000000143, -0.00000001666
76, 50.00000000000, 508.73515863877, 41.36821123799, 4.12500003222, 0.00000000000, 0.00000000318, 0.00000002249
77, 50.00000000000, 541.64750229955, -30000000.00000000000, 0.00000000000, 0.00000000000, -0.00000007777, 0.66000001198
78, 50.00000000000, 558.97584360934, -30000000.00000000000, 0.00000000000, 0.00000000000, -0.00000021115, 0.66000001198
79, 50.00000000000, 557.49966720836, 38.31668701741, 4.12500003222, 0.00000000000, 0.00000000298, -0.00000000445
80, 50.00000000000, 598.84511977742, -30000000.00000000000, 0.00000000000, 0.00000000000, -0.00000030277, 0.66000001198
81, 50.00000000000, 591.69039992284, 36.39427423918, 4.12500003222, 0.00000000000, 0.00000000203, 0.00000001133
82, 50.00000000000, 640.16209873988, -30000000.00000000000, 0.00000000000, 0.00000000000, -0.00000023712, 0.66000001198
83, 50.00000000000, 658.09058610334, -30000000.00000000000, 0.00000000000, 0.00000000000, -0.00000025577, 0.66000001198
84, 50.00000000000, 675.93587475679, -30000000.00000000000, 0.00000000000, 0.00000000000, -0.00000090450, 0.66000001198
85, 50.00000000000, 695.72906038109, -30000000.00000000000, 0.00000000000, 0.00000000000, 0.00000043965, 0.66000001198
86, 50.00000000000, 709.72031357924, -30000000.00000000000, 0.00000000000, 0.00000000000, 0.00000104770, 0.66000001198
87, 50.00000000000, 729.38021746501, -30000000.00000000000, 0.00000000000, 0.00000000000, 0.00000112308, 0.66000001198
88, 50.00000000000, 753.80886902424, -30000000.00000000000, 0.00000000000, 0.00000000000, 0.00000011717, 0.66000001198
89, 50.00000000000, 780.34340571388, -30000000.00000000000, 0.00000000000, 0.00000000000, -0.00000173606, 0.66000001198
90, 50.00000000000, 787.76731389735, 35.29597509698, 4.12500003222, 0.00000000000, -0.00000000392, -0.00000001079
91, 50.00000000000, 779.91628195538, 47.98820232335, 4.12500003222, 0.00000000000, 0.00000000388, 0.00000001265
92, 50.00000000000, 805.11762871467, 23.74591854097, 4.12500003222, 0.00000000000, -0.00000000298, -0.00000002766
93, 50.00000000000, 819.43961330016, 41.65242067465, 4.12500003222, 0.00000000000, -0.00000000442, 0.00000002026
94, 50.00000000000, 840.96116558756, 26.60740912978, 4.12500003222, 0.00000000000, -0.00000000444, 0.00000002032
95, 50.00000000000, 856.86080949957, 33.85348798724, 4.12500003222, 0.00000000000, 0.00000000162, 0.00000001341
96, 50.00000000000, 873.84520922214, 7.09174140219, 4.12500003222, 0.00000000000, 0.00000000099, -0.00000001887
97, 50.00000000000, 893.24622784187, 2.99036713529, 4.12500003222, 0.00000000000, -0.00000000306, 0.00000000819
98, 50.00000000000, 907.21248358541, 53.25682761931, 4.12500003222, 0.00000000000, 0.00000000405, 0.00000001779
99, 50.00000000000, 919.50392420773, 23.93988258483, 4.12500003222, 0.00000000000, -0.00000000460, 0.00000001051
100, 50.00000000000, 65.27923077510, 31.48701171807, 4.12500003222, 0.00000000000, 0.00000000054, -0.00000000225
101, 50.00000000000, 75.60546904667, 16.13841506532, 4.12500003222, 0.00000000000, -0.00000000943, -0.00000003266
102, 50.00000000000, 103.90870604826, 44.13604132496, 4.12500003222, 0.00000000000, 0.00000000153, 0.00000002498
103, 50.00000000000, 113.42730911833, 32.23961012807, 4.12500003222, 0.00000000000, 0.00000000672, -0.00000000914
104, 50.00000000000, 123.23366208500, 8.91033572984, 4.12500003222, 0.00000000000, -0.00000000046, -0.00000000193
105, 50.00000000000, 146.61243291577, 43.61791585061, 4.12500003222, 0.00000000000, -0.00000000156, -0.00000004889
106, 50.00000000000, 159.51050963942, 35.16333489904, 4.12500003222, 0.00000000000, 0.00000000122, -0.00000001888
107, 50.00000000000, 175.12053608196, 26.56164812378, 4.12500003222, 0.00000000000, 0.00000000607, 0.00000006087
108, 50.00000000000, 202.72043127096, 26.95904357850, 4.12500003222, 0.00000000000, 0.00000000739, -0.00000000078
109, 50.00000000000, 209.82056306352, 58.36259113938, 4.12500003222, 0.00000000000, -0.00000001224, -0.00000000481
110, 50.00000000000, 228.95359517153, 55.08654517006, 4.12500003222, 0.00000000000, 0.00000000930, 0.00000001280
111, 50.00000000000, 223.90921015652, -30000000.00000000000, 0.00000000000, 0.00000000000, 0.00000068316, 0.66000001198
112, 50.00000000000, 262.80285306939, 38.93231832336, 4.12500003222, 0.00000000000, 0.00000001118, -0.00000001203
113, 50.00000000000, 259.80288456252, -30000000.00000000000, 0.00000000000, 0.00000000000, -0.00000005872, 0.66000001198
114, 50.00000000000, 297.04422715158, 75.69393873942, 4.12500003222, 0.00000000000, 0.00000000070, -0.00000001087
115, 50.00000000000, 311.46194521864, 71.27901389389, 4.12500003222, 0.00000000000, 0.00000000586, 0.00000000091
116, 50.00000000000, 333.38614965812, 83.11508805005, 4.12500003222, 0.00000000000, 0.00000000658, 0.00000000050
117, 50.00000000000, 338.63840876450, -30000000.00000000000, 0.00000000000, 0.00000000000, 0.00000038043, 0.66000001198
118, 50.00000000000, 381.01541777076, 50.94248901600, 4.12500003222, 0.00000000000, 0.00000000011, -0.00000000113
119, 50.00000000000, 384.77256299119, -30000000.00000000000, 0.00000000000, 0.00000000000, -0.00000010104, 0.66000001198
120, 50.00000000000, 397.76182235169, 48.36331415042, 4.12500003222, 0.00000000000, -0.00000000248, -0.00000000144
121, 50.00000000000, 416.20579595296, 49.95812460790, 4.12500003222, 0.00000000000, -0.00000000118, -0.00000001401
122, 50.00000000000, 444.02323681238, -30000000.00000000000, 0.00000000000, 0.00000000000, 0.00000030412, 0.66000001198
123, 50.00000000000, 460.74429707122, -30000000.00000000000, 0.00000000000, 0.00000000000, -0.00000055371, 0.66000001198
124, 50.00000000000, 472.69057646624, 65.80287660324, 4.12500003222, 0.00000000000, 0.00000000652, 0.00000001065
125, 50.00000000000, 485.75860566814, 44.09278441821, 4.12500003222, 0.00000000000, -0.00000000217, 0.00000002352
126, 50.00000000000, 518.20205548560, -30000000.00000000000, 0.00000000000, 0.00000000000, 0.00000005498, 0.66000001198
127, 50.00000000000, 530.21717458649, 55.37917139885, 4.12500003222, 0.00000000000, -0.00000000445, -0.00000001742
128, 50.00000000000, 561.71951582202, -30000000.00000000000, 0.00000000000, 0.00000000000, -0.00000058232, 0.66000001198
129, 50.00000000000, 574.81426857285, -30000000.00000000000, 0.00000000000, 0.00000000000, 0.00000045874, 0.66000001198
130, 50.00000000000, 598.83834095813, -30000000.00000000000, 0.00000000000, 0.00000000000, -0.00000030203, 0.66000001198
131, 50.00000000000, 618.76516822212, -30000000.00000000000, 0.00000000000, 0.00000000000, -0.00000064609, 0.66000001198
132, 50.00000000000, 619.86374863299, 76.21437960492, 4.12500003222, 0.00000000000, -0.00000000098, -0.00000000103
133, 50.00000000000, 634.68985264616, 42.44232543682, 4.12500003222, 0.00000000000, -0.00000000454, -0.00000001385
134, 50.00000000000, 643.11457080861, 55.43622047479, 4.12500003222, 0.00000000000, 0.00000000649, 0.00000000379
135, 50.00000000000, 667.54152453181, 51.01956642853, 4.12500003222, 0.00000000000, 0.00000000076, -0.00000000924
136, 50.00000000000, 714.87535095783, -30000000.00000000000, 0.00000000000, 0.00000000000, 0.00000094674, 0.66000001198
137, 50.00000000000, 738.94379771234, -30000000.00000000000, 0.00000000000, 0.00000000000, -0.00000006769, 0.66000001198
138, 50.00000000000, 755.34966129912, -30000000.00000000000, 0.00000000000, 0.00000000000, -0.00000012378, 0.66000001198
139, 50.00000000000, 768.74581019571, -30000000.00000000000, 0.00000000000, 0.00000000000, -0.00000004339, 0.66000001198
140, 50.00000000000, 763.92473664936, 41.66354544520, 4.12500003222, 0.00000000000, -0.00000000017, -0.00000001204
141, 50.00000000000, 789.97505029271, 59.17733961220, 4.12500003222, 0.00000000000, 0.00000000191, -0.00000000014
142, 50.00000000000, 802.05515306139, 54.24976452666, 4.12500003222, 0.00000000000, 0.00000000858, 0.00000002408
143, 50.00000000000, 822.11488889837, 27.00946307254, 4.12500003222, 0.00000000000, 0.00000000697, 0.00000003568
144, 50.00000000000, 844.37068058147, 39.59093538342, 4.12500003222, 0.00000000000, 0.00000000021, -0.00000001921
145, 50.00000000000, 857.32540993479, 46.07056991452, 4.12500003222, 0.00000000000, 0.00000000467, -0.00000002475
146, 50.00000000000, 883.38326628463, 14.57125747383, 4.12500003222, 0.00000000000, 0.00000000219, -0.00000000391
147, 50.00000000000, 889.60909258179, 25.55549261538, 4.12500003222, 0.00000000000, 0.00000000498, 0.00000001169
148, 50.00000000000, 900.72946999560, 39.35515384741, 4.12500003222, 0.00000000000, -0.00000001762, 0.00000001748
149, 50.00000000000, 926.78299227987, 36.67393875200, 4.12500003222, 0.00000000000, 0.00000001027, 0.00000002430
150, 50.00000000000, 79.40785714732, 42.09578073003, 4.12500003222, 0.00000000000, 0.00000000074, -0.00000000399
151, 50.00000000000, 78.39792839717, 28.37951127977, 4.12500003222, 0.00000000000, 0.00000000101, -0.00000000299
152, 50.00000000000, 101.56381148641, 30.91989295510, 4.12500003222, 0.00000000000, 0.00000000765, -0.00000000157
153, 50.00000000000, 124.34725239771, 56.16119002887, 4.12500003222, 0.00000000000, -0.00000000052, 0.00000002151
154, 50.00000000000, 138.17529171116, 36.40070619711, 4.12500003222, 0.00000000000, 0.00000000667, -0.00000001027
155, 50.00000000000, 140.15663239801, 5.65382129653, 4.12500003222, 0.00000000000, -0.00000000292, -0.00000001286
156, 50.00000000000, 170.02067999824, 41.28985301473, 4.12500003222, 0.00000000000, -0.00000000793, -0.00000003708
157, 50.00000000000, 181.71001725150, 36.58290491881, 4.12500003222, 0.00000000000, -0.00000000961, -0.00000001301
158, 50.00000000000, 193.80633063136, 41.11120316407, 4.12500003222, 0.00000000000, 0.00000000572, 0.00000000311
159, 50.00000000000, 216.88895365029, 47.50773702149, 4.12500003222, 0.00000000000, -0.00000000301, -0.00000000146
160, 50.00000000000, 222.87653506995, 79.66315100205, 4.12500003222, 0.00000000000, 0.00000000072, -0.00000000032
161, 50.00000000000, 243.10315039094, 63.06113729249, 4.12500003222, 0.00000000000, -0.00000000161, 0.00000001053
162, 50.00000000000, 273.32634905003, 43.48324869705, 4.12500003222, 0.00000000000, 0.00000000729, 0.00000000008
163, 50.00000000000, 263.37702583369, -30000000.00000000000, 0.00000000000, 0.00000000000, 0.00000012629, 0.66000001198
164, 50.00000000000, 300.32520679061, 62.91532416148, 4.12500003222, 0.00000000000, -0.00000000892, -0.00000001531
165, 50.00000000000, 322.38481044388, 76.17513669954, 4.12500003222, 0.00000000000, -0.00000000807, -0.00000000011
166, 50.00000000000, 325.60232306399, -30000000.00000000000, 0.00000000000, 0.00000000000, 0.00000019000, 0.66000001198
167, 50.00000000000, 343.61030678974, -30000000.00000000000, 0.00000000000, 0.00000000000, -0.00000043920, 0.66000001198
168, 50.00000000000, 361.75116165086, -30000000.00000000000, 0.00000000000, 0.00000000000, 0.00000017802, 0.66000001198
169, 50.00000000000, 391.99114231421, 71.61572726427, 4.12500003222, 0.00000000000, 0.00000000798, 0.00000001506
170, 50.00000000000, 404.06013467521, 84.11967313579, 4.12500003222, 0.00000000000, -0.00000000090, 0.00000000179
171, 50.00000000000, 429.33722514366, 57.52540607552, 4.12500003222, 0.00000000000, 0.00000000218, -0.00000001880
172, 50.00000000000, 438.58797994075, 73.30136679897, 4.12500003222, 0.00000000000, 0.00000001014, -0.00000000427
173, 50.00000000000, 461.09794078068, 68.68267320827, 4.12500003222, 0.00000000000, -0.00000000935, 0.00000002884
174, 50.00000000000, 471.59320245158, 52.88573698101, 4.12500003222, 0.00000000000, 0.00000000656, -0.00000002314
175, 50.00000000000, 497.79357293340, -30000000.00000000000, 0.00000000000, 0.00000000000, 0.00000003756, 0.66000001198
176, 50.00000000000, 505.84707827831, 55.55684617034, 4.12500003222, 0.00000000000, 0.00000000158, 0.00000000458
177, 50.00000000000, 525.96158005004, 40.99621066311, 4.12500003222, 0.00000000000, 0.00000000867, 0.00000002626
178, 50.00000000000, 544.86438580510, 58.68374249553, 4.12500003222, 0.00000000000, -0.00000000291, -0.00000000369
179, 50.00000000000, 563.26876978247, 71.49094265329, 4.12500003222, 0.00000000000, -0.00000000130, -0.00000000807
180, 50.00000000000, 576.99214169661, 37.31970339712, 4.12500003222, 0.00000000000, -0.00000000228, 0.00000000850
181, 50.00000000000, 597.16277458926, 22.65207227032, 4.12500003222, 0.00000000000, 0.00000000167, 0.00000000516
182, 50.00000000000, 613.99381279293, 34.20385225149, 4.12500003222, 0.00000000000, 0.00000000005, 0.00000000120
183, 50.00000000000, 634.26119660957, 66.74664569699, 4.12500003222, 0.00000000000, 0.00000000132, 0.00000002330
184, 50.00000000000, 655.84820346786, 56.68043311627, 4.12500003222, 0.00000000000, 0.00000000036, 0.00000001411
185, 50.00000000000, 679.68048129295, 59.09149420455, 4.12500003222, 0.00000000000, -0.00000000707, 0.00000002543
186, 50.00000000000, 695.07258781190, 62.56268155338, 4.12500003222, 0.00000000000, -0.00000000086, 0.00000002482
187, 50.00000000000, 709.25355474376, 42.95440636598, 4.12500003222, 0.00000000000, 0.00000000450, 0.00000000161
188, 50.00000000000, 728.39659341708, 55.88179425559, 4.12500003222, 0.00000000000, -0.00000000620, -0.00000002172
189, 50.00000000000, 744.12203603621, 48.29168313688, 4.12500003222, 0.00000000000, -0.00000000582, 0.00000001030
190, 50.00000000000, 772.48167575562, 25.49859941951, 4.12500003222, 0.00000000000, -0.00000000108, -0.00000000303
191, 50.00000000000, 782.93885066863, 70.80405127026, 4.12500003222, 0.00000000000, 0.00000000115, -0.00000001761
192, 50.00000000000, 803.37423546947, 40.51924438362, 4.12500003222, 0.00000000000, 0.00000000058, 0.00000002473
193, 50.00000000000, 824.45414102251, 52.15188082519, 4.12500003222, 0.00000000000, -0.00000000735, 0.00000000989
194, 50.00000000000, 839.96784782948, 51.86474448014, 4.12500003222, 0.00000000000, -0.00000000246, -0.00000000827
195, 50.00000000000, 859.89515900816, 10.05269279088, 4.12500003222, 0.00000000000, -0.00000000581, -0.00000002213
196, 50.00000000000, 875.37462456591, 57.44322445952, 4.12500003222, 0.00000000000, -0.00000000186, 0.00000001411
197, 50.00000000000, 887.78847543695, 38.27992516175, 4.12500003222, 0.00000000000, -0.00000000677, -0.00000003177
198, 50.00000000000, 911.91947710577, 34.16832060722, 4.12500003222, 0.00000000000, -0.00000000122, -0.00000001019
199, 50.00000000000, 929.41349992116, 60.59606419214, 4.12500003222, 0.00000000000, -0.00000000599, -0.00000001762
200, 50.00000000000, 68.03663665046, 49.30893881206, 4.12500003222, 0.00000000000, -0.00000000311, 0.00000003178
201, 50.00000000000, 92.50493309572, 49.01732522077, 4.12500003222, 0.00000000000, -0.00000000274, 0.00000001240
202, 50.00000000000, 109.78805866112, 55.12662595393, 4.12500003222, 0.00000000000, -0.00000000618, 0.00000000095
203, 50.00000000000, 115.90057473728, 45.61780246954, 4.12500003222, 0.00000000000, -0.00000000128, -0.00000005159
204, 50.00000000000, 125.80294058548, 34.31338082302, 4.12500003222, 0.00000000000, -0.00000000272, -0.00000000965
205, 50.00000000000, 136.09445785137, 22.67497581110, 4.12500003222, 0.00000000000, 0.00000000290, -0.00000000144
206, 50.00000000000, 160.56463983508, 48.07625104246, 4.12500003222, 0.00000000000, 0.00000001236, -0.00000001623
207, 50.00000000000, 180.74962391305, 49.22813160317, 4.12500003222, 0.00000000000, 0.00000000257, 0.00000004403
208, 50.00000000000, 195.21220514520, 57.86218085033, 4.12500003222, 0.00000000000, -0.00000000618, 0.00000002633
209, 50.00000000000, 205.14369956230, 45.26325530000, 4.12500003222, 0.00000000000, -0.00000000604, -0.00000001486
210, 50.00000000000, 231.03815924260, 67.42785071151, 4.12500003222, 0.00000000000, 0.00000000543, -0.00000000796
211, 50.00000000000, 241.54679821055, 77.62442833337, 4.12500003222, 0.00000000000, 0.00000000801, -0.00000000121
212, 50.00000000000, 260.94841382676, 64.42819277416, 4.12500003222, 0.00000000000, -0.00000000196, -0.00000000621
213, 50.00000000000, 283.29497218233, 54.53064209118, 4.12500003222, 0.00000000000, 0.00000000153, -0.00000001161
214, 50.00000000000, 302.13031504118, 50.13223426705, 4.12500003222, 0.00000000000, -0.00000000272, 0.00000001174
215, 50.00000000000, 310.35056099799, 86.09075066521, 4.12500003222, 0.00000000000, -0.00000000348, 0.00000001138
216, 50.00000000000, 333.58771134496, 58.84741489677, 4.12500003222, 0.00000000000, -0.00000000153, 0.00000000215
217, 50.00000000000, 357.48587231735, 59.92097020464, 4.12500003222, 0.00000000000, -0.00000000036, 0.00000002929
218, 50.00000000000, 367.72993545377, 72.32930012138, 4.12500003222, 0.00000000000, -0.00000000672, 0.00000001198
219, 50.00000000000, 380.08908221779, 64.61316951198, 4.12500003222, 0.00000000000, -0.00000000153, -0.00000002327
220, 50.00000000000, 403.46654143225, 61.25212660863, 4.12500003222, 0.00000000000, 0.00000000180, 0.00000000238
221, 50.00000000000, 425.39158648943, 74.02945398595, 4.12500003222, 0.00000000000, 0.00000001152, 0.00000002388
222, 50.00000000000, 436.91795642951, 96.26874146834, 4.12500003222, 0.00000000000, -0.00000000932, 0.00000001458
223, 50.00000000000, 449.02703669338, 64.56283819861, 4.12500003222, 0.00000000000, -0.00000000615, 0.00000000391
224, 50.00000000000, 462.11408373384, 43.09593972001, 4.12500003222, 0.00000000000, 0.00000000468, -0.00000000710
225, 50.00000000000, 486.04311220915, 68.75745894231, 4.12500003222, 0.00000000000, -0.00000000495, -0.00000000662
226, 50.00000000000, 508.71997953864, 78.97039912088, 4.12500003222, 0.00000000000, 0.00000000395, 0.00000000186
227, 50.00000000000, 518.90234376599, 55.39045951165, 4.12500003222, 0.00000000000, -0.00000000644, 0.00000000505
228, 50.00000000000, 541.88138918771, 46.15770917985, 4.12500003222, 0.00000000000, 0.00000000143, 0.00000001084
229, 50.00000000000, 563.24015263672, 55.57287336425, 4.12500003222, 0.00000000000, -0.00000000599, -0.00000000536
230, 50.00000000000, 581.87540407108, 56.38438579230, 4.12500003222, 0.00000000000, -0.00000000119, -0.00000001472
231, 50.00000000000, 599.74351984967, 48.18263963151, 4.12500003222, 0.00000000000, -0.00000000361, -0.00000001047
232, 50.00000000000, 619.55675296664, 54.31310905473, 4.12500003222, 0.00000000000, -0.00000000175, 0.00000001165
233, 50.00000000000, 651.29416926852, -30000000.00000000000, 0.00000000000, 0.00000000000, 0.00000064248, 0.66000001198
234, 50.00000000000, 652.58732123396, 35.63936151000, 4.12500003222, 0.00000000000, -0.00000000090, 0.00000000389
235, 50.00000000000, 673.62948032189, 71.41147280378, 4.12500003222, 0.00000000000, -0.00000000075, -0.00000001998
236, 50.00000000000, 696.21500580510, 77.46886509692, 4.12500003222, 0.00000000000, -0.00000000231, 0.00000000661
237, 50.00000000000, 710.80206836893, 59.73630099579, 4.12500003222, 0.00000000000, 0.00000000311, -0.00000002493
238, 50.00000000000, 731.80423303946, 88.61972279187, 4.12500003222, 0.00000000000, 0.00000000135, 0.00000000842
239, 50.00000000000, 751.36870619360, 59.81763236377, 4.12500003222, 0.00000000000, 0.00000000161, -0.00000000485
240, 50.00000000000, 766.66160571738, 59.92738648102, 4.12500003222, 0.00000000000, 0.00000000382, 0.00000000425
241, 50.00000000000, 794.26988271536, 77.65676606711, 4.12500003222, 0.00000000000, 0.00000000153, 0.00000000784
242, 50.00000000000, 808.34466874763, 64.39685410861, 4.12500003222, 0.00000000000, -0.00000001078, -0.00000003611
243, 50.00000000000, 823.83110121762, 67.69100278474, 4.12500003222, 0.00000000000, -0.00000000189, -0.00000002758
244, 50.00000000000, 833.22289475926, 35.72370185991, 4.12500003222, 0.00000000000, 0.00000000492, -0.00000001335
245, 50.00000000000, 863.40992964877, 76.83489314799, 4.12500003222, 0.00000000000, -0.00000000252, -0.00000000878
246, 50.00000000000, 877.04210997789, 30.73274947040, 4.12500003222, 0.00000000000, -0.00000000658, 0.00000002490
247, 50.00000000000, 891.23175821445, 62.74225508659, 4.12500003222, 0.00000000000, 0.00000000438, 0.00000001344
248, 50.00000000000, 903.22360440501, 26.85866750544, 4.12500003222, 0.00000000000, -0.00000001641, -0.00000004017
249, 50.00000000000, 918.05850528114, 47.30906578152, 4.12500003222, 0.00000000000, 0.00000001038, 0.00000001348
250, 50.00000000000, 74.44993283159, 62.74205881569, 4.12500003222, 0.00000000000, -0.00000000489, -0.00000000505
251, 50.00000000000, 88.56576488225, 62.83509036590, 4.12500003222, 0.00000000000, -0.00000000103, -0.00000001657
252, 50.00000000000, 104.79587222301, 67.97482475893, 4.12500003222, 0.00000000000, -0.00000000059, 0.00000000769
253, 50.00000000000, 122.35115554237, 69.74725393543, 4.12500003222, 0.00000000000, 0.00000000042, 0.00000001125
254, 50.00000000000, 136.63371488157, 59.05120208380, 4.12500003222, 0.00000000000, -0.00000000072, -0.00000000588
255, 50.00000000000, 148.82106046483, 54.78126427034, 4.12500003222, 0.00000000000, -0.00000000108, 0.00000003400
256, 50.00000000000, 161.63406239852, 61.85827465729, 4.12500003222, 0.00000000000, 0.00000000297, -0.00000000292
257, 50.00000000000, 179.49550341123, 62.19855992421, 4.12500003222, 0.00000000000, 0.00000000850, 0.00000000395
258, 50.00000000000, 199.39839716125, 76.32197528623, 4.12500003222, 0.00000000000, -0.00000000069, -0.00000000949
259, 50.00000000000, 216.03327159971, 33.51202008180, 4.12500003222, 0.00000000000, -0.00000000510, -0.00000004138
260, 50.00000000000, 218.37120830042, 66.06181780136, 4.12500003222, 0.00000000000, 0.00000000982, 0.00000000935
261, 50.00000000000, 250.82435900203, 53.55237421825, 4.12500003222, 0.00000000000, -0.00000000411, 0.00000000446
262, 50.00000000000, 266.94377280722, 54.27955981662, 4.12500003222, 0.00000000000, -0.00000001173, 0.00000002577
263, 50.00000000000, 282.21564401684, 66.31093915361, 4.12500003222, 0.00000000000, -0.00000000044, 0.00000000849
264, 50.00000000000, 284.71024981908, 120.67020234112, 4.12500003222, 0.00000000000, 0.00000000000, 0.00000000000
265, 50.00000000000, 319.34473394515, 61.56359889672, 4.12500003222, 0.00000000000, 0.00000000406, 0.00000000162
266, 50.00000000000, 343.82852547536, 69.91429852686, 4.12500003222, 0.00000000000, 0.00000000238, -0.00000000465
267, 50.00000000000, 355.83306516907, 84.02536716436, 4.12500003222, 0.00000000000, -0.00000000008, -0.00000001485
268, 50.00000000000, 380.40686347146, 85.66059791546, 4.12500003222, 0.00000000000, 0.00000000185, 0.00000000059
269, 50.00000000000, 367.58999175583, 96.70602133747, 4.12500003222, 0.00000000000, -0.00000000346, -0.00000000626
270, 50.00000000000, 414.17320448907, 68.40402079586, 4.12500003222, 0.00000000000, -0.00000002062, -0.00000000164
271, 50.00000000000, 421.67390989447, 89.91592362865, 4.12500003222, 0.00000000000, 0.00000000440, 0.00000000494
272, 50.00000000000, 445.30061063839, 85.64413131303, 4.12500003222, 0.00000000000, 0.00000000267, -0.00000001505
273, 50.00000000000, 459.87628391492, 85.77419105087, 4.12500003222, 0.00000000000, 0.00000000392, -0.00000001354
274, 50.00000000000, 454.32782487074, 105.13102339894, 4.12500003222, 0.00000000000, 0.00000000169, -0.00000000031
275, 50.00000000000, 493.31430948242, 79.80013062061, 4.12500003222, 0.00000000000, 0.00000000582, -0.00000000430
276, 50.00000000000, 510.16090016581, 67.04658084250, 4.12500003222, 0.00000000000, -0.00000000267, -0.00000000682
277, 50.00000000000, 528.06451779988, 68.29611167418, 4.12500003222, 0.00000000000, -0.00000000837, -0.00000001049
278, 50.00000000000, 545.97268867485, 72.65546234677, 4.12500003222, 0.00000000000, -0.00000000400, -0.00000001999
279, 50.00000000000, 561.81137632898, 89.75576937317, 4.12500003222, 0.00000000000, 0.00000000565, -0.00000000439
280, 50.00000000000, 579.58007798556, 73.95020637718, 4.12500003222, 0.00000000000, 0.00000000284, 0.00000002220
281, 50.00000000000, 600.76753760109, 68.04112413621, 4.12500003222, 0.00000000000, 0.00000000456, -0.00000000619
282, 50.00000000000, 631.17478227636, 90.47794496943, 4.12500003222, 0.00000000000, -0.00000000491, -0.00000000023
283, 50.00000000000, 643.84927206495, 78.74206228126, 4.12500003222, 0.00000000000, 0.00000000266, -0.00000001626
284, 50.00000000000, 658.73773025051, 72.78220712237, 4.12500003222, 0.00000000000, -0.00000000384, -0.00000002754
285, 50.00000000000, 680.96634791807, 83.69341101960, 4.12500003222, 0.00000000000, 0.00000000637, 0.00000000692
286, 50.00000000000, 690.93820519125, 45.77582723828, 4.12500003222, 0.00000000000, 0.00000000149, -0.00000001495
287, 50.00000000000, 714.92960739575, 76.40388520014, 4.12500003222, 0.00000000000, -0.00000000627, 0.00000000008
288, 50.00000000000, 731.45824442083, 69.97553704581, 4.12500003222, 0.00000000000, 0.00000000138, 0.00000000486
289, 50.00000000000, 746.75791090424, 73.03460248620, 4.12500003222, 0.00000000000, 0.00000000527, 0.00000001477
290, 50.00000000000, 805.99813465433, 97.10633549597, 4.12500003222, 0.00000000000, 0.00000000155, 0.00000000516
291, 50.00000000000, 787.52054352161, 93.52234228269, 4.12500003222, 0.00000000000, 0.00000000525, -0.00000000626
292, 50.00000000000, 806.94931625364, 78.75644341077, 4.12500003222, 0.00000000000, -0.00000000256, 0.00000000501
293, 50.00000000000, 852.50831600689, 147.98096548939, 4.12500003222, 0.00000000000, 0.00000000000, 0.00000000000
294, 50.00000000000, 843.50320148670, 65.49331996952, 4.12500003222, 0.00000000000, 0.00000000238, 0.00000002261
295, 50.00000000000, 858.50662874758, 59.24407082725, 4.12500003222, 0.00000000000, 0.00000000390, 0.00000002016
296, 50.00000000000, 875.17359737446, 44.45180114611, 4.12500003222, 0.00000000000, 0.00000000300, -0.00000000922
297, 50.00000000000, 892.68900100864, 49.32442921485, 4.12500003222, 0.00000000000, 0.00000000595, 0.00000000284
298, 50.00000000000, 947.85320243497, 95.51939771790, 4.12500003222, 0.00000000000, 0.00000000144, 0.00000000356
299, 50.00000000000, 940.61522610425, 77.38997514395, 4.12500003222, 0.00000000000, -0.00000000130, -0.00000000335
