0, 50.00000000000, 61.55065226077, 10.83144086279, 4.12500003222, 0.00000000000, -0.00000000049, -0.00000000196
1, 50.00000000000, 85.21496182146, 4.79730550658, 4.12500003222, 0.00000000000, -0.00000000311, 0.00000002463
2, 50.00000000000, 98.73537793073, 14.06477340125, 4.12500003222, 0.00000000000, -0.00000000759, -0.00000001047
3, 50.00000000000, 110.82758278094, 21.62915206720, 4.12500003222, 0.00000000000, -0.00000000018, 0.00000000896
4, 50.00000000000, 123.91857621393, 21.84918923882, 4.12500003222, 0.00000000000, 0.00000000302, 0.00000003443
5, 50.00000000000, 145.85977529811, 16.27046636088, 4.12500003222, 0.00000000000, 0.00000000130, -0.00000000634
6, 50.00000000000, 157.57386478251, 8.31256160498, 4.12500003222, 0.00000000000, 0.00000000047, 0.00000001388
7, 50.00000000000, 178.52137928917, 5.54522281890, 4.12500003222, 0.00000000000, 0.00000000398, 0.00000000148
8, 50.00000000000, 191.12417598187, 26.82083321048, 4.12500003222, 0.00000000000, -0.00000000135, -0.00000001035
9, 50.00000000000, 213.20267970600, 13.60477940955, 4.12500003222, 0.00000000000, -0.00000000751, 0.00000002128
10, 50.00000000000, 206.71070240119, -30000000.00000000000, 0.00000000000, 0.00000000000, 0.00000087956, 0.66000001198
11, 50.00000000000, 248.34135359265, 42.04717226382, 4.12500003222, 0.00000000000, -0.00000000114, -0.00000001625
12, 50.00000000000, 246.46910967038, -30000000.00000000000, 0.00000000000, 0.00000000000, 0.00000017036, 0.66000001198
13, 50.00000000000, 287.85485364664, 42.15793514599, 4.12500003222, 0.00000000000, 0.00000000372, -0.00000002140
14, 50.00000000000, 281.01780575786, -30000000.00000000000, 0.00000000000, 0.00000000000, -0.00000006004, 0.66000001198
15, 50.00000000000, 305.92814911966, -30000000.00000000000, 0.00000000000, 0.00000000000, 0.00000020941, 0.66000001198
16, 50.00000000000, 323.72343021081, -30000000.00000000000, 0.00000000000, 0.00000000000, 0.00000044404, 0.66000001198
17, 50.00000000000, 347.17121621749, -30000000.00000000000, 0.00000000000, 0.00000000000, -0.00000100876, 0.66000001198
18, 50.00000000000, 363.52250604956, -30000000.00000000000, 0.00000000000, 0.00000000000, -0.00000009560, 0.66000001198
19, 50.00000000000, 382.96569873142, -30000000.00000000000, 0.00000000000, 0.00000000000, 0.00000011303, 0.66000001198
20, 50.00000000000, 402.10640506588, -30000000.00000000000, 0.00000000000, 0.00000000000, -0.00000028278, 0.66000001198
21, 50.00000000000, 418.09189912130, -30000000.00000000000, 0.00000000000, 0.00000000000, 0.00000114022, 0.66000001198
22, 50.00000000000, 442.15296664116, -30000000.00000000000, 0.00000000000, 0.00000000000, -0.00000007076, 0.66000001198
23, 50.00000000000, 449.83989615565, 52.72042953602, 4.12500003222, 0.00000000000, -0.00000000473, 0.00000000484
24, 50.00000000000, 483.29376974096, -30000000.00000000000, 0.00000000000, 0.00000000000, -0.00000051383, 0.66000001198
25, 50.00000000000, 499.09102313296, -30000000.00000000000, 0.00000000000, 0.00000000000, -0.00000009625, 0.66000001198
26, 50.00000000000, 518.58745735769, -30000000.00000000000, 0.00000000000, 0.00000000000, 0.00000001693, 0.66000001198
27, 50.00000000000, 536.59760674207, -30000000.00000000000, 0.00000000000, 0.00000000000, 0.00000064421, 0.66000001198
28, 50.00000000000, 552.64716197540, -30000000.00000000000, 0.00000000000, 0.00000000000, 0.00000070065, 0.66000001198
29, 50.00000000000, 576.76751586459, -30000000.00000000000, 0.00000000000, 0.00000000000, 0.00000015645, 0.66000001198
30, 50.00000000000, 596.12779459762, -30000000.00000000000, 0.00000000000, 0.00000000000, 0.00000000926, 0.66000001198
31, 50.00000000000, 613.31959371112, -30000000.00000000000, 0.00000000000, 0.00000000000, 0.00000014406, 0.66000001198
32, 50.00000000000, 633.33360610459, -30000000.00000000000, 0.00000000000, 0.00000000000, 0.00000078012, 0.66000001198
33, 50.00000000000, 656.16883094940, -30000000.00000000000, 0.00000000000, 0.00000000000, -0.00000001164, 0.66000001198
34, 50.00000000000, 676.28395196806, -30000000.00000000000, 0.00000000000, 0.00000000000, -0.00000093875, 0.66000001198
35, 50.00000000000, 671.33661235142, 35.84766539684, 4.12500003222, 0.00000000000, -0.00000000696, 0.00000002913
36, 50.00000000000, 722.94796399141, -30000000.00000000000, 0.00000000000, 0.00000000000, -0.00000028270, 0.66000001198
37, 50.00000000000, 737.13148986662, -30000000.00000000000, 0.00000000000, 0.00000000000, -0.00000037836, 0.66000001198
38, 50.00000000000, 754.42134982463, -30000000.00000000000, 0.00000000000, 0.00000000000, 0.00000002162, 0.66000001198
39, 50.00000000000, 772.91625638197, -30000000.00000000000, 0.00000000000, 0.00000000000, -0.00000063901, 0.66000001198
40, 50.00000000000, 793.89304943723, -30000000.00000000000, 0.00000000000, 0.00000000000, -0.00000125473, 0.66000001198
41, 50.00000000000, 788.02657995257, 11.66464311979, 4.12500003222, 0.00000000000, 0.00000000012, 0.00000000373
42, 50.00000000000, 808.63113805139, 7.32670706952, 4.12500003222, 0.00000000000, -0.00000000291, 0.00000000064
43, 50.00000000000, 825.59928560626, 11.75785168357, 4.12500003222, 0.00000000000, 0.00000000336, 0.00000000834
44, 50.00000000000, 842.49757942698, 13.64930854676, 4.12500003222, 0.00000000000, -0.00000000516, 0.00000002532
45, 50.00000000000, 853.85459452916, 21.91813922328, 4.12500003222, 0.00000000000, -0.00000000707, 0.00000003457
46, 50.00000000000, 865.76331091585, 26.17277599046, 4.12500003222, 0.00000000000, -0.00000001445, -0.00000001926
47, 50.00000000000, 908.46423501628, 9.47620817306, 4.12500003222, 0.00000000000, -0.00000000052, -0.00000000660
48, 50.00000000000, 897.88624125435, 15.83519094114, 4.12500003222, 0.00000000000, 0.00000000028, 0.00000000654
49, 50.00000000000, 923.24241411847, 12.10396241130, 4.12500003222, 0.00000000000, -0.00000000301, 0.00000001091
50, 50.00000000000, 66.60100991462, 74.43909090872, 4.12500003222, 0.00000000000, -0.00000000414, 0.00000000535
51, 50.00000000000, 90.62630617744, 23.56224530612, 4.12500003222, 0.00000000000, -0.00000000076, 0.00000001648
52, 50.00000000000, 91.09414311631, 37.34417000232, 4.12500003222, 0.00000000000, 0.00000000846, -0.00000003373
53, 50.00000000000, 108.39088061384, 6.59862442840, 4.12500003222, 0.00000000000, -0.00000000126, -0.00000000464
54, 50.00000000000, 130.09471630187, 45.05541688848, 4.12500003222, 0.00000000000, -0.00000000660, 0.00000002557
55, 50.00000000000, 148.94093660706, 29.52596503138, 4.12500003222, 0.00000000000, 0.00000000290, -0.00000001357
56, 50.00000000000, 159.86805846168, 23.22679508001, 4.12500003222, 0.00000000000, 0.00000000530, 0.00000001064
57, 50.00000000000, 170.16985909996, 14.98463682438, 4.12500003222, 0.00000000000, 0.00000000066, 0.00000001098
58, 50.00000000000, 189.74776855465, 15.03380688596, 4.12500003222, 0.00000000000, 0.00000000490, -0.00000003442
59, 50.00000000000, 200.22422664941, 4.64409096028, 4.12500003222, 0.00000000000, -0.00000000970, 0.00000001355
60, 50.00000000000, 230.62885524190, 43.63100274262, 4.12500003222, 0.00000000000, 0.00000000610, -0.00000001174
61, 50.00000000000, 230.93904857491, -30000000.00000000000, 0.00000000000, 0.00000000000, 0.00000060815, 0.66000001198
62, 50.00000000000, 245.34131653847, -30000000.00000000000, 0.00000000000, 0.00000000000, 0.00000031777, 0.66000001198
63, 50.00000000000, 264.20401585808, -30000000.00000000000, 0.00000000000, 0.00000000000, 0.00000002861, 0.66000001198
64, 50.00000000000, 286.93896956093, -30000000.00000000000, 0.00000000000, 0.00000000000, -0.00000090976, 0.66000001198
65, 50.00000000000, 303.96891950780, -30000000.00000000000, 0.00000000000, 0.00000000000, 0.00000046470, 0.66000001198
66, 50.00000000000, 323.79833509247, -30000000.00000000000, 0.00000000000, 0.00000000000, 0.00000043420, 0.66000001198
67, 50.00000000000, 346.27233585391, 45.13283322509, 4.12500003222, 0.00000000000, 0.00000000119, 0.00000000369
68, 50.00000000000, 365.93146763701, 46.23492533107, 4.12500003222, 0.00000000000, -0.00000000036, 0.00000000107
69, 50.00000000000, 380.19971083091, -30000000.00000000000, 0.00000000000, 0.00000000000, -0.00000019826, 0.66000001198
70, 50.00000000000, 409.72951379790, -30000000.00000000000, 0.00000000000, 0.00000000000, -0.00000018709, 0.66000001198
71, 50.00000000000, 425.99956612134, -30000000.00000000000, 0.00000000000, 0.00000000000, -0.00000007260, 0.66000001198
72, 50.00000000000, 436.71914270712, -30000000.00000000000, 0.00000000000, 0.00000000000, 0.00000008220, 0.66000001198
73, 50.00000000000, 462.82317050449, -30000000.00000000000, 0.00000000000, 0.00000000000, -0.00000082731, 0.66000001198
74, 50.00000000000, 472.13468650666, -30000000.00000000000, 0.00000000000, 0.00000000000, 0.00000037566, 0.66000001198
75, 50.00000000000, 494.10271437801, 59.87690133089, 4.12500003222, 0.00000000000, -0.00000000206, -0.00000000680
76, 50.00000000000, 508.16089520585, 42.16737994707, 4.12500003222, 0.00000000000, 0.00000000015, -0.00000000041
77, 50.00000000000, 541.64750229955, -30000000.00000000000, 0.00000000000, 0.00000000000, -0.00000007777, 0.66000001198
78, 50.00000000000, 558.97584360934, -30000000.00000000000, 0.00000000000, 0.00000000000, -0.00000021115, 0.66000001198
79, 50.00000000000, 557.05375307183, 37.46094345852, 4.12500003222, 0.00000000000, -0.00000000151, -0.00000000057
80, 50.00000000000, 598.84511977742, -30000000.00000000000, 0.00000000000, 0.00000000000, -0.00000030277, 0.66000001198
81, 50.00000000000, 591.49992198434, 36.66413733031, 4.12500003222, 0.00000000000, -0.00000000178, -0.00000000148
82, 50.00000000000, 640.16209873988, -30000000.00000000000, 0.00000000000, 0.00000000000, -0.00000023712, 0.66000001198
83, 50.00000000000, 658.09058610334, -30000000.00000000000, 0.00000000000, 0.00000000000, -0.00000025577, 0.66000001198
84, 50.00000000000, 675.93587475679, -30000000.00000000000, 0.00000000000, 0.00000000000, -0.00000090450, 0.66000001198
85, 50.00000000000, 695.72906038109, -30000000.00000000000, 0.00000000000, 0.00000000000, 0.00000043965, 0.66000001198
86, 50.00000000000, 709.72031357924, -30000000.00000000000, 0.00000000000, 0.00000000000, 0.00000104770, 0.66000001198
87, 50.00000000000, 729.38021746501, -30000000.00000000000, 0.00000000000, 0.00000000000, 0.00000112308, 0.66000001198
88, 50.00000000000, 753.80886902424, -30000000.00000000000, 0.00000000000, 0.00000000000, 0.00000011717, 0.66000001198
89, 50.00000000000, 780.34340571388, -30000000.00000000000, 0.00000000000, 0.00000000000, -0.00000173606, 0.66000001198
90, 50.00000000000, 787.32742491306, 34.06930753327, 4.12500003222, 0.00000000000, 0.00000000345, -0.00000000538
91, 50.00000000000, 779.40273812029, 47.53655522868, 4.12500003222, 0.00000000000, 0.00000000180, 0.00000002363
92, 50.00000000000, 805.13442857292, 23.96633382960, 4.12500003222, 0.00000000000, -0.00000000091, -0.00000000693
93, 50.00000000000, 819.26699194950, 42.11571235610, 4.12500003222, 0.00000000000, 0.00000000194, -0.00000001428
94, 50.00000000000, 841.15117897720, 27.36386312022, 4.12500003222, 0.00000000000, -0.00000000262, -0.00000001593
95, 50.00000000000, 856.32620326285, 34.54641733536, 4.12500003222, 0.00000000000, -0.00000001507, 0.00000002199
96, 50.00000000000, 873.86668233662, 7.12359214801, 4.12500003222, 0.00000000000, -0.00000000148, -0.00000001595
97, 50.00000000000, 893.03878910577, 3.45788570853, 4.12500003222, 0.00000000000, -0.00000000273, -0.00000000277
98, 50.00000000000, 906.77118902846, 54.42680738216, 4.12500003222, 0.00000000000, 0.00000000646, -0.00000003269
99, 50.00000000000, 919.65023576116, 24.35000528921, 4.12500003222, 0.00000000000, 0.00000000441, -0.00000001000
100, 50.00000000000, 65.61750216611, 31.56039930644, 4.12500003222, 0.00000000000, -0.00000000266, -0.00000001052
101, 50.00000000000, 76.12374790776, 15.68712024698, 4.12500003222, 0.00000000000, 0.00000000898, 0.00000000235
102, 50.00000000000, 104.07795529182, 44.91811995350, 4.12500003222, 0.00000000000, -0.00000000487, -0.00000004761
103, 50.00000000000, 113.61513744857, 32.45245362350, 4.12500003222, 0.00000000000, -0.00000000702, -0.00000000145
104, 50.00000000000, 123.48178566239, 8.90218009193, 4.12500003222, 0.00000000000, 0.00000000180, -0.00000001180
105, 50.00000000000, 146.80510019327, 43.29603974384, 4.12500003222, 0.00000000000, 0.00000000833, 0.00000000669
106, 50.00000000000, 159.59102803314, 35.29631684249, 4.12500003222, 0.00000000000, -0.00000000026, -0.00000003894
107, 50.00000000000, 175.20748595091, 26.76078761353, 4.12500003222, 0.00000000000, -0.00000000207, 0.00000002188
108, 50.00000000000, 202.91748647135, 26.69398091353, 4.12500003222, 0.00000000000, 0.00000000102, 0.00000000932
109, 50.00000000000, 209.97133587610, 58.70536920613, 4.12500003222, 0.00000000000, 0.00000000496, -0.00000000542
110, 50.00000000000, 229.00143578945, 55.56432360809, 4.12500003222, 0.00000000000, 0.00000000099, 0.00000002596
111, 50.00000000000, 223.90921015652, -30000000.00000000000, 0.00000000000, 0.00000000000, 0.00000068316, 0.66000001198
112, 50.00000000000, 263.11922458432, 38.75132555294, 4.12500003222, 0.00000000000, -0.00000000148, 0.00000001761
113, 50.00000000000, 259.80288456252, -30000000.00000000000, 0.00000000000, 0.00000000000, -0.00000005872, 0.66000001198
114, 50.00000000000, 297.19167434007, 75.24999394911, 4.12500003222, 0.00000000000, 0.00000000704, 0.00000003791
115, 50.00000000000, 311.75300296482, 70.98964409057, 4.12500003222, 0.00000000000, -0.00000001257, 0.00000001861
116, 50.00000000000, 333.96591133989, 82.05601559180, 4.12500003222, 0.00000000000, 0.00000000981, 0.00000001682
117, 50.00000000000, 338.63840876450, -30000000.00000000000, 0.00000000000, 0.00000000000, 0.00000038043, 0.66000001198
118, 50.00000000000, 381.42299462276, 50.90295124814, 4.12500003222, 0.00000000000, -0.00000000165, -0.00000000139
119, 50.00000000000, 384.77256299119, -30000000.00000000000, 0.00000000000, 0.00000000000, -0.00000010104, 0.66000001198
120, 50.00000000000, 397.97212282488, 49.45746737656, 4.12500003222, 0.00000000000, -0.00000000407, -0.00000001557
121, 50.00000000000, 416.33776866622, 50.55709598406, 4.12500003222, 0.00000000000, 0.00000000460, -0.00000000327
122, 50.00000000000, 444.02323681238, -30000000.00000000000, 0.00000000000, 0.00000000000, 0.00000030412, 0.66000001198
123, 50.00000000000, 460.74429707122, -30000000.00000000000, 0.00000000000, 0.00000000000, -0.00000055371, 0.66000001198
124, 50.00000000000, 472.69164514289, 66.86721794962, 4.12500003222, 0.00000000000, 0.00000000123, -0.00000000768
125, 50.00000000000, 485.73711851962, 45.91666345494, 4.12500003222, 0.00000000000, 0.00000000096, 0.00000000250
126, 50.00000000000, 518.20205548560, -30000000.00000000000, 0.00000000000, 0.00000000000, 0.00000005498, 0.66000001198
127, 50.00000000000, 530.03919756075, 54.06071030690, 4.12500003222, 0.00000000000, -0.00000000137, 0.00000000998
128, 50.00000000000, 561.71951582202, -30000000.00000000000, 0.00000000000, 0.00000000000, -0.00000058232, 0.66000001198
129, 50.00000000000, 574.81426857285, -30000000.00000000000, 0.00000000000, 0.00000000000, 0.00000045874, 0.66000001198
130, 50.00000000000, 598.83834095813, -30000000.00000000000, 0.00000000000, 0.00000000000, -0.00000030203, 0.66000001198
131, 50.00000000000, 618.76516822212, -30000000.00000000000, 0.00000000000, 0.00000000000, -0.00000064609, 0.66000001198
132, 50.00000000000, 619.81632497020, 77.57061870066, 4.12500003222, 0.00000000000, -0.00000000076, -0.00000000127
133, 50.00000000000, 634.28656444240, 43.71282273318, 4.12500003222, 0.00000000000, 0.00000000008, 0.00000000005
134, 50.00000000000, 642.94612608315, 56.08393186466, 4.12500003222, 0.00000000000, -0.00000000157, -0.00000001228
135, 50.00000000000, 667.40582188508, 50.59334776804, 4.12500003222, 0.00000000000, 0.00000000569, -0.00000001504
136, 50.00000000000, 714.87535095783, -30000000.00000000000, 0.00000000000, 0.00000000000, 0.00000094674, 0.66000001198
137, 50.00000000000, 738.94379771234, -30000000.00000000000, 0.00000000000, 0.00000000000, -0.00000006769, 0.66000001198
138, 50.00000000000, 755.34966129912, -30000000.00000000000, 0.00000000000, 0.00000000000, -0.00000012378, 0.66000001198
139, 50.00000000000, 768.74581019571, -30000000.00000000000, 0.00000000000, 0.00000000000, -0.00000004339, 0.66000001198
140, 50.00000000000, 763.28857573174, 40.86147725378, 4.12500003222, 0.00000000000, -0.00000000323, 0.00000000791
141, 50.00000000000, 789.56298067660, 58.74464688063, 4.12500003222, 0.00000000000, -0.00000000688, -0.00000000091
142, 50.00000000000, 801.66601054770, 54.16311605884, 4.12500003222, 0.00000000000, -0.00000001158, -0.00000001802
143, 50.00000000000, 822.01950777631, 27.15062553353, 4.12500003222, 0.00000000000, 0.00000000861, 0.00000000223
144, 50.00000000000, 843.99100822676, 40.42453136011, 4.12500003222, 0.00000000000, 0.00000000031, 0.00000000725
145, 50.00000000000, 857.16847166234, 46.19325677173, 4.12500003222, 0.00000000000, -0.00000000044, -0.00000003004
146, 50.00000000000, 883.22983539825, 14.56928841287, 4.12500003222, 0.00000000000, 0.00000000294, -0.00000001928
147, 50.00000000000, 889.47454584221, 25.95391253112, 4.12500003222, 0.00000000000, 0.00000000683, 0.00000002917
148, 50.00000000000, 900.55488273862, 39.73763120959, 4.12500003222, 0.00000000000, 0.00000000623, 0.00000004067
149, 50.00000000000, 926.48670483784, 37.38118773865, 4.12500003222, 0.00000000000, -0.00000000452, 0.00000002876
150, 50.00000000000, 79.40051688297, 41.22574293102, 4.12500003222, 0.00000000000, 0.00000000241, 0.00000001506
151, 50.00000000000, 78.71172192268, 27.65289972065, 4.12500003222, 0.00000000000, 0.00000000162, -0.00000002267
152, 50.00000000000, 101.89764763248, 31.06907853373, 4.12500003222, 0.00000000000, 0.00000000170, 0.00000000976
153, 50.00000000000, 124.62608796969, 55.56910084252, 4.12500003222, 0.00000000000, -0.00000000430, 0.00000000433
154, 50.00000000000, 138.34450920313, 36.46252209600, 4.12500003222, 0.00000000000, 0.00000001335, -0.00000002551
155, 50.00000000000, 140.42446317884, 5.63568893558, 4.12500003222, 0.00000000000, -0.00000000105, -0.00000001930
156, 50.00000000000, 170.18370836668, 40.84283467194, 4.12500003222, 0.00000000000, 0.00000001380, -0.00000002709
157, 50.00000000000, 181.95112982639, 37.27957952647, 4.12500003222, 0.00000000000, -0.00000000859, 0.00000001408
158, 50.00000000000, 193.88503985798, 41.59974521655, 4.12500003222, 0.00000000000, -0.00000000583, -0.00000000192
159, 50.00000000000, 216.94143942807, 47.34147647030, 4.12500003222, 0.00000000000, 0.00000000777, 0.00000000728
160, 50.00000000000, 222.88610672766, 80.31905754755, 4.12500003222, 0.00000000000, -0.00000001467, 0.00000003864
161, 50.00000000000, 243.31686708281, 64.38665541127, 4.12500003222, 0.00000000000, 0.00000001618, -0.00000003288
162, 50.00000000000, 273.10651852461, 43.92612375828, 4.12500003222, 0.00000000000, -0.00000000304, 0.00000001702
163, 50.00000000000, 263.37702583369, -30000000.00000000000, 0.00000000000, 0.00000000000, 0.00000012629, 0.66000001198
164, 50.00000000000, 300.50859837247, 62.94943870147, 4.12500003222, 0.00000000000, -0.00000000313, 0.00000000135
165, 50.00000000000, 322.41190739221, 76.18683028860, 4.12500003222, 0.00000000000, -0.00000001138, 0.00000001948
166, 50.00000000000, 325.60232306399, -30000000.00000000000, 0.00000000000, 0.00000000000, 0.00000019000, 0.66000001198
167, 50.00000000000, 343.61030678974, -30000000.00000000000, 0.00000000000, 0.00000000000, -0.00000043920, 0.66000001198
168, 50.00000000000, 361.75116165086, -30000000.00000000000, 0.00000000000, 0.00000000000, 0.00000017802, 0.66000001198
169, 50.00000000000, 391.96661828096, 72.90880431582, 4.12500003222, 0.00000000000, 0.00000000694, -0.00000000875
170, 50.00000000000, 404.01010188647, 85.07413001558, 4.12500003222, 0.00000000000, -0.00000000220, 0.00000000057
171, 50.00000000000, 429.37912068229, 58.46504411398, 4.12500003222, 0.00000000000, -0.00000000202, -0.00000001895
172, 50.00000000000, 438.45685734103, 73.97667658904, 4.12500003222, 0.00000000000, -0.00000000346, 0.00000000494
173, 50.00000000000, 461.37438922438, 70.59613609427, 4.12500003222, 0.00000000000, 0.00000000404, 0.00000000079
174, 50.00000000000, 471.75810067450, 53.62206170752, 4.12500003222, 0.00000000000, 0.00000000138, 0.00000001558
175, 50.00000000000, 497.79357293340, -30000000.00000000000, 0.00000000000, 0.00000000000, 0.00000003756, 0.66000001198
176, 50.00000000000, 505.82502990297, 56.27011540536, 4.12500003222, 0.00000000000, 0.00000000318, -0.00000001784
177, 50.00000000000, 525.09514228538, 41.81324303192, 4.12500003222, 0.00000000000, -0.00000000587, -0.00000002262
178, 50.00000000000, 544.80658291181, 57.48702922778, 4.12500003222, 0.00000000000, -0.00000000189, -0.00000001919
179, 50.00000000000, 563.27269063882, 70.61775736646, 4.12500003222, 0.00000000000, -0.00000000013, 0.00000000286
180, 50.00000000000, 576.93334365329, 36.66203006628, 4.12500003222, 0.00000000000, -0.00000000220, 0.00000000667
181, 50.00000000000, 597.53792468293, 23.23608481962, 4.12500003222, 0.00000000000, 0.00000000547, -0.00000001665
182, 50.00000000000, 614.07800764954, 35.81785751957, 4.12500003222, 0.00000000000, 0.00000000109, -0.00000000139
183, 50.00000000000, 634.15552089850, 67.74377586968, 4.12500003222, 0.00000000000, 0.00000000535, -0.00000000812
184, 50.00000000000, 655.79527039420, 56.20070047817, 4.12500003222, 0.00000000000, 0.00000000022, -0.00000000675
185, 50.00000000000, 679.63458529969, 58.92050074961, 4.12500003222, 0.00000000000, -0.00000000442, -0.00000000914
186, 50.00000000000, 695.08969243986, 62.06028282402, 4.12500003222, 0.00000000000, -0.00000000342, 0.00000000572
187, 50.00000000000, 709.47067287549, 42.66761066634, 4.12500003222, 0.00000000000, -0.00000000058, -0.00000000420
188, 50.00000000000, 728.43037692132, 55.88812271206, 4.12500003222, 0.00000000000, -0.00000000113, 0.00000001691
189, 50.00000000000, 744.00744309784, 49.85116955204, 4.12500003222, 0.00000000000, -0.00000000179, -0.00000002611
190, 50.00000000000, 771.71269941403, 25.08304010617, 4.12500003222, 0.00000000000, 0.00000000116, -0.00000000555
191, 50.00000000000, 782.86992106222, 70.38351298073, 4.12500003222, 0.00000000000, -0.00000000773, -0.00000000487
192, 50.00000000000, 803.00416433829, 39.98858957485, 4.12500003222, 0.00000000000, -0.00000000075, -0.00000000744
193, 50.00000000000, 823.92202098347, 52.66690877374, 4.12500003222, 0.00000000000, 0.00000000308, 0.00000000422
194, 50.00000000000, 839.42762375510, 52.32401372208, 4.12500003222, 0.00000000000, 0.00000000560, -0.00000002465
195, 50.00000000000, 859.96014102168, 10.73968549899, 4.12500003222, 0.00000000000, 0.00000000549, -0.00000001413
196, 50.00000000000, 875.12630572745, 58.01231501052, 4.12500003222, 0.00000000000, 0.00000000292, -0.00000000182
197, 50.00000000000, 887.76139629207, 38.09746426462, 4.12500003222, 0.00000000000, 0.00000000855, 0.00000001293
198, 50.00000000000, 911.75599269268, 34.41625402080, 4.12500003222, 0.00000000000, -0.00000000470, 0.00000001461
199, 50.00000000000, 928.43949784311, 61.84039504583, 4.12500003222, 0.00000000000, -0.00000000572, -0.00000003067
200, 50.00000000000, 68.12164104946, 49.39703471419, 4.12500003222, 0.00000000000, 0.00000000249, 0.00000001114
201, 50.00000000000, 92.51481938707, 48.89932865809, 4.12500003222, 0.00000000000, -0.00000000606, 0.00000002649
202, 50.00000000000, 110.26321750275, 55.38531682552, 4.12500003222, 0.00000000000, 0.00000001139, -0.00000003491
203, 50.00000000000, 116.00789679651, 44.79519097651, 4.12500003222, 0.00000000000, -0.00000000949, 0.00000003087
204, 50.00000000000, 125.91347673393, 34.41584872939, 4.12500003222, 0.00000000000, 0.00000000317, -0.00000002600
205, 50.00000000000, 136.18286769626, 22.68558085237, 4.12500003222, 0.00000000000, 0.00000000454, 0.00000000247
206, 50.00000000000, 160.84413512857, 48.20315497809, 4.12500003222, 0.00000000000, 0.00000000459, -0.00000002458
207, 50.00000000000, 180.66273949601, 49.69465640333, 4.12500003222, 0.00000000000, 0.00000000759, -0.00000003247
208, 50.00000000000, 195.31980932364, 58.54167869608, 4.12500003222, 0.00000000000, 0.00000000026, 0.00000001163
209, 50.00000000000, 205.23296365717, 45.10265186790, 4.12500003222, 0.00000000000, -0.00000000504, -0.00000001405
210, 50.00000000000, 231.03210440477, 68.05412513815, 4.12500003222, 0.00000000000, -0.00000000483, -0.00000003547
211, 50.00000000000, 241.42239720161, 78.49667309958, 4.12500003222, 0.00000000000, 0.00000000757, 0.00000001927
212, 50.00000000000, 260.95100952816, 65.64313400218, 4.12500003222, 0.00000000000, 0.00000000462, -0.00000002749
213, 50.00000000000, 283.25016268536, 54.36792971516, 4.12500003222, 0.00000000000, -0.00000000765, 0.00000001972
214, 50.00000000000, 302.11133781716, 50.63208068606, 4.12500003222, 0.00000000000, 0.00000000146, -0.00000002214
215, 50.00000000000, 310.38282978700, 86.46430354963, 4.12500003222, 0.00000000000, 0.00000000395, -0.00000002130
216, 50.00000000000, 333.51210131278, 57.81773321812, 4.12500003222, 0.00000000000, 0.00000000587, -0.00000000813
217, 50.00000000000, 357.78090403938, 59.63025471582, 4.12500003222, 0.00000000000, -0.00000000437, -0.00000001180
218, 50.00000000000, 367.88659437402, 71.62166013907, 4.12500003222, 0.00000000000, -0.00000001141, 0.00000003770
219, 50.00000000000, 380.43956694333, 64.01743518080, 4.12500003222, 0.00000000000, 0.00000000221, -0.00000001481
220, 50.00000000000, 403.69872810451, 61.77374211958, 4.12500003222, 0.00000000000, 0.00000000032, 0.00000001969
221, 50.00000000000, 425.40100412974, 74.50124790756, 4.12500003222, 0.00000000000, -0.00000000468, 0.00000000947
222, 50.00000000000, 436.40948800750, 97.01198432444, 4.12500003222, 0.00000000000, 0.00000000634, 0.00000002233
223, 50.00000000000, 449.54531245464, 66.03117186953, 4.12500003222, 0.00000000000, 0.00000000223, -0.00000002355
224, 50.00000000000, 462.00816821566, 45.22126485893, 4.12500003222, 0.00000000000, -0.00000000117, 0.00000000427
225, 50.00000000000, 485.96870242033, 69.82021531055, 4.12500003222, 0.00000000000, -0.00000000388, -0.00000000497
226, 50.00000000000, 509.56499993085, 79.93378167359, 4.12500003222, 0.00000000000, 0.00000000075, 0.00000001868
227, 50.00000000000, 518.96830815749, 57.33640652917, 4.12500003222, 0.00000000000, 0.00000000297, -0.00000002751
228, 50.00000000000, 541.44151025779, 45.51855798391, 4.12500003222, 0.00000000000, 0.00000000506, 0.00000001746
229, 50.00000000000, 563.05826857351, 54.31685857569, 4.12500003222, 0.00000000000, 0.00000000493, 0.00000002286
230, 50.00000000000, 581.65168933640, 56.03709409938, 4.12500003222, 0.00000000000, -0.00000000009, 0.00000000045
231, 50.00000000000, 600.10889028387, 47.81180876636, 4.12500003222, 0.00000000000, -0.00000000165, 0.00000001630
232, 50.00000000000, 619.63039719806, 56.30142012289, 4.12500003222, 0.00000000000, 0.00000000094, -0.00000000436
233, 50.00000000000, 651.29416926852, -30000000.00000000000, 0.00000000000, 0.00000000000, 0.00000064248, 0.66000001198
234, 50.00000000000, 651.90913545705, 35.98816751763, 4.12500003222, 0.00000000000, -0.00000000035, 0.00000000628
235, 50.00000000000, 673.62342632724, 71.19832189611, 4.12500003222, 0.00000000000, -0.00000000259, -0.00000002136
236, 50.00000000000, 696.15010376932, 77.24022744013, 4.12500003222, 0.00000000000, 0.00000000117, 0.00000000926
237, 50.00000000000, 710.84231996180, 59.19879642617, 4.12500003222, 0.00000000000, -0.00000000003, 0.00000000670
238, 50.00000000000, 731.23118080188, 89.82802129136, 4.12500003222, 0.00000000000, -0.00000000010, 0.00000000348
239, 50.00000000000, 751.51648950312, 61.29784021064, 4.12500003222, 0.00000000000, 0.00000000718, -0.00000000311
240, 50.00000000000, 766.64071887796, 60.85233794347, 4.12500003222, 0.00000000000, 0.00000000400, -0.00000000276
241, 50.00000000000, 794.05396954016, 77.12823427430, 4.12500003222, 0.00000000000, 0.00000000204, 0.00000000877
242, 50.00000000000, 807.91549248732, 63.73348378040, 4.12500003222, 0.00000000000, 0.00000000936, 0.00000001517
243, 50.00000000000, 823.23285865143, 67.57028497627, 4.12500003222, 0.00000000000, -0.00000000138, -0.00000001609
244, 50.00000000000, 833.02934792974, 36.22726034208, 4.12500003222, 0.00000000000, 0.00000000281, -0.00000001052
245, 50.00000000000, 862.96687976862, 77.15974786571, 4.12500003222, 0.00000000000, 0.00000000381, 0.00000000992
246, 50.00000000000, 877.00781235479, 30.15732603890, 4.12500003222, 0.00000000000, 0.00000000349, 0.00000004580
247, 50.00000000000, 891.05650077510, 63.55727310674, 4.12500003222, 0.00000000000, -0.00000000437, -0.00000002526
248, 50.00000000000, 903.13099040103, 27.50335501376, 4.12500003222, 0.00000000000, -0.00000000372, -0.00000000108
249, 50.00000000000, 917.62967342682, 47.99512891748, 4.12500003222, 0.00000000000, -0.00000000416, -0.00000000215
250, 50.00000000000, 74.52677280433, 62.05524266040, 4.12500003222, 0.00000000000, -0.00000000067, 0.00000000166
251, 50.00000000000, 88.65509380401, 62.46826064602, 4.12500003222, 0.00000000000, -0.00000000326, 0.00000000145
252, 50.00000000000, 105.05701468844, 68.23126313685, 4.12500003222, 0.00000000000, -0.00000000054, 0.00000000205
253, 50.00000000000, 122.84309941640, 69.56339844698, 4.12500003222, 0.00000000000, -0.00000000347, 0.00000000913
254, 50.00000000000, 136.93151812986, 58.56488088103, 4.12500003222, 0.00000000000, -0.00000000430, -0.00000000075
255, 50.00000000000, 149.07514579457, 55.40323638997, 4.12500003222, 0.00000000000, -0.00000000991, 0.00000002508
256, 50.00000000000, 161.90670530144, 61.61501196019, 4.12500003222, 0.00000000000, -0.00000000208, 0.00000002905
257, 50.00000000000, 179.65632758053, 62.38084038141, 4.12500003222, 0.00000000000, -0.00000000031, 0.00000001285
258, 50.00000000000, 199.76029867131, 76.17407678400, 4.12500003222, 0.00000000000, 0.00000000023, 0.00000000404
259, 50.00000000000, 216.15886746982, 33.73603059112, 4.12500003222, 0.00000000000, 0.00000000737, -0.00000000249
260, 50.00000000000, 218.38896730880, 65.87310460554, 4.12500003222, 0.00000000000, -0.00000001176, -0.00000001644
261, 50.00000000000, 250.67927951673, 54.50242675463, 4.12500003222, 0.00000000000, -0.00000000199, 0.00000001850
262, 50.00000000000, 266.89002559087, 55.54012958423, 4.12500003222, 0.00000000000, 0.00000000252, -0.00000000675
263, 50.00000000000, 282.30857324477, 67.21242762715, 4.12500003222, 0.00000000000, -0.00000000468, -0.00000001042
264, 50.00000000000, 284.71024981908, 119.14444372424, 4.12500003222, 0.00000000000, 0.00000000000, 0.00000000000
265, 50.00000000000, 319.48436988864, 61.91226760135, 4.12500003222, 0.00000000000, 0.00000000448, -0.00000002983
266, 50.00000000000, 343.90722470049, 68.86214716114, 4.12500003222, 0.00000000000, 0.00000000947, 0.00000001099
267, 50.00000000000, 355.78015703642, 83.58678172708, 4.12500003222, 0.00000000000, -0.00000000485, -0.00000002186
268, 50.00000000000, 380.17744575510, 85.64124969783, 4.12500003222, 0.00000000000, -0.00000000525, 0.00000000580
269, 50.00000000000, 366.32850313668, 96.46688486592, 4.12500003222, 0.00000000000, 0.00000000848, -0.00000000969
270, 50.00000000000, 413.72433019802, 69.38320820376, 4.12500003222, 0.00000000000, -0.00000000370, -0.00000000208
271, 50.00000000000, 421.52027787180, 89.96654136378, 4.12500003222, 0.00000000000, 0.00000000047, 0.00000000205
272, 50.00000000000, 445.09784613524, 85.76909205646, 4.12500003222, 0.00000000000, -0.00000000028, 0.00000000216
273, 50.00000000000, 459.67910953550, 87.33924683037, 4.12500003222, 0.00000000000, 0.00000000326, -0.00000001081
274, 50.00000000000, 454.17497394938, 105.26480292341, 4.12500003222, 0.00000000000, -0.00000000122, 0.00000000297
275, 50.00000000000, 494.43478013227, 79.65063965474, 4.12500003222, 0.00000000000, -0.00000000140, 0.00000001896
276, 50.00000000000, 509.86254030069, 67.58917583976, 4.12500003222, 0.00000000000, 0.00000000034, 0.00000000402
277, 50.00000000000, 528.45352798410, 67.48847759334, 4.12500003222, 0.00000000000, 0.00000001053, 0.00000002798
278, 50.00000000000, 546.06248576893, 72.15848461716, 4.12500003222, 0.00000000000, 0.00000000211, -0.00000000750
279, 50.00000000000, 561.89466366353, 89.08604789253, 4.12500003222, 0.00000000000, -0.00000000076, -0.00000001253
280, 50.00000000000, 579.49199038313, 73.70594616582, 4.12500003222, 0.00000000000, -0.00000000722, -0.00000000845
281, 50.00000000000, 600.58819051616, 67.29478754155, 4.12500003222, 0.00000000000, -0.00000000183, 0.00000000347
282, 50.00000000000, 631.48405717592, 90.85282446633, 4.12500003222, 0.00000000000, 0.00000000056, 0.00000000561
283, 50.00000000000, 644.27755498696, 78.68663556931, 4.12500003222, 0.00000000000, -0.00000000166, 0.00000000863
284, 50.00000000000, 658.84162205137, 72.12751866219, 4.12500003222, 0.00000000000, -0.00000000268, -0.00000000514
285, 50.00000000000, 680.88820958889, 83.00198444431, 4.12500003222, 0.00000000000, 0.00000001357, 0.00000001693
286, 50.00000000000, 690.78732785001, 44.54731604656, 4.12500003222, 0.00000000000, -0.00000000150, 0.00000000822
287, 50.00000000000, 714.37911224092, 76.68489791702, 4.12500003222, 0.00000000000, -0.00000000070, -0.00000001527
288, 50.00000000000, 730.96399462575, 70.81066045301, 4.12500003222, 0.00000000000, -0.00000000572, -0.00000000503
289, 50.00000000000, 746.38735236268, 74.31648924639, 4.12500003222, 0.00000000000, -0.00000000103, 0.00000000491
290, 50.00000000000, 807.44046159428, 95.46566674283, 4.12500003222, 0.00000000000, -0.00000000130, 0.00000000579
291, 50.00000000000, 788.36770838321, 93.01552736358, 4.12500003222, 0.00000000000, 0.00000000159, -0.00000000212
292, 50.00000000000, 806.88478158767, 77.73242403522, 4.12500003222, 0.00000000000, 0.00000000268, 0.00000001669
293, 50.00000000000, 852.50831600689, 145.45627874955, 4.12500003222, 0.00000000000, 0.00000000000, 0.00000000000
294, 50.00000000000, 842.99868792490, 66.69281802634, 4.12500003222, 0.00000000000, -0.00000000198, 0.00000001318
295, 50.00000000000, 858.13908426289, 60.52166470545, 4.12500003222, 0.00000000000, 0.00000000175, -0.00000003023
296, 50.00000000000, 875.13328245011, 44.69729254415, 4.12500003222, 0.00000000000, -0.00000000084, 0.00000000489
297, 50.00000000000, 892.48241421689, 49.83418261045, 4.12500003222, 0.00000000000, 0.00000000447, -0.00000001770
298, 50.00000000000, 949.21303314926, 96.60192994859, 4.12500003222, 0.00000000000, -0.00000000000, -0.00000000001
299, 50.00000000000, 939.78819989620, 78.25120493826, 4.12500003222, 0.00000000000, 0.00000000145, 0.00000000205
