0, 50.00000000000, 58.63205720057, 9.51077951080, 4.12500003222, 0.00000000000, -0.00000000001, 0.00000000096
1, 50.00000000000, 82.22859344801, 4.75979780010, 4.12500003222, 0.00000000000, -0.00000000530, 0.00000000888
2, 50.00000000000, 95.60025981503, 14.06069877151, 4.12500003222, 0.00000000000, -0.00000000662, 0.00000001668
3, 50.00000000000, 107.63302465454, 21.44987878918, 4.12500003222, 0.00000000000, 0.00000000102, -0.00000000752
4, 50.00000000000, 120.62777986376, 21.84697867551, 4.12500003222, 0.00000000000, -0.00000000123, -0.00000001068
5, 50.00000000000, 142.67747290595, 16.74056045725, 4.12500003222, 0.00000000000, -0.00000000845, 0.00000000498
6, 50.00000000000, 154.39442218517, 8.72770785632, 4.12500003222, 0.00000000000, -0.00000000455, -0.00000002401
7, 50.00000000000, 176.04333539964, 5.30988486093, 4.12500003222, 0.00000000000, -0.00000000864, -0.00000000752
8, 50.00000000000, 189.31968086048, 25.75311583479, 4.12500003222, 0.00000000000, 0.00000000860, 0.00000001391
9, 50.00000000000, 211.91057167945, 13.72435688024, 4.12500003222, 0.00000000000, 0.00000000520, -0.00000000620
10, 50.00000000000, 206.71070240119, -30000000.00000000000, 0.00000000000, 0.00000000000, 0.00000087956, 0.66000001198
11, 50.00000000000, 247.26368576803, 40.90386612870, 4.12500003222, 0.00000000000, 0.00000000100, 0.00000000915
12, 50.00000000000, 246.46910967038, -30000000.00000000000, 0.00000000000, 0.00000000000, 0.00000017036, 0.66000001198
13, 50.00000000000, 286.69945835479, 41.18950711615, 4.12500003222, 0.00000000000, -0.00000000296, 0.00000002506
14, 50.00000000000, 281.01780575786, -30000000.00000000000, 0.00000000000, 0.00000000000, -0.00000006004, 0.66000001198
15, 50.00000000000, 305.92814911966, -30000000.00000000000, 0.00000000000, 0.00000000000, 0.00000020941, 0.66000001198
16, 50.00000000000, 323.72343021081, -30000000.00000000000, 0.00000000000, 0.00000000000, 0.00000044404, 0.66000001198
17, 50.00000000000, 347.17121621749, -30000000.00000000000, 0.00000000000, 0.00000000000, -0.00000100876, 0.66000001198
18, 50.00000000000, 363.52250604956, -30000000.00000000000, 0.00000000000, 0.00000000000, -0.00000009560, 0.66000001198
19, 50.00000000000, 382.96569873142, -30000000.00000000000, 0.00000000000, 0.00000000000, 0.00000011303, 0.66000001198
20, 50.00000000000, 402.10640506588, -30000000.00000000000, 0.00000000000, 0.00000000000, -0.00000028278, 0.66000001198
21, 50.00000000000, 418.09189912130, -30000000.00000000000, 0.00000000000, 0.00000000000, 0.00000114022, 0.66000001198
22, 50.00000000000, 442.15296664116, -30000000.00000000000, 0.00000000000, 0.00000000000, -0.00000007076, 0.66000001198
23, 50.00000000000, 451.04822739488, 50.37588797982, 4.12500003222, 0.00000000000, 0.00000000502, 0.00000000580
24, 50.00000000000, 483.29376974096, -30000000.00000000000, 0.00000000000, 0.00000000000, -0.00000051383, 0.66000001198
25, 50.00000000000, 499.09102313296, -30000000.00000000000, 0.00000000000, 0.00000000000, -0.00000009625, 0.66000001198
26, 50.00000000000, 518.58745735769, -30000000.00000000000, 0.00000000000, 0.00000000000, 0.00000001693, 0.66000001198
27, 50.00000000000, 536.59760674207, -30000000.00000000000, 0.00000000000, 0.00000000000, 0.00000064421, 0.66000001198
28, 50.00000000000, 552.64716197540, -30000000.00000000000, 0.00000000000, 0.00000000000, 0.00000070065, 0.66000001198
29, 50.00000000000, 576.76751586459, -30000000.00000000000, 0.00000000000, 0.00000000000, 0.00000015645, 0.66000001198
30, 50.00000000000, 596.12779459762, -30000000.00000000000, 0.00000000000, 0.00000000000, 0.00000000926, 0.66000001198
31, 50.00000000000, 613.31959371112, -30000000.00000000000, 0.00000000000, 0.00000000000, 0.00000014406, 0.66000001198
32, 50.00000000000, 633.33360610459, -30000000.00000000000, 0.00000000000, 0.00000000000, 0.00000078012, 0.66000001198
33, 50.00000000000, 656.16883094940, -30000000.00000000000, 0.00000000000, 0.00000000000, -0.00000001164, 0.66000001198
34, 50.00000000000, 676.28395196806, -30000000.00000000000, 0.00000000000, 0.00000000000, -0.00000093875, 0.66000001198
35, 50.00000000000, 672.54394673259, 35.36629251115, 4.12500003222, 0.00000000000, -0.00000001054, 0.00000002928
36, 50.00000000000, 722.94796399141, -30000000.00000000000, 0.00000000000, 0.00000000000, -0.00000028270, 0.66000001198
37, 50.00000000000, 737.13148986662, -30000000.00000000000, 0.00000000000, 0.00000000000, -0.00000037836, 0.66000001198
38, 50.00000000000, 754.42134982463, -30000000.00000000000, 0.00000000000, 0.00000000000, 0.00000002162, 0.66000001198
39, 50.00000000000, 772.91625638197, -30000000.00000000000, 0.00000000000, 0.00000000000, -0.00000063901, 0.66000001198
40, 50.00000000000, 793.89304943723, -30000000.00000000000, 0.00000000000, 0.00000000000, -0.00000125473, 0.66000001198
41, 50.00000000000, 790.65678938830, 10.73265952487, 4.12500003222, 0.00000000000, -0.00000000059, 0.00000000713
42, 50.00000000000, 810.62836385821, 7.28730200421, 4.12500003222, 0.00000000000, 0.00000000122, -0.00000001373
43, 50.00000000000, 827.75397595182, 11.42094685051, 4.12500003222, 0.00000000000, 0.00000000137, 0.00000000257
44, 50.00000000000, 844.80454761463, 13.47108934882, 4.12500003222, 0.00000000000, 0.00000000361, -0.00000000828
45, 50.00000000000, 855.80170838695, 22.91964165777, 4.12500003222, 0.00000000000, -0.00000000021, -0.00000002108
46, 50.00000000000, 868.13334713149, 24.61212627672, 4.12500003222, 0.00000000000, 0.00000000261, 0.00000001466
47, 50.00000000000, 909.87924697745, 8.36707184943, 4.12500003222, 0.00000000000, -0.00000000638, 0.00000002671
48, 50.00000000000, 899.51159016785, 15.67150973735, 4.12500003222, 0.00000000000, 0.00000000050, 0.00000003893
49, 50.00000000000, 924.79854377356, 11.89162943783, 4.12500003222, 0.00000000000, 0.00000000117, -0.00000000271
50, 50.00000000000, 62.44566341822, 74.94822635055, 4.12500003222, 0.00000000000, 0.00000002208, -0.00000003675
51, 50.00000000000, 87.38681704868, 23.78097556385, 4.12500003222, 0.00000000000, 0.00000000599, 0.00000000556
52, 50.00000000000, 87.59752880531, 37.30524265081, 4.12500003222, 0.00000000000, 0.00000000573, -0.00000005843
53, 50.00000000000, 105.31283301800, 7.12843218718, 4.12500003222, 0.00000000000, 0.00000000666, 0.00000000698
54, 50.00000000000, 126.77650560635, 45.77825940520, 4.12500003222, 0.00000000000, -0.00000001422, 0.00000004624
55, 50.00000000000, 145.19945750343, 29.13177758269, 4.12500003222, 0.00000000000, -0.00000000176, 0.00000001812
56, 50.00000000000, 156.99487619297, 22.93743109506, 4.12500003222, 0.00000000000, -0.00000000899, 0.00000002055
57, 50.00000000000, 166.87108052076, 15.00032728701, 4.12500003222, 0.00000000000, -0.00000001012, -0.00000002090
58, 50.00000000000, 188.21029748741, 13.72478506705, 4.12500003222, 0.00000000000, 0.00000000612, 0.00000002340
59, 50.00000000000, 199.15371479168, 5.04080934887, 4.12500003222, 0.00000000000, 0.00000000898, -0.00000001900
60, 50.00000000000, 229.15711409920, 42.67340334191, 4.12500003222, 0.00000000000, 0.00000001046, -0.00000001105
61, 50.00000000000, 230.93904857491, -30000000.00000000000, 0.00000000000, 0.00000000000, 0.00000060815, 0.66000001198
62, 50.00000000000, 245.34131653847, -30000000.00000000000, 0.00000000000, 0.00000000000, 0.00000031777, 0.66000001198
63, 50.00000000000, 264.20401585808, -30000000.00000000000, 0.00000000000, 0.00000000000, 0.00000002861, 0.66000001198
64, 50.00000000000, 286.93896956093, -30000000.00000000000, 0.00000000000, 0.00000000000, -0.00000090976, 0.66000001198
65, 50.00000000000, 303.96891950780, -30000000.00000000000, 0.00000000000, 0.00000000000, 0.00000046470, 0.66000001198
66, 50.00000000000, 323.79833509247, -30000000.00000000000, 0.00000000000, 0.00000000000, 0.00000043420, 0.66000001198
67, 50.00000000000, 345.47480123277, 42.60284449701, 4.12500003222, 0.00000000000, -0.00000000102, 0.00000001298
68, 50.00000000000, 365.95463268902, 43.60108957116, 4.12500003222, 0.00000000000, -0.00000000525, 0.00000000534
69, 50.00000000000, 380.19971083091, -30000000.00000000000, 0.00000000000, 0.00000000000, -0.00000019826, 0.66000001198
70, 50.00000000000, 409.72951379790, -30000000.00000000000, 0.00000000000, 0.00000000000, -0.00000018709, 0.66000001198
71, 50.00000000000, 425.99956612134, -30000000.00000000000, 0.00000000000, 0.00000000000, -0.00000007260, 0.66000001198
72, 50.00000000000, 436.71914270712, -30000000.00000000000, 0.00000000000, 0.00000000000, 0.00000008220, 0.66000001198
73, 50.00000000000, 462.82317050449, -30000000.00000000000, 0.00000000000, 0.00000000000, -0.00000082731, 0.66000001198
74, 50.00000000000, 472.13468650666, -30000000.00000000000, 0.00000000000, 0.00000000000, 0.00000037566, 0.66000001198
75, 50.00000000000, 494.79562887508, 59.13638454415, 4.12500003222, 0.00000000000, -0.00000001173, 0.00000001044
76, 50.00000000000, 508.79089966275, 41.22417809865, 4.12500003222, 0.00000000000, 0.00000000134, -0.00000000684
77, 50.00000000000, 541.64750229955, -30000000.00000000000, 0.00000000000, 0.00000000000, -0.00000007777, 0.66000001198
78, 50.00000000000, 558.97584360934, -30000000.00000000000, 0.00000000000, 0.00000000000, -0.00000021115, 0.66000001198
79, 50.00000000000, 557.74280013263, 35.99100946705, 4.12500003222, 0.00000000000, -0.00000000012, -0.00000001736
80, 50.00000000000, 598.84511977742, -30000000.00000000000, 0.00000000000, 0.00000000000, -0.00000030277, 0.66000001198
81, 50.00000000000, 593.32049685074, 35.66758191573, 4.12500003222, 0.00000000000, -0.00000000442, 0.00000000817
82, 50.00000000000, 640.16209873988, -30000000.00000000000, 0.00000000000, 0.00000000000, -0.00000023712, 0.66000001198
83, 50.00000000000, 658.09058610334, -30000000.00000000000, 0.00000000000, 0.00000000000, -0.00000025577, 0.66000001198
84, 50.00000000000, 675.93587475679, -30000000.00000000000, 0.00000000000, 0.00000000000, -0.00000090450, 0.66000001198
85, 50.00000000000, 695.72906038109, -30000000.00000000000, 0.00000000000, 0.00000000000, 0.00000043965, 0.66000001198
86, 50.00000000000, 709.72031357924, -30000000.00000000000, 0.00000000000, 0.00000000000, 0.00000104770, 0.66000001198
87, 50.00000000000, 729.38021746501, -30000000.00000000000, 0.00000000000, 0.00000000000, 0.00000112308, 0.66000001198
88, 50.00000000000, 753.80886902424, -30000000.00000000000, 0.00000000000, 0.00000000000, 0.00000011717, 0.66000001198
89, 50.00000000000, 780.34340571388, -30000000.00000000000, 0.00000000000, 0.00000000000, -0.00000173606, 0.66000001198
90, 50.00000000000, 789.83499611029, 33.72358896551, 4.12500003222, 0.00000000000, -0.00000000092, 0.00000000438
91, 50.00000000000, 781.64817610835, 46.59544686943, 4.12500003222, 0.00000000000, -0.00000000166, 0.00000000716
92, 50.00000000000, 806.96344092167, 23.01091938539, 4.12500003222, 0.00000000000, -0.00000000165, 0.00000001510
93, 50.00000000000, 821.08232416731, 40.91038061746, 4.12500003222, 0.00000000000, -0.00000000509, 0.00000001984
94, 50.00000000000, 842.79354178390, 26.23117814130, 4.12500003222, 0.00000000000, 0.00000000258, 0.00000001090
95, 50.00000000000, 858.88941992580, 34.50681597595, 4.12500003222, 0.00000000000, 0.00000000958, -0.00000001278
96, 50.00000000000, 875.61872101736, 7.47537094161, 4.12500003222, 0.00000000000, -0.00000000262, -0.00000001208
97, 50.00000000000, 894.34243382777, 3.26553006094, 4.12500003222, 0.00000000000, -0.00000000620, -0.00000002233
98, 50.00000000000, 909.47849720422, 53.62479795298, 4.12500003222, 0.00000000000, 0.00000000455, 0.00000001717
99, 50.00000000000, 921.39471217085, 23.34976311879, 4.12500003222, 0.00000000000, -0.00000000365, 0.00000000389
100, 50.00000000000, 62.18037743661, 30.42081706388, 4.12500003222, 0.00000000000, 0.00000000102, 0.00000000651
101, 50.00000000000, 72.88995063925, 15.65247156222, 4.12500003222, 0.00000000000, 0.00000000018, -0.00000003402
102, 50.00000000000, 100.57108413488, 44.63270302126, 4.12500003222, 0.00000000000, 0.00000000192, -0.00000002124
103, 50.00000000000, 110.31310686724, 32.75847152890, 4.12500003222, 0.00000000000, -0.00000000484, -0.00000000760
104, 50.00000000000, 120.37520818866, 9.22918915766, 4.12500003222, 0.00000000000, -0.00000000060, -0.00000000347
105, 50.00000000000, 144.33028125899, 43.32777534465, 4.12500003222, 0.00000000000, -0.00000000129, -0.00000002596
106, 50.00000000000, 156.71788920970, 34.40907653093, 4.12500003222, 0.00000000000, -0.00000000351, 0.00000000918
107, 50.00000000000, 174.33201768757, 24.71706661215, 4.12500003222, 0.00000000000, 0.00000002014, 0.00000004657
108, 50.00000000000, 201.20815567086, 26.11388782216, 4.12500003222, 0.00000000000, 0.00000000309, 0.00000000339
109, 50.00000000000, 208.34196721519, 57.50705908830, 4.12500003222, 0.00000000000, -0.00000000279, 0.00000001317
110, 50.00000000000, 227.48974246355, 54.52755828012, 4.12500003222, 0.00000000000, 0.00000000569, 0.00000002785
111, 50.00000000000, 223.90921015652, -30000000.00000000000, 0.00000000000, 0.00000000000, 0.00000068316, 0.66000001198
112, 50.00000000000, 262.51775877574, 37.63565039464, 4.12500003222, 0.00000000000, -0.00000000470, 0.00000001300
113, 50.00000000000, 259.80288456252, -30000000.00000000000, 0.00000000000, 0.00000000000, -0.00000005872, 0.66000001198
114, 50.00000000000, 296.99659542968, 75.29780791473, 4.12500003222, 0.00000000000, 0.00000000226, -0.00000000918
115, 50.00000000000, 311.39114945110, 70.34047760898, 4.12500003222, 0.00000000000, 0.00000000319, -0.00000001173
116, 50.00000000000, 334.25686799717, 80.15572108050, 4.12500003222, 0.00000000000, 0.00000000049, -0.00000000600
117, 50.00000000000, 338.63840876450, -30000000.00000000000, 0.00000000000, 0.00000000000, 0.00000038043, 0.66000001198
118, 50.00000000000, 381.65687993546, 47.43652560225, 4.12500003222, 0.00000000000, -0.00000000208, 0.00000000738
119, 50.00000000000, 384.77256299119, -30000000.00000000000, 0.00000000000, 0.00000000000, -0.00000010104, 0.66000001198
120, 50.00000000000, 398.68452657281, 46.19714541914, 4.12500003222, 0.00000000000, 0.00000000599, 0.00000003389
121, 50.00000000000, 416.43287340138, 48.81400568547, 4.12500003222, 0.00000000000, -0.00000000269, -0.00000001371
122, 50.00000000000, 444.02323681238, -30000000.00000000000, 0.00000000000, 0.00000000000, 0.00000030412, 0.66000001198
123, 50.00000000000, 460.74429707122, -30000000.00000000000, 0.00000000000, 0.00000000000, -0.00000055371, 0.66000001198
124, 50.00000000000, 473.35770990011, 66.20320599767, 4.12500003222, 0.00000000000, -0.00000000534, -0.00000003238
125, 50.00000000000, 486.54059031330, 45.49481845432, 4.12500003222, 0.00000000000, -0.00000000131, 0.00000000442
126, 50.00000000000, 518.20205548560, -30000000.00000000000, 0.00000000000, 0.00000000000, 0.00000005498, 0.66000001198
127, 50.00000000000, 530.72485421598, 53.39589854544, 4.12500003222, 0.00000000000, -0.00000000134, -0.00000000292
128, 50.00000000000, 561.71951582202, -30000000.00000000000, 0.00000000000, 0.00000000000, -0.00000058232, 0.66000001198
129, 50.00000000000, 574.81426857285, -30000000.00000000000, 0.00000000000, 0.00000000000, 0.00000045874, 0.66000001198
130, 50.00000000000, 598.83834095813, -30000000.00000000000, 0.00000000000, 0.00000000000, -0.00000030203, 0.66000001198
131, 50.00000000000, 618.76516822212, -30000000.00000000000, 0.00000000000, 0.00000000000, -0.00000064609, 0.66000001198
132, 50.00000000000, 621.43279946502, 77.73173486013, 4.12500003222, 0.00000000000, 0.00000000244, 0.00000000669
133, 50.00000000000, 635.84844607240, 43.99748361952, 4.12500003222, 0.00000000000, 0.00000000192, 0.00000000048
134, 50.00000000000, 644.46855279273, 56.54971988261, 4.12500003222, 0.00000000000, 0.00000000125, -0.00000001610
135, 50.00000000000, 668.53988527758, 50.30267730350, 4.12500003222, 0.00000000000, -0.00000000317, -0.00000000342
136, 50.00000000000, 714.87535095783, -30000000.00000000000, 0.00000000000, 0.00000000000, 0.00000094674, 0.66000001198
137, 50.00000000000, 738.94379771234, -30000000.00000000000, 0.00000000000, 0.00000000000, -0.00000006769, 0.66000001198
138, 50.00000000000, 755.34966129912, -30000000.00000000000, 0.00000000000, 0.00000000000, -0.00000012378, 0.66000001198
139, 50.00000000000, 768.74581019571, -30000000.00000000000, 0.00000000000, 0.00000000000, -0.00000004339, 0.66000001198
140, 50.00000000000, 765.76605380568, 39.57462557390, 4.12500003222, 0.00000000000, 0.00000000165, -0.00000000025
141, 50.00000000000, 791.66787164601, 58.01620258083, 4.12500003222, 0.00000000000, 0.00000000488, -0.00000000166
142, 50.00000000000, 803.75509674862, 53.42544456566, 4.12500003222, 0.00000000000, -0.00000000325, 0.00000001694
143, 50.00000000000, 824.18552306882, 26.17779160640, 4.12500003222, 0.00000000000, -0.00000000039, -0.00000002040
144, 50.00000000000, 846.23273125274, 39.39674432793, 4.12500003222, 0.00000000000, 0.00000000659, -0.00000001610
145, 50.00000000000, 859.07713058971, 45.73354828036, 4.12500003222, 0.00000000000, -0.00000000207, 0.00000000342
146, 50.00000000000, 885.04390341492, 14.35868132558, 4.12500003222, 0.00000000000, 0.00000000623, 0.00000002195
147, 50.00000000000, 891.35994870528, 25.72095048091, 4.12500003222, 0.00000000000, 0.00000001228, -0.00000002687
148, 50.00000000000, 902.76797961612, 39.65098042974, 4.12500003222, 0.00000000000, 0.00000000267, -0.00000003060
149, 50.00000000000, 928.61261176728, 36.35770675778, 4.12500003222, 0.00000000000, -0.00000000171, -0.00000001623
150, 50.00000000000, 75.80818500878, 41.49440540383, 4.12500003222, 0.00000000000, 0.00000000070, 0.00000000584
151, 50.00000000000, 75.37925670031, 27.27155624099, 4.12500003222, 0.00000000000, 0.00000000863, 0.00000002589
152, 50.00000000000, 98.50724094495, 31.06212988885, 4.12500003222, 0.00000000000, -0.00000000773, 0.00000002081
153, 50.00000000000, 121.13898788338, 55.76700030917, 4.12500003222, 0.00000000000, 0.00000000112, -0.00000001605
154, 50.00000000000, 135.47760805009, 37.57583174324, 4.12500003222, 0.00000000000, 0.00000001822, -0.00000001336
155, 50.00000000000, 137.19477716674, 5.65019787360, 4.12500003222, 0.00000000000, -0.00000000276, -0.00000001056
156, 50.00000000000, 167.81144365721, 38.83772241349, 4.12500003222, 0.00000000000, 0.00000000172, 0.00000000420
157, 50.00000000000, 179.93823476758, 35.92461409729, 4.12500003222, 0.00000000000, 0.00000000299, 0.00000001069
158, 50.00000000000, 192.05443148073, 40.30303915369, 4.12500003222, 0.00000000000, -0.00000000834, -0.00000001145
159, 50.00000000000, 215.37918733566, 46.11391714464, 4.12500003222, 0.00000000000, 0.00000000058, 0.00000002081
160, 50.00000000000, 221.00270328258, 79.46593299151, 4.12500003222, 0.00000000000, -0.00000000273, -0.00000001851
161, 50.00000000000, 241.64599301489, 63.75516642541, 4.12500003222, 0.00000000000, 0.00000000937, -0.00000001025
162, 50.00000000000, 272.13379577972, 44.13864907864, 4.12500003222, 0.00000000000, 0.00000000304, 0.00000001601
163, 50.00000000000, 263.37702583369, -30000000.00000000000, 0.00000000000, 0.00000000000, 0.00000012629, 0.66000001198
164, 50.00000000000, 299.41090200201, 62.68889024482, 4.12500003222, 0.00000000000, 0.00000000737, -0.00000000161
165, 50.00000000000, 322.11318586452, 75.86467161090, 4.12500003222, 0.00000000000, -0.00000000364, -0.00000001505
166, 50.00000000000, 325.60232306399, -30000000.00000000000, 0.00000000000, 0.00000000000, 0.00000019000, 0.66000001198
167, 50.00000000000, 343.61030678974, -30000000.00000000000, 0.00000000000, 0.00000000000, -0.00000043920, 0.66000001198
168, 50.00000000000, 361.75116165086, -30000000.00000000000, 0.00000000000, 0.00000000000, 0.00000017802, 0.66000001198
169, 50.00000000000, 391.77106189928, 69.37173688257, 4.12500003222, 0.00000000000, -0.00000000557, 0.00000001194
170, 50.00000000000, 403.72983380172, 82.88931668762, 4.12500003222, 0.00000000000, -0.00000000197, -0.00000000857
171, 50.00000000000, 429.65073494532, 55.97400616457, 4.12500003222, 0.00000000000, -0.00000000411, -0.00000000597
172, 50.00000000000, 438.63819159521, 71.97714545682, 4.12500003222, 0.00000000000, 0.00000000533, -0.00000000353
173, 50.00000000000, 461.43521447608, 68.08170061730, 4.12500003222, 0.00000000000, -0.00000000189, 0.00000001978
174, 50.00000000000, 472.49017636679, 52.99231405774, 4.12500003222, 0.00000000000, 0.00000000333, 0.00000000945
175, 50.00000000000, 497.79357293340, -30000000.00000000000, 0.00000000000, 0.00000000000, 0.00000003756, 0.66000001198
176, 50.00000000000, 506.45013457958, 56.04893763788, 4.12500003222, 0.00000000000, 0.00000000488, 0.00000000254
177, 50.00000000000, 525.81950608232, 40.08387417220, 4.12500003222, 0.00000000000, -0.00000000545, 0.00000000890
178, 50.00000000000, 545.65726368394, 56.60808593345, 4.12500003222, 0.00000000000, 0.00000000047, 0.00000001388
179, 50.00000000000, 564.05118030219, 69.24725468825, 4.12500003222, 0.00000000000, -0.00000000016, -0.00000001413
180, 50.00000000000, 578.69648688348, 37.84113098529, 4.12500003222, 0.00000000000, -0.00000000079, -0.00000001712
181, 50.00000000000, 599.69570701472, 23.11837584989, 4.12500003222, 0.00000000000, 0.00000000034, -0.00000001026
182, 50.00000000000, 615.67661918499, 35.54109144866, 4.12500003222, 0.00000000000, 0.00000000068, 0.00000000138
183, 50.00000000000, 635.84803826424, 67.94104143394, 4.12500003222, 0.00000000000, 0.00000000296, 0.00000001244
184, 50.00000000000, 657.41852499118, 57.57320100319, 4.12500003222, 0.00000000000, 0.00000000201, -0.00000003111
185, 50.00000000000, 681.04318786937, 57.94156396803, 4.12500003222, 0.00000000000, 0.00000000414, -0.00000000102
186, 50.00000000000, 696.55508348957, 60.93248762246, 4.12500003222, 0.00000000000, -0.00000000522, 0.00000000193
187, 50.00000000000, 710.32933459195, 41.38786024960, 4.12500003222, 0.00000000000, 0.00000000185, -0.00000000013
188, 50.00000000000, 729.83854577810, 53.15085619540, 4.12500003222, 0.00000000000, -0.00000000185, 0.00000001371
189, 50.00000000000, 745.63390540445, 47.27036385426, 4.12500003222, 0.00000000000, 0.00000000389, -0.00000002364
190, 50.00000000000, 774.99090881438, 23.97501369465, 4.12500003222, 0.00000000000, -0.00000000265, -0.00000000034
191, 50.00000000000, 784.67665736301, 69.90810572086, 4.12500003222, 0.00000000000, 0.00000000638, 0.00000000415
192, 50.00000000000, 805.15630137243, 39.96978826915, 4.12500003222, 0.00000000000, -0.00000000225, -0.00000003078
193, 50.00000000000, 826.26463329231, 51.29443367102, 4.12500003222, 0.00000000000, 0.00000000143, 0.00000002203
194, 50.00000000000, 841.72048415322, 51.05064743592, 4.12500003222, 0.00000000000, -0.00000000597, 0.00000003699
195, 50.00000000000, 861.79368133746, 10.20041711827, 4.12500003222, 0.00000000000, -0.00000000612, -0.00000000427
196, 50.00000000000, 877.36363580961, 57.73971086103, 4.12500003222, 0.00000000000, -0.00000000430, 0.00000002838
197, 50.00000000000, 889.75315562274, 38.66648129721, 4.12500003222, 0.00000000000, -0.00000000239, -0.00000004056
198, 50.00000000000, 913.53778184264, 33.33998671815, 4.12500003222, 0.00000000000, 0.00000000248, 0.00000000370
199, 50.00000000000, 932.30968091773, 58.84157402188, 4.12500003222, 0.00000000000, 0.00000000267, 0.00000000812
200, 50.00000000000, 64.48936401597, 49.29147064908, 4.12500003222, 0.00000000000, -0.00000000267, 0.00000000380
201, 50.00000000000, 88.91405086937, 49.06425365490, 4.12500003222, 0.00000000000, 0.00000000169, -0.00000000584
202, 50.00000000000, 106.37097532614, 55.34722601398, 4.12500003222, 0.00000000000, 0.00000000746, -0.00000002514
203, 50.00000000000, 112.47591244304, 45.24207888457, 4.12500003222, 0.00000000000, 0.00000000194, 0.00000003665
204, 50.00000000000, 122.74941360150, 34.87158622250, 4.12500003222, 0.00000000000, -0.00000000096, 0.00000002031
205, 50.00000000000, 133.02250532682, 23.12402403673, 4.12500003222, 0.00000000000, 0.00000000175, -0.00000001458
206, 50.00000000000, 159.52263367584, 46.63441350374, 4.12500003222, 0.00000000000, 0.00000001354, 0.00000000229
207, 50.00000000000, 178.74854771821, 47.99814348133, 4.12500003222, 0.00000000000, 0.00000000065, 0.00000001696
208, 50.00000000000, 193.63391737836, 57.33626363954, 4.12500003222, 0.00000000000, -0.00000000147, -0.00000001988
209, 50.00000000000, 203.57385122417, 43.77017887969, 4.12500003222, 0.00000000000, -0.00000000278, 0.00000001670
210, 50.00000000000, 229.37628101152, 66.83626115281, 4.12500003222, 0.00000000000, -0.00000000213, -0.00000000793
211, 50.00000000000, 239.69280319204, 78.22830792136, 4.12500003222, 0.00000000000, -0.00000000278, -0.00000004236
212, 50.00000000000, 259.37177691729, 64.45199864015, 4.12500003222, 0.00000000000, -0.00000000527, 0.00000000391
213, 50.00000000000, 282.22566581011, 54.49636185056, 4.12500003222, 0.00000000000, -0.00000000912, -0.00000001326
214, 50.00000000000, 300.90896449586, 49.75724721642, 4.12500003222, 0.00000000000, -0.00000000349, 0.00000001231
215, 50.00000000000, 310.67540597898, 85.05810242997, 4.12500003222, 0.00000000000, -0.00000001260, 0.00000003393
216, 50.00000000000, 332.91700701251, 56.48161594055, 4.12500003222, 0.00000000000, 0.00000000671, -0.00000000383
217, 50.00000000000, 357.55314063227, 56.76661007259, 4.12500003222, 0.00000000000, -0.00000000035, -0.00000001253
218, 50.00000000000, 367.85477426719, 68.32709854324, 4.12500003222, 0.00000000000, -0.00000000054, 0.00000002524
219, 50.00000000000, 380.36251428500, 60.93126930146, 4.12500003222, 0.00000000000, -0.00000000167, -0.00000000308
220, 50.00000000000, 403.58138192420, 60.08794419584, 4.12500003222, 0.00000000000, -0.00000000421, -0.00000003814
221, 50.00000000000, 425.47509514697, 72.85992410959, 4.12500003222, 0.00000000000, 0.00000000133, -0.00000000661
222, 50.00000000000, 436.51236657414, 94.68793288161, 4.12500003222, 0.00000000000, -0.00000000322, 0.00000002490
223, 50.00000000000, 449.47760906575, 63.51998070113, 4.12500003222, 0.00000000000, -0.00000000353, 0.00000001949
224, 50.00000000000, 463.58941205675, 43.61973150550, 4.12500003222, 0.00000000000, 0.00000000751, -0.00000000438
225, 50.00000000000, 486.69119706183, 70.08040869382, 4.12500003222, 0.00000000000, -0.00000000629, -0.00000004063
226, 50.00000000000, 510.48405320145, 78.80916154217, 4.12500003222, 0.00000000000, 0.00000000280, 0.00000003136
227, 50.00000000000, 519.65548030562, 55.67783796765, 4.12500003222, 0.00000000000, 0.00000000117, -0.00000002852
228, 50.00000000000, 542.13345130021, 44.22136600836, 4.12500003222, 0.00000000000, -0.00000000584, -0.00000000040
229, 50.00000000000, 564.03765635115, 52.12115575665, 4.12500003222, 0.00000000000, 0.00000000353, 0.00000006078
230, 50.00000000000, 582.98802939300, 55.51872025212, 4.12500003222, 0.00000000000, 0.00000000058, -0.00000000011
231, 50.00000000000, 601.08994659185, 48.32538569928, 4.12500003222, 0.00000000000, 0.00000000752, 0.00000000509
232, 50.00000000000, 621.10936869617, 56.61487539853, 4.12500003222, 0.00000000000, 0.00000000044, -0.00000000424
233, 50.00000000000, 651.29416926852, -30000000.00000000000, 0.00000000000, 0.00000000000, 0.00000064248, 0.66000001198
234, 50.00000000000, 653.37638473674, 36.51088372132, 4.12500003222, 0.00000000000, -0.00000000107, 0.00000000313
235, 50.00000000000, 675.53401211194, 71.08566543363, 4.12500003222, 0.00000000000, 0.00000000783, -0.00000000227
236, 50.00000000000, 698.25083944989, 75.83712210997, 4.12500003222, 0.00000000000, -0.00000000490, 0.00000001789
237, 50.00000000000, 712.24863810172, 57.79352100378, 4.12500003222, 0.00000000000, -0.00000000469, -0.00000001750
238, 50.00000000000, 733.62192219099, 88.08274963407, 4.12500003222, 0.00000000000, 0.00000000098, -0.00000000230
239, 50.00000000000, 753.35818224149, 58.46031828376, 4.12500003222, 0.00000000000, 0.00000000305, -0.00000000250
240, 50.00000000000, 768.44474554794, 59.50632634083, 4.12500003222, 0.00000000000, 0.00000000127, -0.00000000825
241, 50.00000000000, 796.03615270745, 76.20505716012, 4.12500003222, 0.00000000000, -0.00000000112, 0.00000000333
242, 50.00000000000, 810.01357144572, 63.13256221777, 4.12500003222, 0.00000000000, -0.00000000172, 0.00000000391
243, 50.00000000000, 825.59872350634, 65.74249605601, 4.12500003222, 0.00000000000, -0.00000000054, 0.00000000658
244, 50.00000000000, 835.12526316737, 35.57533828206, 4.12500003222, 0.00000000000, -0.00000000279, -0.00000001498
245, 50.00000000000, 864.99720558539, 76.90978696896, 4.12500003222, 0.00000000000, -0.00000000152, -0.00000000727
246, 50.00000000000, 878.87674735845, 31.05334272153, 4.12500003222, 0.00000000000, 0.00000000188, -0.00000000705
247, 50.00000000000, 893.42748814513, 63.14142097953, 4.12500003222, 0.00000000000, 0.00000000100, 0.00000002533
248, 50.00000000000, 904.97265963715, 27.18524610719, 4.12500003222, 0.00000000000, -0.00000001061, 0.00000002352
249, 50.00000000000, 919.84256099279, 46.81468073782, 4.12500003222, 0.00000000000, 0.00000000525, 0.00000000248
250, 50.00000000000, 70.43139235907, 62.05311058699, 4.12500003222, 0.00000000000, -0.00000001219, 0.00000002285
251, 50.00000000000, 84.54098629117, 61.91964318923, 4.12500003222, 0.00000000000, -0.00000000862, 0.00000004128
252, 50.00000000000, 100.80454089231, 68.45480227545, 4.12500003222, 0.00000000000, 0.00000000641, -0.00000002734
253, 50.00000000000, 117.97846603320, 70.06123407568, 4.12500003222, 0.00000000000, 0.00000000443, -0.00000000043
254, 50.00000000000, 132.19405783703, 59.97130780097, 4.12500003222, 0.00000000000, -0.00000001444, -0.00000001751
255, 50.00000000000, 146.58541404775, 55.42600386450, 4.12500003222, 0.00000000000, 0.00000000229, 0.00000001114
256, 50.00000000000, 161.37648688356, 60.99813085785, 4.12500003222, 0.00000000000, -0.00000000187, -0.00000000335
257, 50.00000000000, 178.18363294563, 61.72565331692, 4.12500003222, 0.00000000000, -0.00000000132, -0.00000001364
258, 50.00000000000, 197.93841109146, 74.96836421832, 4.12500003222, 0.00000000000, 0.00000000325, 0.00000000581
259, 50.00000000000, 214.64134287596, 32.85649799461, 4.12500003222, 0.00000000000, -0.00000000236, -0.00000004197
260, 50.00000000000, 216.77302597914, 65.39597248450, 4.12500003222, 0.00000000000, 0.00000000016, 0.00000000806
261, 50.00000000000, 249.04630812755, 53.09982070562, 4.12500003222, 0.00000000000, -0.00000001047, 0.00000001806
262, 50.00000000000, 265.44291171520, 54.64485478874, 4.12500003222, 0.00000000000, 0.00000000787, -0.00000001026
263, 50.00000000000, 281.50723652420, 67.07080493850, 4.12500003222, 0.00000000000, 0.00000000116, -0.00000002569
264, 50.00000000000, 284.71024981908, 135.43063579640, 4.12500003222, 0.00000000000, 0.00000000000, 0.00000000000
265, 50.00000000000, 318.99461933117, 60.62506052795, 4.12500003222, 0.00000000000, 0.00000000561, -0.00000001137
266, 50.00000000000, 343.74082620610, 66.50724944254, 4.12500003222, 0.00000000000, 0.00000000043, 0.00000000707
267, 50.00000000000, 355.75312970180, 80.44553664811, 4.12500003222, 0.00000000000, -0.00000000045, -0.00000002274
268, 50.00000000000, 380.14233200525, 82.79627686280, 4.12500003222, 0.00000000000, 0.00000000035, -0.00000000531
269, 50.00000000000, 366.63159990018, 93.64632792775, 4.12500003222, 0.00000000000, 0.00000000325, -0.00000000302
270, 50.00000000000, 413.84033231204, 67.21370619331, 4.12500003222, 0.00000000000, 0.00000000337, -0.00000001018
271, 50.00000000000, 421.56203286116, 88.22792276015, 4.12500003222, 0.00000000000, -0.00000000259, 0.00000002251
272, 50.00000000000, 445.11508155472, 84.02435497219, 4.12500003222, 0.00000000000, 0.00000000576, -0.00000000024
273, 50.00000000000, 459.56117909572, 85.48864746826, 4.12500003222, 0.00000000000, -0.00000000028, -0.00000001419
274, 50.00000000000, 453.97185522725, 104.72091091198, 4.12500003222, 0.00000000000, -0.00000000310, -0.00000000770
275, 50.00000000000, 495.26749741475, 79.46445196863, 4.12500003222, 0.00000000000, 0.00000001174, 0.00000000990
276, 50.00000000000, 510.86942175044, 66.68520817823, 4.12500003222, 0.00000000000, -0.00000000589, -0.00000000825
277, 50.00000000000, 529.27550354934, 67.01692195962, 4.12500003222, 0.00000000000, 0.00000000984, 0.00000002092
278, 50.00000000000, 547.06174764897, 70.59318555868, 4.12500003222, 0.00000000000, -0.00000000152, -0.00000003127
279, 50.00000000000, 562.82355654211, 87.22658201038, 4.12500003222, 0.00000000000, 0.00000000059, -0.00000000078
280, 50.00000000000, 580.17799296921, 71.78929462617, 4.12500003222, 0.00000000000, -0.00000000440, -0.00000000186
281, 50.00000000000, 601.83138092433, 66.92296284342, 4.12500003222, 0.00000000000, -0.00000000142, 0.00000000612
282, 50.00000000000, 633.23597350617, 92.58524721623, 4.12500003222, 0.00000000000, -0.00000000286, -0.00000001630
283, 50.00000000000, 645.83500881528, 79.58066880529, 4.12500003222, 0.00000000000, 0.00000000341, 0.00000000028
284, 50.00000000000, 660.69343702548, 72.47202627285, 4.12500003222, 0.00000000000, 0.00000000129, 0.00000001300
285, 50.00000000000, 683.36785195253, 82.88676214987, 4.12500003222, 0.00000000000, -0.00000000371, -0.00000001486
286, 50.00000000000, 691.83857468776, 43.20352120502, 4.12500003222, 0.00000000000, 0.00000000373, 0.00000002220
287, 50.00000000000, 716.50358961432, 74.59239392498, 4.12500003222, 0.00000000000, -0.00000000006, -0.00000001571
288, 50.00000000000, 732.74352256594, 68.53964433208, 4.12500003222, 0.00000000000, -0.00000000314, 0.00000000409
289, 50.00000000000, 748.03971512757, 71.45803420501, 4.12500003222, 0.00000000000, -0.00000000451, 0.00000002383
290, 50.00000000000, 798.09502616709, 112.86072131522, 4.12500003222, 0.00000000000, -0.00000000097, -0.00000000280
291, 50.00000000000, 790.96770640299, 92.52411028200, 4.12500003222, 0.00000000000, -0.00000000059, -0.00000000218
292, 50.00000000000, 808.87837626574, 78.02147139753, 4.12500003222, 0.00000000000, -0.00000000612, -0.00000001112
293, 50.00000000000, 852.50831600689, 133.80355714069, 4.12500003222, 0.00000000000, 0.00000000000, 0.00000000000
294, 50.00000000000, 845.17502137476, 66.00220187197, 4.12500003222, 0.00000000000, -0.00000000340, -0.00000001992
295, 50.00000000000, 860.29917854663, 58.97012593675, 4.12500003222, 0.00000000000, 0.00000000031, 0.00000003317
296, 50.00000000000, 877.25310706336, 45.17661595470, 4.12500003222, 0.00000000000, -0.00000000450, -0.00000001490
297, 50.00000000000, 894.88684471627, 49.56460911176, 4.12500003222, 0.00000000000, 0.00000000087, -0.00000002891
298, 50.00000000000, 952.06379279924, 92.93283637104, 4.12500003222, 0.00000000000, -0.00000000009, -0.00000000060
299, 50.00000000000, 948.77185824195, 72.73345054952, 4.12500003222, 0.00000000000, -0.00000000122, -0.00000000050
