0, 50.00000000000, 60.34466073745, 11.36354932153, 4.12500003222, 0.00000000000, -0.00000000896, -0.00000001155
1, 50.00000000000, 84.13697553445, 5.39950646566, 4.12500003222, 0.00000000000, 0.00000000066, -0.00000001737
2, 50.00000000000, 97.93994674940, 13.66359943585, 4.12500003222, 0.00000000000, 0.00000000656, -0.00000001697
3, 50.00000000000, 110.25089813716, 20.87425940545, 4.12500003222, 0.00000000000, 0.00000000339, -0.00000000846
4, 50.00000000000, 123.18957417375, 21.69417681524, 4.12500003222, 0.00000000000, 0.00000000069, -0.00000000019
5, 50.00000000000, 145.21119760484, 16.39888264750, 4.12500003222, 0.00000000000, 0.00000000858, -0.00000005315
6, 50.00000000000, 156.85075467344, 9.11246438361, 4.12500003222, 0.00000000000, -0.00000000208, -0.00000003162
7, 50.00000000000, 177.84627146518, 5.35794354501, 4.12500003222, 0.00000000000, -0.00000000124, -0.00000003818
8, 50.00000000000, 190.37691649606, 26.42667021921, 4.12500003222, 0.00000000000, 0.00000000138, 0.00000000490
9, 50.00000000000, 212.56354437329, 13.24669997308, 4.12500003222, 0.00000000000, -0.00000000248, 0.00000000600
10, 50.00000000000, 206.71070240119, -30000000.00000000000, 0.00000000000, 0.00000000000, 0.00000087956, 0.66000001198
11, 50.00000000000, 248.36193024236, 39.96868363022, 4.12500003222, 0.00000000000, 0.00000000588, 0.00000001410
12, 50.00000000000, 246.46910967038, -30000000.00000000000, 0.00000000000, 0.00000000000, 0.00000017036, 0.66000001198
13, 50.00000000000, 288.09167018698, 41.37670692308, 4.12500003222, 0.00000000000, -0.00000000823, 0.00000002177
14, 50.00000000000, 281.01780575786, -30000000.00000000000, 0.00000000000, 0.00000000000, -0.00000006004, 0.66000001198
15, 50.00000000000, 305.92814911966, -30000000.00000000000, 0.00000000000, 0.00000000000, 0.00000020941, 0.66000001198
16, 50.00000000000, 323.72343021081, -30000000.00000000000, 0.00000000000, 0.00000000000, 0.00000044404, 0.66000001198
17, 50.00000000000, 347.17121621749, -30000000.00000000000, 0.00000000000, 0.00000000000, -0.00000100876, 0.66000001198
18, 50.00000000000, 363.52250604956, -30000000.00000000000, 0.00000000000, 0.00000000000, -0.00000009560, 0.66000001198
19, 50.00000000000, 382.96569873142, -30000000.00000000000, 0.00000000000, 0.00000000000, 0.00000011303, 0.66000001198
20, 50.00000000000, 402.10640506588, -30000000.00000000000, 0.00000000000, 0.00000000000, -0.00000028278, 0.66000001198
21, 50.00000000000, 418.09189912130, -30000000.00000000000, 0.00000000000, 0.00000000000, 0.00000114022, 0.66000001198
22, 50.00000000000, 442.15296664116, -30000000.00000000000, 0.00000000000, 0.00000000000, -0.00000007076, 0.66000001198
23, 50.00000000000, 449.75167280587, 50.77286604634, 4.12500003222, 0.00000000000, 0.00000000076, -0.00000002239
24, 50.00000000000, 483.29376974096, -30000000.00000000000, 0.00000000000, 0.00000000000, -0.00000051383, 0.66000001198
25, 50.00000000000, 499.09102313296, -30000000.00000000000, 0.00000000000, 0.00000000000, -0.00000009625, 0.66000001198
26, 50.00000000000, 518.58745735769, -30000000.00000000000, 0.00000000000, 0.00000000000, 0.00000001693, 0.66000001198
27, 50.00000000000, 536.59760674207, -30000000.00000000000, 0.00000000000, 0.00000000000, 0.00000064421, 0.66000001198
28, 50.00000000000, 552.64716197540, -30000000.00000000000, 0.00000000000, 0.00000000000, 0.00000070065, 0.66000001198
29, 50.00000000000, 576.76751586459, -30000000.00000000000, 0.00000000000, 0.00000000000, 0.00000015645, 0.66000001198
30, 50.00000000000, 596.12779459762, -30000000.00000000000, 0.00000000000, 0.00000000000, 0.00000000926, 0.66000001198
31, 50.00000000000, 613.31959371112, -30000000.00000000000, 0.00000000000, 0.00000000000, 0.00000014406, 0.66000001198
32, 50.00000000000, 633.33360610459, -30000000.00000000000, 0.00000000000, 0.00000000000, 0.00000078012, 0.66000001198
33, 50.00000000000, 656.16883094940, -30000000.00000000000, 0.00000000000, 0.00000000000, -0.00000001164, 0.66000001198
34, 50.00000000000, 676.28395196806, -30000000.00000000000, 0.00000000000, 0.00000000000, -0.00000093875, 0.66000001198
35, 50.00000000000, 671.48364426069, 36.21072008718, 4.12500003222, 0.00000000000, -0.00000000131, 0.00000000577
36, 50.00000000000, 722.94796399141, -30000000.00000000000, 0.00000000000, 0.00000000000, -0.00000028270, 0.66000001198
37, 50.00000000000, 737.13148986662, -30000000.00000000000, 0.00000000000, 0.00000000000, -0.00000037836, 0.66000001198
38, 50.00000000000, 754.42134982463, -30000000.00000000000, 0.00000000000, 0.00000000000, 0.00000002162, 0.66000001198
39, 50.00000000000, 772.91625638197, -30000000.00000000000, 0.00000000000, 0.00000000000, -0.00000063901, 0.66000001198
40, 50.00000000000, 793.89304943723, -30000000.00000000000, 0.00000000000, 0.00000000000, -0.00000125473, 0.66000001198
41, 50.00000000000, 788.77503734970, 12.67072333852, 4.12500003222, 0.00000000000, 0.00000000001, -0.00000000442
42, 50.00000000000, 809.02292566372, 7.27809552925, 4.12500003222, 0.00000000000, -0.00000000443, 0.00000000182
43, 50.00000000000, 826.00964902452, 11.37152770178, 4.12500003222, 0.00000000000, -0.00000000275, -0.00000000473
44, 50.00000000000, 842.98477941180, 13.84066856442, 4.12500003222, 0.00000000000, -0.00000000255, -0.00000001013
45, 50.00000000000, 854.39500179032, 21.89211101033, 4.12500003222, 0.00000000000, 0.00000000666, 0.00000000488
46, 50.00000000000, 866.44359679045, 25.29876196222, 4.12500003222, 0.00000000000, 0.00000000616, -0.00000000939
47, 50.00000000000, 908.81824583671, 9.23560380691, 4.12500003222, 0.00000000000, 0.00000000354, -0.00000000022
48, 50.00000000000, 898.25986802594, 16.31770074042, 4.12500003222, 0.00000000000, -0.00000000514, 0.00000000848
49, 50.00000000000, 923.62251104150, 11.99186942644, 4.12500003222, 0.00000000000, 0.00000000374, -0.00000002573
50, 50.00000000000, 65.75745545359, 74.23507990343, 4.12500003222, 0.00000000000, -0.00000000671, 0.00000001317
51, 50.00000000000, 89.54086414930, 23.16496201490, 4.12500003222, 0.00000000000, -0.00000000358, 0.00000004540
52, 50.00000000000, 90.27228194230, 37.21189692079, 4.12500003222, 0.00000000000, -0.00000000383, 0.00000000862
53, 50.00000000000, 107.49774544460, 6.88396383573, 4.12500003222, 0.00000000000, 0.00000000375, -0.00000002602
54, 50.00000000000, 129.34540549923, 44.97248959559, 4.12500003222, 0.00000000000, -0.00000000622, 0.00000000730
55, 50.00000000000, 148.26946440027, 29.36839193122, 4.12500003222, 0.00000000000, -0.00000000807, 0.00000000072
56, 50.00000000000, 159.32732522227, 23.03949328150, 4.12500003222, 0.00000000000, 0.00000000922, -0.00000003498
57, 50.00000000000, 169.50315108714, 15.45850339302, 4.12500003222, 0.00000000000, -0.00000001172, 0.00000004411
58, 50.00000000000, 189.29206134125, 14.40020870950, 4.12500003222, 0.00000000000, 0.00000001002, 0.00000002813
59, 50.00000000000, 199.74364457834, 4.64123351424, 4.12500003222, 0.00000000000, 0.00000000159, 0.00000001393
60, 50.00000000000, 230.21725933873, 42.66058552958, 4.12500003222, 0.00000000000, 0.00000000479, -0.00000002311
61, 50.00000000000, 230.93904857491, -30000000.00000000000, 0.00000000000, 0.00000000000, 0.00000060815, 0.66000001198
62, 50.00000000000, 245.34131653847, -30000000.00000000000, 0.00000000000, 0.00000000000, 0.00000031777, 0.66000001198
63, 50.00000000000, 264.20401585808, -30000000.00000000000, 0.00000000000, 0.00000000000, 0.00000002861, 0.66000001198
64, 50.00000000000, 286.93896956093, -30000000.00000000000, 0.00000000000, 0.00000000000, -0.00000090976, 0.66000001198
65, 50.00000000000, 303.96891950780, -30000000.00000000000, 0.00000000000, 0.00000000000, 0.00000046470, 0.66000001198
66, 50.00000000000, 323.79833509247, -30000000.00000000000, 0.00000000000, 0.00000000000, 0.00000043420, 0.66000001198
67, 50.00000000000, 345.25911357178, 44.19256582025, 4.12500003222, 0.00000000000, -0.00000000397, 0.00000001537
68, 50.00000000000, 365.55339014148, 44.58566056501, 4.12500003222, 0.00000000000, 0.00000000250, 0.00000000345
69, 50.00000000000, 380.19971083091, -30000000.00000000000, 0.00000000000, 0.00000000000, -0.00000019826, 0.66000001198
70, 50.00000000000, 409.72951379790, -30000000.00000000000, 0.00000000000, 0.00000000000, -0.00000018709, 0.66000001198
71, 50.00000000000, 425.99956612134, -30000000.00000000000, 0.00000000000, 0.00000000000, -0.00000007260, 0.66000001198
72, 50.00000000000, 436.71914270712, -30000000.00000000000, 0.00000000000, 0.00000000000, 0.00000008220, 0.66000001198
73, 50.00000000000, 462.82317050449, -30000000.00000000000, 0.00000000000, 0.00000000000, -0.00000082731, 0.66000001198
74, 50.00000000000, 472.13468650666, -30000000.00000000000, 0.00000000000, 0.00000000000, 0.00000037566, 0.66000001198
75, 50.00000000000, 494.28845848239, 58.09661966330, 4.12500003222, 0.00000000000, -0.00000000164, -0.00000000030
76, 50.00000000000, 509.23883422221, 40.62597874768, 4.12500003222, 0.00000000000, -0.00000000157, 0.00000003627
77, 50.00000000000, 541.64750229955, -30000000.00000000000, 0.00000000000, 0.00000000000, -0.00000007777, 0.66000001198
78, 50.00000000000, 558.97584360934, -30000000.00000000000, 0.00000000000, 0.00000000000, -0.00000021115, 0.66000001198
79, 50.00000000000, 558.01950029000, 38.78272243083, 4.12500003222, 0.00000000000, 0.00000000105, -0.00000000855
80, 50.00000000000, 598.84511977742, -30000000.00000000000, 0.00000000000, 0.00000000000, -0.00000030277, 0.66000001198
81, 50.00000000000, 592.08841084309, 36.98508088846, 4.12500003222, 0.00000000000, 0.00000000554, -0.00000000964
82, 50.00000000000, 640.16209873988, -30000000.00000000000, 0.00000000000, 0.00000000000, -0.00000023712, 0.66000001198
83, 50.00000000000, 658.09058610334, -30000000.00000000000, 0.00000000000, 0.00000000000, -0.00000025577, 0.66000001198
84, 50.00000000000, 675.93587475679, -30000000.00000000000, 0.00000000000, 0.00000000000, -0.00000090450, 0.66000001198
85, 50.00000000000, 695.72906038109, -30000000.00000000000, 0.00000000000, 0.00000000000, 0.00000043965, 0.66000001198
86, 50.00000000000, 709.72031357924, -30000000.00000000000, 0.00000000000, 0.00000000000, 0.00000104770, 0.66000001198
87, 50.00000000000, 729.38021746501, -30000000.00000000000, 0.00000000000, 0.00000000000, 0.00000112308, 0.66000001198
88, 50.00000000000, 753.80886902424, -30000000.00000000000, 0.00000000000, 0.00000000000, 0.00000011717, 0.66000001198
89, 50.00000000000, 780.34340571388, -30000000.00000000000, 0.00000000000, 0.00000000000, -0.00000173606, 0.66000001198
90, 50.00000000000, 788.13162825023, 35.25747928167, 4.12500003222, 0.00000000000, 0.00000000052, -0.00000001041
91, 50.00000000000, 780.15679505129, 48.19843971385, 4.12500003222, 0.00000000000, -0.00000000467, 0.00000000421
92, 50.00000000000, 805.56284457937, 23.83794950364, 4.12500003222, 0.00000000000, -0.00000000072, -0.00000001146
93, 50.00000000000, 819.81031743074, 42.10341067257, 4.12500003222, 0.00000000000, 0.00000000008, -0.00000001271
94, 50.00000000000, 841.56723035442, 26.59022731213, 4.12500003222, 0.00000000000, -0.00000000104, 0.00000001852
95, 50.00000000000, 856.94291049338, 33.75963445285, 4.12500003222, 0.00000000000, -0.00000000926, -0.00000000346
96, 50.00000000000, 874.28549762787, 7.63246255691, 4.12500003222, 0.00000000000, 0.00000000192, -0.00000000769
97, 50.00000000000, 893.78044293793, 3.15488890147, 4.12500003222, 0.00000000000, 0.00000000200, -0.00000000698
98, 50.00000000000, 907.67151351504, 54.06729972456, 4.12500003222, 0.00000000000, 0.00000000609, 0.00000000674
99, 50.00000000000, 919.73038582774, 23.72218753594, 4.12500003222, 0.00000000000, -0.00000001845, 0.00000003297
100, 50.00000000000, 64.78578757725, 31.71432818070, 4.12500003222, 0.00000000000, 0.00000000430, -0.00000000989
101, 50.00000000000, 74.92664837944, 15.28736809803, 4.12500003222, 0.00000000000, -0.00000000325, -0.00000001211
102, 50.00000000000, 103.29373673281, 43.90216943324, 4.12500003222, 0.00000000000, 0.00000000041, 0.00000002328
103, 50.00000000000, 112.83679041549, 32.55027085314, 4.12500003222, 0.00000000000, 0.00000000450, 0.00000000803
104, 50.00000000000, 122.66502934443, 8.30224890777, 4.12500003222, 0.00000000000, 0.00000000221, -0.00000000130
105, 50.00000000000, 146.13649679158, 43.30968050318, 4.12500003222, 0.00000000000, -0.00000000652, 0.00000002240
106, 50.00000000000, 159.00272313647, 35.14828787026, 4.12500003222, 0.00000000000, 0.00000000776, 0.00000002914
107, 50.00000000000, 174.56877627486, 26.56354554570, 4.12500003222, 0.00000000000, -0.00000000153, -0.00000001858
108, 50.00000000000, 202.07769672369, 26.56277499284, 4.12500003222, 0.00000000000, -0.00000000464, 0.00000000493
109, 50.00000000000, 209.74443914930, 57.96806259600, 4.12500003222, 0.00000000000, -0.00000000446, -0.00000002235
110, 50.00000000000, 228.82668864433, 54.03061452328, 4.12500003222, 0.00000000000, 0.00000000634, 0.00000003886
111, 50.00000000000, 223.90921015652, -30000000.00000000000, 0.00000000000, 0.00000000000, 0.00000068316, 0.66000001198
112, 50.00000000000, 263.41599439247, 37.95522454730, 4.12500003222, 0.00000000000, -0.00000000114, 0.00000000122
113, 50.00000000000, 259.80288456252, -30000000.00000000000, 0.00000000000, 0.00000000000, -0.00000005872, 0.66000001198
114, 50.00000000000, 296.93850258852, 75.65339934920, 4.12500003222, 0.00000000000, 0.00000000148, -0.00000001291
115, 50.00000000000, 311.47697303677, 71.63792497249, 4.12500003222, 0.00000000000, -0.00000000204, -0.00000001216
116, 50.00000000000, 334.15688390050, 81.93030457961, 4.12500003222, 0.00000000000, 0.00000000450, 0.00000000930
117, 50.00000000000, 338.63840876450, -30000000.00000000000, 0.00000000000, 0.00000000000, 0.00000038043, 0.66000001198
118, 50.00000000000, 381.27067290859, 48.95321504248, 4.12500003222, 0.00000000000, -0.00000000061, 0.00000000377
119, 50.00000000000, 384.77256299119, -30000000.00000000000, 0.00000000000, 0.00000000000, -0.00000010104, 0.66000001198
120, 50.00000000000, 398.18740157071, 46.77306744110, 4.12500003222, 0.00000000000, 0.00000000289, 0.00000001137
121, 50.00000000000, 416.50102166039, 49.01714965104, 4.12500003222, 0.00000000000, 0.00000000505, -0.00000000474
122, 50.00000000000, 444.02323681238, -30000000.00000000000, 0.00000000000, 0.00000000000, 0.00000030412, 0.66000001198
123, 50.00000000000, 460.74429707122, -30000000.00000000000, 0.00000000000, 0.00000000000, -0.00000055371, 0.66000001198
124, 50.00000000000, 472.64312888137, 64.71186775196, 4.12500003222, 0.00000000000, 0.00000000547, 0.00000000961
125, 50.00000000000, 486.12613865517, 44.20144113859, 4.12500003222, 0.00000000000, -0.00000000518, -0.00000000001
126, 50.00000000000, 518.20205548560, -30000000.00000000000, 0.00000000000, 0.00000000000, 0.00000005498, 0.66000001198
127, 50.00000000000, 530.46059829871, 54.43623997905, 4.12500003222, 0.00000000000, -0.00000000150, 0.00000002710
128, 50.00000000000, 561.71951582202, -30000000.00000000000, 0.00000000000, 0.00000000000, -0.00000058232, 0.66000001198
129, 50.00000000000, 574.81426857285, -30000000.00000000000, 0.00000000000, 0.00000000000, 0.00000045874, 0.66000001198
130, 50.00000000000, 598.83834095813, -30000000.00000000000, 0.00000000000, 0.00000000000, -0.00000030203, 0.66000001198
131, 50.00000000000, 618.76516822212, -30000000.00000000000, 0.00000000000, 0.00000000000, -0.00000064609, 0.66000001198
132, 50.00000000000, 620.56735743079, 78.29673770307, 4.12500003222, 0.00000000000, 0.00000000270, -0.00000000608
133, 50.00000000000, 633.97886474575, 43.99879273796, 4.12500003222, 0.00000000000, -0.00000000206, -0.00000001892
134, 50.00000000000, 643.04209504139, 56.29427469579, 4.12500003222, 0.00000000000, 0.00000000566, -0.00000001647
135, 50.00000000000, 667.68158564781, 50.81591148962, 4.12500003222, 0.00000000000, 0.00000000762, -0.00000001596
136, 50.00000000000, 714.87535095783, -30000000.00000000000, 0.00000000000, 0.00000000000, 0.00000094674, 0.66000001198
137, 50.00000000000, 738.94379771234, -30000000.00000000000, 0.00000000000, 0.00000000000, -0.00000006769, 0.66000001198
138, 50.00000000000, 755.34966129912, -30000000.00000000000, 0.00000000000, 0.00000000000, -0.00000012378, 0.66000001198
139, 50.00000000000, 768.74581019571, -30000000.00000000000, 0.00000000000, 0.00000000000, -0.00000004339, 0.66000001198
140, 50.00000000000, 764.28187699415, 40.66671030419, 4.12500003222, 0.00000000000, -0.00000000246, 0.00000000449
141, 50.00000000000, 790.30441367733, 59.73979297270, 4.12500003222, 0.00000000000, -0.00000000075, 0.00000001135
142, 50.00000000000, 802.32712008598, 54.99898968665, 4.12500003222, 0.00000000000, -0.00000000296, 0.00000000232
143, 50.00000000000, 822.47030636005, 26.78716955604, 4.12500003222, 0.00000000000, -0.00000000000, 0.00000000531
144, 50.00000000000, 844.48402739047, 39.97646464894, 4.12500003222, 0.00000000000, -0.00000000457, -0.00000005927
145, 50.00000000000, 857.64143803288, 45.74154193599, 4.12500003222, 0.00000000000, -0.00000000179, 0.00000000402
146, 50.00000000000, 883.93160913320, 14.03102870699, 4.12500003222, 0.00000000000, -0.00000000014, 0.00000003289
147, 50.00000000000, 889.76193958457, 26.03037059630, 4.12500003222, 0.00000000000, -0.00000000847, 0.00000000151
148, 50.00000000000, 901.20817837233, 40.50485343907, 4.12500003222, 0.00000000000, 0.00000000645, -0.00000001191
149, 50.00000000000, 927.05170134316, 37.04373230824, 4.12500003222, 0.00000000000, -0.00000000003, 0.00000002630
150, 50.00000000000, 78.77286888218, 41.60845561771, 4.12500003222, 0.00000000000, 0.00000000294, -0.00000000628
151, 50.00000000000, 77.78766285112, 28.14440133356, 4.12500003222, 0.00000000000, 0.00000000529, 0.00000003879
152, 50.00000000000, 100.94107389828, 30.58408127901, 4.12500003222, 0.00000000000, -0.00000000026, 0.00000000161
153, 50.00000000000, 123.90852748249, 55.63062018604, 4.12500003222, 0.00000000000, -0.00000000377, -0.00000002275
154, 50.00000000000, 137.63671454418, 36.20001832446, 4.12500003222, 0.00000000000, -0.00000001118, -0.00000000548
155, 50.00000000000, 139.74825027701, 5.70341997359, 4.12500003222, 0.00000000000, 0.00000001454, -0.00000000358
156, 50.00000000000, 169.56953077303, 40.85956177527, 4.12500003222, 0.00000000000, 0.00000000079, -0.00000001691
157, 50.00000000000, 181.44117288643, 36.83913736184, 4.12500003222, 0.00000000000, 0.00000001101, 0.00000000414
158, 50.00000000000, 193.33476072127, 41.49780410052, 4.12500003222, 0.00000000000, 0.00000000011, -0.00000002819
159, 50.00000000000, 216.57973743666, 46.27452975695, 4.12500003222, 0.00000000000, -0.00000000849, 0.00000000783
160, 50.00000000000, 222.69706198590, 79.09153240579, 4.12500003222, 0.00000000000, 0.00000000311, 0.00000000759
161, 50.00000000000, 242.93003787947, 62.34756201788, 4.12500003222, 0.00000000000, 0.00000000377, -0.00000000167
162, 50.00000000000, 273.32508731628, 43.44143698823, 4.12500003222, 0.00000000000, 0.00000000366, 0.00000000379
163, 50.00000000000, 263.37702583369, -30000000.00000000000, 0.00000000000, 0.00000000000, 0.00000012629, 0.66000001198
164, 50.00000000000, 300.10601318702, 63.06519613647, 4.12500003222, 0.00000000000, 0.00000000719, 0.00000001213
165, 50.00000000000, 322.15735545928, 77.34043791948, 4.12500003222, 0.00000000000, -0.00000000928, -0.00000000635
166, 50.00000000000, 325.60232306399, -30000000.00000000000, 0.00000000000, 0.00000000000, 0.00000019000, 0.66000001198
167, 50.00000000000, 343.61030678974, -30000000.00000000000, 0.00000000000, 0.00000000000, -0.00000043920, 0.66000001198
168, 50.00000000000, 361.75116165086, -30000000.00000000000, 0.00000000000, 0.00000000000, 0.00000017802, 0.66000001198
169, 50.00000000000, 391.72857059042, 70.15715881311, 4.12500003222, 0.00000000000, 0.00000000114, 0.00000001925
170, 50.00000000000, 403.82696020555, 83.07183627967, 4.12500003222, 0.00000000000, -0.00000000043, 0.00000000379
171, 50.00000000000, 429.35912969470, 57.76126994706, 4.12500003222, 0.00000000000, 0.00000000035, -0.00000003120
172, 50.00000000000, 438.54563913036, 72.61516132319, 4.12500003222, 0.00000000000, 0.00000000871, 0.00000001049
173, 50.00000000000, 461.31562280788, 69.21737152515, 4.12500003222, 0.00000000000, -0.00000001083, 0.00000000735
174, 50.00000000000, 471.99565079388, 52.36934117577, 4.12500003222, 0.00000000000, -0.00000000213, -0.00000000824
175, 50.00000000000, 497.79357293340, -30000000.00000000000, 0.00000000000, 0.00000000000, 0.00000003756, 0.66000001198
176, 50.00000000000, 506.08142388746, 55.02704553548, 4.12500003222, 0.00000000000, 0.00000000398, -0.00000002126
177, 50.00000000000, 526.33991364857, 41.74656000520, 4.12500003222, 0.00000000000, -0.00000000939, -0.00000004927
178, 50.00000000000, 545.07605919748, 59.07229800427, 4.12500003222, 0.00000000000, 0.00000000288, 0.00000000717
179, 50.00000000000, 563.50812756159, 71.61270765593, 4.12500003222, 0.00000000000, 0.00000000194, -0.00000000211
180, 50.00000000000, 577.37625172248, 38.19598599891, 4.12500003222, 0.00000000000, 0.00000000172, 0.00000000372
181, 50.00000000000, 597.78512633243, 23.60087029993, 4.12500003222, 0.00000000000, -0.00000000325, 0.00000001701
182, 50.00000000000, 614.27214155583, 35.51870392645, 4.12500003222, 0.00000000000, -0.00000000169, 0.00000000097
183, 50.00000000000, 634.55748234420, 67.73967470069, 4.12500003222, 0.00000000000, -0.00000000428, 0.00000001516
184, 50.00000000000, 655.75907946107, 55.94176562443, 4.12500003222, 0.00000000000, 0.00000000259, 0.00000001147
185, 50.00000000000, 680.18337997338, 58.46162649825, 4.12500003222, 0.00000000000, 0.00000000413, -0.00000002457
186, 50.00000000000, 695.47208948015, 61.50247584497, 4.12500003222, 0.00000000000, 0.00000000242, -0.00000000199
187, 50.00000000000, 709.48446080119, 41.08275620454, 4.12500003222, 0.00000000000, 0.00000000167, -0.00000000449
188, 50.00000000000, 728.75441292052, 55.27682414974, 4.12500003222, 0.00000000000, 0.00000000357, -0.00000002623
189, 50.00000000000, 744.50612246878, 48.35640040608, 4.12500003222, 0.00000000000, 0.00000000069, 0.00000001794
190, 50.00000000000, 772.87674268286, 25.26575935098, 4.12500003222, 0.00000000000, 0.00000000444, -0.00000000048
191, 50.00000000000, 783.42368582629, 71.34415680486, 4.12500003222, 0.00000000000, -0.00000000082, -0.00000000660
192, 50.00000000000, 803.70197369366, 40.81073583986, 4.12500003222, 0.00000000000, -0.00000000166, -0.00000000094
193, 50.00000000000, 824.70146081130, 52.58971455828, 4.12500003222, 0.00000000000, -0.00000000082, -0.00000000303
194, 50.00000000000, 840.10046262694, 52.05133875771, 4.12500003222, 0.00000000000, -0.00000000487, 0.00000001008
195, 50.00000000000, 860.38146513219, 9.76549114375, 4.12500003222, 0.00000000000, 0.00000000684, 0.00000003294
196, 50.00000000000, 875.77873225890, 58.78938315351, 4.12500003222, 0.00000000000, 0.00000000135, 0.00000001046
197, 50.00000000000, 888.23632247517, 38.60708086680, 4.12500003222, 0.00000000000, 0.00000000204, -0.00000000814
198, 50.00000000000, 912.25583351202, 34.18350058216, 4.12500003222, 0.00000000000, -0.00000000706, -0.00000001166
199, 50.00000000000, 930.02167346800, 60.10748664571, 4.12500003222, 0.00000000000, -0.00000000010, -0.00000000691
200, 50.00000000000, 67.88280016872, 49.85428144235, 4.12500003222, 0.00000000000, -0.00000000150, -0.00000000315
201, 50.00000000000, 91.89712175796, 48.97608407518, 4.12500003222, 0.00000000000, 0.00000000253, -0.00000002444
202, 50.00000000000, 109.41216181111, 54.89424549493, 4.12500003222, 0.00000000000, -0.00000000015, -0.00000000599
203, 50.00000000000, 115.40209428372, 44.83117944125, 4.12500003222, 0.00000000000, 0.00000000303, 0.00000000422
204, 50.00000000000, 125.21145597666, 34.26082005505, 4.12500003222, 0.00000000000, 0.00000000129, 0.00000002602
205, 50.00000000000, 135.42524819708, 22.40289167989, 4.12500003222, 0.00000000000, -0.00000000865, 0.00000002410
206, 50.00000000000, 160.12254413556, 48.06053640537, 4.12500003222, 0.00000000000, -0.00000000845, 0.00000002871
207, 50.00000000000, 180.24711848873, 49.37692879689, 4.12500003222, 0.00000000000, 0.00000000207, -0.00000000874
208, 50.00000000000, 195.03253965332, 58.42175015864, 4.12500003222, 0.00000000000, 0.00000000264, -0.00000000247
209, 50.00000000000, 204.80880966568, 44.40375858040, 4.12500003222, 0.00000000000, -0.00000000102, -0.00000001406
210, 50.00000000000, 230.79416539279, 66.49964675783, 4.12500003222, 0.00000000000, 0.00000000745, -0.00000001061
211, 50.00000000000, 241.33241317243, 76.96775626015, 4.12500003222, 0.00000000000, -0.00000000457, -0.00000001308
212, 50.00000000000, 260.36075162187, 64.20126795692, 4.12500003222, 0.00000000000, -0.00000000422, -0.00000001926
213, 50.00000000000, 283.22897001209, 54.83019222805, 4.12500003222, 0.00000000000, 0.00000000493, -0.00000000302
214, 50.00000000000, 302.15294926941, 50.65585475792, 4.12500003222, 0.00000000000, -0.00000000500, 0.00000000659
215, 50.00000000000, 310.36776857202, 86.56495987835, 4.12500003222, 0.00000000000, -0.00000000740, 0.00000001023
216, 50.00000000000, 333.25306961454, 58.19939738183, 4.12500003222, 0.00000000000, -0.00000000121, -0.00000001622
217, 50.00000000000, 357.49369087881, 57.81691425259, 4.12500003222, 0.00000000000, 0.00000000026, 0.00000001039
218, 50.00000000000, 368.03308704137, 69.78362226622, 4.12500003222, 0.00000000000, -0.00000000445, -0.00000002069
219, 50.00000000000, 380.11179897590, 62.01817624298, 4.12500003222, 0.00000000000, -0.00000000359, -0.00000000731
220, 50.00000000000, 403.38657463005, 60.58067961037, 4.12500003222, 0.00000000000, -0.00000000584, -0.00000002179
221, 50.00000000000, 425.22874684551, 73.72258807859, 4.12500003222, 0.00000000000, 0.00000000155, 0.00000001134
222, 50.00000000000, 436.56113728637, 96.01085821729, 4.12500003222, 0.00000000000, -0.00000000366, 0.00000000311
223, 50.00000000000, 449.33587259840, 63.69964413425, 4.12500003222, 0.00000000000, -0.00000001180, 0.00000002830
224, 50.00000000000, 462.16133841476, 43.01413424548, 4.12500003222, 0.00000000000, 0.00000000213, 0.00000000392
225, 50.00000000000, 486.05965236315, 68.25667799246, 4.12500003222, 0.00000000000, 0.00000000650, 0.00000000480
226, 50.00000000000, 508.87608467416, 78.92298677037, 4.12500003222, 0.00000000000, -0.00000000288, -0.00000000517
227, 50.00000000000, 519.13738716810, 55.55041110195, 4.12500003222, 0.00000000000, -0.00000000066, 0.00000000556
228, 50.00000000000, 542.30655268947, 46.65290602345, 4.12500003222, 0.00000000000, 0.00000000548, -0.00000000251
229, 50.00000000000, 563.54817745930, 55.90202702750, 4.12500003222, 0.00000000000, -0.00000000186, -0.00000000253
230, 50.00000000000, 581.89405875244, 56.24567835266, 4.12500003222, 0.00000000000, -0.00000000282, 0.00000001327
231, 50.00000000000, 600.23599940445, 49.08784182639, 4.12500003222, 0.00000000000, -0.00000000344, -0.00000001687
232, 50.00000000000, 619.77649401620, 56.58959850659, 4.12500003222, 0.00000000000, -0.00000000125, 0.00000000541
233, 50.00000000000, 651.29416926852, -30000000.00000000000, 0.00000000000, 0.00000000000, 0.00000064248, 0.66000001198
234, 50.00000000000, 651.96548403809, 36.57275315869, 4.12500003222, 0.00000000000, -0.00000000206, 0.00000000201
235, 50.00000000000, 674.09096588745, 70.32403749940, 4.12500003222, 0.00000000000, -0.00000000435, 0.00000001515
236, 50.00000000000, 696.69403004387, 76.84214684683, 4.12500003222, 0.00000000000, 0.00000000418, -0.00000000475
237, 50.00000000000, 711.03504244065, 57.19855582294, 4.12500003222, 0.00000000000, 0.00000000078, 0.00000003009
238, 50.00000000000, 731.45365678592, 89.79557974366, 4.12500003222, 0.00000000000, -0.00000000177, -0.00000000768
239, 50.00000000000, 751.88775511881, 59.45486370011, 4.12500003222, 0.00000000000, -0.00000000621, 0.00000000104
240, 50.00000000000, 767.04297502580, 61.24598812275, 4.12500003222, 0.00000000000, -0.00000000390, -0.00000000808
241, 50.00000000000, 794.57600065400, 78.15859828068, 4.12500003222, 0.00000000000, -0.00000000259, 0.00000000335
242, 50.00000000000, 808.64942643999, 64.51421612630, 4.12500003222, 0.00000000000, -0.00000000262, -0.00000000896
243, 50.00000000000, 824.20088362397, 66.97270673173, 4.12500003222, 0.00000000000, 0.00000000803, 0.00000002112
244, 50.00000000000, 833.56280521079, 35.40813495057, 4.12500003222, 0.00000000000, 0.00000000783, 0.00000001272
245, 50.00000000000, 863.43347868619, 76.63638387428, 4.12500003222, 0.00000000000, -0.00000000165, 0.00000000466
246, 50.00000000000, 877.25996266176, 31.23323467659, 4.12500003222, 0.00000000000, -0.00000000853, -0.00000004116
247, 50.00000000000, 891.75309418369, 63.68087024289, 4.12500003222, 0.00000000000, 0.00000000403, 0.00000000033
248, 50.00000000000, 903.38037514825, 27.50613431856, 4.12500003222, 0.00000000000, -0.00000000490, -0.00000003238
249, 50.00000000000, 918.27686770382, 47.77944296062, 4.12500003222, 0.00000000000, 0.00000001117, 0.00000000593
250, 50.00000000000, 74.29989543549, 62.92325924812, 4.12500003222, 0.00000000000, 0.00000000140, -0.00000000673
251, 50.00000000000, 88.27023281275, 62.63895975772, 4.12500003222, 0.00000000000, 0.00000000346, -0.00000001198
252, 50.00000000000, 104.60635836936, 67.43832474795, 4.12500003222, 0.00000000000, -0.00000000052, -0.00000000040
253, 50.00000000000, 122.25258704661, 69.44680862224, 4.12500003222, 0.00000000000, -0.00000000339, 0.00000000922
254, 50.00000000000, 136.25052587384, 58.03424606314, 4.12500003222, 0.00000000000, -0.00000000000, -0.00000000684
255, 50.00000000000, 148.57079679875, 55.19128903531, 4.12500003222, 0.00000000000, 0.00000000333, -0.00000000360
256, 50.00000000000, 161.33039456246, 61.90721835948, 4.12500003222, 0.00000000000, -0.00000000159, -0.00000001007
257, 50.00000000000, 179.16882964358, 62.31804155751, 4.12500003222, 0.00000000000, -0.00000000186, 0.00000001148
258, 50.00000000000, 199.45791113053, 76.02985947003, 4.12500003222, 0.00000000000, -0.00000000196, -0.00000000148
259, 50.00000000000, 215.64281091439, 31.98513892106, 4.12500003222, 0.00000000000, -0.00000000131, 0.00000001504
260, 50.00000000000, 218.29732164480, 65.55212333743, 4.12500003222, 0.00000000000, 0.00000000382, 0.00000000669
261, 50.00000000000, 250.32152489768, 52.77904431912, 4.12500003222, 0.00000000000, 0.00000000544, 0.00000001667
262, 50.00000000000, 266.75509972972, 54.16785693280, 4.12500003222, 0.00000000000, -0.00000000033, -0.00000000559
263, 50.00000000000, 281.98391004807, 66.80068833973, 4.12500003222, 0.00000000000, 0.00000000639, -0.00000000926
264, 50.00000000000, 284.71024981908, 122.68668645705, 4.12500003222, 0.00000000000, 0.00000000000, 0.00000000000
265, 50.00000000000, 319.22742614109, 61.97790863791, 4.12500003222, 0.00000000000, 0.00000000050, -0.00000001233
266, 50.00000000000, 343.91368591251, 68.39761391965, 4.12500003222, 0.00000000000, 0.00000000475, -0.00000001060
267, 50.00000000000, 355.92880220218, 81.22153671803, 4.12500003222, 0.00000000000, -0.00000000072, 0.00000000811
268, 50.00000000000, 380.36231672949, 84.32988268588, 4.12500003222, 0.00000000000, 0.00000000435, -0.00000001386
269, 50.00000000000, 366.44124890095, 94.69824624920, 4.12500003222, 0.00000000000, -0.00000000266, 0.00000001177
270, 50.00000000000, 414.24577936842, 66.90949148564, 4.12500003222, 0.00000000000, 0.00000000572, 0.00000002238
271, 50.00000000000, 421.39261908611, 89.59439841983, 4.12500003222, 0.00000000000, 0.00000000004, -0.00000001499
272, 50.00000000000, 444.89680104096, 85.10047604123, 4.12500003222, 0.00000000000, 0.00000000146, -0.00000001287
273, 50.00000000000, 459.59608044115, 85.51117364181, 4.12500003222, 0.00000000000, -0.00000000024, -0.00000001097
274, 50.00000000000, 453.62028705888, 104.89205564160, 4.12500003222, 0.00000000000, 0.00000000467, 0.00000000217
275, 50.00000000000, 493.54726251264, 78.76280489577, 4.12500003222, 0.00000000000, -0.00000000312, -0.00000000269
276, 50.00000000000, 509.88561244855, 66.94828709508, 4.12500003222, 0.00000000000, 0.00000000064, 0.00000001745
277, 50.00000000000, 528.06019335166, 68.59660513004, 4.12500003222, 0.00000000000, 0.00000000296, -0.00000000766
278, 50.00000000000, 546.11380703526, 72.85011371144, 4.12500003222, 0.00000000000, -0.00000000363, -0.00000000378
279, 50.00000000000, 561.86993076232, 89.45585531426, 4.12500003222, 0.00000000000, 0.00000000243, -0.00000000240
280, 50.00000000000, 579.86453746825, 74.30340168903, 4.12500003222, 0.00000000000, 0.00000000272, 0.00000000043
281, 50.00000000000, 601.00511120048, 67.40048896329, 4.12500003222, 0.00000000000, -0.00000000080, 0.00000001132
282, 50.00000000000, 632.98355771915, 91.33964561057, 4.12500003222, 0.00000000000, -0.00000000201, 0.00000000025
283, 50.00000000000, 645.17379230502, 78.67848497904, 4.12500003222, 0.00000000000, -0.00000000195, -0.00000000094
284, 50.00000000000, 659.34275523880, 71.28477438594, 4.12500003222, 0.00000000000, -0.00000000351, 0.00000001412
285, 50.00000000000, 681.31520596701, 82.29115038655, 4.12500003222, 0.00000000000, -0.00000000227, 0.00000000087
286, 50.00000000000, 690.75690604192, 43.98903012404, 4.12500003222, 0.00000000000, -0.00000000336, 0.00000000439
287, 50.00000000000, 714.76249482344, 74.67500837485, 4.12500003222, 0.00000000000, -0.00000000339, 0.00000000808
288, 50.00000000000, 731.31642918569, 69.68958040908, 4.12500003222, 0.00000000000, 0.00000000420, -0.00000000347
289, 50.00000000000, 746.61640132020, 73.05058033571, 4.12500003222, 0.00000000000, 0.00000000207, 0.00000000108
290, 50.00000000000, 806.27737032476, 97.76641563443, 4.12500003222, 0.00000000000, 0.00000000172, 0.00000000202
291, 50.00000000000, 787.81568949696, 94.01893535672, 4.12500003222, 0.00000000000, 0.00000000581, -0.00000000989
292, 50.00000000000, 807.28923808418, 78.99547766866, 4.12500003222, 0.00000000000, -0.00000000300, 0.00000000061
293, 50.00000000000, 852.50831600689, 145.15327311445, 4.12500003222, 0.00000000000, 0.00000000000, 0.00000000000
294, 50.00000000000, 843.74367258092, 66.04337545414, 4.12500003222, 0.00000000000, 0.00000000129, 0.00000001429
295, 50.00000000000, 858.73027929531, 59.04137292336, 4.12500003222, 0.00000000000, 0.00000000204, 0.00000002616
296, 50.00000000000, 875.75392213194, 45.57991903535, 4.12500003222, 0.00000000000, 0.00000000247, -0.00000002542
297, 50.00000000000, 893.03317498978, 49.89762506034, 4.12500003222, 0.00000000000, 0.00000000238, 0.00000000178
298, 50.00000000000, 947.48016735398, 98.88131467358, 4.12500003222, 0.00000000000, -0.00000000269, -0.00000000757
299, 50.00000000000, 939.97038751823, 77.40348213548, 4.12500003222, 0.00000000000, 0.00000000312, 0.00000000833
