0, 50.00000000000, 44.76670397244, 10.60255363169, 4.12500003222, 0.00000000000, -0.00000000576, -0.00000000872
1, 50.00000000000, 68.91722156710, 4.84196064238, 4.12500003222, 0.00000000000, 0.00000000311, 0.00000000591
2, 50.00000000000, 82.96569283661, 13.86958887926, 4.12500003222, 0.00000000000, -0.00000000428, -0.00000003056
3, 50.00000000000, 97.33939929193, 20.95638426551, 4.12500003222, 0.00000000000, -0.00000000392, 0.00000000682
4, 50.00000000000, 113.54948616732, 21.87496372599, 4.12500003222, 0.00000000000, 0.00000000301, -0.00000001295
5, 50.00000000000, 136.93348749977, 16.15253442816, 4.12500003222, 0.00000000000, -0.00000000176, 0.00000001161
6, 50.00000000000, 148.40507439819, 8.77184365870, 4.12500003222, 0.00000000000, 0.00000000314, -0.00000000689
7, 50.00000000000, 169.32380066023, 5.25226742148, 4.12500003222, 0.00000000000, -0.00000000123, 0.00000001592
8, 50.00000000000, 182.77075511188, 25.78681764269, 4.12500003222, 0.00000000000, 0.00000000238, -0.00000000525
9, 50.00000000000, 205.21102085547, 13.19018104003, 4.12500003222, 0.00000000000, 0.00000000112, -0.00000000768
10, 50.00000000000, 206.71070240119, -30000000.00000000000, 0.00000000000, 0.00000000000, 0.00000087956, 0.66000001198
11, 50.00000000000, 240.38893510951, 37.51496386985, 4.12500003222, 0.00000000000, 0.00000000040, 0.00000001024
12, 50.00000000000, 246.46910967038, -30000000.00000000000, 0.00000000000, 0.00000000000, 0.00000017036, 0.66000001198
13, 50.00000000000, 280.14203364529, 36.57283085306, 4.12500003222, 0.00000000000, -0.00000000043, 0.00000000713
14, 50.00000000000, 281.01780575786, -30000000.00000000000, 0.00000000000, 0.00000000000, -0.00000006004, 0.66000001198
15, 50.00000000000, 305.92814911966, -30000000.00000000000, 0.00000000000, 0.00000000000, 0.00000020941, 0.66000001198
16, 50.00000000000, 323.72343021081, -30000000.00000000000, 0.00000000000, 0.00000000000, 0.00000044404, 0.66000001198
17, 50.00000000000, 347.17121621749, -30000000.00000000000, 0.00000000000, 0.00000000000, -0.00000100876, 0.66000001198
18, 50.00000000000, 363.52250604956, -30000000.00000000000, 0.00000000000, 0.00000000000, -0.00000009560, 0.66000001198
19, 50.00000000000, 382.96569873142, -30000000.00000000000, 0.00000000000, 0.00000000000, 0.00000011303, 0.66000001198
20, 50.00000000000, 402.10640506588, -30000000.00000000000, 0.00000000000, 0.00000000000, -0.00000028278, 0.66000001198
21, 50.00000000000, 418.09189912130, -30000000.00000000000, 0.00000000000, 0.00000000000, 0.00000114022, 0.66000001198
22, 50.00000000000, 442.15296664116, -30000000.00000000000, 0.00000000000, 0.00000000000, -0.00000007076, 0.66000001198
23, 50.00000000000, 457.80916585490, 40.27704131090, 4.12500003222, 0.00000000000, 0.00000000634, 0.00000000142
24, 50.00000000000, 483.29376974096, -30000000.00000000000, 0.00000000000, 0.00000000000, -0.00000051383, 0.66000001198
25, 50.00000000000, 499.09102313296, -30000000.00000000000, 0.00000000000, 0.00000000000, -0.00000009625, 0.66000001198
26, 50.00000000000, 518.58745735769, -30000000.00000000000, 0.00000000000, 0.00000000000, 0.00000001693, 0.66000001198
27, 50.00000000000, 536.59760674207, -30000000.00000000000, 0.00000000000, 0.00000000000, 0.00000064421, 0.66000001198
28, 50.00000000000, 552.64716197540, -30000000.00000000000, 0.00000000000, 0.00000000000, 0.00000070065, 0.66000001198
29, 50.00000000000, 576.76751586459, -30000000.00000000000, 0.00000000000, 0.00000000000, 0.00000015645, 0.66000001198
30, 50.00000000000, 596.12779459762, -30000000.00000000000, 0.00000000000, 0.00000000000, 0.00000000926, 0.66000001198
31, 50.00000000000, 613.31959371112, -30000000.00000000000, 0.00000000000, 0.00000000000, 0.00000014406, 0.66000001198
32, 50.00000000000, 633.33360610459, -30000000.00000000000, 0.00000000000, 0.00000000000, 0.00000078012, 0.66000001198
33, 50.00000000000, 656.16883094940, -30000000.00000000000, 0.00000000000, 0.00000000000, -0.00000001164, 0.66000001198
34, 50.00000000000, 676.28395196806, -30000000.00000000000, 0.00000000000, 0.00000000000, -0.00000093875, 0.66000001198
35, 50.00000000000, 676.94690007160, 33.68643142032, 4.12500003222, 0.00000000000, -0.00000000554, 0.00000001235
36, 50.00000000000, 722.94796399141, -30000000.00000000000, 0.00000000000, 0.00000000000, -0.00000028270, 0.66000001198
37, 50.00000000000, 737.13148986662, -30000000.00000000000, 0.00000000000, 0.00000000000, -0.00000037836, 0.66000001198
38, 50.00000000000, 754.42134982463, -30000000.00000000000, 0.00000000000, 0.00000000000, 0.00000002162, 0.66000001198
39, 50.00000000000, 772.91625638197, -30000000.00000000000, 0.00000000000, 0.00000000000, -0.00000063901, 0.66000001198
40, 50.00000000000, 793.89304943723, -30000000.00000000000, 0.00000000000, 0.00000000000, -0.00000125473, 0.66000001198
41, 50.00000000000, 796.35216953682, 11.56397596325, 4.12500003222, 0.00000000000, -0.00000000021, 0.00000000842
42, 50.00000000000, 816.85681515828, 7.30056916455, 4.12500003222, 0.00000000000, -0.00000000053, -0.00000000367
43, 50.00000000000, 834.06858081684, 10.99737394856, 4.12500003222, 0.00000000000, 0.00000000293, 0.00000000434
44, 50.00000000000, 851.11508731351, 14.09681598392, 4.12500003222, 0.00000000000, -0.00000000053, -0.00000002711
45, 50.00000000000, 862.71460177363, 22.46429136073, 4.12500003222, 0.00000000000, 0.00000000136, -0.00000001366
46, 50.00000000000, 875.82323393264, 23.46675102182, 4.12500003222, 0.00000000000, 0.00000000368, 0.00000003066
47, 50.00000000000, 917.97941587411, 8.58061142581, 4.12500003222, 0.00000000000, 0.00000000277, 0.00000000692
48, 50.00000000000, 908.30950867813, 15.26026983460, 4.12500003222, 0.00000000000, 0.00000000755, -0.00000000177
49, 50.00000000000, 933.16414774617, 11.55673523293, 4.12500003222, 0.00000000000, 0.00000000300, -0.00000000283
50, 50.00000000000, 52.41368002643, 74.59170569835, 4.12500003222, 0.00000000000, 0.00000000339, -0.00000001130
51, 50.00000000000, 74.03146646776, 25.66924025942, 4.12500003222, 0.00000000000, -0.00000000048, -0.00000000529
52, 50.00000000000, 80.62208883236, 38.32557774105, 4.12500003222, 0.00000000000, 0.00000000150, -0.00000001395
53, 50.00000000000, 98.13126296618, 6.88495364043, 4.12500003222, 0.00000000000, -0.00000000121, -0.00000001260
54, 50.00000000000, 117.73945649559, 45.41898185473, 4.12500003222, 0.00000000000, -0.00000000060, 0.00000001943
55, 50.00000000000, 138.35676189944, 29.79857859121, 4.12500003222, 0.00000000000, -0.00000000166, -0.00000003655
56, 50.00000000000, 150.60033528156, 23.36722718840, 4.12500003222, 0.00000000000, -0.00000000396, -0.00000000432
57, 50.00000000000, 160.50037669364, 14.95350489215, 4.12500003222, 0.00000000000, 0.00000000407, 0.00000000097
58, 50.00000000000, 181.66215050151, 13.96042166500, 4.12500003222, 0.00000000000, -0.00000000200, 0.00000000060
59, 50.00000000000, 192.43440763289, 4.74771788620, 4.12500003222, 0.00000000000, -0.00000000072, -0.00000000028
60, 50.00000000000, 222.77306659701, 40.63193199834, 4.12500003222, 0.00000000000, 0.00000000245, -0.00000000938
61, 50.00000000000, 230.93904857491, -30000000.00000000000, 0.00000000000, 0.00000000000, 0.00000060815, 0.66000001198
62, 50.00000000000, 245.34131653847, -30000000.00000000000, 0.00000000000, 0.00000000000, 0.00000031777, 0.66000001198
63, 50.00000000000, 264.20401585808, -30000000.00000000000, 0.00000000000, 0.00000000000, 0.00000002861, 0.66000001198
64, 50.00000000000, 286.93896956093, -30000000.00000000000, 0.00000000000, 0.00000000000, -0.00000090976, 0.66000001198
65, 50.00000000000, 303.96891950780, -30000000.00000000000, 0.00000000000, 0.00000000000, 0.00000046470, 0.66000001198
66, 50.00000000000, 323.79833509247, -30000000.00000000000, 0.00000000000, 0.00000000000, 0.00000043420, 0.66000001198
67, 50.00000000000, 339.99169364099, 39.00665058945, 4.12500003222, 0.00000000000, -0.00000000122, -0.00000000653
68, 50.00000000000, 359.37025495677, 39.71178310580, 4.12500003222, 0.00000000000, -0.00000000514, -0.00000001390
69, 50.00000000000, 380.19971083091, -30000000.00000000000, 0.00000000000, 0.00000000000, -0.00000019826, 0.66000001198
70, 50.00000000000, 409.72951379790, -30000000.00000000000, 0.00000000000, 0.00000000000, -0.00000018709, 0.66000001198
71, 50.00000000000, 425.99956612134, -30000000.00000000000, 0.00000000000, 0.00000000000, -0.00000007260, 0.66000001198
72, 50.00000000000, 436.71914270712, -30000000.00000000000, 0.00000000000, 0.00000000000, 0.00000008220, 0.66000001198
73, 50.00000000000, 462.82317050449, -30000000.00000000000, 0.00000000000, 0.00000000000, -0.00000082731, 0.66000001198
74, 50.00000000000, 472.13468650666, -30000000.00000000000, 0.00000000000, 0.00000000000, 0.00000037566, 0.66000001198
75, 50.00000000000, 500.50784913770, 57.47473389971, 4.12500003222, 0.00000000000, -0.00000000239, -0.00000001395
76, 50.00000000000, 515.55851925659, 39.52465705285, 4.12500003222, 0.00000000000, -0.00000000077, -0.00000000549
77, 50.00000000000, 541.64750229955, -30000000.00000000000, 0.00000000000, 0.00000000000, -0.00000007777, 0.66000001198
78, 50.00000000000, 558.97584360934, -30000000.00000000000, 0.00000000000, 0.00000000000, -0.00000021115, 0.66000001198
79, 50.00000000000, 564.63661269015, 37.13408485718, 4.12500003222, 0.00000000000, -0.00000000160, 0.00000000163
80, 50.00000000000, 598.84511977742, -30000000.00000000000, 0.00000000000, 0.00000000000, -0.00000030277, 0.66000001198
81, 50.00000000000, 598.52433628581, 35.74411827355, 4.12500003222, 0.00000000000, -0.00000000178, 0.00000000508
82, 50.00000000000, 640.16209873988, -30000000.00000000000, 0.00000000000, 0.00000000000, -0.00000023712, 0.66000001198
83, 50.00000000000, 658.09058610334, -30000000.00000000000, 0.00000000000, 0.00000000000, -0.00000025577, 0.66000001198
84, 50.00000000000, 675.93587475679, -30000000.00000000000, 0.00000000000, 0.00000000000, -0.00000090450, 0.66000001198
85, 50.00000000000, 695.72906038109, -30000000.00000000000, 0.00000000000, 0.00000000000, 0.00000043965, 0.66000001198
86, 50.00000000000, 709.72031357924, -30000000.00000000000, 0.00000000000, 0.00000000000, 0.00000104770, 0.66000001198
87, 50.00000000000, 729.38021746501, -30000000.00000000000, 0.00000000000, 0.00000000000, 0.00000112308, 0.66000001198
88, 50.00000000000, 753.80886902424, -30000000.00000000000, 0.00000000000, 0.00000000000, 0.00000011717, 0.66000001198
89, 50.00000000000, 780.34340571388, -30000000.00000000000, 0.00000000000, 0.00000000000, -0.00000173606, 0.66000001198
90, 50.00000000000, 795.64298781178, 34.29663671898, 4.12500003222, 0.00000000000, 0.00000000080, 0.00000000782
91, 50.00000000000, 787.86625785443, 47.88327341839, 4.12500003222, 0.00000000000, 0.00000000089, 0.00000000196
92, 50.00000000000, 813.32358540806, 23.33265010562, 4.12500003222, 0.00000000000, -0.00000000038, 0.00000000254
93, 50.00000000000, 827.52633646968, 41.88469240875, 4.12500003222, 0.00000000000, 0.00000000686, 0.00000000436
94, 50.00000000000, 850.11345728452, 27.44279343736, 4.12500003222, 0.00000000000, -0.00000000495, 0.00000001970
95, 50.00000000000, 865.06884709935, 34.75210550586, 4.12500003222, 0.00000000000, 0.00000000138, 0.00000001181
96, 50.00000000000, 883.22285823298, 7.59889280234, 4.12500003222, 0.00000000000, -0.00000000679, -0.00000000259
97, 50.00000000000, 902.39378801432, 3.67090658366, 4.12500003222, 0.00000000000, -0.00000000998, -0.00000002102
98, 50.00000000000, 917.28214789725, 53.24274506998, 4.12500003222, 0.00000000000, -0.00000000320, 0.00000000336
99, 50.00000000000, 931.03076174264, 23.37296480479, 4.12500003222, 0.00000000000, 0.00000000875, 0.00000000920
100, 50.00000000000, 47.86514487650, 29.79715586423, 4.12500003222, 0.00000000000, -0.00000000232, 0.00000000813
101, 50.00000000000, 59.27922587844, 14.36980264910, 4.12500003222, 0.00000000000, 0.00000000710, 0.00000001389
102, 50.00000000000, 90.63216280860, 44.46313632395, 4.12500003222, 0.00000000000, 0.00000000658, 0.00000000131
103, 50.00000000000, 103.81118455711, 31.47237307464, 4.12500003222, 0.00000000000, -0.00000000486, 0.00000002752
104, 50.00000000000, 114.94023476668, 8.54527738585, 4.12500003222, 0.00000000000, -0.00000000080, -0.00000001214
105, 50.00000000000, 139.56159027339, 42.65920653199, 4.12500003222, 0.00000000000, -0.00000000160, 0.00000002386
106, 50.00000000000, 150.90095213059, 34.54181779079, 4.12500003222, 0.00000000000, 0.00000000321, -0.00000001747
107, 50.00000000000, 167.86928199508, 25.34309296061, 4.12500003222, 0.00000000000, 0.00000000323, 0.00000000733
108, 50.00000000000, 194.64434616288, 25.72660805015, 4.12500003222, 0.00000000000, 0.00000000365, -0.00000000939
109, 50.00000000000, 202.70745168928, 56.51939436899, 4.12500003222, 0.00000000000, 0.00000000819, 0.00000002120
110, 50.00000000000, 221.59507948880, 52.99717168863, 4.12500003222, 0.00000000000, -0.00000000043, -0.00000001000
111, 50.00000000000, 223.90921015652, -30000000.00000000000, 0.00000000000, 0.00000000000, 0.00000068316, 0.66000001198
112, 50.00000000000, 255.25942511485, 34.16986322682, 4.12500003222, 0.00000000000, 0.00000000154, 0.00000000441
113, 50.00000000000, 259.80288456252, -30000000.00000000000, 0.00000000000, 0.00000000000, -0.00000005872, 0.66000001198
114, 50.00000000000, 291.97989596227, 70.16723417593, 4.12500003222, 0.00000000000, -0.00000000640, 0.00000000986
115, 50.00000000000, 305.59812633282, 65.84541702764, 4.12500003222, 0.00000000000, 0.00000000145, -0.00000000455
116, 50.00000000000, 329.32590000294, 75.70731512616, 4.12500003222, 0.00000000000, 0.00000000636, 0.00000000253
117, 50.00000000000, 338.63840876450, -30000000.00000000000, 0.00000000000, 0.00000000000, 0.00000038043, 0.66000001198
118, 50.00000000000, 375.10401192913, 42.71140231844, 4.12500003222, 0.00000000000, -0.00000000275, 0.00000003300
119, 50.00000000000, 384.77256299119, -30000000.00000000000, 0.00000000000, 0.00000000000, -0.00000010104, 0.66000001198
120, 50.00000000000, 391.36231503060, 40.72459187497, 4.12500003222, 0.00000000000, -0.00000000395, -0.00000001116
121, 50.00000000000, 409.38913239299, 39.84789646291, 4.12500003222, 0.00000000000, 0.00000000133, -0.00000000444
122, 50.00000000000, 444.02323681238, -30000000.00000000000, 0.00000000000, 0.00000000000, 0.00000030412, 0.66000001198
123, 50.00000000000, 460.74429707122, -30000000.00000000000, 0.00000000000, 0.00000000000, -0.00000055371, 0.66000001198
124, 50.00000000000, 476.65342717321, 60.13594656709, 4.12500003222, 0.00000000000, 0.00000000070, -0.00000003167
125, 50.00000000000, 493.64846425523, 42.40630216094, 4.12500003222, 0.00000000000, 0.00000000025, 0.00000001150
126, 50.00000000000, 518.20205548560, -30000000.00000000000, 0.00000000000, 0.00000000000, 0.00000005498, 0.66000001198
127, 50.00000000000, 536.79123540837, 52.23278959158, 4.12500003222, 0.00000000000, 0.00000000329, 0.00000000641
128, 50.00000000000, 561.71951582202, -30000000.00000000000, 0.00000000000, 0.00000000000, -0.00000058232, 0.66000001198
129, 50.00000000000, 574.81426857285, -30000000.00000000000, 0.00000000000, 0.00000000000, 0.00000045874, 0.66000001198
130, 50.00000000000, 598.83834095813, -30000000.00000000000, 0.00000000000, 0.00000000000, -0.00000030203, 0.66000001198
131, 50.00000000000, 618.76516822212, -30000000.00000000000, 0.00000000000, 0.00000000000, -0.00000064609, 0.66000001198
132, 50.00000000000, 627.48071431911, 77.18795748071, 4.12500003222, 0.00000000000, 0.00000000209, 0.00000000539
133, 50.00000000000, 640.59623783616, 42.93097957595, 4.12500003222, 0.00000000000, 0.00000000259, 0.00000000180
134, 50.00000000000, 649.57282185381, 54.50387176667, 4.12500003222, 0.00000000000, -0.00000000115, -0.00000001378
135, 50.00000000000, 673.90361960161, 49.24609564528, 4.12500003222, 0.00000000000, 0.00000000316, -0.00000001922
136, 50.00000000000, 714.87535095783, -30000000.00000000000, 0.00000000000, 0.00000000000, 0.00000094674, 0.66000001198
137, 50.00000000000, 738.94379771234, -30000000.00000000000, 0.00000000000, 0.00000000000, -0.00000006769, 0.66000001198
138, 50.00000000000, 755.34966129912, -30000000.00000000000, 0.00000000000, 0.00000000000, -0.00000012378, 0.66000001198
139, 50.00000000000, 768.74581019571, -30000000.00000000000, 0.00000000000, 0.00000000000, -0.00000004339, 0.66000001198
140, 50.00000000000, 771.85963500959, 40.87776570289, 4.12500003222, 0.00000000000, -0.00000000074, 0.00000000067
141, 50.00000000000, 798.02360085636, 59.42103949455, 4.12500003222, 0.00000000000, 0.00000000131, -0.00000000838
142, 50.00000000000, 810.00727015985, 54.14284416336, 4.12500003222, 0.00000000000, 0.00000000054, -0.00000000349
143, 50.00000000000, 830.08072636702, 26.85207162427, 4.12500003222, 0.00000000000, 0.00000000577, 0.00000001878
144, 50.00000000000, 851.12791167656, 41.06918769146, 4.12500003222, 0.00000000000, -0.00000000197, -0.00000003132
145, 50.00000000000, 864.94906934978, 46.12782571807, 4.12500003222, 0.00000000000, 0.00000000570, 0.00000000423
146, 50.00000000000, 892.95655621662, 14.62348458166, 4.12500003222, 0.00000000000, -0.00000000644, -0.00000000495
147, 50.00000000000, 898.62677109222, 25.84563442730, 4.12500003222, 0.00000000000, -0.00000000622, 0.00000004775
148, 50.00000000000, 912.90511743733, 40.06237463235, 4.12500003222, 0.00000000000, -0.00000000269, 0.00000000654
149, 50.00000000000, 937.36682084051, 37.32308988553, 4.12500003222, 0.00000000000, -0.00000000269, -0.00000003621
150, 50.00000000000, 65.44177080892, 40.17788868306, 4.12500003222, 0.00000000000, -0.00000000086, -0.00000001324
151, 50.00000000000, 62.57430434498, 27.73476365843, 4.12500003222, 0.00000000000, 0.00000000331, 0.00000001883
152, 50.00000000000, 88.44657693424, 29.88089478757, 4.12500003222, 0.00000000000, -0.00000000339, 0.00000001891
153, 50.00000000000, 110.15946336279, 55.31298997244, 4.12500003222, 0.00000000000, -0.00000000172, 0.00000002229
154, 50.00000000000, 128.78915864942, 39.12040507536, 4.12500003222, 0.00000000000, -0.00000000766, 0.00000001498
155, 50.00000000000, 131.11022581331, 6.18055211541, 4.12500003222, 0.00000000000, 0.00000000140, -0.00000000494
156, 50.00000000000, 161.69368297154, 39.56066851782, 4.12500003222, 0.00000000000, 0.00000000944, -0.00000001161
157, 50.00000000000, 173.65458079172, 36.33809355215, 4.12500003222, 0.00000000000, -0.00000000297, -0.00000001131
158, 50.00000000000, 185.92030783143, 39.63674676858, 4.12500003222, 0.00000000000, 0.00000000600, 0.00000000786
159, 50.00000000000, 209.37994226565, 45.14547014633, 4.12500003222, 0.00000000000, 0.00000000942, 0.00000000436
160, 50.00000000000, 216.41646917590, 78.38916995372, 4.12500003222, 0.00000000000, 0.00000000126, -0.00000002026
161, 50.00000000000, 235.94166361657, 60.20703147281, 4.12500003222, 0.00000000000, -0.00000000587, 0.00000002252
162, 50.00000000000, 265.52809076973, 39.30797546231, 4.12500003222, 0.00000000000, -0.00000000755, 0.00000000596
163, 50.00000000000, 263.37702583369, -30000000.00000000000, 0.00000000000, 0.00000000000, 0.00000012629, 0.66000001198
164, 50.00000000000, 290.63717174995, 56.36393085868, 4.12500003222, 0.00000000000, -0.00000000374, 0.00000000172
165, 50.00000000000, 317.18914149724, 72.88377660460, 4.12500003222, 0.00000000000, 0.00000000855, -0.00000000063
166, 50.00000000000, 325.60232306399, -30000000.00000000000, 0.00000000000, 0.00000000000, 0.00000019000, 0.66000001198
167, 50.00000000000, 343.61030678974, -30000000.00000000000, 0.00000000000, 0.00000000000, -0.00000043920, 0.66000001198
168, 50.00000000000, 361.75116165086, -30000000.00000000000, 0.00000000000, 0.00000000000, 0.00000017802, 0.66000001198
169, 50.00000000000, 386.91092940137, 64.93664507076, 4.12500003222, 0.00000000000, 0.00000000018, 0.00000000448
170, 50.00000000000, 403.26252656569, 75.71284297200, 4.12500003222, 0.00000000000, -0.00000000250, -0.00000000610
171, 50.00000000000, 423.27110055578, 45.52148377906, 4.12500003222, 0.00000000000, 0.00000000299, -0.00000000531
172, 50.00000000000, 439.36348121322, 57.63527628939, 4.12500003222, 0.00000000000, -0.00000000346, 0.00000000509
173, 50.00000000000, 463.39223681182, 59.97338750494, 4.12500003222, 0.00000000000, -0.00000000667, -0.00000001377
174, 50.00000000000, 478.78041633979, 47.79802612299, 4.12500003222, 0.00000000000, 0.00000000607, 0.00000001449
175, 50.00000000000, 497.79357293340, -30000000.00000000000, 0.00000000000, 0.00000000000, 0.00000003756, 0.66000001198
176, 50.00000000000, 512.48225627844, 53.14616088512, 4.12500003222, 0.00000000000, -0.00000000046, 0.00000000165
177, 50.00000000000, 532.71854622542, 38.76828191246, 4.12500003222, 0.00000000000, 0.00000000266, 0.00000001211
178, 50.00000000000, 551.45250180898, 56.91144230549, 4.12500003222, 0.00000000000, -0.00000000914, -0.00000000731
179, 50.00000000000, 569.43141129739, 70.55436745175, 4.12500003222, 0.00000000000, 0.00000000044, 0.00000000290
180, 50.00000000000, 583.89862500577, 37.01216404606, 4.12500003222, 0.00000000000, 0.00000000386, -0.00000000017
181, 50.00000000000, 604.39738042940, 22.78111330572, 4.12500003222, 0.00000000000, -0.00000000453, 0.00000000966
182, 50.00000000000, 620.83434480895, 35.56299817733, 4.12500003222, 0.00000000000, -0.00000000031, -0.00000000482
183, 50.00000000000, 641.42653809598, 66.60493331583, 4.12500003222, 0.00000000000, -0.00000000192, 0.00000002482
184, 50.00000000000, 662.42911970328, 54.97230796179, 4.12500003222, 0.00000000000, -0.00000000294, -0.00000001797
185, 50.00000000000, 687.04780481998, 56.33336225683, 4.12500003222, 0.00000000000, 0.00000000747, -0.00000001381
186, 50.00000000000, 702.92545746810, 60.27846125719, 4.12500003222, 0.00000000000, 0.00000000023, 0.00000000307
187, 50.00000000000, 717.53322373059, 41.55807650781, 4.12500003222, 0.00000000000, -0.00000000266, 0.00000000556
188, 50.00000000000, 736.63515691425, 55.99395036460, 4.12500003222, 0.00000000000, -0.00000000533, 0.00000001205
189, 50.00000000000, 752.10500511715, 48.88765385842, 4.12500003222, 0.00000000000, -0.00000000269, -0.00000001220
190, 50.00000000000, 780.24905317601, 24.51330989101, 4.12500003222, 0.00000000000, 0.00000000278, 0.00000000521
191, 50.00000000000, 790.94148787181, 70.73928643644, 4.12500003222, 0.00000000000, 0.00000000138, -0.00000000713
192, 50.00000000000, 811.28218626917, 40.22747012406, 4.12500003222, 0.00000000000, 0.00000000161, 0.00000001990
193, 50.00000000000, 832.05413503299, 53.07420242195, 4.12500003222, 0.00000000000, -0.00000001088, -0.00000003050
194, 50.00000000000, 847.83329284202, 52.29253691006, 4.12500003222, 0.00000000000, -0.00000000855, 0.00000001987
195, 50.00000000000, 868.55154275143, 10.53713181205, 4.12500003222, 0.00000000000, -0.00000000397, -0.00000001269
196, 50.00000000000, 884.27105853458, 58.65316298283, 4.12500003222, 0.00000000000, 0.00000000085, 0.00000000079
197, 50.00000000000, 897.34543187000, 37.89399708766, 4.12500003222, 0.00000000000, 0.00000000882, 0.00000000205
198, 50.00000000000, 922.17061633256, 32.68345698661, 4.12500003222, 0.00000000000, -0.00000001573, 0.00000002829
199, 50.00000000000, 939.63265068812, 60.19310293065, 4.12500003222, 0.00000000000, -0.00000000066, 0.00000000081
200, 50.00000000000, 52.04645099288, 49.21272888580, 4.12500003222, 0.00000000000, -0.00000000000, 0.00000001713
201, 50.00000000000, 74.80951310288, 49.49483730314, 4.12500003222, 0.00000000000, -0.00000000071, -0.00000002007
202, 50.00000000000, 96.51477980756, 54.94707882094, 4.12500003222, 0.00000000000, 0.00000000163, 0.00000000210
203, 50.00000000000, 104.24296420003, 44.39114694544, 4.12500003222, 0.00000000000, 0.00000000067, -0.00000001670
204, 50.00000000000, 117.96929567656, 32.92465643982, 4.12500003222, 0.00000000000, 0.00000000772, -0.00000000714
205, 50.00000000000, 127.36507884845, 22.54374573713, 4.12500003222, 0.00000000000, 0.00000000518, 0.00000000588
206, 50.00000000000, 153.53188676661, 47.21832934050, 4.12500003222, 0.00000000000, -0.00000000816, 0.00000003224
207, 50.00000000000, 172.77067930201, 48.60095887101, 4.12500003222, 0.00000000000, 0.00000000209, -0.00000001637
208, 50.00000000000, 188.03637557073, 56.75429359051, 4.12500003222, 0.00000000000, -0.00000000270, 0.00000002608
209, 50.00000000000, 197.49102490718, 43.66544499605, 4.12500003222, 0.00000000000, -0.00000001242, -0.00000001581
210, 50.00000000000, 224.14335299493, 64.75028103993, 4.12500003222, 0.00000000000, 0.00000000096, 0.00000000390
211, 50.00000000000, 235.22986514860, 74.39171572769, 4.12500003222, 0.00000000000, -0.00000000239, -0.00000000961
212, 50.00000000000, 253.60180804097, 60.39413783240, 4.12500003222, 0.00000000000, -0.00000000259, 0.00000001050
213, 50.00000000000, 275.25003634658, 50.23388775209, 4.12500003222, 0.00000000000, 0.00000001120, 0.00000000097
214, 50.00000000000, 296.43459809839, 44.90790738609, 4.12500003222, 0.00000000000, 0.00000000286, -0.00000001660
215, 50.00000000000, 306.38244481901, 83.10039228149, 4.12500003222, 0.00000000000, 0.00000000004, -0.00000000150
216, 50.00000000000, 327.30780058620, 52.61994565725, 4.12500003222, 0.00000000000, -0.00000000521, -0.00000000457
217, 50.00000000000, 351.82924733036, 53.37584663284, 4.12500003222, 0.00000000000, 0.00000001057, -0.00000002237
218, 50.00000000000, 362.59274303702, 64.58142913997, 4.12500003222, 0.00000000000, 0.00000000765, -0.00000000703
219, 50.00000000000, 374.93225102329, 56.58227567053, 4.12500003222, 0.00000000000, 0.00000000091, 0.00000000222
220, 50.00000000000, 398.26234172535, 52.34832366749, 4.12500003222, 0.00000000000, 0.00000000297, 0.00000001366
221, 50.00000000000, 422.48218730161, 61.49083873995, 4.12500003222, 0.00000000000, -0.00000000659, -0.00000001281
222, 50.00000000000, 436.03851306475, 82.30368195517, 4.12500003222, 0.00000000000, 0.00000000725, 0.00000001465
223, 50.00000000000, 453.93028080710, 52.08346249903, 4.12500003222, 0.00000000000, 0.00000000211, 0.00000001756
224, 50.00000000000, 471.79246613300, 35.98314908457, 4.12500003222, 0.00000000000, 0.00000000268, -0.00000000685
225, 50.00000000000, 492.09158872588, 67.12757932592, 4.12500003222, 0.00000000000, -0.00000000189, -0.00000000549
226, 50.00000000000, 516.30191979605, 77.44053287401, 4.12500003222, 0.00000000000, -0.00000000334, -0.00000001769
227, 50.00000000000, 525.57050411307, 54.04584903152, 4.12500003222, 0.00000000000, 0.00000000543, -0.00000001008
228, 50.00000000000, 548.79973926422, 44.57169778799, 4.12500003222, 0.00000000000, 0.00000000439, 0.00000000434
229, 50.00000000000, 569.99502166830, 54.78708317195, 4.12500003222, 0.00000000000, -0.00000000322, 0.00000000249
230, 50.00000000000, 588.68610122999, 56.08960759133, 4.12500003222, 0.00000000000, 0.00000000261, -0.00000000694
231, 50.00000000000, 606.50181924997, 47.78877593187, 4.12500003222, 0.00000000000, -0.00000000012, 0.00000000658
232, 50.00000000000, 626.08840940244, 56.06879604711, 4.12500003222, 0.00000000000, -0.00000000035, -0.00000000007
233, 50.00000000000, 651.29416926852, -30000000.00000000000, 0.00000000000, 0.00000000000, 0.00000064248, 0.66000001198
234, 50.00000000000, 657.95666573076, 34.73509984875, 4.12500003222, 0.00000000000, 0.00000000005, 0.00000000119
235, 50.00000000000, 681.13233380842, 68.71945712744, 4.12500003222, 0.00000000000, 0.00000000620, 0.00000002016
236, 50.00000000000, 703.40503009998, 74.74106668967, 4.12500003222, 0.00000000000, -0.00000000179, 0.00000001530
237, 50.00000000000, 719.92023771249, 59.03508794779, 4.12500003222, 0.00000000000, 0.00000000120, 0.00000000598
238, 50.00000000000, 738.81159276673, 90.01506662790, 4.12500003222, 0.00000000000, 0.00000000351, -0.00000000886
239, 50.00000000000, 759.68871852104, 59.87705175298, 4.12500003222, 0.00000000000, 0.00000000255, 0.00000001438
240, 50.00000000000, 774.82292749380, 60.60385659203, 4.12500003222, 0.00000000000, 0.00000000066, -0.00000000343
241, 50.00000000000, 802.38353640936, 76.70018196095, 4.12500003222, 0.00000000000, 0.00000000007, 0.00000000429
242, 50.00000000000, 816.25895141007, 64.15844155434, 4.12500003222, 0.00000000000, -0.00000000419, 0.00000000229
243, 50.00000000000, 831.74922513123, 67.47936867747, 4.12500003222, 0.00000000000, -0.00000000568, -0.00000000368
244, 50.00000000000, 841.20179935753, 35.09962388796, 4.12500003222, 0.00000000000, 0.00000000552, 0.00000000137
245, 50.00000000000, 871.27480831110, 77.52140367040, 4.12500003222, 0.00000000000, 0.00000000026, -0.00000000148
246, 50.00000000000, 883.02437202291, 32.18446459530, 4.12500003222, 0.00000000000, 0.00000000511, -0.00000000139
247, 50.00000000000, 901.12165900357, 62.66292989574, 4.12500003222, 0.00000000000, -0.00000000092, -0.00000001236
248, 50.00000000000, 913.72548164798, 26.55719753424, 4.12500003222, 0.00000000000, 0.00000001318, 0.00000001675
249, 50.00000000000, 928.18052280541, 46.81271398026, 4.12500003222, 0.00000000000, -0.00000000889, -0.00000000001
250, 50.00000000000, 59.82947345252, 61.79105284961, 4.12500003222, 0.00000000000, -0.00000000715, -0.00000000129
251, 50.00000000000, 74.35066915191, 62.99222677767, 4.12500003222, 0.00000000000, -0.00000000147, 0.00000001257
252, 50.00000000000, 91.01012308571, 67.37261613809, 4.12500003222, 0.00000000000, 0.00000000005, 0.00000000218
253, 50.00000000000, 109.22953598400, 69.84559964958, 4.12500003222, 0.00000000000, 0.00000000324, -0.00000002334
254, 50.00000000000, 123.32880536870, 58.50571804721, 4.12500003222, 0.00000000000, 0.00000000244, 0.00000000019
255, 50.00000000000, 139.88133429986, 55.19395531660, 4.12500003222, 0.00000000000, -0.00000000107, -0.00000000367
256, 50.00000000000, 155.18151157923, 61.13904989615, 4.12500003222, 0.00000000000, -0.00000000323, -0.00000000545
257, 50.00000000000, 172.58424195971, 61.10775226129, 4.12500003222, 0.00000000000, 0.00000000207, 0.00000001793
258, 50.00000000000, 192.87343675841, 74.57369425628, 4.12500003222, 0.00000000000, 0.00000000078, -0.00000000609
259, 50.00000000000, 208.34714256672, 31.03610303796, 4.12500003222, 0.00000000000, -0.00000000618, 0.00000000297
260, 50.00000000000, 211.40544392168, 64.17484266533, 4.12500003222, 0.00000000000, -0.00000000171, 0.00000000736
261, 50.00000000000, 243.08588128471, 49.95552923744, 4.12500003222, 0.00000000000, -0.00000000055, -0.00000000688
262, 50.00000000000, 259.19222306887, 50.28856759212, 4.12500003222, 0.00000000000, 0.00000000622, -0.00000001275
263, 50.00000000000, 275.64614755273, 62.11130920849, 4.12500003222, 0.00000000000, -0.00000000121, -0.00000000931
264, 50.00000000000, 284.71024981908, 151.16727252942, 4.12500003222, 0.00000000000, 0.00000000000, 0.00000000000
265, 50.00000000000, 313.82627558113, 57.16391779697, 4.12500003222, 0.00000000000, -0.00000000717, 0.00000000114
266, 50.00000000000, 338.38304214008, 62.13601550173, 4.12500003222, 0.00000000000, -0.00000000240, 0.00000003424
267, 50.00000000000, 350.37424357431, 76.43425773259, 4.12500003222, 0.00000000000, -0.00000000318, 0.00000000466
268, 50.00000000000, 372.61546879532, 79.86006920820, 4.12500003222, 0.00000000000, -0.00000000097, -0.00000001478
269, 50.00000000000, 372.12671477409, 99.58750184115, 4.12500003222, 0.00000000000, -0.00000000006, 0.00000000245
270, 50.00000000000, 408.43813538169, 59.74826623746, 4.12500003222, 0.00000000000, -0.00000000365, 0.00000000124
271, 50.00000000000, 421.81656091638, 76.75013471168, 4.12500003222, 0.00000000000, -0.00000000077, -0.00000000785
272, 50.00000000000, 444.04093769925, 70.42384115006, 4.12500003222, 0.00000000000, 0.00000000095, 0.00000000978
273, 50.00000000000, 458.53346053443, 74.71503957343, 4.12500003222, 0.00000000000, -0.00000000467, 0.00000000631
274, 50.00000000000, 451.81787629452, 91.60943244316, 4.12500003222, 0.00000000000, 0.00000000081, 0.00000000825
275, 50.00000000000, 501.88555970265, 76.98413694282, 4.12500003222, 0.00000000000, 0.00000000245, 0.00000001721
276, 50.00000000000, 516.07625489047, 65.10321785447, 4.12500003222, 0.00000000000, -0.00000000101, 0.00000001458
277, 50.00000000000, 534.54100140610, 66.13912044359, 4.12500003222, 0.00000000000, 0.00000000544, 0.00000000948
278, 50.00000000000, 552.01399042734, 71.12894962288, 4.12500003222, 0.00000000000, -0.00000000387, -0.00000002243
279, 50.00000000000, 567.08925729512, 88.27980295543, 4.12500003222, 0.00000000000, 0.00000000247, -0.00000000295
280, 50.00000000000, 585.61737150259, 74.04262633215, 4.12500003222, 0.00000000000, -0.00000000159, -0.00000000299
281, 50.00000000000, 607.30914718475, 68.71982094828, 4.12500003222, 0.00000000000, -0.00000000125, -0.00000000797
282, 50.00000000000, 639.57948079782, 91.03081310102, 4.12500003222, 0.00000000000, -0.00000000444, -0.00000001015
283, 50.00000000000, 651.72641376944, 77.83340765371, 4.12500003222, 0.00000000000, 0.00000000584, -0.00000001127
284, 50.00000000000, 666.23261413564, 70.49271764170, 4.12500003222, 0.00000000000, 0.00000000236, 0.00000002693
285, 50.00000000000, 688.38155283541, 81.10393827711, 4.12500003222, 0.00000000000, -0.00000000601, -0.00000002448
286, 50.00000000000, 695.36079376283, 39.00455027075, 4.12500003222, 0.00000000000, -0.00000000366, 0.00000001024
287, 50.00000000000, 721.82916378116, 76.00911364612, 4.12500003222, 0.00000000000, 0.00000000371, -0.00000002695
288, 50.00000000000, 739.25470604411, 70.54435699224, 4.12500003222, 0.00000000000, -0.00000000337, 0.00000000208
289, 50.00000000000, 754.63621939242, 73.67656423655, 4.12500003222, 0.00000000000, -0.00000000144, -0.00000000081
290, 50.00000000000, 803.14229802240, 110.83577002386, 4.12500003222, 0.00000000000, 0.00000000170, 0.00000000441
291, 50.00000000000, 796.26652189000, 93.04330103426, 4.12500003222, 0.00000000000, 0.00000000080, -0.00000000165
292, 50.00000000000, 815.05313189250, 79.00972498023, 4.12500003222, 0.00000000000, -0.00000000473, -0.00000001451
293, 50.00000000000, 852.50831600689, 127.31551137395, 4.12500003222, 0.00000000000, 0.00000000000, 0.00000000000
294, 50.00000000000, 851.35263333669, 66.53767377219, 4.12500003222, 0.00000000000, -0.00000000165, 0.00000000593
295, 50.00000000000, 866.64121993612, 60.32675883087, 4.12500003222, 0.00000000000, 0.00000000208, -0.00000001543
296, 50.00000000000, 883.41419049564, 45.56140654005, 4.12500003222, 0.00000000000, 0.00000000537, -0.00000001678
297, 50.00000000000, 902.71338155101, 48.39671399938, 4.12500003222, 0.00000000000, -0.00000000029, -0.00000002233
298, 50.00000000000, 951.03475836082, 98.02700320216, 4.12500003222, 0.00000000000, -0.00000000002, -0.00000000143
299, 50.00000000000, 950.76686969881, 76.69298036374, 4.12500003222, 0.00000000000, 0.00000000054, 0.00000000220
