0, 50.00000000000, 23.83083412043, 10.52987239507, 4.12500003222, 0.00000000000, -0.00000000208, -0.00000001381
1, 50.00000000000, 48.54354023468, 5.25507190390, 4.12500003222, 0.00000000000, -0.00000000294, 0.00000000079
2, 50.00000000000, 62.61028139484, 15.01334695541, 4.12500003222, 0.00000000000, 0.00000000437, -0.00000000385
3, 50.00000000000, 76.51334600874, 23.43492318541, 4.12500003222, 0.00000000000, 0.00000000258, -0.00000001838
4, 50.00000000000, 95.52588453108, 25.74777917314, 4.12500003222, 0.00000000000, -0.00000000071, 0.00000000328
5, 50.00000000000, 117.78023140674, 24.29231496826, 4.12500003222, 0.00000000000, -0.00000000099, 0.00000000471
6, 50.00000000000, 129.24017179591, 10.16047640391, 4.12500003222, 0.00000000000, -0.00000000218, -0.00000001303
7, 50.00000000000, 148.26269011179, 7.95587904026, 4.12500003222, 0.00000000000, 0.00000000040, -0.00000001969
8, 50.00000000000, 164.68106100252, 26.23339307659, 4.12500003222, 0.00000000000, 0.00000000616, 0.00000001814
9, 50.00000000000, 185.57417915903, 13.44073554822, 4.12500003222, 0.00000000000, 0.00000000044, 0.00000000954
10, 50.00000000000, 206.71070240119, -30000000.00000000000, 0.00000000000, 0.00000000000, 0.00000087956, 0.66000001198
11, 50.00000000000, 224.49063399154, 37.77246460945, 4.12500003222, 0.00000000000, -0.00000000500, -0.00000001248
12, 50.00000000000, 246.46910967038, -30000000.00000000000, 0.00000000000, 0.00000000000, 0.00000017036, 0.66000001198
13, 50.00000000000, 264.54337600195, 34.05977684526, 4.12500003222, 0.00000000000, 0.00000000034, -0.00000001229
14, 50.00000000000, 281.01780575786, -30000000.00000000000, 0.00000000000, 0.00000000000, -0.00000006004, 0.66000001198
15, 50.00000000000, 305.92814911966, -30000000.00000000000, 0.00000000000, 0.00000000000, 0.00000020941, 0.66000001198
16, 50.00000000000, 323.72343021081, -30000000.00000000000, 0.00000000000, 0.00000000000, 0.00000044404, 0.66000001198
17, 50.00000000000, 347.17121621749, -30000000.00000000000, 0.00000000000, 0.00000000000, -0.00000100876, 0.66000001198
18, 50.00000000000, 363.52250604956, -30000000.00000000000, 0.00000000000, 0.00000000000, -0.00000009560, 0.66000001198
19, 50.00000000000, 382.96569873142, -30000000.00000000000, 0.00000000000, 0.00000000000, 0.00000011303, 0.66000001198
20, 50.00000000000, 402.10640506588, -30000000.00000000000, 0.00000000000, 0.00000000000, -0.00000028278, 0.66000001198
21, 50.00000000000, 418.09189912130, -30000000.00000000000, 0.00000000000, 0.00000000000, 0.00000114022, 0.66000001198
22, 50.00000000000, 442.15296664116, -30000000.00000000000, 0.00000000000, 0.00000000000, -0.00000007076, 0.66000001198
23, 50.00000000000, 461.92780884976, 39.71633999170, 4.12500003222, 0.00000000000, 0.00000001130, -0.00000003697
24, 50.00000000000, 483.29376974096, -30000000.00000000000, 0.00000000000, 0.00000000000, -0.00000051383, 0.66000001198
25, 50.00000000000, 499.09102313296, -30000000.00000000000, 0.00000000000, 0.00000000000, -0.00000009625, 0.66000001198
26, 50.00000000000, 518.58745735769, -30000000.00000000000, 0.00000000000, 0.00000000000, 0.00000001693, 0.66000001198
27, 50.00000000000, 536.59760674207, -30000000.00000000000, 0.00000000000, 0.00000000000, 0.00000064421, 0.66000001198
28, 50.00000000000, 552.64716197540, -30000000.00000000000, 0.00000000000, 0.00000000000, 0.00000070065, 0.66000001198
29, 50.00000000000, 576.76751586459, -30000000.00000000000, 0.00000000000, 0.00000000000, 0.00000015645, 0.66000001198
30, 50.00000000000, 596.12779459762, -30000000.00000000000, 0.00000000000, 0.00000000000, 0.00000000926, 0.66000001198
31, 50.00000000000, 613.31959371112, -30000000.00000000000, 0.00000000000, 0.00000000000, 0.00000014406, 0.66000001198
32, 50.00000000000, 633.33360610459, -30000000.00000000000, 0.00000000000, 0.00000000000, 0.00000078012, 0.66000001198
33, 50.00000000000, 656.16883094940, -30000000.00000000000, 0.00000000000, 0.00000000000, -0.00000001164, 0.66000001198
34, 50.00000000000, 676.28395196806, -30000000.00000000000, 0.00000000000, 0.00000000000, -0.00000093875, 0.66000001198
35, 50.00000000000, 691.33493846528, 37.25611506613, 4.12500003222, 0.00000000000, -0.00000000731, 0.00000002149
36, 50.00000000000, 722.94796399141, -30000000.00000000000, 0.00000000000, 0.00000000000, -0.00000028270, 0.66000001198
37, 50.00000000000, 737.13148986662, -30000000.00000000000, 0.00000000000, 0.00000000000, -0.00000037836, 0.66000001198
38, 50.00000000000, 754.42134982463, -30000000.00000000000, 0.00000000000, 0.00000000000, 0.00000002162, 0.66000001198
39, 50.00000000000, 772.91625638197, -30000000.00000000000, 0.00000000000, 0.00000000000, -0.00000063901, 0.66000001198
40, 50.00000000000, 793.89304943723, -30000000.00000000000, 0.00000000000, 0.00000000000, -0.00000125473, 0.66000001198
41, 50.00000000000, 815.77771487762, 12.55848013669, 4.12500003222, 0.00000000000, -0.00000000035, 0.00000000395
42, 50.00000000000, 836.57893448768, 8.54679029745, 4.12500003222, 0.00000000000, -0.00000000634, -0.00000000869
43, 50.00000000000, 853.22228790999, 12.78526055854, 4.12500003222, 0.00000000000, -0.00000000073, 0.00000002029
44, 50.00000000000, 869.53857722654, 13.57570309937, 4.12500003222, 0.00000000000, 0.00000000452, -0.00000000289
45, 50.00000000000, 882.88899471653, 23.52477905494, 4.12500003222, 0.00000000000, 0.00000000573, -0.00000004207
46, 50.00000000000, 898.40090996707, 24.25778577552, 4.12500003222, 0.00000000000, -0.00000000828, -0.00000001435
47, 50.00000000000, 940.72783574013, 7.27789006525, 4.12500003222, 0.00000000000, -0.00000000242, -0.00000002304
48, 50.00000000000, 934.09577455732, 15.91000864699, 4.12500003222, 0.00000000000, -0.00000000436, -0.00000000231
49, 50.00000000000, 955.69959304927, 11.81062963946, 4.12500003222, 0.00000000000, -0.00000000599, 0.00000001945
50, 50.00000000000, 25.82403595532, 73.33695584282, 4.12500003222, 0.00000000000, -0.00000000544, 0.00000000345
51, 50.00000000000, 52.41270190736, 25.55994652759, 4.12500003222, 0.00000000000, 0.00000000018, 0.00000000336
52, 50.00000000000, 57.81266736190, 39.07722227674, 4.12500003222, 0.00000000000, -0.00000000489, 0.00000000359
53, 50.00000000000, 78.93912228497, 8.85640445388, 4.12500003222, 0.00000000000, -0.00000000123, 0.00000002593
54, 50.00000000000, 93.77617309847, 49.70544665999, 4.12500003222, 0.00000000000, 0.00000000216, -0.00000001171
55, 50.00000000000, 117.33814536394, 39.51050123373, 4.12500003222, 0.00000000000, 0.00000000123, 0.00000003234
56, 50.00000000000, 132.12118620339, 32.84577454119, 4.12500003222, 0.00000000000, 0.00000000310, 0.00000002397
57, 50.00000000000, 141.20877258236, 21.66119391822, 4.12500003222, 0.00000000000, 0.00000001416, 0.00000001348
58, 50.00000000000, 161.43361735424, 12.73157139263, 4.12500003222, 0.00000000000, 0.00000000058, -0.00000000568
59, 50.00000000000, 172.74500887335, 5.03806582447, 4.12500003222, 0.00000000000, 0.00000000002, 0.00000001301
60, 50.00000000000, 205.87910432470, 40.89008481633, 4.12500003222, 0.00000000000, 0.00000000164, -0.00000002582
61, 50.00000000000, 230.93904857491, -30000000.00000000000, 0.00000000000, 0.00000000000, 0.00000060815, 0.66000001198
62, 50.00000000000, 245.34131653847, -30000000.00000000000, 0.00000000000, 0.00000000000, 0.00000031777, 0.66000001198
63, 50.00000000000, 264.20401585808, -30000000.00000000000, 0.00000000000, 0.00000000000, 0.00000002861, 0.66000001198
64, 50.00000000000, 286.93896956093, -30000000.00000000000, 0.00000000000, 0.00000000000, -0.00000090976, 0.66000001198
65, 50.00000000000, 303.96891950780, -30000000.00000000000, 0.00000000000, 0.00000000000, 0.00000046470, 0.66000001198
66, 50.00000000000, 323.79833509247, -30000000.00000000000, 0.00000000000, 0.00000000000, 0.00000043420, 0.66000001198
67, 50.00000000000, 335.36044509586, 36.44534396140, 4.12500003222, 0.00000000000, 0.00000000672, -0.00000000548
68, 50.00000000000, 354.57820713816, 37.36733085430, 4.12500003222, 0.00000000000, -0.00000000532, 0.00000000785
69, 50.00000000000, 380.19971083091, -30000000.00000000000, 0.00000000000, 0.00000000000, -0.00000019826, 0.66000001198
70, 50.00000000000, 409.72951379790, -30000000.00000000000, 0.00000000000, 0.00000000000, -0.00000018709, 0.66000001198
71, 50.00000000000, 425.99956612134, -30000000.00000000000, 0.00000000000, 0.00000000000, -0.00000007260, 0.66000001198
72, 50.00000000000, 436.71914270712, -30000000.00000000000, 0.00000000000, 0.00000000000, 0.00000008220, 0.66000001198
73, 50.00000000000, 462.82317050449, -30000000.00000000000, 0.00000000000, 0.00000000000, -0.00000082731, 0.66000001198
74, 50.00000000000, 472.13468650666, -30000000.00000000000, 0.00000000000, 0.00000000000, 0.00000037566, 0.66000001198
75, 50.00000000000, 504.90001271166, 57.35728934954, 4.12500003222, 0.00000000000, 0.00000000298, -0.00000001106
76, 50.00000000000, 521.53820155323, 41.28035101206, 4.12500003222, 0.00000000000, -0.00000000383, 0.00000000530
77, 50.00000000000, 541.64750229955, -30000000.00000000000, 0.00000000000, 0.00000000000, -0.00000007777, 0.66000001198
78, 50.00000000000, 558.97584360934, -30000000.00000000000, 0.00000000000, 0.00000000000, -0.00000021115, 0.66000001198
79, 50.00000000000, 571.53774228386, 41.74882341704, 4.12500003222, 0.00000000000, -0.00000000530, 0.00000001237
80, 50.00000000000, 598.84511977742, -30000000.00000000000, 0.00000000000, 0.00000000000, -0.00000030277, 0.66000001198
81, 50.00000000000, 608.24581441874, 45.56230733303, 4.12500003222, 0.00000000000, -0.00000000225, 0.00000001382
82, 50.00000000000, 640.16209873988, -30000000.00000000000, 0.00000000000, 0.00000000000, -0.00000023712, 0.66000001198
83, 50.00000000000, 658.09058610334, -30000000.00000000000, 0.00000000000, 0.00000000000, -0.00000025577, 0.66000001198
84, 50.00000000000, 675.93587475679, -30000000.00000000000, 0.00000000000, 0.00000000000, -0.00000090450, 0.66000001198
85, 50.00000000000, 695.72906038109, -30000000.00000000000, 0.00000000000, 0.00000000000, 0.00000043965, 0.66000001198
86, 50.00000000000, 709.72031357924, -30000000.00000000000, 0.00000000000, 0.00000000000, 0.00000104770, 0.66000001198
87, 50.00000000000, 729.38021746501, -30000000.00000000000, 0.00000000000, 0.00000000000, 0.00000112308, 0.66000001198
88, 50.00000000000, 753.80886902424, -30000000.00000000000, 0.00000000000, 0.00000000000, 0.00000011717, 0.66000001198
89, 50.00000000000, 780.34340571388, -30000000.00000000000, 0.00000000000, 0.00000000000, -0.00000173606, 0.66000001198
90, 50.00000000000, 814.33076711802, 35.30539790700, 4.12500003222, 0.00000000000, 0.00000000142, 0.00000000021
91, 50.00000000000, 806.36937523403, 48.69187944787, 4.12500003222, 0.00000000000, 0.00000000211, -0.00000000296
92, 50.00000000000, 832.89015229434, 24.96987225499, 4.12500003222, 0.00000000000, 0.00000000154, -0.00000000089
93, 50.00000000000, 846.84028132203, 43.12983578940, 4.12500003222, 0.00000000000, 0.00000000054, -0.00000000607
94, 50.00000000000, 869.03576839651, 28.25088213269, 4.12500003222, 0.00000000000, -0.00000000303, -0.00000002413
95, 50.00000000000, 883.54626743067, 34.69159509197, 4.12500003222, 0.00000000000, 0.00000000045, 0.00000001231
96, 50.00000000000, 902.57103965495, 7.31737330845, 4.12500003222, 0.00000000000, -0.00000000772, 0.00000002311
97, 50.00000000000, 924.97370455348, 3.77494908678, 4.12500003222, 0.00000000000, 0.00000001619, 0.00000004398
98, 50.00000000000, 938.49258466328, 54.39334440375, 4.12500003222, 0.00000000000, -0.00000000097, -0.00000001574
99, 50.00000000000, 956.12918049784, 24.43222303764, 4.12500003222, 0.00000000000, -0.00000000692, 0.00000001484
100, 50.00000000000, 26.09385777471, 29.03965886353, 4.12500003222, 0.00000000000, 0.00000000105, -0.00000000187
101, 50.00000000000, 38.32448830765, 14.27063773682, 4.12500003222, 0.00000000000, 0.00000000202, 0.00000000174
102, 50.00000000000, 67.11191847513, 46.51929371923, 4.12500003222, 0.00000000000, -0.00000000098, 0.00000001340
103, 50.00000000000, 82.42811239864, 33.53070535430, 4.12500003222, 0.00000000000, 0.00000000362, -0.00000000625
104, 50.00000000000, 95.82418903011, 12.50104536054, 4.12500003222, 0.00000000000, -0.00000000087, 0.00000000805
105, 50.00000000000, 116.68501475839, 50.74391324699, 4.12500003222, 0.00000000000, 0.00000000562, 0.00000001573
106, 50.00000000000, 130.60658477792, 44.74589836834, 4.12500003222, 0.00000000000, 0.00000000021, -0.00000003028
107, 50.00000000000, 150.37816023533, 32.57427415440, 4.12500003222, 0.00000000000, -0.00000000188, -0.00000003456
108, 50.00000000000, 175.81005154383, 29.24814283358, 4.12500003222, 0.00000000000, -0.00000000179, -0.00000003257
109, 50.00000000000, 186.29524870770, 58.12376424791, 4.12500003222, 0.00000000000, -0.00000000804, 0.00000002577
110, 50.00000000000, 205.71345700422, 52.62795500981, 4.12500003222, 0.00000000000, -0.00000000661, -0.00000002040
111, 50.00000000000, 223.90921015652, -30000000.00000000000, 0.00000000000, 0.00000000000, 0.00000068316, 0.66000001198
112, 50.00000000000, 239.40128217308, 33.25001485039, 4.12500003222, 0.00000000000, -0.00000000029, -0.00000001557
113, 50.00000000000, 259.80288456252, -30000000.00000000000, 0.00000000000, 0.00000000000, -0.00000005872, 0.66000001198
114, 50.00000000000, 280.54903026887, 66.16872767421, 4.12500003222, 0.00000000000, 0.00000000392, -0.00000001418
115, 50.00000000000, 293.27270653128, 61.21895280799, 4.12500003222, 0.00000000000, -0.00000000344, 0.00000001213
116, 50.00000000000, 317.82712993471, 70.51149980735, 4.12500003222, 0.00000000000, -0.00000000454, 0.00000001087
117, 50.00000000000, 338.63840876450, -30000000.00000000000, 0.00000000000, 0.00000000000, 0.00000038043, 0.66000001198
118, 50.00000000000, 370.05807639277, 39.73654605459, 4.12500003222, 0.00000000000, -0.00000000408, 0.00000001948
119, 50.00000000000, 384.77256299119, -30000000.00000000000, 0.00000000000, 0.00000000000, -0.00000010104, 0.66000001198
120, 50.00000000000, 389.51858821771, 38.93714412099, 4.12500003222, 0.00000000000, -0.00000000052, 0.00000000229
121, 50.00000000000, 408.71868660355, 37.76231655098, 4.12500003222, 0.00000000000, -0.00000000273, -0.00000000296
122, 50.00000000000, 444.02323681238, -30000000.00000000000, 0.00000000000, 0.00000000000, 0.00000030412, 0.66000001198
123, 50.00000000000, 460.74429707122, -30000000.00000000000, 0.00000000000, 0.00000000000, -0.00000055371, 0.66000001198
124, 50.00000000000, 480.15072525258, 59.24497916822, 4.12500003222, 0.00000000000, 0.00000000039, -0.00000000447
125, 50.00000000000, 498.41346317481, 42.80616345533, 4.12500003222, 0.00000000000, 0.00000000321, -0.00000001080
126, 50.00000000000, 518.20205548560, -30000000.00000000000, 0.00000000000, 0.00000000000, 0.00000005498, 0.66000001198
127, 50.00000000000, 541.99842091085, 56.89655544859, 4.12500003222, 0.00000000000, 0.00000000192, -0.00000001381
128, 50.00000000000, 561.71951582202, -30000000.00000000000, 0.00000000000, 0.00000000000, -0.00000058232, 0.66000001198
129, 50.00000000000, 574.81426857285, -30000000.00000000000, 0.00000000000, 0.00000000000, 0.00000045874, 0.66000001198
130, 50.00000000000, 598.83834095813, -30000000.00000000000, 0.00000000000, 0.00000000000, -0.00000030203, 0.66000001198
131, 50.00000000000, 618.76516822212, -30000000.00000000000, 0.00000000000, 0.00000000000, -0.00000064609, 0.66000001198
132, 50.00000000000, 634.92355964867, 86.63947635995, 4.12500003222, 0.00000000000, -0.00000000367, -0.00000000006
133, 50.00000000000, 652.98325438740, 54.58667153190, 4.12500003222, 0.00000000000, 0.00000000251, 0.00000001248
134, 50.00000000000, 666.19027144573, 64.77122567445, 4.12500003222, 0.00000000000, -0.00000000850, 0.00000000113
135, 50.00000000000, 689.87569363282, 53.15092209166, 4.12500003222, 0.00000000000, -0.00000000182, -0.00000001590
136, 50.00000000000, 714.87535095783, -30000000.00000000000, 0.00000000000, 0.00000000000, 0.00000094674, 0.66000001198
137, 50.00000000000, 738.94379771234, -30000000.00000000000, 0.00000000000, 0.00000000000, -0.00000006769, 0.66000001198
138, 50.00000000000, 755.34966129912, -30000000.00000000000, 0.00000000000, 0.00000000000, -0.00000012378, 0.66000001198
139, 50.00000000000, 768.74581019571, -30000000.00000000000, 0.00000000000, 0.00000000000, -0.00000004339, 0.66000001198
140, 50.00000000000, 790.36592991819, 42.51942489784, 4.12500003222, 0.00000000000, 0.00000000391, -0.00000001755
141, 50.00000000000, 816.21668220145, 59.81540237652, 4.12500003222, 0.00000000000, -0.00000000315, 0.00000000645
142, 50.00000000000, 828.33924798162, 55.39218144528, 4.12500003222, 0.00000000000, -0.00000000163, -0.00000000366
143, 50.00000000000, 849.95054514659, 28.52363557547, 4.12500003222, 0.00000000000, 0.00000000360, 0.00000001159
144, 50.00000000000, 870.94437519282, 44.43525583214, 4.12500003222, 0.00000000000, -0.00000000061, 0.00000001584
145, 50.00000000000, 886.77311004129, 45.86423569669, 4.12500003222, 0.00000000000, 0.00000001079, 0.00000001746
146, 50.00000000000, 914.82043879566, 13.17339145447, 4.12500003222, 0.00000000000, 0.00000000596, 0.00000001012
147, 50.00000000000, 921.45546363487, 23.39967948863, 4.12500003222, 0.00000000000, -0.00000000708, 0.00000001095
148, 50.00000000000, 936.32643929980, 41.51169407024, 4.12500003222, 0.00000000000, -0.00000000520, 0.00000000891
149, 50.00000000000, 959.16743839264, 38.13899368306, 4.12500003222, 0.00000000000, 0.00000000637, -0.00000000216
150, 50.00000000000, 42.35311005552, 40.05834906906, 4.12500003222, 0.00000000000, -0.00000000513, -0.00000000698
151, 50.00000000000, 40.86976235010, 28.03585306760, 4.12500003222, 0.00000000000, 0.00000000462, 0.00000000846
152, 50.00000000000, 65.96317052151, 30.89630811152, 4.12500003222, 0.00000000000, 0.00000000136, -0.00000001976
153, 50.00000000000, 84.19841934204, 60.11677568062, 4.12500003222, 0.00000000000, -0.00000000156, -0.00000001420
154, 50.00000000000, 105.23520839942, 47.14236738518, 4.12500003222, 0.00000000000, -0.00000000470, -0.00000003379
155, 50.00000000000, 111.41732782618, 8.24791060279, 4.12500003222, 0.00000000000, 0.00000000214, 0.00000001272
156, 50.00000000000, 139.28952049176, 54.02841554353, 4.12500003222, 0.00000000000, 0.00000000102, -0.00000000328
157, 50.00000000000, 154.91381111166, 43.06841347440, 4.12500003222, 0.00000000000, -0.00000000137, -0.00000000280
158, 50.00000000000, 168.62247514730, 43.72919791133, 4.12500003222, 0.00000000000, -0.00000000498, 0.00000001890
159, 50.00000000000, 192.48677727809, 47.08601186432, 4.12500003222, 0.00000000000, 0.00000000724, 0.00000001020
160, 50.00000000000, 201.85626404356, 77.93299197136, 4.12500003222, 0.00000000000, 0.00000000089, 0.00000001133
161, 50.00000000000, 220.74413293833, 59.30261141844, 4.12500003222, 0.00000000000, -0.00000001716, 0.00000003079
162, 50.00000000000, 249.96289430659, 38.37409375595, 4.12500003222, 0.00000000000, 0.00000000000, -0.00000000685
163, 50.00000000000, 263.37702583369, -30000000.00000000000, 0.00000000000, 0.00000000000, 0.00000012629, 0.66000001198
164, 50.00000000000, 277.97518442444, 53.22017709115, 4.12500003222, 0.00000000000, -0.00000000086, -0.00000001055
165, 50.00000000000, 306.43340964407, 64.62532361412, 4.12500003222, 0.00000000000, -0.00000000263, 0.00000002369
166, 50.00000000000, 325.60232306399, -30000000.00000000000, 0.00000000000, 0.00000000000, 0.00000019000, 0.66000001198
167, 50.00000000000, 343.61030678974, -30000000.00000000000, 0.00000000000, 0.00000000000, -0.00000043920, 0.66000001198
168, 50.00000000000, 361.75116165086, -30000000.00000000000, 0.00000000000, 0.00000000000, 0.00000017802, 0.66000001198
169, 50.00000000000, 384.74493102138, 61.55916323090, 4.12500003222, 0.00000000000, -0.00000000298, -0.00000000215
170, 50.00000000000, 403.79329381051, 73.02994791493, 4.12500003222, 0.00000000000, -0.00000000238, 0.00000000672
171, 50.00000000000, 423.31625096575, 42.77698423324, 4.12500003222, 0.00000000000, 0.00000000142, 0.00000001642
172, 50.00000000000, 441.77363900952, 56.09869873488, 4.12500003222, 0.00000000000, -0.00000000587, -0.00000000557
173, 50.00000000000, 466.51346922829, 57.84496048358, 4.12500003222, 0.00000000000, -0.00000000168, 0.00000001792
174, 50.00000000000, 482.86938428329, 46.62840232397, 4.12500003222, 0.00000000000, -0.00000000319, 0.00000001055
175, 50.00000000000, 497.79357293340, -30000000.00000000000, 0.00000000000, 0.00000000000, 0.00000003756, 0.66000001198
176, 50.00000000000, 517.46347086726, 55.87454288913, 4.12500003222, 0.00000000000, -0.00000000197, -0.00000003012
177, 50.00000000000, 538.79032246838, 43.12138782213, 4.12500003222, 0.00000000000, 0.00000000517, -0.00000001066
178, 50.00000000000, 556.70265951628, 61.03843455734, 4.12500003222, 0.00000000000, -0.00000000138, -0.00000001052
179, 50.00000000000, 574.33007694825, 76.21671015635, 4.12500003222, 0.00000000000, 0.00000000150, -0.00000000327
180, 50.00000000000, 593.31141490978, 45.62256177207, 4.12500003222, 0.00000000000, -0.00000000002, -0.00000000338
181, 50.00000000000, 615.17168147104, 32.95337982532, 4.12500003222, 0.00000000000, 0.00000000044, 0.00000000912
182, 50.00000000000, 631.10790842063, 48.57862999525, 4.12500003222, 0.00000000000, -0.00000000196, -0.00000000769
183, 50.00000000000, 655.75890755463, 78.10702339207, 4.12500003222, 0.00000000000, 0.00000000254, -0.00000000582
184, 50.00000000000, 678.41800732443, 57.39047546006, 4.12500003222, 0.00000000000, 0.00000000320, -0.00000000727
185, 50.00000000000, 702.70897327170, 59.12400449746, 4.12500003222, 0.00000000000, -0.00000000247, 0.00000000040
186, 50.00000000000, 718.47941861411, 63.25474518049, 4.12500003222, 0.00000000000, -0.00000000246, 0.00000001388
187, 50.00000000000, 732.89213645329, 45.14805143072, 4.12500003222, 0.00000000000, 0.00000000029, -0.00000000267
188, 50.00000000000, 752.93799752855, 58.06340375147, 4.12500003222, 0.00000000000, -0.00000000017, -0.00000001533
189, 50.00000000000, 771.72681247342, 47.08421876337, 4.12500003222, 0.00000000000, -0.00000000556, -0.00000000400
190, 50.00000000000, 799.05749989035, 25.45572648597, 4.12500003222, 0.00000000000, -0.00000000065, 0.00000000939
191, 50.00000000000, 809.10614638436, 71.30338626290, 4.12500003222, 0.00000000000, -0.00000000160, 0.00000001556
192, 50.00000000000, 830.18570254802, 41.43040690619, 4.12500003222, 0.00000000000, 0.00000000174, -0.00000000368
193, 50.00000000000, 850.45572190268, 54.24150962226, 4.12500003222, 0.00000000000, 0.00000000116, -0.00000000121
194, 50.00000000000, 866.45341325527, 54.34273746351, 4.12500003222, 0.00000000000, 0.00000000068, 0.00000000089
195, 50.00000000000, 888.78687906729, 11.22441505315, 4.12500003222, 0.00000000000, -0.00000000959, 0.00000003290
196, 50.00000000000, 900.74974073762, 65.31454882232, 4.12500003222, 0.00000000000, -0.00000000319, 0.00000000847
197, 50.00000000000, 920.11805712750, 36.38051824155, 4.12500003222, 0.00000000000, -0.00000000962, -0.00000000512
198, 50.00000000000, 944.71574424182, 31.73159063614, 4.12500003222, 0.00000000000, 0.00000001247, -0.00000001114
199, 50.00000000000, 960.65894661368, 61.66822984227, 4.12500003222, 0.00000000000, 0.00000000178, 0.00000000688
200, 50.00000000000, 28.18737783373, 48.02691325308, 4.12500003222, 0.00000000000, 0.00000000315, 0.00000001900
201, 50.00000000000, 51.08904569268, 50.06041482734, 4.12500003222, 0.00000000000, 0.00000000167, 0.00000002198
202, 50.00000000000, 71.64898256818, 56.75996180445, 4.12500003222, 0.00000000000, -0.00000000238, 0.00000002726
203, 50.00000000000, 81.32224061939, 45.15820646371, 4.12500003222, 0.00000000000, 0.00000000616, -0.00000000362
204, 50.00000000000, 96.14423821631, 37.65518696560, 4.12500003222, 0.00000000000, 0.00000000449, 0.00000001247
205, 50.00000000000, 107.84195612914, 31.03654716449, 4.12500003222, 0.00000000000, -0.00000000080, -0.00000000772
206, 50.00000000000, 127.42356644446, 57.79670150793, 4.12500003222, 0.00000000000, -0.00000000628, 0.00000000286
207, 50.00000000000, 152.14453823795, 57.31544225085, 4.12500003222, 0.00000000000, 0.00000000273, 0.00000003101
208, 50.00000000000, 171.24324329903, 60.42459156037, 4.12500003222, 0.00000000000, 0.00000000016, 0.00000000424
209, 50.00000000000, 180.74785642095, 44.39225765976, 4.12500003222, 0.00000000000, -0.00000000178, 0.00000001083
210, 50.00000000000, 208.79489672747, 64.50315902784, 4.12500003222, 0.00000000000, 0.00000001284, 0.00000000522
211, 50.00000000000, 220.14787214258, 74.19151418303, 4.12500003222, 0.00000000000, 0.00000000584, -0.00000001683
212, 50.00000000000, 239.08135605291, 59.71132589301, 4.12500003222, 0.00000000000, 0.00000000015, 0.00000002461
213, 50.00000000000, 260.98888036568, 48.09593652175, 4.12500003222, 0.00000000000, 0.00000000482, 0.00000000716
214, 50.00000000000, 282.28015983449, 41.37275316271, 4.12500003222, 0.00000000000, -0.00000000006, -0.00000000619
215, 50.00000000000, 296.55298761412, 77.82243182612, 4.12500003222, 0.00000000000, 0.00000001260, -0.00000002961
216, 50.00000000000, 320.79969497681, 46.02100140407, 4.12500003222, 0.00000000000, 0.00000000486, 0.00000000672
217, 50.00000000000, 346.75808116762, 51.46568009788, 4.12500003222, 0.00000000000, 0.00000000605, -0.00000002293
218, 50.00000000000, 360.20671783031, 61.23268536571, 4.12500003222, 0.00000000000, 0.00000000659, 0.00000000460
219, 50.00000000000, 372.60985410330, 52.82066763466, 4.12500003222, 0.00000000000, -0.00000000702, -0.00000000591
220, 50.00000000000, 398.29735518448, 50.94985279515, 4.12500003222, 0.00000000000, -0.00000000371, -0.00000000266
221, 50.00000000000, 423.20294157299, 59.08838667194, 4.12500003222, 0.00000000000, 0.00000000132, -0.00000002262
222, 50.00000000000, 437.40223247384, 79.82226063436, 4.12500003222, 0.00000000000, 0.00000000297, 0.00000001733
223, 50.00000000000, 457.02866473500, 50.80684496709, 4.12500003222, 0.00000000000, -0.00000000806, 0.00000001760
224, 50.00000000000, 475.94283776295, 34.91508132900, 4.12500003222, 0.00000000000, -0.00000000274, 0.00000001974
225, 50.00000000000, 495.85049708452, 66.20964767208, 4.12500003222, 0.00000000000, 0.00000000269, 0.00000003232
226, 50.00000000000, 518.85986790104, 78.86590569136, 4.12500003222, 0.00000000000, 0.00000000032, -0.00000002142
227, 50.00000000000, 530.54598956087, 56.95704220171, 4.12500003222, 0.00000000000, -0.00000000692, 0.00000001192
228, 50.00000000000, 554.61221933759, 48.91089611227, 4.12500003222, 0.00000000000, 0.00000000063, 0.00000000049
229, 50.00000000000, 575.83499111076, 59.71750415367, 4.12500003222, 0.00000000000, 0.00000000313, 0.00000001848
230, 50.00000000000, 595.32901152178, 64.77359534911, 4.12500003222, 0.00000000000, 0.00000000092, -0.00000000861
231, 50.00000000000, 615.05550116756, 58.18624244970, 4.12500003222, 0.00000000000, -0.00000000217, 0.00000000217
232, 50.00000000000, 634.75619550716, 68.50991882869, 4.12500003222, 0.00000000000, 0.00000000361, -0.00000000561
233, 50.00000000000, 651.29416926852, -30000000.00000000000, 0.00000000000, 0.00000000000, 0.00000064248, 0.66000001198
234, 50.00000000000, 670.04729775853, 46.87661515648, 4.12500003222, 0.00000000000, 0.00000000123, -0.00000001324
235, 50.00000000000, 696.04081734560, 71.55667857557, 4.12500003222, 0.00000000000, -0.00000000085, -0.00000001275
236, 50.00000000000, 718.70298269399, 78.90747192089, 4.12500003222, 0.00000000000, -0.00000000018, 0.00000000420
237, 50.00000000000, 735.69034979151, 62.62032281887, 4.12500003222, 0.00000000000, -0.00000000011, -0.00000001315
238, 50.00000000000, 757.32366424799, 92.06980672853, 4.12500003222, 0.00000000000, -0.00000000216, -0.00000001498
239, 50.00000000000, 775.45235205653, 60.75821920218, 4.12500003222, 0.00000000000, 0.00000000010, 0.00000000283
240, 50.00000000000, 792.22141069377, 60.77350290280, 4.12500003222, 0.00000000000, 0.00000000082, 0.00000001327
241, 50.00000000000, 820.15386065583, 78.62367832570, 4.12500003222, 0.00000000000, -0.00000000540, -0.00000000448
242, 50.00000000000, 834.30211160231, 65.02594277472, 4.12500003222, 0.00000000000, 0.00000000471, -0.00000000050
243, 50.00000000000, 849.44448211556, 69.34378166356, 4.12500003222, 0.00000000000, 0.00000000085, -0.00000000886
244, 50.00000000000, 861.46571659507, 36.28703733690, 4.12500003222, 0.00000000000, -0.00000000481, -0.00000002553
245, 50.00000000000, 885.93973866766, 81.15879481379, 4.12500003222, 0.00000000000, -0.00000000005, -0.00000000177
246, 50.00000000000, 905.26349520534, 32.00952583018, 4.12500003222, 0.00000000000, 0.00000001709, 0.00000002988
247, 50.00000000000, 920.93437761129, 61.35901932034, 4.12500003222, 0.00000000000, 0.00000000590, -0.00000002532
248, 50.00000000000, 935.12545277512, 28.03676245789, 4.12500003222, 0.00000000000, -0.00000002083, -0.00000005750
249, 50.00000000000, 949.98072604358, 47.85989625904, 4.12500003222, 0.00000000000, 0.00000000290, 0.00000000830
250, 50.00000000000, 34.45964874945, 61.64321507737, 4.12500003222, 0.00000000000, 0.00000000351, -0.00000002467
251, 50.00000000000, 48.89922063602, 62.88224218935, 4.12500003222, 0.00000000000, 0.00000000813, -0.00000003394
252, 50.00000000000, 63.62693590108, 70.27324558057, 4.12500003222, 0.00000000000, 0.00000000411, -0.00000000183
253, 50.00000000000, 80.87330747152, 77.03486159447, 4.12500003222, 0.00000000000, 0.00000000230, 0.00000001919
254, 50.00000000000, 97.34693876140, 63.85377039115, 4.12500003222, 0.00000000000, 0.00000000238, 0.00000001065
255, 50.00000000000, 114.73320209393, 64.82550439083, 4.12500003222, 0.00000000000, 0.00000000553, -0.00000002490
256, 50.00000000000, 133.63502115214, 70.45777997448, 4.12500003222, 0.00000000000, 0.00000000119, 0.00000001074
257, 50.00000000000, 154.70865232313, 74.94982375252, 4.12500003222, 0.00000000000, -0.00000000351, -0.00000001622
258, 50.00000000000, 178.44774951253, 77.80442656295, 4.12500003222, 0.00000000000, -0.00000000046, 0.00000000333
259, 50.00000000000, 190.27498616267, 32.42600526765, 4.12500003222, 0.00000000000, 0.00000000513, -0.00000004034
260, 50.00000000000, 195.85283255034, 64.67116890475, 4.12500003222, 0.00000000000, 0.00000000113, 0.00000000705
261, 50.00000000000, 227.60665967046, 49.78879917131, 4.12500003222, 0.00000000000, 0.00000001266, 0.00000000845
262, 50.00000000000, 244.24020156332, 49.15715105651, 4.12500003222, 0.00000000000, 0.00000000267, 0.00000000171
263, 50.00000000000, 262.78559478074, 59.55568467352, 4.12500003222, 0.00000000000, -0.00000000027, 0.00000003108
264, 50.00000000000, 284.71024981908, 132.04366101110, 4.12500003222, 0.00000000000, 0.00000000000, 0.00000000000
265, 50.00000000000, 302.69910824068, 51.47929565961, 4.12500003222, 0.00000000000, -0.00000000580, 0.00000000574
266, 50.00000000000, 328.14915016089, 59.04434408689, 4.12500003222, 0.00000000000, -0.00000000476, -0.00000000621
267, 50.00000000000, 340.86290555782, 72.77900210373, 4.12500003222, 0.00000000000, -0.00000000195, -0.00000000450
268, 50.00000000000, 359.57607880270, 82.17313911096, 4.12500003222, 0.00000000000, 0.00000000304, 0.00000000325
269, 50.00000000000, 374.41934171114, 98.48456336700, 4.12500003222, 0.00000000000, -0.00000000316, -0.00000000347
270, 50.00000000000, 408.21198600569, 57.53752491335, 4.12500003222, 0.00000000000, 0.00000000899, 0.00000000175
271, 50.00000000000, 423.33450204470, 73.88964370084, 4.12500003222, 0.00000000000, -0.00000000551, -0.00000000895
272, 50.00000000000, 445.76492166692, 69.01677586404, 4.12500003222, 0.00000000000, 0.00000000615, -0.00000001039
273, 50.00000000000, 460.53840075742, 73.02445890079, 4.12500003222, 0.00000000000, 0.00000000169, -0.00000000010
274, 50.00000000000, 453.34309985153, 90.96670297724, 4.12500003222, 0.00000000000, -0.00000000274, -0.00000000606
275, 50.00000000000, 504.39997224069, 78.25745409984, 4.12500003222, 0.00000000000, -0.00000001196, 0.00000000128
276, 50.00000000000, 520.19507131582, 66.91708053903, 4.12500003222, 0.00000000000, 0.00000000506, 0.00000001749
277, 50.00000000000, 538.77752728530, 69.37615615275, 4.12500003222, 0.00000000000, -0.00000000581, 0.00000002525
278, 50.00000000000, 556.72639347161, 74.70456163390, 4.12500003222, 0.00000000000, 0.00000000260, -0.00000000808
279, 50.00000000000, 570.46534361619, 93.80870265785, 4.12500003222, 0.00000000000, 0.00000000302, -0.00000000310
280, 50.00000000000, 590.32199475275, 81.06257109021, 4.12500003222, 0.00000000000, -0.00000000494, -0.00000001443
281, 50.00000000000, 613.63454991295, 77.84025282322, 4.12500003222, 0.00000000000, 0.00000000044, -0.00000000008
282, 50.00000000000, 634.87189074269, 108.43904756294, 4.12500003222, 0.00000000000, -0.00000000059, -0.00000000034
283, 50.00000000000, 652.68703111123, 98.75045042293, 4.12500003222, 0.00000000000, -0.00000000033, -0.00000000174
284, 50.00000000000, 680.45654581335, 72.12613325581, 4.12500003222, 0.00000000000, 0.00000000016, 0.00000000528
285, 50.00000000000, 703.01511438823, 83.48542071174, 4.12500003222, 0.00000000000, 0.00000000443, 0.00000000593
286, 50.00000000000, 710.79990610461, 43.13423372534, 4.12500003222, 0.00000000000, -0.00000000270, 0.00000000094
287, 50.00000000000, 738.35293034405, 78.45775061374, 4.12500003222, 0.00000000000, -0.00000000047, 0.00000000398
288, 50.00000000000, 755.34572279242, 73.65216461666, 4.12500003222, 0.00000000000, 0.00000000078, 0.00000002727
289, 50.00000000000, 771.70363225030, 73.72187290845, 4.12500003222, 0.00000000000, 0.00000000453, 0.00000000018
290, 50.00000000000, 803.86144891582, 112.82308557032, 4.12500003222, 0.00000000000, 0.00000000054, -0.00000000088
291, 50.00000000000, 815.03343440621, 94.76474248261, 4.12500003222, 0.00000000000, -0.00000000392, -0.00000000747
292, 50.00000000000, 833.03060786303, 79.93739414409, 4.12500003222, 0.00000000000, -0.00000000373, -0.00000001348
293, 50.00000000000, 852.50831600689, 118.08831978401, 4.12500003222, 0.00000000000, 0.00000000000, 0.00000000000
294, 50.00000000000, 867.87344788099, 69.98384207387, 4.12500003222, 0.00000000000, 0.00000000249, -0.00000000049
295, 50.00000000000, 883.76801214722, 60.63850457160, 4.12500003222, 0.00000000000, -0.00000000079, 0.00000000009
296, 50.00000000000, 903.26717331986, 48.24599024006, 4.12500003222, 0.00000000000, 0.00000000104, -0.00000002469
297, 50.00000000000, 924.56611324511, 47.49875529726, 4.12500003222, 0.00000000000, -0.00000000956, 0.00000002729
298, 50.00000000000, 950.71159890797, 126.51993794553, 4.12500003222, 0.00000000000, 0.00000000000, 0.00000000000
299, 50.00000000000, 965.95629031143, 83.08211929356, 4.12500003222, 0.00000000000, -0.00000000216, -0.00000000897
