0, 50.00000000000, 10.34167460919, 7.02283699914, 4.12500003222, 0.00000000000, 0.00000000047, 0.00000000072
1, 50.00000000000, 29.88393227072, 7.53585828248, 4.12500003222, 0.00000000000, -0.00000000016, -0.00000000031
2, 50.00000000000, 49.50112403464, 6.42619337634, 4.12500003222, 0.00000000000, 0.00000000036, 0.00000000122
3, 50.00000000000, 69.09982716368, 10.91580840449, 4.12500003222, 0.00000000000, 0.00000000067, 0.00000000029
4, 50.00000000000, 88.60900246366, 4.96789854007, 4.12500003222, 0.00000000000, 0.00000000004, -0.00000000011
5, 50.00000000000, 108.20117835530, 12.92110991175, 4.12500003222, 0.00000000000, -0.00000000030, -0.00000000300
6, 50.00000000000, 127.82203796621, 15.04935855820, 4.12500003222, 0.00000000000, -0.00000000043, -0.00000000112
7, 50.00000000000, 147.38420336370, 10.58058524352, 4.12500003222, 0.00000000000, -0.00000000024, -0.00000000077
8, 50.00000000000, 166.85346887573, 15.50294080117, 4.12500003222, 0.00000000000, -0.00000000035, -0.00000000313
9, 50.00000000000, 186.77992392498, 9.55738104258, 4.12500003222, 0.00000000000, 0.00000000030, -0.00000000117
10, 50.00000000000, 206.28893707498, 11.37466735869, 4.12500003222, 0.00000000000, 0.00000000003, -0.00000000045
11, 50.00000000000, 225.73042576132, 9.06060973806, 4.12500003222, 0.00000000000, 0.00000000008, 0.00000000017
12, 50.00000000000, 245.32794767920, 9.60745132677, 4.12500003222, 0.00000000000, 0.00000000019, 0.00000000038
13, 50.00000000000, 265.05324153136, 19.28617074474, 4.12500003222, 0.00000000000, 0.00000000040, -0.00000000424
14, 50.00000000000, 284.50938207781, 10.00371768414, 4.12500003222, 0.00000000000, -0.00000000017, -0.00000000233
15, 50.00000000000, 304.13246154308, 17.07526931773, 4.12500003222, 0.00000000000, 0.00000000005, -0.00000000299
16, 50.00000000000, 323.84762203451, 8.71377813452, 4.12500003222, 0.00000000000, 0.00000000036, 0.00000000048
17, 50.00000000000, 343.28044930666, 8.69984423572, 4.12500003222, 0.00000000000, -0.00000000014, 0.00000000085
18, 50.00000000000, 362.87185912590, 15.91342651958, 4.12500003222, 0.00000000000, 0.00000000011, -0.00000000128
19, 50.00000000000, 382.47725827908, 10.52919227182, 4.12500003222, 0.00000000000, 0.00000000004, 0.00000000039
20, 50.00000000000, 402.03891427364, 13.45844160886, 4.12500003222, 0.00000000000, -0.00000000012, -0.00000000080
21, 50.00000000000, 421.72434858751, 9.79825408987, 4.12500003222, 0.00000000000, 0.00000000031, 0.00000000094
22, 50.00000000000, 441.41544924076, 15.95173515605, 4.12500003222, 0.00000000000, 0.00000000077, -0.00000000067
23, 50.00000000000, 460.91341120756, 0.46979843094, 4.12500003222, 0.00000000000, 0.00000000054, -0.00000000033
24, 50.00000000000, 480.40478143825, 12.16918670189, 4.12500003222, 0.00000000000, 0.00000000038, -0.00000000121
25, 50.00000000000, 499.99510660135, 10.05905613476, 4.12500003222, 0.00000000000, 0.00000000116, 0.00000000129
26, 50.00000000000, 519.47665337679, 14.54777189186, 4.12500003222, 0.00000000000, -0.00000000084, -0.00000000086
27, 50.00000000000, 539.09604094222, 9.49993263690, 4.12500003222, 0.00000000000, -0.00000000036, -0.00000000025
28, 50.00000000000, 558.77961977259, 13.43212559153, 4.12500003222, 0.00000000000, 0.00000000003, -0.00000000087
29, 50.00000000000, 578.34436663951, 10.70969924402, 4.12500003222, 0.00000000000, -0.00000000010, -0.00000000014
30, 50.00000000000, 598.00355012009, 0.51219856997, 4.12500003222, 0.00000000000, 0.00000000053, -0.00000000010
31, 50.00000000000, 617.48499388811, 13.03284002201, 4.12500003222, 0.00000000000, -0.00000000012, -0.00000000319
32, 50.00000000000, 637.07911123952, 6.74650542894, 4.12500003222, 0.00000000000, -0.00000000009, -0.00000000134
33, 50.00000000000, 656.75890979858, 4.09645016588, 4.12500003222, 0.00000000000, 0.00000000029, -0.00000000193
34, 50.00000000000, 676.37142638490, 11.62563766765, 4.12500003222, 0.00000000000, 0.00000000033, -0.00000000096
35, 50.00000000000, 695.85645349419, 10.29256948341, 4.12500003222, 0.00000000000, 0.00000000008, 0.00000000002
36, 50.00000000000, 715.48540622847, 12.95538793577, 4.12500003222, 0.00000000000, -0.00000000007, -0.00000000135
37, 50.00000000000, 735.01399900119, 17.16475073495, 4.12500003222, 0.00000000000, 0.00000000006, -0.00000000265
38, 50.00000000000, 754.65895291316, 17.47114045800, 4.12500003222, 0.00000000000, -0.00000000006, -0.00000000475
39, 50.00000000000, 774.19201194648, 10.64274625994, 4.12500003222, 0.00000000000, -0.00000000048, 0.00000000036
40, 50.00000000000, 793.84188036915, 3.96749767555, 4.12500003222, 0.00000000000, 0.00000000086, -0.00000000016
41, 50.00000000000, 813.47483741494, 13.23880879407, 4.12500003222, 0.00000000000, 0.00000000010, -0.00000000145
42, 50.00000000000, 832.78939386211, 11.97083627667, 4.12500003222, 0.00000000000, -0.00000000081, 0.00000000032
43, 50.00000000000, 852.60195533729, 9.11626872749, 4.12500003222, 0.00000000000, 0.00000000005, -0.00000000205
44, 50.00000000000, 872.23887001788, 20.65638124960, 4.12500003222, 0.00000000000, -0.00000000016, -0.00000000193
45, 50.00000000000, 891.69762605509, 11.54811043924, 4.12500003222, 0.00000000000, -0.00000000039, -0.00000000351
46, 50.00000000000, 911.40829045989, 20.64266832838, 4.12500003222, 0.00000000000, -0.00000000022, -0.00000000283
47, 50.00000000000, 930.95553441266, 7.11342598196, 4.12500003222, 0.00000000000, -0.00000000027, -0.00000000116
48, 50.00000000000, 950.45758391621, 17.15765606620, 4.12500003222, 0.00000000000, -0.00000000012, -0.00000000154
49, 50.00000000000, 969.97690361081, 2.10574551047, 4.12500003222, 0.00000000000, -0.00000000074, 0.00000000107
50, 50.00000000000, 10.41482490471, 22.21686901617, 4.12500003222, 0.00000000000, 0.00000000089, 0.00000000027
51, 50.00000000000, 30.01559553997, 24.77451422665, 4.12500003222, 0.00000000000, 0.00000000148, 0.00000000227
52, 50.00000000000, 49.58635597936, 36.12676377627, 4.12500003222, 0.00000000000, -0.00000000041, -0.00000000283
53, 50.00000000000, 68.98674048788, 28.34894608011, 4.12500003222, 0.00000000000, -0.00000000162, -0.00000000023
54, 50.00000000000, 88.66033778203, 30.56339531197, 4.12500003222, 0.00000000000, -0.00000000006, -0.00000000482
55, 50.00000000000, 108.11634631459, 14.68615260630, 4.12500003222, 0.00000000000, -0.00000000107, 0.00000000441
56, 50.00000000000, 127.78458547049, 25.97609155511, 4.12500003222, 0.00000000000, -0.00000000068, 0.00000000223
57, 50.00000000000, 147.52557426270, 22.90371138780, 4.12500003222, 0.00000000000, 0.00000000079, 0.00000000141
58, 50.00000000000, 167.09126054790, 18.19351035795, 4.12500003222, 0.00000000000, -0.00000000030, 0.00000000453
59, 50.00000000000, 186.53104297652, 21.29422235200, 4.12500003222, 0.00000000000, -0.00000000086, 0.00000000234
60, 50.00000000000, 206.14175888346, 33.77010012576, 4.12500003222, 0.00000000000, -0.00000000015, 0.00000000230
61, 50.00000000000, 225.96534003532, 21.89227297770, 4.12500003222, 0.00000000000, 0.00000000071, 0.00000000090
62, 50.00000000000, 245.24399398038, 27.78722016497, 4.12500003222, 0.00000000000, -0.00000000052, -0.00000000057
63, 50.00000000000, 264.86408832387, 24.20294390012, 4.12500003222, 0.00000000000, -0.00000000074, 0.00000000274
64, 50.00000000000, 284.53665983902, 14.08889425445, 4.12500003222, 0.00000000000, 0.00000000014, 0.00000000438
65, 50.00000000000, 304.09072778643, 20.39880665941, 4.12500003222, 0.00000000000, -0.00000000007, 0.00000000355
66, 50.00000000000, 323.87043690645, 26.36648550498, 4.12500003222, 0.00000000000, 0.00000000037, -0.00000000096
67, 50.00000000000, 343.33316291400, 28.93254976453, 4.12500003222, 0.00000000000, 0.00000000021, -0.00000000002
68, 50.00000000000, 362.84986906982, 24.54501135271, 4.12500003222, 0.00000000000, -0.00000000053, 0.00000000230
69, 50.00000000000, 382.38047500322, 29.68232949231, 4.12500003222, 0.00000000000, 0.00000000030, -0.00000000024
70, 50.00000000000, 402.10608960076, 26.32880315886, 4.12500003222, 0.00000000000, 0.00000000104, 0.00000000129
71, 50.00000000000, 421.57418831393, 27.63673169423, 4.12500003222, 0.00000000000, -0.00000000070, -0.00000000039
72, 50.00000000000, 441.05959635409, 30.53196227876, 4.12500003222, 0.00000000000, -0.00000000105, -0.00000000132
73, 50.00000000000, 461.00729745384, 24.56502237123, 4.12500003222, 0.00000000000, 0.00000000065, -0.00000000213
74, 50.00000000000, 480.26568362878, 20.13294874722, 4.12500003222, 0.00000000000, -0.00000000078, -0.00000000020
75, 50.00000000000, 499.93100573214, 30.95191688049, 4.12500003222, 0.00000000000, -0.00000000066, -0.00000000513
76, 50.00000000000, 519.65140210349, 27.88164414124, 4.12500003222, 0.00000000000, 0.00000000021, -0.00000000264
77, 50.00000000000, 539.18131187232, 22.53474807493, 4.12500003222, 0.00000000000, 0.00000000052, 0.00000000150
78, 50.00000000000, 558.74122770578, 24.37997227418, 4.12500003222, 0.00000000000, -0.00000000083, 0.00000000163
79, 50.00000000000, 578.29516925140, 24.00506207476, 4.12500003222, 0.00000000000, -0.00000000020, 0.00000000044
80, 50.00000000000, 597.84499978243, 20.82331671699, 4.12500003222, 0.00000000000, -0.00000000028, -0.00000000004
81, 50.00000000000, 617.48400631440, 18.99252524105, 4.12500003222, 0.00000000000, -0.00000000100, 0.00000000261
82, 50.00000000000, 637.19242322007, 19.67788787805, 4.12500003222, 0.00000000000, 0.00000000003, 0.00000000146
83, 50.00000000000, 656.74401084799, 12.47920061136, 4.12500003222, 0.00000000000, 0.00000000002, 0.00000000254
84, 50.00000000000, 676.27992608990, 22.81331318980, 4.12500003222, 0.00000000000, 0.00000000017, 0.00000000072
85, 50.00000000000, 695.94585494348, 26.96046152436, 4.12500003222, 0.00000000000, 0.00000000057, 0.00000000029
86, 50.00000000000, 715.28352459331, 23.24256279952, 4.12500003222, 0.00000000000, -0.00000000056, 0.00000000198
87, 50.00000000000, 734.86955055923, 25.10087677235, 4.12500003222, 0.00000000000, -0.00000000072, 0.00000000160
88, 50.00000000000, 754.59581475786, 21.50489062602, 4.12500003222, 0.00000000000, -0.00000000007, 0.00000000087
89, 50.00000000000, 774.31605724588, 27.34291956996, 4.12500003222, 0.00000000000, 0.00000000027, -0.00000000226
90, 50.00000000000, 793.80028864300, 22.29913491823, 4.12500003222, 0.00000000000, -0.00000000008, 0.00000000084
91, 50.00000000000, 813.34970707942, 25.15618662605, 4.12500003222, 0.00000000000, -0.00000000107, -0.00000000124
92, 50.00000000000, 833.30853659696, 26.44793804803, 4.12500003222, 0.00000000000, 0.00000000123, -0.00000000040
93, 50.00000000000, 852.45889914240, 15.03629392203, 4.12500003222, 0.00000000000, -0.00000000006, 0.00000000317
94, 50.00000000000, 872.03045995921, 25.06304937382, 4.12500003222, 0.00000000000, -0.00000000037, 0.00000000205
95, 50.00000000000, 891.77659960816, 14.82075317184, 4.12500003222, 0.00000000000, 0.00000000038, 0.00000000466
96, 50.00000000000, 911.25801338873, 26.09900962857, 4.12500003222, 0.00000000000, 0.00000000011, 0.00000000048
97, 50.00000000000, 930.87074836533, 14.59845883660, 4.12500003222, 0.00000000000, -0.00000000088, 0.00000000327
98, 50.00000000000, 950.49969880932, 23.87809762649, 4.12500003222, 0.00000000000, 0.00000000050, 0.00000000179
99, 50.00000000000, 969.97191868352, 29.50710608490, 4.12500003222, 0.00000000000, -0.00000000030, -0.00000000229
100, 50.00000000000, 10.40117361493, 32.73000453819, 4.12500003222, 0.00000000000, -0.00000000012, 0.00000000064
101, 50.00000000000, 29.65720742525, 41.88830462208, 4.12500003222, 0.00000000000, -0.00000000087, -0.00000000279
102, 50.00000000000, 49.41783750188, 43.67835844595, 4.12500003222, 0.00000000000, -0.00000000014, -0.00000000181
103, 50.00000000000, 69.07129838168, 43.75449271932, 4.12500003222, 0.00000000000, -0.00000000062, -0.00000000235
104, 50.00000000000, 88.73447435697, 33.68757665468, 4.12500003222, 0.00000000000, 0.00000000132, 0.00000000339
105, 50.00000000000, 108.46763095523, 32.96052894104, 4.12500003222, 0.00000000000, 0.00000000050, 0.00000000015
106, 50.00000000000, 127.84847263591, 48.75690423001, 4.12500003222, 0.00000000000, -0.00000000128, -0.00000000476
107, 50.00000000000, 147.40404379390, 37.12810623676, 4.12500003222, 0.00000000000, 0.00000000040, -0.00000000047
108, 50.00000000000, 167.10614123360, 36.78584262326, 4.12500003222, 0.00000000000, 0.00000000042, -0.00000000136
109, 50.00000000000, 186.38497611617, 41.32550641551, 4.12500003222, 0.00000000000, 0.00000000027, -0.00000000204
110, 50.00000000000, 206.09359826535, 25.52523787489, 4.12500003222, 0.00000000000, -0.00000000016, -0.00000000230
111, 50.00000000000, 225.77301999807, 33.34720776875, 4.12500003222, 0.00000000000, 0.00000000051, 0.00000000279
112, 50.00000000000, 245.36992234230, 41.52236571122, 4.12500003222, 0.00000000000, -0.00000000026, -0.00000000159
113, 50.00000000000, 265.10272432679, 34.60715116100, 4.12500003222, 0.00000000000, 0.00000000036, 0.00000000347
114, 50.00000000000, 284.50693484236, 34.71272041815, 4.12500003222, 0.00000000000, 0.00000000011, -0.00000000044
115, 50.00000000000, 304.03718173567, 35.38816140920, 4.12500003222, 0.00000000000, -0.00000000086, 0.00000000022
116, 50.00000000000, 323.52389883782, 35.27234105597, 4.12500003222, 0.00000000000, -0.00000000039, 0.00000000183
117, 50.00000000000, 343.25023978397, 45.28961253381, 4.12500003222, 0.00000000000, -0.00000000040, -0.00000000353
118, 50.00000000000, 362.96301295478, 42.75924216406, 4.12500003222, 0.00000000000, 0.00000000045, -0.00000000273
119, 50.00000000000, 382.59384356843, 40.76963180107, 4.12500003222, 0.00000000000, 0.00000000043, -0.00000000172
120, 50.00000000000, 402.02208601313, 36.89875897952, 4.12500003222, 0.00000000000, -0.00000000082, -0.00000000007
121, 50.00000000000, 421.57270429472, 44.76037492454, 4.12500003222, 0.00000000000, -0.00000000232, -0.00000000391
122, 50.00000000000, 441.23945135241, 36.38316063499, 4.12500003222, 0.00000000000, 0.00000000008, 0.00000000259
123, 50.00000000000, 460.63460828432, 33.65051046056, 4.12500003222, 0.00000000000, -0.00000000095, 0.00000000089
124, 50.00000000000, 480.51437661624, 31.84177799412, 4.12500003222, 0.00000000000, 0.00000000004, 0.00000000011
125, 50.00000000000, 500.05957666485, 33.94692870121, 4.12500003222, 0.00000000000, 0.00000000050, 0.00000000218
126, 50.00000000000, 519.56230126599, 29.66721772238, 4.12500003222, 0.00000000000, -0.00000000089, 0.00000000431
127, 50.00000000000, 539.31502948943, 40.73175402372, 4.12500003222, 0.00000000000, 0.00000000080, -0.00000000142
128, 50.00000000000, 558.91421233295, 39.45992605098, 4.12500003222, 0.00000000000, 0.00000000021, -0.00000000148
129, 50.00000000000, 578.36749223610, 37.62322801933, 4.12500003222, 0.00000000000, -0.00000000023, 0.00000000043
130, 50.00000000000, 597.99628339974, 37.17862315293, 4.12500003222, 0.00000000000, 0.00000000008, 0.00000000084
131, 50.00000000000, 617.51684655625, 32.63581546433, 4.12500003222, 0.00000000000, 0.00000000013, 0.00000000038
132, 50.00000000000, 637.21441631625, 41.06987315540, 4.12500003222, 0.00000000000, 0.00000000023, -0.00000000052
133, 50.00000000000, 656.71284737366, 45.49255518280, 4.12500003222, 0.00000000000, -0.00000000038, -0.00000000313
134, 50.00000000000, 676.09484036098, 36.35648635772, 4.12500003222, 0.00000000000, -0.00000000104, -0.00000000119
135, 50.00000000000, 695.80039124855, 40.35997979611, 4.12500003222, 0.00000000000, -0.00000000034, -0.00000000112
136, 50.00000000000, 715.68787024185, 42.66890740138, 4.12500003222, 0.00000000000, 0.00000000060, -0.00000000429
137, 50.00000000000, 735.33222755134, 35.51302590017, 4.12500003222, 0.00000000000, 0.00000000077, 0.00000000215
138, 50.00000000000, 754.62628968052, 28.33657454786, 4.12500003222, 0.00000000000, 0.00000000119, 0.00000000497
139, 50.00000000000, 774.27064414427, 32.94783046514, 4.12500003222, 0.00000000000, -0.00000000047, 0.00000000373
140, 50.00000000000, 793.75676922841, 42.63557802513, 4.12500003222, 0.00000000000, 0.00000000026, -0.00000000223
141, 50.00000000000, 813.30098328075, 33.71388200387, 4.12500003222, 0.00000000000, 0.00000000025, 0.00000000198
142, 50.00000000000, 833.01785009738, 36.74781284591, 4.12500003222, 0.00000000000, -0.00000000057, 0.00000000179
143, 50.00000000000, 852.66237401392, 40.17296775482, 4.12500003222, 0.00000000000, 0.00000000170, -0.00000000194
144, 50.00000000000, 872.08593971551, 38.76734989903, 4.12500003222, 0.00000000000, -0.00000000068, 0.00000000167
145, 50.00000000000, 891.66795270632, 38.19527959539, 4.12500003222, 0.00000000000, -0.00000000001, -0.00000000172
146, 50.00000000000, 911.57424400081, 36.26211834609, 4.12500003222, 0.00000000000, 0.00000000102, -0.00000000097
147, 50.00000000000, 931.09097633949, 33.36569251671, 4.12500003222, 0.00000000000, 0.00000000092, 0.00000000041
148, 50.00000000000, 950.50587695158, 43.36784437790, 4.12500003222, 0.00000000000, 0.00000000063, -0.00000000175
149, 50.00000000000, 969.89196978771, 38.42935000533, 4.12500003222, 0.00000000000, -0.00000000047, 0.00000000066
150, 50.00000000000, 10.40923200572, 53.46309785624, 4.12500003222, 0.00000000000, 0.00000000070, -0.00000000048
151, 50.00000000000, 29.74385824566, 52.82408088022, 4.12500003222, 0.00000000000, -0.00000000100, -0.00000000272
152, 50.00000000000, 49.51383238614, 45.77092315963, 4.12500003222, 0.00000000000, 0.00000000044, 0.00000000557
153, 50.00000000000, 69.12472971113, 46.44640023893, 4.12500003222, 0.00000000000, 0.00000000075, 0.00000000414
154, 50.00000000000, 88.75529133898, 53.21148191274, 4.12500003222, 0.00000000000, 0.00000000057, -0.00000000094
155, 50.00000000000, 108.17478340825, 45.91305037323, 4.12500003222, 0.00000000000, 0.00000000091, -0.00000000159
156, 50.00000000000, 127.94244155410, 50.38617832405, 4.12500003222, 0.00000000000, 0.00000000158, 0.00000000434
157, 50.00000000000, 147.47269156547, 55.92033505351, 4.12500003222, 0.00000000000, 0.00000000051, -0.00000000052
158, 50.00000000000, 166.97817880712, 40.95220361620, 4.12500003222, 0.00000000000, 0.00000000010, 0.00000000131
159, 50.00000000000, 186.77415398491, 51.67366799550, 4.12500003222, 0.00000000000, 0.00000000123, -0.00000000209
160, 50.00000000000, 206.22752742878, 46.71083342059, 4.12500003222, 0.00000000000, 0.00000000030, 0.00000000139
161, 50.00000000000, 225.56973934971, 50.37146323007, 4.12500003222, 0.00000000000, -0.00000000132, -0.00000000186
162, 50.00000000000, 245.37904971703, 53.17556676480, 4.12500003222, 0.00000000000, 0.00000000058, -0.00000000115
163, 50.00000000000, 265.00753041529, 51.06670212144, 4.12500003222, 0.00000000000, 0.00000000034, -0.00000000348
164, 50.00000000000, 284.41600602149, 50.83953794721, 4.12500003222, 0.00000000000, -0.00000000075, -0.00000000070
165, 50.00000000000, 304.14070031802, 47.64442102554, 4.12500003222, 0.00000000000, 0.00000000076, -0.00000000044
166, 50.00000000000, 323.76858601946, 49.18093752522, 4.12500003222, 0.00000000000, 0.00000000029, 0.00000000064
167, 50.00000000000, 343.29851771204, 51.00764151853, 4.12500003222, 0.00000000000, 0.00000000001, 0.00000000350
168, 50.00000000000, 362.80373111481, 44.32603402161, 4.12500003222, 0.00000000000, -0.00000000010, 0.00000000349
169, 50.00000000000, 382.43590278707, 48.91657211229, 4.12500003222, 0.00000000000, -0.00000000070, 0.00000000194
170, 50.00000000000, 402.12716763496, 46.14088383309, 4.12500003222, 0.00000000000, 0.00000000038, -0.00000000048
171, 50.00000000000, 421.68975096823, 44.44578624767, 4.12500003222, 0.00000000000, 0.00000000206, 0.00000000347
172, 50.00000000000, 441.31502810219, 53.20693459623, 4.12500003222, 0.00000000000, 0.00000000053, -0.00000000244
173, 50.00000000000, 460.80751482560, 44.31105097277, 4.12500003222, 0.00000000000, -0.00000000058, 0.00000000188
174, 50.00000000000, 480.33616721909, 43.98743403035, 4.12500003222, 0.00000000000, -0.00000000047, 0.00000000213
175, 50.00000000000, 500.05946524157, 44.77467759579, 4.12500003222, 0.00000000000, 0.00000000086, 0.00000000156
176, 50.00000000000, 519.64303747412, 54.65703843690, 4.12500003222, 0.00000000000, 0.00000000054, -0.00000000441
177, 50.00000000000, 539.12841587127, 39.93311488098, 4.12500003222, 0.00000000000, -0.00000000040, 0.00000000570
178, 50.00000000000, 558.65398564849, 54.72250871219, 4.12500003222, 0.00000000000, -0.00000000011, -0.00000000196
179, 50.00000000000, 578.57879462060, 55.38027235165, 4.12500003222, 0.00000000000, 0.00000000018, -0.00000000260
180, 50.00000000000, 598.05212433666, 60.89097330355, 4.12500003222, 0.00000000000, 0.00000000031, -0.00000000452
181, 50.00000000000, 617.30973903496, 51.83527223988, 4.12500003222, 0.00000000000, -0.00000000145, 0.00000000060
182, 50.00000000000, 636.90292144155, 56.89115772953, 4.12500003222, 0.00000000000, -0.00000000107, -0.00000000271
183, 50.00000000000, 656.79267516135, 53.59041585529, 4.12500003222, 0.00000000000, 0.00000000058, -0.00000000138
184, 50.00000000000, 676.40120132928, 45.00234219929, 4.12500003222, 0.00000000000, 0.00000000032, 0.00000000060
185, 50.00000000000, 695.97755504863, 47.12898994098, 4.12500003222, 0.00000000000, 0.00000000019, 0.00000000264
186, 50.00000000000, 715.30939079353, 45.69535350384, 4.12500003222, 0.00000000000, -0.00000000133, 0.00000000243
187, 50.00000000000, 735.02851102799, 52.41263927203, 4.12500003222, 0.00000000000, 0.00000000010, -0.00000000418
188, 50.00000000000, 754.69014806995, 52.35248781184, 4.12500003222, 0.00000000000, 0.00000000029, -0.00000000257
189, 50.00000000000, 774.22961413187, 48.16604887145, 4.12500003222, 0.00000000000, -0.00000000105, -0.00000000237
190, 50.00000000000, 793.79058384933, 49.54073206465, 4.12500003222, 0.00000000000, 0.00000000039, 0.00000000240
191, 50.00000000000, 813.39555477862, 54.34275424272, 4.12500003222, 0.00000000000, -0.00000000011, -0.00000000142
192, 50.00000000000, 832.98976330833, 55.95593123171, 4.12500003222, 0.00000000000, 0.00000000040, -0.00000000319
193, 50.00000000000, 852.48131156543, 47.27317038485, 4.12500003222, 0.00000000000, -0.00000000086, 0.00000000125
194, 50.00000000000, 872.20289774148, 57.28821817748, 4.12500003222, 0.00000000000, 0.00000000134, -0.00000000415
195, 50.00000000000, 891.79361625033, 47.20238779217, 4.12500003222, 0.00000000000, -0.00000000006, 0.00000000204
196, 50.00000000000, 911.36682498874, 44.29492981667, 4.12500003222, 0.00000000000, 0.00000000028, 0.00000000304
197, 50.00000000000, 930.85816689295, 50.24326349141, 4.12500003222, 0.00000000000, -0.00000000092, -0.00000000112
198, 50.00000000000, 950.44825756349, 53.54585488609, 4.12500003222, 0.00000000000, -0.00000000045, 0.00000000105
199, 50.00000000000, 969.90171145816, 49.41825111778, 4.12500003222, 0.00000000000, 0.00000000002, 0.00000000105
200, 50.00000000000, 10.35972062649, 66.64401730248, 4.12500003222, 0.00000000000, 0.00000000019, -0.00000000191
201, 50.00000000000, 30.09656254932, 58.04796437260, 4.12500003222, 0.00000000000, 0.00000000091, 0.00000000408
202, 50.00000000000, 49.75668509425, 64.42452596764, 4.12500003222, 0.00000000000, 0.00000000129, -0.00000000337
203, 50.00000000000, 68.95081253890, 64.23649570626, 4.12500003222, 0.00000000000, -0.00000000132, -0.00000000170
204, 50.00000000000, 88.58746833719, 68.12548764305, 4.12500003222, 0.00000000000, -0.00000000070, -0.00000000230
205, 50.00000000000, 108.25206286642, 54.32605401999, 4.12500003222, 0.00000000000, -0.00000000022, 0.00000000202
206, 50.00000000000, 127.78317371779, 64.20247700880, 4.12500003222, 0.00000000000, -0.00000000008, -0.00000000131
207, 50.00000000000, 147.36843390887, 70.53513218721, 4.12500003222, 0.00000000000, -0.00000000073, -0.00000000099
208, 50.00000000000, 167.08774588750, 62.01665787756, 4.12500003222, 0.00000000000, 0.00000000007, -0.00000000047
209, 50.00000000000, 186.48458391701, 56.06509529797, 4.12500003222, 0.00000000000, -0.00000000069, 0.00000000300
210, 50.00000000000, 206.27113904687, 65.26387388632, 4.12500003222, 0.00000000000, 0.00000000017, -0.00000000257
211, 50.00000000000, 225.87234041780, 60.22988988882, 4.12500003222, 0.00000000000, 0.00000000037, 0.00000000079
212, 50.00000000000, 245.26144445795, 64.70165357850, 4.12500003222, 0.00000000000, -0.00000000020, -0.00000000072
213, 50.00000000000, 264.83528803865, 58.37656019821, 4.12500003222, 0.00000000000, -0.00000000060, 0.00000000138
214, 50.00000000000, 284.65395495082, 63.63462943407, 4.12500003222, 0.00000000000, 0.00000000067, -0.00000000006
215, 50.00000000000, 304.13208987980, 60.55952808381, 4.12500003222, 0.00000000000, 0.00000000007, 0.00000000016
216, 50.00000000000, 323.72235587455, 64.03958975122, 4.12500003222, 0.00000000000, 0.00000000011, -0.00000000082
217, 50.00000000000, 343.37547825271, 67.83767499122, 4.12500003222, 0.00000000000, -0.00000000061, -0.00000000155
218, 50.00000000000, 362.95624830933, 69.04107587947, 4.12500003222, 0.00000000000, 0.00000000039, -0.00000000257
219, 50.00000000000, 382.42188759636, 58.15583636190, 4.12500003222, 0.00000000000, 0.00000000072, -0.00000000008
220, 50.00000000000, 402.12922207285, 58.25565235210, 4.12500003222, 0.00000000000, 0.00000000057, 0.00000000175
221, 50.00000000000, 421.68832730674, 63.94540352903, 4.12500003222, 0.00000000000, -0.00000000024, -0.00000000061
222, 50.00000000000, 441.15910839947, 59.91749206903, 4.12500003222, 0.00000000000, -0.00000000077, 0.00000000160
223, 50.00000000000, 460.82161437551, 61.61093823347, 4.12500003222, 0.00000000000, 0.00000000027, -0.00000000085
224, 50.00000000000, 480.33282546576, 66.80164340323, 4.12500003222, 0.00000000000, -0.00000000057, -0.00000000272
225, 50.00000000000, 499.95371101982, 60.28037677392, 4.12500003222, 0.00000000000, -0.00000000028, -0.00000000098
226, 50.00000000000, 519.62259947542, 60.85159553303, 4.12500003222, 0.00000000000, 0.00000000061, 0.00000000140
227, 50.00000000000, 539.02831340675, 65.34224185581, 4.12500003222, 0.00000000000, -0.00000000135, -0.00000000490
228, 50.00000000000, 558.69423136657, 61.92173842029, 4.12500003222, 0.00000000000, -0.00000000145, 0.00000000040
229, 50.00000000000, 578.13020769160, 61.66695742026, 4.12500003222, 0.00000000000, -0.00000000038, 0.00000000395
230, 50.00000000000, 597.85330195684, 70.77428932862, 4.12500003222, 0.00000000000, -0.00000000020, -0.00000000196
231, 50.00000000000, 617.60811861825, 66.36286407454, 4.12500003222, 0.00000000000, 0.00000000027, -0.00000000109
232, 50.00000000000, 637.21919273786, 59.63339930488, 4.12500003222, 0.00000000000, 0.00000000039, 0.00000000427
233, 50.00000000000, 656.63410566516, 56.17827841646, 4.12500003222, 0.00000000000, 0.00000000097, 0.00000000526
234, 50.00000000000, 676.36403734214, 53.90317301782, 4.12500003222, 0.00000000000, 0.00000000051, 0.00000000207
235, 50.00000000000, 695.95696731675, 65.03035205476, 4.12500003222, 0.00000000000, 0.00000000064, -0.00000000363
236, 50.00000000000, 715.51702107492, 62.69641929303, 4.12500003222, 0.00000000000, -0.00000000021, 0.00000000003
237, 50.00000000000, 734.87607384745, 57.02590683778, 4.12500003222, 0.00000000000, 0.00000000038, 0.00000000486
238, 50.00000000000, 754.57686735176, 62.47471886372, 4.12500003222, 0.00000000000, 0.00000000037, 0.00000000077
239, 50.00000000000, 774.40686072974, 53.86589486572, 4.12500003222, 0.00000000000, 0.00000000057, 0.00000000282
240, 50.00000000000, 793.82896619439, 69.96677303437, 4.12500003222, 0.00000000000, 0.00000000016, -0.00000000504
241, 50.00000000000, 813.38683119118, 66.30611629945, 4.12500003222, 0.00000000000, -0.00000000035, 0.00000000096
242, 50.00000000000, 833.10723939639, 63.19540544449, 4.12500003222, 0.00000000000, 0.00000000034, 0.00000000157
243, 50.00000000000, 852.69711763231, 59.75981418807, 4.12500003222, 0.00000000000, 0.00000000018, -0.00000000122
244, 50.00000000000, 872.06345281079, 59.51982792567, 4.12500003222, 0.00000000000, -0.00000000035, 0.00000000397
245, 50.00000000000, 891.61199096959, 65.97861219865, 4.12500003222, 0.00000000000, -0.00000000049, -0.00000000117
246, 50.00000000000, 911.22087541274, 57.92406412340, 4.12500003222, 0.00000000000, -0.00000000114, -0.00000000041
247, 50.00000000000, 930.97479276038, 58.54507090649, 4.12500003222, 0.00000000000, 0.00000000033, 0.00000000166
248, 50.00000000000, 950.54724929925, 75.01024658499, 4.12500003222, 0.00000000000, -0.00000000033, -0.00000000265
249, 50.00000000000, 969.84243097145, 62.80144880336, 4.12500003222, 0.00000000000, -0.00000000145, -0.00000000047
250, 50.00000000000, 10.40876515046, 74.01335730583, 4.12500003222, 0.00000000000, -0.00000000020, 0.00000000190
251, 50.00000000000, 29.78367281279, 72.63391763800, 4.12500003222, 0.00000000000, -0.00000000061, -0.00000000028
252, 50.00000000000, 49.44462907416, 77.62338194428, 4.12500003222, 0.00000000000, -0.00000000057, 0.00000000014
253, 50.00000000000, 69.04610374259, 79.32300229734, 4.12500003222, 0.00000000000, -0.00000000011, 0.00000000037
254, 50.00000000000, 88.67569488573, 75.39973890737, 4.12500003222, 0.00000000000, -0.00000000009, 0.00000000193
255, 50.00000000000, 108.23718762289, 76.72622512545, 4.12500003222, 0.00000000000, 0.00000000006, -0.00000000005
256, 50.00000000000, 127.81750091409, 73.14941849261, 4.12500003222, 0.00000000000, -0.00000000008, 0.00000000101
257, 50.00000000000, 147.40083140806, 83.75128094798, 4.12500003222, 0.00000000000, -0.00000000068, -0.00000000044
258, 50.00000000000, 167.05855448013, 80.62156363846, 4.12500003222, 0.00000000000, -0.00000000005, -0.00000000002
259, 50.00000000000, 186.55422869044, 73.91873874446, 4.12500003222, 0.00000000000, -0.00000000007, 0.00000000034
260, 50.00000000000, 206.17259365347, 71.61846037354, 4.12500003222, 0.00000000000, -0.00000000010, 0.00000000019
261, 50.00000000000, 225.76638844027, 78.74588214043, 4.12500003222, 0.00000000000, 0.00000000005, -0.00000000061
262, 50.00000000000, 245.43355140689, 72.39134968414, 4.12500003222, 0.00000000000, 0.00000000013, 0.00000000197
263, 50.00000000000, 265.00865852052, 71.23101859583, 4.12500003222, 0.00000000000, 0.00000000028, -0.00000000024
264, 50.00000000000, 284.51468476381, 83.72156999041, 4.12500003222, 0.00000000000, -0.00000000013, -0.00000000007
265, 50.00000000000, 304.13951349229, 79.90040410937, 4.12500003222, 0.00000000000, 0.00000000001, -0.00000000076
266, 50.00000000000, 323.64717212737, 82.81900163558, 4.12500003222, 0.00000000000, 0.00000000028, -0.00000000013
267, 50.00000000000, 343.27292610231, 78.63723541367, 4.12500003222, 0.00000000000, -0.00000000023, 0.00000000033
268, 50.00000000000, 362.91155097640, 82.93556055558, 4.12500003222, 0.00000000000, -0.00000000028, 0.00000000040
269, 50.00000000000, 382.44172066660, 79.58089225011, 4.12500003222, 0.00000000000, -0.00000000010, -0.00000000011
270, 50.00000000000, 401.99572565858, 77.37792991648, 4.12500003222, 0.00000000000, -0.00000000039, -0.00000000060
271, 50.00000000000, 421.63585630201, 78.22560387657, 4.12500003222, 0.00000000000, -0.00000000024, -0.00000000038
272, 50.00000000000, 441.28163110074, 78.51320224571, 4.12500003222, 0.00000000000, 0.00000000012, -0.00000000079
273, 50.00000000000, 460.83039891599, 85.10625844672, 4.12500003222, 0.00000000000, 0.00000000076, -0.00000000090
274, 50.00000000000, 480.38514294702, 71.56667748155, 4.12500003222, 0.00000000000, -0.00000000011, 0.00000000313
275, 50.00000000000, 500.04005162387, 77.34547173745, 4.12500003222, 0.00000000000, 0.00000000032, 0.00000000012
276, 50.00000000000, 519.55668730264, 75.20781089874, 4.12500003222, 0.00000000000, -0.00000000023, 0.00000000018
277, 50.00000000000, 539.29603110526, 67.50911209501, 4.12500003222, 0.00000000000, 0.00000000148, 0.00000000270
278, 50.00000000000, 558.88796795795, 76.07187496873, 4.12500003222, 0.00000000000, 0.00000000109, -0.00000000045
279, 50.00000000000, 578.40058983341, 90.65758687484, 4.12500003222, 0.00000000000, 0.00000000091, -0.00000000209
280, 50.00000000000, 597.81695416214, 72.01053122478, 4.12500003222, 0.00000000000, -0.00000000029, 0.00000000549
281, 50.00000000000, 617.53067463871, 76.84006784374, 4.12500003222, 0.00000000000, 0.00000000082, 0.00000000066
282, 50.00000000000, 637.13876641775, 80.84842426942, 4.12500003222, 0.00000000000, -0.00000000023, -0.00000000035
283, 50.00000000000, 656.67393619329, 80.94914093366, 4.12500003222, 0.00000000000, 0.00000000003, -0.00000000113
284, 50.00000000000, 676.22077429357, 74.95975442888, 4.12500003222, 0.00000000000, -0.00000000060, -0.00000000066
285, 50.00000000000, 695.77973969212, 69.56522700314, 4.12500003222, 0.00000000000, -0.00000000039, 0.00000000176
286, 50.00000000000, 715.53891821085, 77.49099487881, 4.12500003222, 0.00000000000, -0.00000000019, 0.00000000030
287, 50.00000000000, 735.08786176263, 83.61733762068, 4.12500003222, 0.00000000000, 0.00000000000, -0.00000000090
288, 50.00000000000, 754.56467968942, 75.87142533874, 4.12500003222, 0.00000000000, -0.00000000068, -0.00000000003
289, 50.00000000000, 774.12456592415, 75.52614046968, 4.12500003222, 0.00000000000, -0.00000000018, -0.00000000108
290, 50.00000000000, 793.77677514023, 76.16172089360, 4.12500003222, 0.00000000000, 0.00000000003, 0.00000000248
291, 50.00000000000, 813.41908047149, 83.70888518441, 4.12500003222, 0.00000000000, -0.00000000015, 0.00000000005
292, 50.00000000000, 832.98078169072, 78.02411779305, 4.12500003222, 0.00000000000, 0.00000000048, 0.00000000015
293, 50.00000000000, 852.58725961403, 68.04160032433, 4.12500003222, 0.00000000000, 0.00000000026, 0.00000000171
294, 50.00000000000, 872.20599137000, 84.30325656260, 4.12500003222, 0.00000000000, 0.00000000012, -0.00000000127
295, 50.00000000000, 891.75666495503, 80.68170099137, 4.12500003222, 0.00000000000, -0.00000000061, -0.00000000161
296, 50.00000000000, 911.36663615859, 70.29836338938, 4.12500003222, 0.00000000000, 0.00000000074, 0.00000000001
297, 50.00000000000, 930.84826806915, 75.44932124136, 4.12500003222, 0.00000000000, -0.00000000051, -0.00000000082
298, 50.00000000000, 950.56054978101, 82.26707284647, 4.12500003222, 0.00000000000, 0.00000000058, 0.00000000168
299, 50.00000000000, 970.08861096074, 79.67687325266, 4.12500003222, 0.00000000000, 0.00000000003, 0.00000000050
